id,token,entity
D0001,Pelaku,
D0001,pembunuhan,
D0001,dan,
D0001,pemerkosaan,
D0001,AA,
D0001,14,
D0001,seorang,
D0001,remaja,
D0001,putri,
D0001,di,
D0001,Kuburan,
D0001,Cina,
D0001,Palembang,
D0001,sudah,
D0001,ditangkap,
D0001,dan,
D0001,ditetapkan,
D0001,tersangka,
D0001,Keempat,
D0001,tersangka,
D0001,merupakan,
D0001,anak,
D0001,di,
D0001,bawah,
D0001,umur,
D0001,sama,
D0001,seperti,
D0001,korbannya,
D0001,Pengamat,
D0001,Hukum,
D0001,dari,
D0001,Universitas,
D0001,Taman,
D0001,Siswa,
D0001,Palembang,
D0001,Dr,
D0001,Azwar,
D0001,Agus,
D0001,menyampaikan,
D0001,turut,
D0001,prihatin,
D0001,dengan,
D0001,kejadian,
D0001,pembunuhan,
D0001,remaja,
D0001,putri,
D0001,yang,
D0001,dilakukan,
D0001,oleh,
D0001,remaja,
D0001,lakilaki,
D0001,yang,
D0001,usianya,
D0001,sebaya,
D0001,dengan,
D0001,korban,
D0001,Kejadian,
D0001,ini,
D0001,sangat,
D0001,memprihatinkan,
D0001,Dilihat,
D0001,dari,
D0001,aspek,
D0001,hukum,
D0001,kejahatan,
D0001,ini,
D0001,tidak,
D0001,bisa,
D0001,terbendung,
D0001,seiring,
D0001,dengan,
D0001,perkembangan,
D0001,ilmu,
D0001,pengetahuan,
D0001,dan,
D0001,teknologi,
D0001,seperti,
D0001,peran,
D0001,media,
D0001,sosial,
D0001,di,
D0001,mana,
D0001,salah,
D0001,satu,
D0001,tersangka,
D0001,bisa,
D0001,mengakses,
D0001,film,
D0001,biru,
D0001,porno,
D0001,ujarnya,
D0001,Kamis,
D0001,592024,
D0001,SCROLL,
D0001,TO,
D0001,CONTINUE,
D0001,WITH,
D0001,CONTENT,
D0001,Menurutnya,
D0001,kontenkonten,
D0001,negatif,
D0001,seperti,
D0001,seksual,
D0001,tidak,
D0001,bisa,
D0001,dihindari,
D0001,dan,
D0001,ini,
D0001,menjadi,
D0001,pemicu,
D0001,kejahatan,
D0001,karena,
D0001,terbukti,
D0001,anak,
D0001,tersebut,
D0001,bisa,
D0001,mengakses,
D0001,kontenkonten,
D0001,pornografi,
D0001,dan,
D0001,memicu,
D0001,tindak,
D0001,pidana,
D0001,Sebenarnya,
D0001,itu,
D0001,konten,
D0001,film,
D0001,porno,
D0001,tidak,
D0001,hanya,
D0001,bisa,
D0001,diakses,
D0001,anakanak,
D0001,saja,
D0001,tetapi,
D0001,juga,
D0001,bisa,
D0001,diakses,
D0001,orang,
D0001,dewasa,
D0001,dan,
D0001,itu,
D0001,menjadi,
D0001,pemicu,
D0001,tindak,
D0001,kriminalitas,
D0001,terhadap,
D0001,seseorang,
D0001,tuturnya,
D0001,Jika,
D0001,anak,
D0001,sudah,
D0001,bisa,
D0001,mengakses,
D0001,dan,
D0001,melihat,
D0001,melalui,
D0001,handphone,
D0001,dapat,
D0001,menimbulkan,
D0001,efek,
D0001,yang,
D0001,cukup,
D0001,signifikan,
D0001,terhadap,
D0001,dirinya,
D0001,karena,
D0001,dapat,
D0001,berpengaruh,
D0001,bila,
D0001,tidak,
D0001,disertai,
D0001,dengan,
D0001,imam,
D0001,dan,
D0001,kontrol,
D0001,dari,
D0001,orang,
D0001,tua,
D0001,dan,
D0001,menimbulkan,
D0001,hal,
D0001,yang,
D0001,tidak,
D0001,diinginkan,
D0001,Bahwa,
D0001,kemajuan,
D0001,pengetahuan,
D0001,dan,
D0001,teknologi,
D0001,tadi,
D0001,tidak,
D0001,bisa,
D0001,membendung,
D0001,pergaulan,
D0001,anak,
D0001,sekarang,
D0001,Maka,
D0001,dari,
D0001,itu,
D0001,butuh,
D0001,kontrol,
D0001,dari,
D0001,orang,
D0001,tua,
D0001,dan,
D0001,pantauan,
D0001,dari,
D0001,orang,
D0001,tua,
D0001,agar,
D0001,apa,
D0001,tang,
D0001,dilihat,
D0001,di,
D0001,medsos,
D0001,tidak,
D0001,bernaturalisasi,
D0001,dengan,
D0001,kejadian,
D0001,seperti,
D0001,saat,
D0001,ini,
D0001,ucapnya,
D0001,Azwar,
D0001,menjelaskan,
D0001,untuk,
D0001,kejadian,
D0001,yang,
D0001,terjadi,
D0001,ini,
D0001,para,
D0001,tersangka,
D0001,sudah,
D0001,mendapatkan,
D0001,hukuman,
D0001,meski,
D0001,dirasakan,
D0001,keluarga,
D0001,korban,
D0001,tidak,
D0001,setimpal,
D0001,namun,
D0001,tetap,
D0001,ada,
D0001,ancaman,
D0001,pidana,
D0001,Tapi,
D0001,ancaman,
D0001,pidananya,
D0001,berbeda,
D0001,dengan,
D0001,orang,
D0001,dewasa,
D0001,Anak,
D0001,masa,
D0001,depan,
D0001,bangsa,
D0001,Walau,
D0001,tindakannya,
D0001,adalah,
D0001,pidana,
D0001,namun,
D0001,bagi,
D0001,negara,
D0001,kita,
D0001,masih,
D0001,memikirkan,
D0001,kehidupan,
D0001,anak,
D0001,tersebut,
D0001,yang,
D0001,masih,
D0001,panjang,
D0001,tuturnya,
D0001,Memang,
D0001,hukumannya,
D0001,tidak,
D0001,memberikan,
D0001,keadilan,
D0001,bagi,
D0001,korban,
D0001,dan,
D0001,keluarga,
D0001,korban,
D0001,namun,
D0001,tersangka,
D0001,sudah,
D0001,diberikan,
D0001,hukuman,
D0001,dan,
D0001,diharapkan,
D0001,ke,
D0001,depan,
D0001,orang,
D0001,tua,
D0001,bisa,
D0001,mengontrol,
D0001,dan,
D0001,mengawasi,
D0001,keseharian,
D0001,anaknya,
D0001,Peran,
D0001,orang,
D0001,dewasa,
D0001,seperti,
D0001,orang,
D0001,tua,
D0001,sangat,
D0001,penting,
D0001,minimal,
D0001,orang,
D0001,tua,
D0001,memberikan,
D0001,kegiatan,
D0001,positif,
D0001,kepada,
D0001,anak,
D0001,dan,
D0001,kejadian,
D0001,ini,
D0001,perlu,
D0001,pengawasan,
D0001,kita,
D0001,bersama,
D0001,pungkasnya,
D0002,Dalam,
D0002,waktu,
D0002,kurang,
D0002,lebih,
D0002,3,
D0002,bulan,
D0002,Polres,
D0002,Probolinggo,
D0002,Kota,
D0002,membekuk,
D0002,puluhan,
D0002,tersangka,
D0002,dari,
D0002,berbagai,
D0002,kasus,
D0002,Kasus,
D0002,itu,
D0002,mulai,
D0002,dari,
D0002,kasus,
D0002,pembunuhan,
D0002,hingga,
D0002,kasus,
D0002,obatobatan,
D0002,terlarang,
D0002,Rinciannya,
D0002,ada,
D0002,26,
D0002,tersangka,
D0002,dibekuk,
D0002,dari,
D0002,10,
D0002,kasus,
D0002,sabu,
D0002,dan,
D0002,6,
D0002,kasus,
D0002,obat,
D0002,keras,
D0002,berbahaya,
D0002,Okerbaya,
D0002,serta,
D0002,5,
D0002,kasus,
D0002,kriminalitas,
D0002,seperti,
D0002,pembunuhan,
D0002,istri,
D0002,oleh,
D0002,suami,
D0002,sirinya,
D0002,penggelapan,
D0002,jabatan,
D0002,dan,
D0002,uang,
D0002,sewa,
D0002,serta,
D0002,korupsi,
D0002,dana,
D0002,desa,
D0002,Kapolres,
D0002,Probolinggo,
D0002,Kota,
D0002,AKBP,
D0002,Oki,
D0002,Ahadian,
D0002,Purwono,
D0002,mengatakan,
D0002,dengan,
D0002,jumlah,
D0002,kasus,
D0002,yang,
D0002,ada,
D0002,menandakan,
D0002,memang,
D0002,angka,
D0002,kejahatan,
D0002,di,
D0002,wilayah,
D0002,hukumnya,
D0002,meningkat,
D0002,Oki,
D0002,berjanji,
D0002,akan,
D0002,berupaya,
D0002,menekan,
D0002,hal,
D0002,tersebut,
D0002,SCROLL,
D0002,TO,
D0002,CONTINUE,
D0002,WITH,
D0002,CONTENT,
D0002,Angka,
D0002,kejahatan,
D0002,memang,
D0002,meningkat,
D0002,tapi,
D0002,perlu,
D0002,digarisbawahi,
D0002,juga,
D0002,angka,
D0002,penangkapan,
D0002,kepada,
D0002,para,
D0002,pelaku,
D0002,juga,
D0002,meningkat,
D0002,Ini,
D0002,PR,
D0002,bagi,
D0002,kami,
D0002,agar,
D0002,selanjutnya,
D0002,bisa,
D0002,menekan,
D0002,dan,
D0002,menurunkan,
D0002,angka,
D0002,tersebut,
D0002,ujar,
D0002,Oki,
D0002,Kamis,
D0002,592024,
D0002,Dari,
D0002,penangkapan,
D0002,itu,
D0002,lanjut,
D0002,Oki,
D0002,disita,
D0002,barang,
D0002,bukti,
D0002,yakni,
D0002,6,
D0002,gram,
D0002,sabu,
D0002,5300,
D0002,butir,
D0002,pil,
D0002,koplo,
D0002,berbagai,
D0002,merek,
D0002,dari,
D0002,kasus,
D0002,peredaran,
D0002,obatobatan,
D0002,terlarang,
D0002,sepeda,
D0002,motor,
D0002,celurit,
D0002,dan,
D0002,sejumlah,
D0002,dokumen,
D0002,Semuanya,
D0002,sudah,
D0002,kami,
D0002,amankan,
D0002,dan,
D0002,disita,
D0002,di,
D0002,unit,
D0002,masingmasing,
D0002,Kami,
D0002,harap,
D0002,partisipasi,
D0002,dari,
D0002,warga,
D0002,Kota,
D0002,Probolinggo,
D0002,untuk,
D0002,menurunkan,
D0002,angka,
D0002,ini,
D0002,sangat,
D0002,penting,
D0002,sebab,
D0002,kerja,
D0002,kami,
D0002,tidak,
D0002,maksimal,
D0002,jika,
D0002,tidak,
D0002,ada,
D0002,bantuan,
D0002,dari,
D0002,masyarakat,
D0002,ungkap,
D0002,Oki,
D0002,Untuk,
D0002,kasus,
D0002,sabu,
D0002,tersangka,
D0002,dikenakan,
D0002,pasal,
D0002,114,
D0002,dan,
D0002,112,
D0002,UU,
D0002,nomor,
D0002,35,
D0002,tahun,
D0002,2009,
D0002,tentang,
D0002,narkotika,
D0002,Kasus,
D0002,peredaran,
D0002,pil,
D0002,koplo,
D0002,tersangka,
D0002,dijerat,
D0002,UU,
D0002,nomor,
D0002,17,
D0002,tahun,
D0002,2003,
D0002,tentang,
D0002,kesehatan,
D0002,dengan,
D0002,ancaman,
D0002,hukuman,
D0002,5,
D0002,tahun,
D0002,dan,
D0002,maksimal,
D0002,12,
D0002,tahun,
D0002,Sedangkan,
D0002,untuk,
D0002,kasus,
D0002,kriminalitas,
D0002,tersangka,
D0002,dijerat,
D0002,pasal,
D0002,2,
D0002,pasal,
D0002,3,
D0002,UU,
D0002,nomor,
D0002,31,
D0002,tahun,
D0002,1999,
D0002,tentang,
D0002,pemberantasan,
D0002,korupsi,
D0002,hingga,
D0002,pasal,
D0002,374,
D0002,KUHP,
D0002,dengan,
D0002,ancaman,
D0002,hukuman,
D0002,5,
D0002,tahun,
D0002,hingga,
D0002,maksimal,
D0002,15,
D0002,tahun,
D0002,penjara,
D0003,Seorang,
D0003,pekerja,
D0003,kafe,
D0003,di,
D0003,Cengkareng,
D0003,MAS,
D0003,32,
D0003,diduga,
D0003,disiram,
D0003,air,
D0003,keras,
D0003,oleh,
D0003,A,
D0003,teman,
D0003,kerjanya,
D0003,Wajah,
D0003,korban,
D0003,pun,
D0003,berasap,
D0003,akibat,
D0003,terkena,
D0003,siraman,
D0003,diduga,
D0003,air,
D0003,keras,
D0003,Video,
D0003,penyiraman,
D0003,diduga,
D0003,air,
D0003,keras,
D0003,itu,
D0003,pun,
D0003,tersebar,
D0003,luas,
D0003,hingga,
D0003,viral,
D0003,di,
D0003,media,
D0003,social,
D0003,Dilansir,
D0003,detikNews,
D0003,peristiwa,
D0003,itu,
D0003,dinarasikan,
D0003,terjadi,
D0003,pada,
D0003,Minggu,
D0003,19,
D0003,malam,
D0003,Di,
D0003,video,
D0003,itu,
D0003,terlihat,
D0003,korban,
D0003,berboncengan,
D0003,mengendarai,
D0003,sepeda,
D0003,motor,
D0003,Korban,
D0003,tampak,
D0003,dibuntuti,
D0003,oleh,
D0003,dua,
D0003,orang,
D0003,pelaku,
D0003,yang,
D0003,juga,
D0003,berboncengan,
D0003,satu,
D0003,motor,
D0003,SCROLL,
D0003,TO,
D0003,CONTINUE,
D0003,WITH,
D0003,CONTENT,
D0003,Kemudian,
D0003,pelaku,
D0003,memepet,
D0003,korban,
D0003,dan,
D0003,seketika,
D0003,menyiramkan,
D0003,cairan,
D0003,diduga,
D0003,air,
D0003,keras,
D0003,ke,
D0003,arah,
D0003,wajah,
D0003,korban,
D0003,lakilaki,
D0003,Kedua,
D0003,pelaku,
D0003,langsung,
D0003,memutar,
D0003,balik,
D0003,kendaraan,
D0003,dan,
D0003,tancap,
D0003,gas,
D0003,meninggalkan,
D0003,lokasi,
D0003,Sementara,
D0003,itu,
D0003,korban,
D0003,terlihat,
D0003,turun,
D0003,dari,
D0003,motornya,
D0003,dengan,
D0003,kondisi,
D0003,tubuh,
D0003,yang,
D0003,berasap,
D0003,lantaran,
D0003,diduga,
D0003,terkena,
D0003,air,
D0003,keras,
D0003,Korban,
D0003,tampak,
D0003,mengusap,
D0003,mukanya,
D0003,sembari,
D0003,meringis,
D0003,kesakitan,
D0003,meminta,
D0003,bantuan,
D0003,warga,
D0003,sekitar,
D0003,Warga,
D0003,pun,
D0003,berjibaku,
D0003,mengambil,
D0003,ember,
D0003,berisikan,
D0003,air,
D0003,lalu,
D0003,menyiramkannya,
D0003,ke,
D0003,korban,
D0003,Korban,
D0003,tampak,
D0003,tergeletak,
D0003,tak,
D0003,berdaya,
D0003,kesakitan,
D0003,lantaran,
D0003,peristiwa,
D0003,yang,
D0003,terjadi,
D0003,Kapolres,
D0003,Metro,
D0003,Jakarta,
D0003,Barat,
D0003,Kombes,
D0003,M,
D0003,Syahduddi,
D0003,membenarkan,
D0003,adanya,
D0003,peristiwa,
D0003,tersebut,
D0003,Kasus,
D0003,sudah,
D0003,dilaporkan,
D0003,ke,
D0003,Polsek,
D0003,Cengkareng,
D0003,Benar,
D0003,ada,
D0003,kejadian,
D0003,tersebut,
D0003,Peristiwa,
D0003,tersebut,
D0003,sudah,
D0003,dilaporkan,
D0003,ke,
D0003,Polsek,
D0003,Cengkareng,
D0003,kata,
D0003,Syahduddi,
D0003,Pelalu,
D0003,Ditangkap,
D0003,Kapolsek,
D0003,Cengkareng,
D0003,Kompol,
D0003,Stanlly,
D0003,Soselisa,
D0003,menambahkan,
D0003,pelaku,
D0003,adalah,
D0003,rekan,
D0003,kerja,
D0003,korban,
D0003,Keduanya,
D0003,merupakan,
D0003,waiters,
D0003,di,
D0003,kafe,
D0003,yang,
D0003,sama,
D0003,Pelaku,
D0003,teman,
D0003,kerja,
D0003,korban,
D0003,di,
D0003,kafe,
D0003,Cengkareng,
D0003,Pelaku,
D0003,dan,
D0003,korban,
D0003,merupakan,
D0003,waiters,
D0003,di,
D0003,salah,
D0003,satu,
D0003,kafe,
D0003,katanya,
D0003,terpisah,
D0003,Stanlly,
D0003,mengatakan,
D0003,pelaku,
D0003,ditangkap,
D0003,pada,
D0003,Senin,
D0003,29,
D0003,malam,
D0003,di,
D0003,sebuah,
D0003,kafe,
D0003,di,
D0003,kawasan,
D0003,Cengkareng,
D0003,Jakarta,
D0003,Barat,
D0003,Belum,
D0003,diketahui,
D0003,motif,
D0003,pasti,
D0003,penyiraman,
D0003,air,
D0003,keras,
D0003,tersebut,
D0003,Saat,
D0003,ini,
D0003,pelaku,
D0003,masih,
D0003,menjalani,
D0003,pemeriksaan,
D0003,Setelah,
D0003,pelaku,
D0003,masuk,
D0003,ke,
D0003,dalam,
D0003,kafe,
D0003,tim,
D0003,opsnal,
D0003,langsung,
D0003,masuk,
D0003,ke,
D0003,dalam,
D0003,untuk,
D0003,mengamankan,
D0003,pelaku,
D0003,Saat,
D0003,ini,
D0003,pelaku,
D0003,dibawa,
D0003,ke,
D0003,Mapolsek,
D0003,Cengkareng,
D0003,untuk,
D0003,dimintai,
D0003,keterangan,
D0003,lebih,
D0003,lanjut,
D0003,jelasnya,
D0004,Hanya,
D0004,gegara,
D0004,rebutan,
D0004,mikrofon,
D0004,untuk,
D0004,bernyanyi,
D0004,di,
D0004,warung,
D0004,tuak,
D0004,Hermansyah,
D0004,Pohan,
D0004,36,
D0004,harus,
D0004,kehilangan,
D0004,nyawanya,
D0004,karena,
D0004,ditikam,
D0004,ZS,
D0004,36,
D0004,Keduanya,
D0004,tengah,
D0004,mabuk,
D0004,dan,
D0004,berebut,
D0004,hendak,
D0004,bernyanyi,
D0004,di,
D0004,warung,
D0004,miras,
D0004,tradisional,
D0004,tersebut,
D0004,Kejadian,
D0004,itu,
D0004,terjadi,
D0004,di,
D0004,Dusun,
D0004,III,
D0004,Nagori,
D0004,Bahliran,
D0004,Siborna,
D0004,Kecamatan,
D0004,Panei,
D0004,Kabupaten,
D0004,Simalungun,
D0004,Sabtu,
D0004,3182024,
D0004,malam,
D0004,Saat,
D0004,itu,
D0004,korban,
D0004,dan,
D0004,pelaku,
D0004,samasama,
D0004,minum,
D0004,tuak,
D0004,di,
D0004,warung,
D0004,tersebut,
D0004,hingga,
D0004,mabuk,
D0004,Korban,
D0004,dan,
D0004,pelaku,
D0004,samasama,
D0004,minum,
D0004,tuak,
D0004,di,
D0004,kedai,
D0004,itu,
D0004,kata,
D0004,Kasat,
D0004,Reskrim,
D0004,Polres,
D0004,Simalungun,
D0004,AKP,
D0004,Ghulam,
D0004,Yanuar,
D0004,Luthfi,
D0004,detikSumut,
D0004,Senin,
D0004,292024,
D0004,SCROLL,
D0004,TO,
D0004,CONTINUE,
D0004,WITH,
D0004,CONTENT,
D0004,Korban,
D0004,lalu,
D0004,meminta,
D0004,mikrofon,
D0004,kepada,
D0004,pelaku,
D0004,karena,
D0004,ingin,
D0004,bernyanyi,
D0004,Namun,
D0004,korban,
D0004,yang,
D0004,masih,
D0004,asyik,
D0004,bernyanyi,
D0004,merasa,
D0004,tersinggung,
D0004,dan,
D0004,mendatangi,
D0004,korban,
D0004,di,
D0004,meja,
D0004,sebelah,
D0004,Keduanya,
D0004,sempat,
D0004,terlibat,
D0004,saling,
D0004,dorong,
D0004,hingga,
D0004,pelaku,
D0004,ZS,
D0004,mengeluarkan,
D0004,pisau,
D0004,yang,
D0004,dibawanya,
D0004,dan,
D0004,langsung,
D0004,menikam,
D0004,perut,
D0004,korban,
D0004,Para,
D0004,pengunjung,
D0004,warung,
D0004,tuak,
D0004,tersebut,
D0004,pun,
D0004,langsung,
D0004,melarikan,
D0004,korban,
D0004,ke,
D0004,rumah,
D0004,sakit,
D0004,namun,
D0004,tak,
D0004,lama,
D0004,setelah,
D0004,tiba,
D0004,di,
D0004,RS,
D0004,korban,
D0004,meninggal,
D0004,dunia,
D0004,Keduanya,
D0004,berselisih,
D0004,karena,
D0004,korban,
D0004,meminta,
D0004,mic,
D0004,kepada,
D0004,tersangka,
D0004,untuk,
D0004,bergantian,
D0004,menyanyi,
D0004,tambah,
D0004,Ghulam,
D0004,Pelaku,
D0004,melarikan,
D0004,diri,
D0004,dan,
D0004,kiri,
D0004,masih,
D0004,dalam,
D0004,pengejaran,
D0004,pihak,
D0004,kepolisian,
D0004,sedangkan,
D0004,jasad,
D0004,korban,
D0004,dibawa,
D0004,ke,
D0004,RS,
D0004,Bhayangkara,
D0004,Medan,
D0004,untuk,
D0004,diautopsi,
D0004,Mayat,
D0004,Korban,
D0004,mengalami,
D0004,luka,
D0004,tusuk,
D0004,di,
D0004,bagian,
D0004,antara,
D0004,dada,
D0004,dan,
D0004,perut,
D0004,dan,
D0004,lengan,
D0004,kiri,
D0004,di,
D0004,dekat,
D0004,bahu,
D0004,pungkasnya,
D0005,Hidup,
D0005,pria,
D0005,bernama,
D0005,Monika,
D0005,Hutauruk,
D0005,45,
D0005,harus,
D0005,berakhir,
D0005,usai,
D0005,dibunuh,
D0005,pasangan,
D0005,sesama,
D0005,jenisnya,
D0005,BSH,
D0005,38,
D0005,Pria,
D0005,yang,
D0005,seharihari,
D0005,bekerja,
D0005,sebagai,
D0005,pegawai,
D0005,di,
D0005,akademi,
D0005,keperawatan,
D0005,Akper,
D0005,di,
D0005,Tarutung,
D0005,tersebut,
D0005,tewas,
D0005,di,
D0005,asramanya,
D0005,Kapolres,
D0005,Taput,
D0005,AKBP,
D0005,Ernis,
D0005,Siinjak,
D0005,menjelaskan,
D0005,korban,
D0005,ditemukan,
D0005,tewas,
D0005,di,
D0005,asmara,
D0005,Akper,
D0005,Tarutung,
D0005,di,
D0005,Jalan,
D0005,Kolonel,
D0005,Liberty,
D0005,Malau,
D0005,Kecamatan,
D0005,Tarutung,
D0005,tempat,
D0005,ia,
D0005,bekerja,
D0005,Jumat,
D0005,308,
D0005,sekira,
D0005,pukul,
D0005,1300,
D0005,WIB,
D0005,Diduga,
D0005,ia,
D0005,tewas,
D0005,dibunuh,
D0005,Korban,
D0005,diketahui,
D0005,meninggal,
D0005,di,
D0005,asrama,
D0005,Lalu,
D0005,kita,
D0005,melakukan,
D0005,visum,
D0005,di,
D0005,RS,
D0005,Tarutung,
D0005,dan,
D0005,hasilnya,
D0005,pun,
D0005,diduga,
D0005,kuat,
D0005,bahwa,
D0005,tewasnya,
D0005,korban,
D0005,akibat,
D0005,perbuatan,
D0005,tindak,
D0005,pidana,
D0005,kata,
D0005,AKBP,
D0005,Ernis,
D0005,Sitinjak,
D0005,saat,
D0005,konferensi,
D0005,pers,
D0005,Senin,
D0005,292024,
D0005,SCROLL,
D0005,TO,
D0005,CONTINUE,
D0005,WITH,
D0005,CONTENT,
D0005,Terungkapnya,
D0005,kasus,
D0005,tersebut,
D0005,saat,
D0005,seorang,
D0005,warga,
D0005,melapor,
D0005,bahwa,
D0005,ada,
D0005,jasad,
D0005,di,
D0005,asrama,
D0005,pendidikan,
D0005,tinggi,
D0005,tersebut,
D0005,Polisi,
D0005,yang,
D0005,menerima,
D0005,laporan,
D0005,itu,
D0005,langsung,
D0005,turun,
D0005,ke,
D0005,TKP,
D0005,Saat,
D0005,tiba,
D0005,di,
D0005,TKP,
D0005,korban,
D0005,ditemukan,
D0005,dengan,
D0005,posisi,
D0005,terlentang,
D0005,dan,
D0005,mengeluarkan,
D0005,darah,
D0005,dari,
D0005,hidung,
D0005,dan,
D0005,mulut,
D0005,ujarnya,
D0005,Awalnya,
D0005,pihak,
D0005,keluarga,
D0005,korban,
D0005,sempat,
D0005,menolak,
D0005,jasad,
D0005,korban,
D0005,untuk,
D0005,diautopsi,
D0005,Keluarga,
D0005,menduga,
D0005,korban,
D0005,tewas,
D0005,karena,
D0005,sakit,
D0005,jantung,
D0005,yang,
D0005,memang,
D0005,dideritanya,
D0005,Namun,
D0005,polisi,
D0005,menduga,
D0005,ada,
D0005,penyebab,
D0005,lain,
D0005,hingga,
D0005,memberi,
D0005,penjelasan,
D0005,kepada,
D0005,keluarga,
D0005,korban,
D0005,hingga,
D0005,akhirnya,
D0005,bersedia,
D0005,korban,
D0005,diautopsi,
D0005,Awalnya,
D0005,keluarga,
D0005,korban,
D0005,menganggap,
D0005,bahwa,
D0005,meninggalnya,
D0005,korban,
D0005,tidak,
D0005,curiga,
D0005,dugaan,
D0005,pembunuhan,
D0005,Mereka,
D0005,menganggap,
D0005,bahwa,
D0005,korban,
D0005,meninggal,
D0005,karena,
D0005,penyakit,
D0005,jantung,
D0005,karena,
D0005,sudah,
D0005,pasang,
D0005,ring,
D0005,jantung,
D0005,dan,
D0005,sempat,
D0005,menolak,
D0005,dilakukan,
D0005,autopsi,
D0005,mayat,
D0005,kata,
D0005,Ernis,
D0005,Dari,
D0005,hasil,
D0005,penyelidikan,
D0005,terungkap,
D0005,identitas,
D0005,pelaku,
D0005,dan,
D0005,berhasil,
D0005,ditangkap,
D0005,pada,
D0005,Sabtu,
D0005,318,
D0005,Terungkap,
D0005,pula,
D0005,korban,
D0005,dan,
D0005,pelaku,
D0005,merupakan,
D0005,pasangan,
D0005,sesama,
D0005,jenis,
D0005,Korban,
D0005,sendiri,
D0005,kata,
D0005,Ernis,
D0005,memiliki,
D0005,istri,
D0005,yang,
D0005,tinggal,
D0005,di,
D0005,Batam,
D0005,setelah,
D0005,pisah,
D0005,ranjang,
D0005,Setelah,
D0005,pelaku,
D0005,diperiksa,
D0005,dirinya,
D0005,pun,
D0005,mengakui,
D0005,perbuatan,
D0005,itu,
D0005,telah,
D0005,membunuh,
D0005,korban,
D0005,Menurut,
D0005,pelaku,
D0005,hubungan,
D0005,asmara,
D0005,sesama,
D0005,jenis,
D0005,antara,
D0005,dirinya,
D0005,dengan,
D0005,korban,
D0005,sudah,
D0005,berlangsung,
D0005,lama,
D0005,sejak,
D0005,tahun,
D0005,2022,
D0005,ujarnya,
D0005,Dari,
D0005,pengakuan,
D0005,pelaku,
D0005,korban,
D0005,dibunuh,
D0005,dengan,
D0005,sadis,
D0005,Lehernya,
D0005,dijerat,
D0005,dengan,
D0005,kabel,
D0005,setrika,
D0005,hingga,
D0005,tewas,
D0005,Usai,
D0005,mendapat,
D0005,korban,
D0005,tewas,
D0005,pelaku,
D0005,melarikan,
D0005,diri,
D0005,Pelaku,
D0005,nekat,
D0005,membunuh,
D0005,dengan,
D0005,mengambil,
D0005,kabel,
D0005,setrika,
D0005,yang,
D0005,ada,
D0005,di,
D0005,rumah,
D0005,korban,
D0005,dan,
D0005,menjerat,
D0005,leher,
D0005,korban,
D0005,dengan,
D0005,sekuatkuatnya,
D0005,Setelah,
D0005,korban,
D0005,tidak,
D0005,berdaya,
D0005,dan,
D0005,lemas,
D0005,pelaku,
D0005,membiarkan,
D0005,korban,
D0005,terlentang,
D0005,di,
D0005,lantai,
D0005,hingga,
D0005,tewas,
D0005,Setelah,
D0005,dipastikan,
D0005,tewas,
D0005,pelaku,
D0005,melarikan,
D0005,diri,
D0005,dari,
D0005,pintu,
D0005,depan,
D0005,serta,
D0005,menutup,
D0005,pintu,
D0005,kembali,
D0005,dengan,
D0005,rapi,
D0005,pungkasnya,
D0005,Kasi,
D0005,Humas,
D0005,Porles,
D0005,Taput,
D0005,Aiptu,
D0005,Walpon,
D0005,Baringbing,
D0005,mengatakan,
D0005,korban,
D0005,merupakan,
D0005,pegawai,
D0005,di,
D0005,Akper,
D0005,Tarutung,
D0005,itu,
D0005,Korban,
D0005,bertugas,
D0005,sebagai,
D0005,pengawas,
D0005,di,
D0005,asrama,
D0005,Akper,
D0005,itu,
D0005,Dia,
D0005,korban,
D0005,pegawai,
D0005,di,
D0005,yayasan,
D0005,Akper,
D0005,Jadi,
D0005,dia,
D0005,korban,
D0005,pengawas,
D0005,khusus,
D0005,di,
D0005,asrama,
D0005,itu,
D0005,untuk,
D0005,menjaga,
D0005,asrama,
D0005,mahasiswanya,
D0005,Bukan,
D0005,dosen,
D0005,kata,
D0005,Walpon,
D0005,Korban,
D0005,dan,
D0005,pelaku,
D0005,juga,
D0005,sempat,
D0005,melakukan,
D0005,hubungan,
D0005,seksual,
D0005,sesama,
D0005,jenis,
D0005,di,
D0005,dalam,
D0005,kamar,
D0005,asrama,
D0005,sebelum,
D0005,pembunuhan,
D0005,itu,
D0005,terjadi,
D0005,Sesaat,
D0005,sebelum,
D0005,peristiwa,
D0005,itu,
D0005,terjadi,
D0005,pelaku,
D0005,dan,
D0005,korban,
D0005,sudah,
D0005,melakukan,
D0005,hubungan,
D0005,seksual,
D0005,sesama,
D0005,jenis,
D0005,di,
D0005,dalam,
D0005,kamar,
D0005,asrama,
D0005,tempat,
D0005,tinggal,
D0005,korban,
D0005,kata,
D0005,Kapolres,
D0005,Taput,
D0005,AKBP,
D0005,Ernis,
D0005,Sitinjak,
D0005,saat,
D0005,konferensi,
D0005,pers,
D0005,Senin,
D0005,292024,
D0005,Usai,
D0005,berhubungan,
D0005,badan,
D0005,keduanya,
D0005,lalu,
D0005,terlibat,
D0005,cekcok,
D0005,perkara,
D0005,utang,
D0005,Korban,
D0005,menagih,
D0005,utang,
D0005,pelaku,
D0005,sebanyak,
D0005,Rp,
D0005,3,
D0005,juta,
D0005,Setelah,
D0005,melakukan,
D0005,hubungan,
D0005,seks,
D0005,sesama,
D0005,jenis,
D0005,terjadilah,
D0005,pertengkaran,
D0005,Pertengkaran,
D0005,keduanya,
D0005,dipicu,
D0005,oleh,
D0005,utang,
D0005,pelaku,
D0005,sebanyak,
D0005,Rp,
D0005,3,
D0005,juta,
D0005,yang,
D0005,ditagih,
D0005,paksa,
D0005,oleh,
D0005,korban,
D0005,sebutnya,
D0005,Kemudian,
D0005,pelaku,
D0005,merasa,
D0005,emosi,
D0005,dan,
D0005,mengambil,
D0005,setrika,
D0005,yang,
D0005,berada,
D0005,di,
D0005,rumah,
D0005,korban,
D0005,Lalu,
D0005,pelaku,
D0005,menjeratkan,
D0005,tali,
D0005,setrika,
D0005,tersebut,
D0005,ke,
D0005,leher,
D0005,korban,
D0005,hingga,
D0005,membuat,
D0005,korban,
D0005,tewas,
D0005,Saat,
D0005,ini,
D0005,tersangka,
D0005,sudah,
D0005,ditahan,
D0005,kata,
D0005,Ernis,
D0005,saat,
D0005,konferensi,
D0005,pers,
D0005,Senin,
D0005,292024,
D0005,Ernis,
D0005,mengatakan,
D0005,pelaku,
D0005,dijerat,
D0005,Pasal,
D0005,338,
D0005,KUHPidana,
D0005,tentang,
D0005,Pembunuhan,
D0005,BSH,
D0005,terancam,
D0005,hukuman,
D0005,15,
D0005,tahun,
D0005,penjara,
D0005,Dikenakan,
D0005,melanggar,
D0005,Pasal,
D0005,338,
D0005,KUHP,
D0005,dengan,
D0005,ancaman,
D0005,hukuman,
D0005,15,
D0005,tahun,
D0005,penjara,
D0005,ujarnya,
D0006,Seorang,
D0006,pria,
D0006,di,
D0006,Kabupaten,
D0006,Simalungun,
D0006,Sumatera,
D0006,Utara,
D0006,Sumut,
D0006,bernama,
D0006,Hermansyah,
D0006,Pohan,
D0006,36,
D0006,tewas,
D0006,ditikam,
D0006,ZS,
D0006,36,
D0006,Sebelum,
D0006,penikaman,
D0006,terjadi,
D0006,korban,
D0006,dan,
D0006,pelaku,
D0006,sempat,
D0006,rebutan,
D0006,mikrofon,
D0006,untuk,
D0006,bernyanyi,
D0006,di,
D0006,warung,
D0006,tuak,
D0006,tempat,
D0006,keduanya,
D0006,mabuk,
D0006,Kasat,
D0006,Reskrim,
D0006,Polres,
D0006,Simalungun,
D0006,AKP,
D0006,Ghulam,
D0006,Yanuar,
D0006,Luthfi,
D0006,mengatakan,
D0006,peristiwa,
D0006,itu,
D0006,terjadi,
D0006,di,
D0006,kedai,
D0006,tuak,
D0006,di,
D0006,Dusun,
D0006,III,
D0006,Nagori,
D0006,Bahliran,
D0006,Siborna,
D0006,Kecamatan,
D0006,Panei,
D0006,pada,
D0006,Sabtu,
D0006,318,
D0006,malam,
D0006,Korban,
D0006,dan,
D0006,pelaku,
D0006,samasama,
D0006,minum,
D0006,tuak,
D0006,di,
D0006,kedai,
D0006,itu,
D0006,kata,
D0006,Ghulam,
D0006,saat,
D0006,dikonfirmasi,
D0006,detikSumut,
D0006,Senin,
D0006,292024,
D0006,SCROLL,
D0006,TO,
D0006,CONTINUE,
D0006,WITH,
D0006,CONTENT,
D0006,Lalu,
D0006,korban,
D0006,meminta,
D0006,mikrofon,
D0006,kepada,
D0006,pelaku,
D0006,karena,
D0006,ingin,
D0006,menyanyi,
D0006,Namun,
D0006,korban,
D0006,merasa,
D0006,tersinggung,
D0006,dan,
D0006,mendatangi,
D0006,korban,
D0006,yang,
D0006,berada,
D0006,di,
D0006,meja,
D0006,sebelahnya,
D0006,Kemudian,
D0006,keduanya,
D0006,terlibat,
D0006,saling,
D0006,dorong,
D0006,hingga,
D0006,akhirnya,
D0006,pelaku,
D0006,mengeluarkan,
D0006,pisau,
D0006,yang,
D0006,dibawanya,
D0006,dan,
D0006,langsung,
D0006,menikam,
D0006,perut,
D0006,korban,
D0006,Warga,
D0006,yang,
D0006,berada,
D0006,di,
D0006,warung,
D0006,tersebut,
D0006,langsung,
D0006,melarikan,
D0006,korban,
D0006,ke,
D0006,rumah,
D0006,sakit,
D0006,Namun,
D0006,nahas,
D0006,selang,
D0006,beberapa,
D0006,waktu,
D0006,setelah,
D0006,tiba,
D0006,di,
D0006,rumah,
D0006,sakit,
D0006,korban,
D0006,dinyatakan,
D0006,meninggal,
D0006,dunia,
D0006,Keduanya,
D0006,berselisih,
D0006,karena,
D0006,korban,
D0006,meminta,
D0006,mic,
D0006,kepada,
D0006,tersangka,
D0006,untuk,
D0006,bergantian,
D0006,menyanyi,
D0006,ujarnya,
D0006,Pihak,
D0006,kepolisian,
D0006,yang,
D0006,menerima,
D0006,informasi,
D0006,kejadian,
D0006,itu,
D0006,lalu,
D0006,turun,
D0006,ke,
D0006,lokasi,
D0006,untuk,
D0006,olah,
D0006,TKP,
D0006,Lalu,
D0006,jasad,
D0006,korban,
D0006,dibawa,
D0006,ke,
D0006,RS,
D0006,Bhayangkara,
D0006,Medan,
D0006,untuk,
D0006,diautopsi,
D0006,sedangkan,
D0006,pelaku,
D0006,masih,
D0006,dalam,
D0006,pengejaran,
D0006,pihak,
D0006,kepolisian,
D0006,Mayat,
D0006,Korban,
D0006,mengalami,
D0006,luka,
D0006,tusuk,
D0006,di,
D0006,bagian,
D0006,antara,
D0006,dada,
D0006,dan,
D0006,perut,
D0006,dan,
D0006,lengan,
D0006,kiri,
D0006,di,
D0006,dekat,
D0006,bahu,
D0006,pungkasnya,
D0007,Polisi,
D0007,menangkap,
D0007,empat,
D0007,orang,
D0007,pria,
D0007,kawanan,
D0007,pencurian,
D0007,spesialis,
D0007,bongkar,
D0007,warung,
D0007,pasar,
D0007,di,
D0007,Kabupaten,
D0007,Asahan,
D0007,Sumatera,
D0007,Utara,
D0007,Sumatera,
D0007,Utara,
D0007,Salah,
D0007,seorang,
D0007,pelaku,
D0007,terpaksa,
D0007,ditembak,
D0007,kakinya,
D0007,karena,
D0007,melawan,
D0007,saat,
D0007,ditangkap,
D0007,Satu,
D0007,pelaku,
D0007,kami,
D0007,tangkap,
D0007,Sabtu,
D0007,kemarin,
D0007,dan,
D0007,harus,
D0007,dilumpuhkan,
D0007,karena,
D0007,tidak,
D0007,kooperatif,
D0007,Mereka,
D0007,ini,
D0007,terlibat,
D0007,beberapa,
D0007,kali,
D0007,melakukan,
D0007,pencurian,
D0007,bongkar,
D0007,warung,
D0007,di,
D0007,pasar,
D0007,dan,
D0007,ada,
D0007,juga,
D0007,di,
D0007,rumah,
D0007,kosong,
D0007,kata,
D0007,Kanit,
D0007,Jatanras,
D0007,Polres,
D0007,Asahan,
D0007,Ipda,
D0007,Supangat,
D0007,dalam,
D0007,keterangannya,
D0007,kepada,
D0007,wartawan,
D0007,Minggu,
D0007,192024,
D0007,Adapun,
D0007,para,
D0007,tersangka,
D0007,yang,
D0007,diamankan,
D0007,ini,
D0007,adalah,
D0007,Fatar,
D0007,Simanjuntak,
D0007,sebagai,
D0007,otak,
D0007,pelaku,
D0007,Saat,
D0007,ditangkap,
D0007,Fatar,
D0007,ditembak,
D0007,di,
D0007,bagian,
D0007,kakinya,
D0007,Kemudian,
D0007,tiga,
D0007,rekan,
D0007,lainnya,
D0007,yakni,
D0007,Yovie,
D0007,Wibowo,
D0007,Said,
D0007,Aji,
D0007,dan,
D0007,Nando,
D0007,Pardede,
D0007,SCROLL,
D0007,TO,
D0007,CONTINUE,
D0007,WITH,
D0007,CONTENT,
D0007,Supangat,
D0007,mengatakan,
D0007,para,
D0007,pelaku,
D0007,itu,
D0007,merupakan,
D0007,satu,
D0007,tim,
D0007,saat,
D0007,beraksi,
D0007,Mereka,
D0007,beraksi,
D0007,saat,
D0007,korban,
D0007,tidak,
D0007,berada,
D0007,di,
D0007,lokasi,
D0007,Beraksi,
D0007,saat,
D0007,korban,
D0007,tidak,
D0007,berada,
D0007,di,
D0007,warung,
D0007,Dia,
D0007,masuk,
D0007,melalui,
D0007,atap,
D0007,seng,
D0007,rumah,
D0007,korban,
D0007,yang,
D0007,dibukanya,
D0007,ujar,
D0007,Supangat,
D0007,Saat,
D0007,melakukan,
D0007,aksi,
D0007,tersebut,
D0007,korban,
D0007,menggasak,
D0007,habis,
D0007,isi,
D0007,warung,
D0007,termasuk,
D0007,di,
D0007,antaranya,
D0007,21,
D0007,tabung,
D0007,gas,
D0007,hingga,
D0007,karung,
D0007,pupuk,
D0007,Bahkan,
D0007,saat,
D0007,dilakukan,
D0007,pendalaman,
D0007,pelaku,
D0007,dan,
D0007,rekannya,
D0007,ini,
D0007,juga,
D0007,pernah,
D0007,beraksi,
D0007,di,
D0007,tempat,
D0007,lainnya,
D0007,Salah,
D0007,satu,
D0007,korban,
D0007,pencurian,
D0007,yang,
D0007,dilakukan,
D0007,oleh,
D0007,kelompok,
D0007,ini,
D0007,mengalami,
D0007,kerugian,
D0007,hingga,
D0007,Rp,
D0007,40,
D0007,juta,
D0007,sementara,
D0007,korban,
D0007,lainnya,
D0007,menderita,
D0007,kerugian,
D0007,sebesar,
D0007,Rp,
D0007,35,
D0007,juta,
D0007,ucapnya,
D0007,Kini,
D0007,empat,
D0007,tersangka,
D0007,terancam,
D0007,bui,
D0007,dan,
D0007,akan,
D0007,dipersangkakan,
D0007,dengan,
D0007,pasal,
D0007,363,
D0007,KUHP,
D0007,tentang,
D0007,pencurian,
D0007,dan,
D0007,penggelapan,
D0008,Fathurahman,
D0008,Al,
D0008,Gani,
D0008,warga,
D0008,Kelurahan,
D0008,Tuguraja,
D0008,Kecamatan,
D0008,Cihideung,
D0008,Kota,
D0008,Tasikmalaya,
D0008,bikin,
D0008,onar,
D0008,di,
D0008,kampungnya,
D0008,Garagara,
D0008,minuman,
D0008,keras,
D0008,miras,
D0008,Gani,
D0008,halusinasi,
D0008,merasa,
D0008,dikejarkejar,
D0008,makhluk,
D0008,tak,
D0008,kasat,
D0008,mata,
D0008,Alkohol,
D0008,membuat,
D0008,Gani,
D0008,yang,
D0008,seharihari,
D0008,berprofesi,
D0008,jadi,
D0008,juru,
D0008,parkir,
D0008,itu,
D0008,bertingkah,
D0008,konyol,
D0008,hingga,
D0008,brutal,
D0008,Gani,
D0008,mengaku,
D0008,dikejarkejar,
D0008,hantu,
D0008,Ia,
D0008,pun,
D0008,jadi,
D0008,brutal,
D0008,dengan,
D0008,membacok,
D0008,seorang,
D0008,warga,
D0008,kampungnya,
D0008,Peristiwa,
D0008,itu,
D0008,terjadi,
D0008,pada,
D0008,Rabu,
D0008,1072024,
D0008,malam,
D0008,sekitar,
D0008,jam,
D0008,2300,
D0008,WIB,
D0008,Gani,
D0008,yang,
D0008,baru,
D0008,saja,
D0008,pulang,
D0008,bekerja,
D0008,di,
D0008,Jalan,
D0008,HZ,
D0008,Mustofa,
D0008,Kota,
D0008,Tasikmalaya,
D0008,membeli,
D0008,2,
D0008,liter,
D0008,miras,
D0008,tradisional,
D0008,jenis,
D0008,tuak,
D0008,SCROLL,
D0008,TO,
D0008,CONTINUE,
D0008,WITH,
D0008,CONTENT,
D0008,Sambil,
D0008,berjalan,
D0008,pulang,
D0008,Gani,
D0008,menenggak,
D0008,habis,
D0008,minuman,
D0008,itu,
D0008,Karuan,
D0008,saja,
D0008,perilakunya,
D0008,mulai,
D0008,ngaco,
D0008,Seingatnya,
D0008,Gani,
D0008,merasa,
D0008,sempat,
D0008,pulang,
D0008,ke,
D0008,rumahnya,
D0008,untuk,
D0008,membawa,
D0008,golok,
D0008,Lalu,
D0008,dia,
D0008,jalanjalan,
D0008,keliling,
D0008,kampung,
D0008,Saat,
D0008,masuk,
D0008,ke,
D0008,gang,
D0008,Gunung,
D0008,Gadong,
D0008,Gani,
D0008,merasa,
D0008,dikejar,
D0008,hantu,
D0008,Dia,
D0008,berlari,
D0008,ke,
D0008,arah,
D0008,perkampungan,
D0008,hingga,
D0008,sampai,
D0008,di,
D0008,depan,
D0008,rumah,
D0008,Dedi,
D0008,Suryana,
D0008,Ketua,
D0008,RT,
D0008,setempat,
D0008,Di,
D0008,tempat,
D0008,itu,
D0008,dia,
D0008,bertemu,
D0008,dengan,
D0008,Priyatna,
D0008,dan,
D0008,Gandi,
D0008,warga,
D0008,yang,
D0008,sedang,
D0008,mempersiapkan,
D0008,acara,
D0008,nonton,
D0008,bareng,
D0008,pertandingan,
D0008,sepak,
D0008,bola,
D0008,Kepada,
D0008,kedua,
D0008,orang,
D0008,itu,
D0008,Gani,
D0008,ngaku,
D0008,dikejar,
D0008,hantu,
D0008,Kedatangan,
D0008,Gani,
D0008,yang,
D0008,berlari,
D0008,sambil,
D0008,terengahengah,
D0008,membuat,
D0008,Priyatna,
D0008,dan,
D0008,Gandi,
D0008,penasaran,
D0008,lalu,
D0008,memeriksa,
D0008,ke,
D0008,mulut,
D0008,gang,
D0008,Tapi,
D0008,nyatanya,
D0008,tak,
D0008,menemukan,
D0008,apaapa,
D0008,Tak,
D0008,ada,
D0008,hantu,
D0008,seperti,
D0008,yang,
D0008,diceritakannya,
D0008,Kemudian,
D0008,entah,
D0008,apa,
D0008,sebabnya,
D0008,Gani,
D0008,kemudian,
D0008,sensi,
D0008,terhadap,
D0008,Priyatna,
D0008,orang,
D0008,yang,
D0008,kurang,
D0008,dikenalnya,
D0008,Maneh,
D0008,mah,
D0008,asa,
D0008,anyar,
D0008,euy,
D0008,kakara,
D0008,ninggali,
D0008,asa,
D0008,polontong,
D0008,Kamu,
D0008,seperti,
D0008,orang,
D0008,baru,
D0008,saya,
D0008,baru,
D0008,bertemu,
D0008,rasanya,
D0008,belagu,
D0008,kata,
D0008,Gani,
D0008,kepada,
D0008,Priyatna,
D0008,Paham,
D0008,orang,
D0008,itu,
D0008,sedang,
D0008,mabuk,
D0008,berat,
D0008,Priyatna,
D0008,tak,
D0008,menghiraukan,
D0008,ucapan,
D0008,Fathurahman,
D0008,Tapi,
D0008,Fathurahman,
D0008,sewot,
D0008,dia,
D0008,menarik,
D0008,baju,
D0008,Priyatna,
D0008,hingga,
D0008,dia,
D0008,terjatuh,
D0008,Insiden,
D0008,itu,
D0008,lalu,
D0008,dilerai,
D0008,oleh,
D0008,Gandi,
D0008,Fathurahman,
D0008,disuruh,
D0008,pulang,
D0008,untuk,
D0008,sementara,
D0008,dia,
D0008,beranjak,
D0008,pulang,
D0008,Sekitar,
D0008,pukul,
D0008,0100,
D0008,WIB,
D0008,saat,
D0008,Priyatna,
D0008,dan,
D0008,Gandi,
D0008,berjalan,
D0008,kaki,
D0008,dari,
D0008,arah,
D0008,belakang,
D0008,Gani,
D0008,menerjang,
D0008,dan,
D0008,membacok,
D0008,kepala,
D0008,Priyatna,
D0008,Priyatna,
D0008,langsung,
D0008,tumbang,
D0008,tapi,
D0008,dia,
D0008,sempat,
D0008,menarik,
D0008,tubuh,
D0008,Gani,
D0008,sehingga,
D0008,keduanya,
D0008,terjatuh,
D0008,Gandi,
D0008,dan,
D0008,Ketua,
D0008,RT,
D0008,langsung,
D0008,bertindak,
D0008,dia,
D0008,langsung,
D0008,mengamankan,
D0008,Gani,
D0008,dan,
D0008,menyerahkannya,
D0008,ke,
D0008,polisi,
D0008,Sementara,
D0008,Priyatna,
D0008,langsung,
D0008,dilarikan,
D0008,ke,
D0008,RSUD,
D0008,dr,
D0008,Soekardjo,
D0008,Akibat,
D0008,bacokan,
D0008,orang,
D0008,mabuk,
D0008,itu,
D0008,kepalanya,
D0008,robek,
D0008,sepanjang,
D0008,10,
D0008,cm,
D0008,Gani,
D0008,pun,
D0008,diseret,
D0008,ke,
D0008,meja,
D0008,hijau,
D0008,Pengadilan,
D0008,Negeri,
D0008,PN,
D0008,Tasikmalaya,
D0008,untuk,
D0008,mempertanggungjawabkan,
D0008,perbuatannya,
D0008,Setelah,
D0008,melalui,
D0008,proses,
D0008,hukum,
D0008,Gani,
D0008,dinilai,
D0008,melakukan,
D0008,aksi,
D0008,kriminal,
D0008,pelanggaran,
D0008,pasal,
D0008,351,
D0008,KUHP,
D0008,Ia,
D0008,pun,
D0008,disidangkan,
D0008,di,
D0008,PN,
D0008,Tasikmalaya,
D0008,Kapolsek,
D0008,Cihideung,
D0008,AKP,
D0008,Erustiana,
D0008,membenarkan,
D0008,pihaknya,
D0008,sedang,
D0008,menangani,
D0008,kasus,
D0008,tersebut,
D0008,Dia,
D0008,juga,
D0008,membenarkan,
D0008,saat,
D0008,beraksi,
D0008,pelaku,
D0008,dalam,
D0008,kondisi,
D0008,mabuk,
D0008,berat,
D0008,Iya,
D0008,yang,
D0008,juru,
D0008,parkir,
D0008,mabuk,
D0008,sudah,
D0008,kami,
D0008,proses,
D0008,sekarang,
D0008,sedang,
D0008,disidangkan,
D0008,kata,
D0008,Erustiana,
D0008,Dia,
D0008,menambahkan,
D0008,kasus,
D0008,ini,
D0008,hendaknya,
D0008,menjadi,
D0008,pelajaran,
D0008,untuk,
D0008,menghindari,
D0008,kebiasaan,
D0008,mabukmabukan,
D0008,Kami,
D0008,mengingatkan,
D0008,masyarakat,
D0008,untuk,
D0008,menghindari,
D0008,minuman,
D0008,keras,
D0008,dan,
D0008,selalu,
D0008,menjaga,
D0008,ketertiban,
D0008,serta,
D0008,keamanan,
D0008,di,
D0008,lingkungan,
D0008,masingmasing,
D0008,Kerja,
D0008,sama,
D0008,antara,
D0008,masyarakat,
D0008,dan,
D0008,pihak,
D0008,kepolisian,
D0008,sangat,
D0008,diperlukan,
D0008,untuk,
D0008,menciptakan,
D0008,suasana,
D0008,yang,
D0008,aman,
D0008,dan,
D0008,kondusif,
D0008,kata,
D0008,Erustiana,
D0009,Mahasiswa,
D0009,yang,
D0009,sedang,
D0009,melaksanakan,
D0009,PKL,
D0009,pelatihan,
D0009,kerja,
D0009,lapangan,
D0009,di,
D0009,Kantor,
D0009,Bawaslu,
D0009,Lampu,
D0009,ditembak,
D0009,OTK,
D0009,Polisi,
D0009,pun,
D0009,gerak,
D0009,cepat,
D0009,dan,
D0009,berhasil,
D0009,menangkap,
D0009,pelaku,
D0009,Pelaku,
D0009,kini,
D0009,ditahan,
D0009,dan,
D0009,diperiksa,
D0009,di,
D0009,Mapolsek,
D0009,Sukarame,
D0009,Kanitreskrim,
D0009,Polsek,
D0009,Sukarame,
D0009,Ipda,
D0009,Muazam,
D0009,membenarkan,
D0009,penangkapan,
D0009,tersebut,
D0009,Alhamdulillah,
D0009,sudah,
D0009,tertangkap,
D0009,pelaku,
D0009,penembakan,
D0009,mahasiswa,
D0009,di,
D0009,kantor,
D0009,Bawaslu,
D0009,Lampung,
D0009,katanya,
D0009,Sabtu,
D0009,3182024,
D0009,SCROLL,
D0009,TO,
D0009,CONTINUE,
D0009,WITH,
D0009,CONTENT,
D0009,Muazam,
D0009,menyebut,
D0009,pelaku,
D0009,ditangkap,
D0009,di,
D0009,wilayah,
D0009,Desa,
D0009,Rangai,
D0009,Kabupaten,
D0009,Lampung,
D0009,Selatan,
D0009,Sabtu,
D0009,pagi,
D0009,pukul,
D0009,0400,
D0009,WIB,
D0009,Tadi,
D0009,pagi,
D0009,sekitar,
D0009,pukul,
D0009,0400,
D0009,WIB,
D0009,kami,
D0009,tangkap,
D0009,di,
D0009,wilayah,
D0009,Rangai,
D0009,Lampung,
D0009,Selatan,
D0009,Saat,
D0009,ini,
D0009,masih,
D0009,dilakukan,
D0009,pemeriksaan,
D0009,tandasnya,
D0009,Sebelumnya,
D0009,diberitakan,
D0009,seorang,
D0009,mahasiswa,
D0009,bernama,
D0009,Sandi,
D0009,Polanda,
D0009,yang,
D0009,sedang,
D0009,PKL,
D0009,di,
D0009,Kantor,
D0009,Bawaslu,
D0009,Lampung,
D0009,ditembak,
D0009,orang,
D0009,tak,
D0009,dikenal,
D0009,Dia,
D0009,ditembak,
D0009,seorang,
D0009,tamu,
D0009,yang,
D0009,menginap,
D0009,di,
D0009,Hotel,
D0009,Asoka,
D0009,Bandar,
D0009,Lampung,
D0009,Peristiwa,
D0009,penembakan,
D0009,ini,
D0009,terjadi,
D0009,pada,
D0009,Rabu,
D0009,2882024,
D0009,siang,
D0009,saat,
D0009,korban,
D0009,sedang,
D0009,duduk,
D0009,santai,
D0009,di,
D0009,lantai,
D0009,dua,
D0009,kantor,
D0009,Bawaslu,
D0009,Peristiwanya,
D0009,Rabu,
D0009,lalu,
D0009,saat,
D0009,itu,
D0009,korban,
D0009,ini,
D0009,tengah,
D0009,beristirahat,
D0009,siang,
D0009,di,
D0009,lantai,
D0009,2,
D0009,kantor,
D0009,Bawaslu,
D0009,Lampung,
D0009,Kemudian,
D0009,dia,
D0009,merasakan,
D0009,ada,
D0009,suara,
D0009,dentingan,
D0009,dan,
D0009,dia,
D0009,merasakan,
D0009,tangannya,
D0009,terkena,
D0009,sesuatu,
D0009,kemudian,
D0009,dia,
D0009,sadar,
D0009,ada,
D0009,peluru,
D0009,yang,
D0009,mengenai,
D0009,tangannya,
D0009,Atas,
D0009,peristiwa,
D0009,tersebut,
D0009,dia,
D0009,langsung,
D0009,melaporkan,
D0009,ke,
D0009,pihak,
D0009,security,
D0009,kantor,
D0009,Bawaslu,
D0009,kata,
D0009,Kabidhumas,
D0009,Polda,
D0009,Lampung,
D0009,Kombes,
D0009,Umi,
D0009,Fadillah,
D0009,Astutik,
D0010,Seorang,
D0010,mahasiswa,
D0010,yang,
D0010,sedang,
D0010,PKL,
D0010,di,
D0010,Bawaslu,
D0010,Lampung,
D0010,ditembak,
D0010,oleh,
D0010,orang,
D0010,tak,
D0010,dikenal,
D0010,Korban,
D0010,tertembak,
D0010,pada,
D0010,bagian,
D0010,tangan,
D0010,kirinya,
D0010,Melansir,
D0010,detikSumbagsel,
D0010,dari,
D0010,informasi,
D0010,yang,
D0010,dihimpun,
D0010,peristiwa,
D0010,itu,
D0010,terjadi,
D0010,pada,
D0010,Rabu,
D0010,2882024,
D0010,di,
D0010,Kantor,
D0010,Bawaslu,
D0010,Lampung,
D0010,yang,
D0010,berada,
D0010,di,
D0010,Jalan,
D0010,Morotai,
D0010,Kota,
D0010,Bandar,
D0010,Lampung,
D0010,Korban,
D0010,mengaku,
D0010,ditembak,
D0010,dari,
D0010,salah,
D0010,satu,
D0010,kamar,
D0010,di,
D0010,salah,
D0010,satu,
D0010,hotel,
D0010,yang,
D0010,berdekatan,
D0010,dengan,
D0010,tempat,
D0010,dirinya,
D0010,bekerja,
D0010,Adapun,
D0010,jenis,
D0010,peluru,
D0010,yang,
D0010,mengenai,
D0010,tangannya,
D0010,yakni,
D0010,jenis,
D0010,gotri,
D0010,yang,
D0010,berada,
D0010,dari,
D0010,senjata,
D0010,air,
D0010,soft,
D0010,gun,
D0010,SCROLL,
D0010,TO,
D0010,CONTINUE,
D0010,WITH,
D0010,CONTENT,
D0010,Setelah,
D0010,kejadian,
D0010,tersebut,
D0010,Badan,
D0010,Pengawas,
D0010,Pemilu,
D0010,Bawaslu,
D0010,Lampung,
D0010,angkat,
D0010,bicara,
D0010,Bawaslu,
D0010,menyebut,
D0010,bahwa,
D0010,korban,
D0010,adalah,
D0010,seorang,
D0010,mahasiswa,
D0010,di,
D0010,salah,
D0010,satu,
D0010,perguruan,
D0010,tinggi,
D0010,di,
D0010,Lampung,
D0010,Benar,
D0010,bahwa,
D0010,kejadiannya,
D0010,kemarin,
D0010,siang,
D0010,Korban,
D0010,anak,
D0010,PKL,
D0010,dari,
D0010,salah,
D0010,satu,
D0010,mahasiswa,
D0010,di,
D0010,Lampung,
D0010,kata,
D0010,Ketua,
D0010,Bawaslu,
D0010,Lampung,
D0010,Iskardo,
D0010,P,
D0010,Panggar,
D0010,Kamis,
D0010,298,
D0010,Iskardo,
D0010,mengatakan,
D0010,saat,
D0010,ini,
D0010,pihak,
D0010,kepolisian,
D0010,tengah,
D0010,melakukan,
D0010,penyelidikan,
D0010,terkait,
D0010,peristiwa,
D0010,tersebut,
D0010,Kami,
D0010,langsung,
D0010,berkoordinasi,
D0010,dengan,
D0010,pihak,
D0010,kepolisian,
D0010,Pihak,
D0010,kepolisian,
D0010,langsung,
D0010,sigap,
D0010,melakukan,
D0010,penyelidikan,
D0010,Sampai,
D0010,saat,
D0010,ini,
D0010,masih,
D0010,dalam,
D0010,penyelidikan,
D0010,tandasnya,
D0011,Seorang,
D0011,anggota,
D0011,polisi,
D0011,inisial,
D0011,Bripda,
D0011,HBN,
D0011,menjadi,
D0011,korban,
D0011,begal,
D0011,bersenjata,
D0011,tajam,
D0011,di,
D0011,Kota,
D0011,Binjai,
D0011,Sumatera,
D0011,Utara,
D0011,Sumut,
D0011,Saat,
D0011,kejadian,
D0011,itu,
D0011,pelaku,
D0011,mencuri,
D0011,sepeda,
D0011,motor,
D0011,dan,
D0011,handphone,
D0011,korban,
D0011,Kapolres,
D0011,Binjai,
D0011,AKBP,
D0011,Bambang,
D0011,Christanto,
D0011,Utomo,
D0011,mengatakan,
D0011,peristiwa,
D0011,itu,
D0011,terjadi,
D0011,di,
D0011,Jalan,
D0011,Binjai,
D0011,KM,
D0011,17,
D0011,Selasa,
D0011,2782024,
D0011,sekira,
D0011,pukul,
D0011,0300,
D0011,WIB,
D0011,Saat,
D0011,kejadian,
D0011,Bripda,
D0011,HBN,
D0011,datang,
D0011,dari,
D0011,arah,
D0011,Kota,
D0011,Medan,
D0011,menuju,
D0011,Langkat,
D0011,Iya,
D0011,jam,
D0011,3,
D0011,dini,
D0011,hari,
D0011,Bripda,
D0011,HBN,
D0011,ini,
D0011,dari,
D0011,arah,
D0011,Medan,
D0011,menuju,
D0011,ke,
D0011,arah,
D0011,SPN,
D0011,Langkat,
D0011,Dicuri,
D0011,satu,
D0011,unit,
D0011,roda,
D0011,dua,
D0011,hp,
D0011,sama,
D0011,tas,
D0011,hpnya,
D0011,dua,
D0011,kalau,
D0011,gak,
D0011,salah,
D0011,kata,
D0011,Bambang,
D0011,saat,
D0011,dikonfirmasi,
D0011,detikSumut,
D0011,Kamis,
D0011,298,
D0011,SCROLL,
D0011,TO,
D0011,CONTINUE,
D0011,WITH,
D0011,CONTENT,
D0011,Mantan,
D0011,Kapolsek,
D0011,Pakpak,
D0011,Bharat,
D0011,itu,
D0011,menyebut,
D0011,setibanya,
D0011,di,
D0011,lokasi,
D0011,kejadian,
D0011,Bripda,
D0011,HBN,
D0011,dihadang,
D0011,pelaku,
D0011,Saat,
D0011,itu,
D0011,pelaku,
D0011,turut,
D0011,membawa,
D0011,senjata,
D0011,tajam,
D0011,Beruntung,
D0011,personel,
D0011,polisi,
D0011,itu,
D0011,tidak,
D0011,sempat,
D0011,dilukai,
D0011,oleh,
D0011,pelaku,
D0011,Iya,
D0011,bawa,
D0011,sajam,
D0011,tidak,
D0011,sempat,
D0011,sampai,
D0011,dilukai,
D0011,sebutnya,
D0011,Bambang,
D0011,mengungkapkan,
D0011,bahwa,
D0011,Bripda,
D0011,HBN,
D0011,merupakan,
D0011,personel,
D0011,polisi,
D0011,yang,
D0011,bertugas,
D0011,di,
D0011,Sekolah,
D0011,Polisi,
D0011,Negara,
D0011,SPN,
D0011,Polda,
D0011,Sumut,
D0011,di,
D0011,Langkat,
D0011,Kejadian,
D0011,itu,
D0011,juga,
D0011,telah,
D0011,dilaporkan,
D0011,korban,
D0011,ke,
D0011,Polsek,
D0011,Binjai,
D0011,Timur,
D0011,Perwira,
D0011,menengah,
D0011,Polri,
D0011,itu,
D0011,menyebut,
D0011,pihaknya,
D0011,tengah,
D0011,menyelidiki,
D0011,kasus,
D0011,tersebut,
D0011,Iya,
D0011,betul,
D0011,tugas,
D0011,di,
D0011,SPN,
D0011,Sudah,
D0011,buat,
D0011,laporan,
D0011,di,
D0011,Polsek,
D0011,Binjai,
D0011,Timur,
D0011,tapi,
D0011,sudah,
D0011,kami,
D0011,tarik,
D0011,ke,
D0011,polres,
D0011,kami,
D0011,back,
D0011,up,
D0011,yang,
D0011,pasti,
D0011,kami,
D0011,sedang,
D0011,mencari,
D0011,data,
D0011,mencari,
D0011,pelaku,
D0011,dan,
D0011,tim,
D0011,lapangan,
D0011,kami,
D0011,sedang,
D0011,bekerja,
D0011,pungkasnya,
D0012,Seorang,
D0012,pemuda,
D0012,bernama,
D0012,Tobat,
D0012,Lois,
D0012,Karokaro,
D0012,24,
D0012,mencuri,
D0012,motor,
D0012,di,
D0012,kontrakan,
D0012,temannya,
D0012,di,
D0012,Kabupaten,
D0012,Karo,
D0012,Sumatera,
D0012,Utara,
D0012,Sumut,
D0012,Pihak,
D0012,kepolisian,
D0012,pun,
D0012,menangkap,
D0012,Tobat,
D0012,atas,
D0012,perbuatannya,
D0012,itu,
D0012,Kasat,
D0012,Reskrim,
D0012,Polres,
D0012,Tanah,
D0012,Karo,
D0012,AKP,
D0012,Rasmaju,
D0012,Tarigan,
D0012,mengatakan,
D0012,pencurian,
D0012,itu,
D0012,terjadi,
D0012,di,
D0012,Jalan,
D0012,Kotacane,
D0012,Kecamatan,
D0012,Kabanjahe,
D0012,Selasa,
D0012,2082024,
D0012,Lalu,
D0012,pelaku,
D0012,ditangkap,
D0012,pada,
D0012,Senin,
D0012,268,
D0012,Pelaku,
D0012,berinisial,
D0012,TLK,
D0012,berhasil,
D0012,kami,
D0012,amankan,
D0012,di,
D0012,kediamannya,
D0012,di,
D0012,Jalan,
D0012,Jamin,
D0012,Ginting,
D0012,Komplek,
D0012,Tropis,
D0012,Kabanjahe,
D0012,kata,
D0012,Rasmaju,
D0012,Rabu,
D0012,288,
D0012,SCROLL,
D0012,TO,
D0012,CONTINUE,
D0012,WITH,
D0012,CONTENT,
D0012,Rasmaju,
D0012,mengatakan,
D0012,saat,
D0012,kejadian,
D0012,korban,
D0012,Ekson,
D0012,34,
D0012,tengah,
D0012,berada,
D0012,di,
D0012,rumah,
D0012,kontrakannya,
D0012,Lalu,
D0012,dia,
D0012,mendapati,
D0012,sepeda,
D0012,motor,
D0012,Kawasaki,
D0012,Ninja,
D0012,dan,
D0012,handphone,
D0012,miliknya,
D0012,telah,
D0012,hilang,
D0012,dari,
D0012,rumah,
D0012,Akibat,
D0012,pencurian,
D0012,itu,
D0012,korban,
D0012,mengalami,
D0012,kerugian,
D0012,Rp,
D0012,8,
D0012,juta,
D0012,Setelah,
D0012,itu,
D0012,korban,
D0012,membuat,
D0012,laporan,
D0012,ke,
D0012,Polres,
D0012,Tanah,
D0012,Karo,
D0012,Pihak,
D0012,kepolisian,
D0012,yang,
D0012,menerima,
D0012,laporan,
D0012,itu,
D0012,lalu,
D0012,memburu,
D0012,pelaku,
D0012,hingga,
D0012,akhirnya,
D0012,mengamankannya,
D0012,Selain,
D0012,menangkap,
D0012,pelaku,
D0012,petugas,
D0012,juga,
D0012,mengamankan,
D0012,motor,
D0012,dan,
D0012,hp,
D0012,korban,
D0012,yang,
D0012,dicuri,
D0012,pelaku,
D0012,Pelaku,
D0012,diduga,
D0012,kuat,
D0012,telah,
D0012,melakukan,
D0012,pencurian,
D0012,tersebut,
D0012,dengan,
D0012,memanfaatkan,
D0012,situasi,
D0012,korban,
D0012,sedang,
D0012,lengah,
D0012,jelasnya,
D0012,Usai,
D0012,ditangkap,
D0012,pelaku,
D0012,diboyong,
D0012,ke,
D0012,Polres,
D0012,Tanah,
D0012,Karo,
D0012,untuk,
D0012,proses,
D0012,pemeriksaan,
D0012,lebih,
D0012,lanjut,
D0012,Atas,
D0012,perbuatannya,
D0012,pelaku,
D0012,terancam,
D0012,hukuman,
D0012,sembilan,
D0012,tahun,
D0012,penjara,
D0012,Tersangka,
D0012,ini,
D0012,kami,
D0012,persangkakan,
D0012,melanggar,
D0012,Pasal,
D0012,363,
D0012,Ayat,
D0012,2,
D0012,dari,
D0012,KUHPidana,
D0012,dengan,
D0012,ancaman,
D0012,hukuman,
D0012,maksimal,
D0012,sembilan,
D0012,tahun,
D0012,penjara,
D0012,pungkasnya,
D0012,Kasi,
D0012,Humas,
D0012,Polres,
D0012,Tanah,
D0012,Karo,
D0012,Aiptu,
D0012,Budi,
D0012,Sastra,
D0012,Surbakti,
D0012,mengatakan,
D0012,motor,
D0012,dan,
D0012,hp,
D0012,korban,
D0012,itu,
D0012,dicuri,
D0012,pelaku,
D0012,dari,
D0012,dalam,
D0012,rumah,
D0012,Saat,
D0012,kejadian,
D0012,korban,
D0012,tengah,
D0012,tertidur,
D0012,di,
D0012,lantai,
D0012,dua,
D0012,rumah,
D0012,tersebut,
D0012,Kendaraan,
D0012,dan,
D0012,hp,
D0012,diambil,
D0012,dari,
D0012,dalam,
D0012,rumah,
D0012,Saat,
D0012,itu,
D0012,korban,
D0012,sedang,
D0012,tidur,
D0012,di,
D0012,lantai,
D0012,dua,
D0012,jelasnya,
D0012,Budi,
D0012,menyebut,
D0012,korban,
D0012,dan,
D0012,pelaku,
D0012,ini,
D0012,berteman,
D0012,Pelaku,
D0012,juga,
D0012,biasanya,
D0012,bebas,
D0012,masuk,
D0012,ke,
D0012,rumah,
D0012,korban,
D0012,Mereka,
D0012,berteman,
D0012,pelaku,
D0012,bebas,
D0012,masuk,
D0012,ke,
D0012,rumah,
D0012,tersebut,
D0012,kata,
D0012,Budi,
D0013,Pria,
D0013,bernama,
D0013,Marzuki,
D0013,alias,
D0013,Dedek,
D0013,45,
D0013,memperkosa,
D0013,bocah,
D0013,SD,
D0013,berusia,
D0013,10,
D0013,tahun,
D0013,di,
D0013,dekat,
D0013,kuburan,
D0013,di,
D0013,Kota,
D0013,Medan,
D0013,Sumatera,
D0013,Utara,
D0013,Sumut,
D0013,Pelaku,
D0013,melancarkan,
D0013,aksinya,
D0013,dengan,
D0013,berpurapura,
D0013,mengenal,
D0013,orang,
D0013,tua,
D0013,korban,
D0013,Pelaku,
D0013,M,
D0013,berpurapura,
D0013,mengenal,
D0013,orang,
D0013,tua,
D0013,korban,
D0013,dan,
D0013,mengajak,
D0013,korban,
D0013,naik,
D0013,sepeda,
D0013,motor,
D0013,kata,
D0013,Kasat,
D0013,Reskrim,
D0013,Polres,
D0013,Pelabuhan,
D0013,Belawan,
D0013,Iptu,
D0013,Riffi,
D0013,Noor,
D0013,Faizal,
D0013,Rabu,
D0013,2882024,
D0013,Riffi,
D0013,menyebut,
D0013,peristiwa,
D0013,itu,
D0013,terjadi,
D0013,di,
D0013,dekat,
D0013,Tempat,
D0013,Pemakaman,
D0013,Umum,
D0013,TPU,
D0013,di,
D0013,daerah,
D0013,Kecamatan,
D0013,Medan,
D0013,Labuhan,
D0013,pada,
D0013,Senin,
D0013,58,
D0013,sekira,
D0013,pukul,
D0013,2330,
D0013,WIB,
D0013,Awalnya,
D0013,korban,
D0013,disuruh,
D0013,oleh,
D0013,orang,
D0013,tuanya,
D0013,untuk,
D0013,membeli,
D0013,rokok,
D0013,di,
D0013,warung,
D0013,sekira,
D0013,pukul,
D0013,2130,
D0013,WIB,
D0013,SCROLL,
D0013,TO,
D0013,CONTINUE,
D0013,WITH,
D0013,CONTENT,
D0013,Lalu,
D0013,saat,
D0013,korban,
D0013,tengah,
D0013,berjalan,
D0013,pelaku,
D0013,yang,
D0013,tidak,
D0013,dikenal,
D0013,oleh,
D0013,korban,
D0013,tibatiba,
D0013,mendekat,
D0013,dan,
D0013,mengajak,
D0013,korban,
D0013,untuk,
D0013,membeli,
D0013,makanan,
D0013,Saat,
D0013,kejadian,
D0013,pelaku,
D0013,tengah,
D0013,menaiki,
D0013,sepeda,
D0013,motor,
D0013,Korban,
D0013,diajak,
D0013,untuk,
D0013,menemani,
D0013,orang,
D0013,tersebut,
D0013,untuk,
D0013,membeli,
D0013,makanan,
D0013,dengan,
D0013,alasan,
D0013,bahwa,
D0013,orang,
D0013,itu,
D0013,adalah,
D0013,teman,
D0013,orang,
D0013,tua,
D0013,korban,
D0013,Selanjutnya,
D0013,korban,
D0013,dibawa,
D0013,oleh,
D0013,orang,
D0013,yang,
D0013,tidak,
D0013,dikenal,
D0013,itu,
D0013,dengan,
D0013,menggunakan,
D0013,sepeda,
D0013,motor,
D0013,ujarnya,
D0013,Kemudian,
D0013,pelaku,
D0013,membawa,
D0013,korban,
D0013,ke,
D0013,dekat,
D0013,TPU,
D0013,di,
D0013,Kecamatan,
D0013,Medan,
D0013,Labuhan,
D0013,itu,
D0013,dan,
D0013,memperkosanya,
D0013,Pelaku,
D0013,juga,
D0013,sempat,
D0013,mengancam,
D0013,korban,
D0013,Setelah,
D0013,berhasil,
D0013,membujuk,
D0013,korban,
D0013,pelaku,
D0013,kemudian,
D0013,membawa,
D0013,korban,
D0013,ke,
D0013,Tempat,
D0013,Pemakaman,
D0013,Umum,
D0013,dan,
D0013,melakukan,
D0013,tindakan,
D0013,bejatnya,
D0013,di,
D0013,bawah,
D0013,pohon,
D0013,pisang,
D0013,kata,
D0013,Riffi,
D0013,Usai,
D0013,memperkosa,
D0013,korban,
D0013,pelaku,
D0013,membawa,
D0013,korban,
D0013,dan,
D0013,menurunkannya,
D0013,di,
D0013,tengah,
D0013,jalan,
D0013,Warga,
D0013,yang,
D0013,melihat,
D0013,korban,
D0013,lalu,
D0013,membawanya,
D0013,ke,
D0013,Polsek,
D0013,Medan,
D0013,Labuhan,
D0013,Riffi,
D0013,menyebut,
D0013,orang,
D0013,tua,
D0013,korban,
D0013,sudah,
D0013,sempat,
D0013,melaporkan,
D0013,soal,
D0013,kehilangan,
D0013,korban,
D0013,itu,
D0013,ke,
D0013,Bhabinkamtibmas,
D0013,setempat,
D0013,Tak,
D0013,lama,
D0013,orang,
D0013,tua,
D0013,korban,
D0013,mendapat,
D0013,informasi,
D0013,bahwa,
D0013,anaknya,
D0013,berada,
D0013,di,
D0013,Polsek,
D0013,Selanjutnya,
D0013,orang,
D0013,tua,
D0013,korban,
D0013,menunggu,
D0013,korban,
D0013,di,
D0013,rumah,
D0013,namun,
D0013,setelah,
D0013,beberapa,
D0013,lama,
D0013,ditungguin,
D0013,korban,
D0013,tidak,
D0013,kunjung,
D0013,pulang,
D0013,Lalu,
D0013,orang,
D0013,tua,
D0013,korban,
D0013,pergi,
D0013,untuk,
D0013,mencari,
D0013,korban,
D0013,Setelah,
D0013,itu,
D0013,orang,
D0013,tua,
D0013,korban,
D0013,bertemu,
D0013,dengan,
D0013,Bhabinkamtibmas,
D0013,menceritakan,
D0013,bahwa,
D0013,anaknya,
D0013,belum,
D0013,kembali,
D0013,ke,
D0013,rumah,
D0013,ujarnya,
D0013,Atas,
D0013,kejadian,
D0013,itu,
D0013,keluarga,
D0013,korban,
D0013,membuat,
D0013,laporan,
D0013,ke,
D0013,Polres,
D0013,Pelabuhan,
D0013,Belawan,
D0013,Pihak,
D0013,kepolisian,
D0013,yang,
D0013,menerima,
D0013,laporan,
D0013,itu,
D0013,lalu,
D0013,menyelidiki,
D0013,pelaku,
D0013,dan,
D0013,menangkapnya,
D0013,pada,
D0013,Rabu,
D0013,148,
D0013,di,
D0013,Kecamatan,
D0013,Medan,
D0013,Sunggal,
D0014,Nasib,
D0014,pilu,
D0014,harus,
D0014,dialami,
D0014,Sansan,
D0014,seorang,
D0014,sopir,
D0014,elf,
D0014,asal,
D0014,Garut,
D0014,Dia,
D0014,dibacok,
D0014,teman,
D0014,sendiri,
D0014,garagara,
D0014,dianggap,
D0014,tak,
D0014,memberi,
D0014,jalan,
D0014,saat,
D0014,sang,
D0014,teman,
D0014,menyalip,
D0014,Insiden,
D0014,berdarah,
D0014,yang,
D0014,dialami,
D0014,Sansan,
D0014,ini,
D0014,terjadi,
D0014,Sabtu,
D0014,2482024,
D0014,siang,
D0014,tadi,
D0014,di,
D0014,kawasan,
D0014,Jalan,
D0014,Raya,
D0014,Kadungora,
D0014,Kiaradodot,
D0014,Kecamatan,
D0014,Kadungora,
D0014,Garut,
D0014,Kapolsek,
D0014,Kadungora,
D0014,Kompol,
D0014,Deden,
D0014,Saripin,
D0014,mengatakan,
D0014,saat,
D0014,itu,
D0014,korban,
D0014,sedang,
D0014,mengendarai,
D0014,elf,
D0014,dengan,
D0014,nomor,
D0014,polisi,
D0014,Z,
D0014,77XX,
D0014,XX,
D0014,dari,
D0014,Garut,
D0014,menuju,
D0014,arah,
D0014,Bandung,
D0014,SCROLL,
D0014,TO,
D0014,CONTINUE,
D0014,WITH,
D0014,CONTENT,
D0014,Di,
D0014,sekitaran,
D0014,pintu,
D0014,perlintasan,
D0014,rel,
D0014,kereta,
D0014,api,
D0014,Kadungora,
D0014,datang,
D0014,pelaku,
D0014,berinisial,
D0014,AS,
D0014,31,
D0014,yang,
D0014,mengendarai,
D0014,elf,
D0014,Z,
D0014,78XX,
D0014,XX,
D0014,Saat,
D0014,itu,
D0014,AS,
D0014,diketahui,
D0014,hendak,
D0014,menyalip,
D0014,Pelaku,
D0014,hendak,
D0014,menyalip,
D0014,tapi,
D0014,katanya,
D0014,tidak,
D0014,diberi,
D0014,jalan,
D0014,oleh,
D0014,korban,
D0014,ungkap,
D0014,Deden,
D0014,kepada,
D0014,detikJabar,
D0014,Sabtu,
D0014,malam,
D0014,Deden,
D0014,mengatakan,
D0014,entah,
D0014,apa,
D0014,yang,
D0014,merasuki,
D0014,AS,
D0014,dia,
D0014,kemudian,
D0014,naik,
D0014,pitam,
D0014,Aksi,
D0014,kejarkejaran,
D0014,tak,
D0014,terelakan,
D0014,hingga,
D0014,AS,
D0014,berhasil,
D0014,menghentikan,
D0014,elf,
D0014,korban,
D0014,Pelaku,
D0014,langsung,
D0014,membacok,
D0014,korban,
D0014,dengan,
D0014,sebilah,
D0014,golok,
D0014,yang,
D0014,sudah,
D0014,dibawa,
D0014,kata,
D0014,Deden,
D0014,Bacokan,
D0014,pertama,
D0014,dari,
D0014,AS,
D0014,tak,
D0014,mengenai,
D0014,Sansan,
D0014,Namun,
D0014,AS,
D0014,membabibuta,
D0014,dan,
D0014,mengejar,
D0014,Sansan,
D0014,hingga,
D0014,ke,
D0014,kursi,
D0014,penumpang,
D0014,Sansan,
D0014,kemudian,
D0014,terkapar,
D0014,usai,
D0014,golok,
D0014,sepanjang,
D0014,8,
D0014,CM,
D0014,mendarat,
D0014,dengan,
D0014,keras,
D0014,di,
D0014,kepalanya,
D0014,sebanyak,
D0014,lima,
D0014,kali,
D0014,Deden,
D0014,mengatakan,
D0014,kejadian,
D0014,ini,
D0014,kemudian,
D0014,dilaporkan,
D0014,kepada,
D0014,pihaknya,
D0014,oleh,
D0014,sejumlah,
D0014,saksi,
D0014,Personel,
D0014,Polsek,
D0014,Kadungora,
D0014,kemudian,
D0014,melakukan,
D0014,pengejaran,
D0014,terhadap,
D0014,AS,
D0014,Pelaku,
D0014,kemudian,
D0014,berhasil,
D0014,kami,
D0014,tangkap,
D0014,dengan,
D0014,barang,
D0014,bukti,
D0014,golok,
D0014,yang,
D0014,digunakan,
D0014,untuk,
D0014,melukai,
D0014,korban,
D0014,katanya,
D0014,Sementara,
D0014,korban,
D0014,sendiri,
D0014,langsung,
D0014,dibawa,
D0014,ke,
D0014,puskesmas,
D0014,terdekat,
D0014,Nyawanya,
D0014,berhasil,
D0014,selamat,
D0014,meskipun,
D0014,mengalami,
D0014,luka,
D0014,parah,
D0014,akibat,
D0014,hantaman,
D0014,golok,
D0014,di,
D0014,beberapa,
D0014,titik,
D0014,tubuhnya,
D0015,Anggota,
D0015,DPRD,
D0015,Kabupaten,
D0015,Sukabumi,
D0015,Hamzah,
D0015,Gurnita,
D0015,mengapresiasi,
D0015,langkah,
D0015,cepat,
D0015,Satreskrim,
D0015,Polres,
D0015,Sukabumi,
D0015,yang,
D0015,berhasil,
D0015,menangkap,
D0015,kelompok,
D0015,geng,
D0015,motor,
D0015,yang,
D0015,meresahkan,
D0015,warga,
D0015,Dalam,
D0015,waktu,
D0015,singkat,
D0015,polisi,
D0015,meringkus,
D0015,para,
D0015,pelaku,
D0015,yang,
D0015,terlibat,
D0015,dalam,
D0015,aksi,
D0015,perusakan,
D0015,rumah,
D0015,warga,
D0015,di,
D0015,Kampung,
D0015,Nagrog,
D0015,Desa,
D0015,Citarik,
D0015,Kecamatan,
D0015,Palabuhanratu,
D0015,yang,
D0015,terjadi,
D0015,pada,
D0015,Minggu,
D0015,1882024,
D0015,Korban,
D0015,melaporkan,
D0015,kejadiannya,
D0015,pada,
D0015,Selasa,
D0015,208,
D0015,sore,
D0015,harinya,
D0015,para,
D0015,pelaku,
D0015,tertangkap,
D0015,Hamzah,
D0015,mengatakan,
D0015,bahwa,
D0015,tindakan,
D0015,cepat,
D0015,yang,
D0015,diambil,
D0015,polisi,
D0015,patut,
D0015,diapresiasi,
D0015,Menurutnya,
D0015,polisi,
D0015,bergerak,
D0015,dengan,
D0015,sigap,
D0015,begitu,
D0015,menerima,
D0015,laporan,
D0015,dari,
D0015,masyarakat,
D0015,Diketahui,
D0015,Yanto,
D0015,pemilik,
D0015,rumah,
D0015,yang,
D0015,dirusak,
D0015,melaporkan,
D0015,hal,
D0015,itu,
D0015,SCROLL,
D0015,TO,
D0015,CONTINUE,
D0015,WITH,
D0015,CONTENT,
D0015,Polisi,
D0015,tidak,
D0015,hanya,
D0015,berhasil,
D0015,menangkap,
D0015,para,
D0015,pelaku,
D0015,tapi,
D0015,juga,
D0015,mengungkap,
D0015,keberadaan,
D0015,berikut,
D0015,motif,
D0015,geng,
D0015,motor,
D0015,yang,
D0015,membuat,
D0015,resah,
D0015,warga,
D0015,menebarkan,
D0015,aksi,
D0015,terornya,
D0015,di,
D0015,media,
D0015,sosial,
D0015,ujar,
D0015,Hamzah,
D0015,Legislator,
D0015,asal,
D0015,Palabuhanratu,
D0015,ini,
D0015,berharap,
D0015,langkah,
D0015,dan,
D0015,upaya,
D0015,seperti,
D0015,itu,
D0015,bisa,
D0015,terus,
D0015,dilakukan,
D0015,sehingga,
D0015,masyarakat,
D0015,merasa,
D0015,aman,
D0015,dan,
D0015,terlindungi,
D0015,dari,
D0015,ancaman,
D0015,kriminalitas,
D0015,Aksi,
D0015,perusakan,
D0015,oleh,
D0015,geng,
D0015,motor,
D0015,ini,
D0015,disebutnya,
D0015,sempat,
D0015,membuat,
D0015,warga,
D0015,Kampung,
D0015,Nagrog,
D0015,ketakutan,
D0015,Namun,
D0015,dengan,
D0015,penangkapan,
D0015,ini,
D0015,Hamzah,
D0015,berharap,
D0015,situasi,
D0015,bisa,
D0015,kembali,
D0015,kondusif,
D0015,Hamzah,
D0015,mengajak,
D0015,masyarakat,
D0015,untuk,
D0015,tetap,
D0015,waspada,
D0015,dan,
D0015,segera,
D0015,melaporkan,
D0015,jika,
D0015,ada,
D0015,tindakan,
D0015,kriminal,
D0015,di,
D0015,lingkungannya,
D0015,Ia,
D0015,menegaskan,
D0015,pentingnya,
D0015,kerja,
D0015,sama,
D0015,antara,
D0015,warga,
D0015,dan,
D0015,kepolisian,
D0015,dalam,
D0015,menjaga,
D0015,keamanan,
D0015,Keberhasilan,
D0015,Satreskrim,
D0015,Polres,
D0015,Sukabumi,
D0015,ini,
D0015,diharapkan,
D0015,bisa,
D0015,menjadi,
D0015,contoh,
D0015,bagi,
D0015,aparat,
D0015,lain,
D0015,dalam,
D0015,menjaga,
D0015,keamanan,
D0015,wilayah,
D0015,Langkah,
D0015,cepat,
D0015,dan,
D0015,responsif,
D0015,seperti,
D0015,ini,
D0015,yang,
D0015,diharapkan,
D0015,masyarakat,
D0015,tutup,
D0015,Hamzah,
D0015,Apresiasi,
D0015,serupa,
D0015,juga,
D0015,datang,
D0015,dari,
D0015,Firman,
D0015,Nirwan,
D0015,Boestoemi,
D0015,budayawan,
D0015,sekaligus,
D0015,Ketua,
D0015,Paguyuban,
D0015,Padjajaran,
D0015,Anyar,
D0015,Ia,
D0015,menyebut,
D0015,tindakan,
D0015,cepat,
D0015,polisi,
D0015,sebagai,
D0015,langkah,
D0015,yang,
D0015,sangat,
D0015,penting,
D0015,untuk,
D0015,menjaga,
D0015,ketentraman,
D0015,masyarakat,
D0015,Keberanian,
D0015,dan,
D0015,kesigapan,
D0015,polisi,
D0015,ini,
D0015,patut,
D0015,kita,
D0015,acungi,
D0015,jempol,
D0015,Tindakan,
D0015,tegas,
D0015,seperti,
D0015,ini,
D0015,sangat,
D0015,dibutuhkan,
D0015,agar,
D0015,warga,
D0015,merasa,
D0015,aman,
D0015,dan,
D0015,terlindungi,
D0015,kata,
D0015,Firman,
D0015,Upaya,
D0015,ini,
D0015,juga,
D0015,menunjukkan,
D0015,bahwa,
D0015,kepolisian,
D0015,benarbenar,
D0015,mendengar,
D0015,keluhan,
D0015,masyarakat,
D0015,dan,
D0015,siap,
D0015,bertindak,
D0015,untuk,
D0015,melindungi,
D0015,mereka,
D0015,dari,
D0015,ancaman,
D0015,geng,
D0015,motor,
D0015,yang,
D0015,sangat,
D0015,meresahkan,
D0015,sambungnya,
D0015,menutup,
D0015,perbincangan,
D0015,dengan,
D0015,detikJabar,
D0016,Seorang,
D0016,pria,
D0016,yang,
D0016,hendak,
D0016,mencuri,
D0016,motor,
D0016,di,
D0016,Tanjung,
D0016,Batu,
D0016,Kabupaten,
D0016,Ogan,
D0016,Ilir,
D0016,Sumatera,
D0016,Selatan,
D0016,Sumsel,
D0016,bernama,
D0016,Eka,
D0016,Sakti,
D0016,tewas,
D0016,ditembak,
D0016,di,
D0016,bagian,
D0016,kepala,
D0016,Usai,
D0016,kejadian,
D0016,pelaku,
D0016,bernama,
D0016,Nurdin,
D0016,alias,
D0016,Ujang,
D0016,49,
D0016,pun,
D0016,diamankan,
D0016,polisi,
D0016,Melansir,
D0016,detikSumbagsel,
D0016,peristiwa,
D0016,penembakan,
D0016,tersebut,
D0016,terjadi,
D0016,pada,
D0016,Minggu,
D0016,188,
D0016,sekitar,
D0016,pukul,
D0016,1810,
D0016,WIB,
D0016,di,
D0016,Jalan,
D0016,Desa,
D0016,Sentul,
D0016,Ogan,
D0016,Ilir,
D0016,Saat,
D0016,itu,
D0016,Eka,
D0016,Sakti,
D0016,warga,
D0016,Muara,
D0016,Enim,
D0016,bersama,
D0016,satu,
D0016,temannya,
D0016,diduga,
D0016,hendak,
D0016,melakukan,
D0016,pencurian,
D0016,motor,
D0016,warga,
D0016,sekitar,
D0016,Namun,
D0016,aksi,
D0016,Eka,
D0016,digagalkan,
D0016,warga,
D0016,Saat,
D0016,hendak,
D0016,kabur,
D0016,dari,
D0016,kejaran,
D0016,warga,
D0016,Eka,
D0016,berhasil,
D0016,ditangkap,
D0016,sementara,
D0016,temannya,
D0016,berhasil,
D0016,kabur,
D0016,Nurdin,
D0016,yang,
D0016,membawa,
D0016,senjata,
D0016,api,
D0016,langsung,
D0016,menembak,
D0016,kepala,
D0016,korban,
D0016,dan,
D0016,meninggal,
D0016,dunia,
D0016,dalam,
D0016,perjalanan,
D0016,ke,
D0016,rumah,
D0016,sakit,
D0016,SCROLL,
D0016,TO,
D0016,CONTINUE,
D0016,WITH,
D0016,CONTENT,
D0016,Kasat,
D0016,Reskrim,
D0016,Polres,
D0016,Ogan,
D0016,Ilir,
D0016,AKP,
D0016,Muhammad,
D0016,Ilham,
D0016,mengatakan,
D0016,usai,
D0016,kejadian,
D0016,tersebut,
D0016,Satreskrim,
D0016,Polres,
D0016,Ogan,
D0016,Ilir,
D0016,dan,
D0016,Polsek,
D0016,Tanjung,
D0016,Batu,
D0016,berhasil,
D0016,mengamankan,
D0016,tersangka,
D0016,yang,
D0016,pada,
D0016,Senin,
D0016,198,
D0016,Dia,
D0016,diamankan,
D0016,di,
D0016,rumahnya,
D0016,tanpa,
D0016,perlawanan,
D0016,di,
D0016,Desa,
D0016,Sentul,
D0016,Ogan,
D0016,Ilir,
D0016,Tersangka,
D0016,Nurdin,
D0016,alias,
D0016,Ujang,
D0016,berhasil,
D0016,kita,
D0016,amankan,
D0016,di,
D0016,rumahnya,
D0016,tanpa,
D0016,perlawanan,
D0016,katanya,
D0016,Selasa,
D0016,2082024,
D0016,Ilham,
D0016,menjelaskan,
D0016,senjata,
D0016,api,
D0016,rakitan,
D0016,jenis,
D0016,silinder,
D0016,berwarna,
D0016,chrome,
D0016,yang,
D0016,digunakan,
D0016,tersangka,
D0016,untuk,
D0016,menembak,
D0016,korban,
D0016,itu,
D0016,merupakan,
D0016,warisan,
D0016,dari,
D0016,orang,
D0016,tua,
D0016,tersangka,
D0016,Dari,
D0016,hasil,
D0016,pemeriksaan,
D0016,kami,
D0016,senjata,
D0016,api,
D0016,rakitan,
D0016,yang,
D0016,digunakan,
D0016,tersangka,
D0016,untuk,
D0016,menembak,
D0016,korban,
D0016,hingga,
D0016,tewas,
D0016,itu,
D0016,di,
D0016,dapat,
D0016,dari,
D0016,orang,
D0016,tuanya,
D0016,yang,
D0016,sudah,
D0016,meninggal,
D0016,ungkapnya,
D0016,Selain,
D0016,tersangka,
D0016,Nurdin,
D0016,polisi,
D0016,juga,
D0016,mengamankan,
D0016,sejumlah,
D0016,barang,
D0016,bukti,
D0016,Termasuk,
D0016,satu,
D0016,pucuk,
D0016,senjata,
D0016,api,
D0016,rakitan,
D0016,jenis,
D0016,silinder,
D0016,berwarna,
D0016,chrome,
D0016,dengan,
D0016,enam,
D0016,peluru,
D0016,dan,
D0016,empat,
D0016,di,
D0016,antaranya,
D0016,masih,
D0016,aktif,
D0016,dan,
D0016,satu,
D0016,telah,
D0016,meledak,
D0016,Petugas,
D0016,juga,
D0016,menyita,
D0016,satu,
D0016,buah,
D0016,topi,
D0016,dan,
D0016,baju,
D0016,milik,
D0016,korban,
D0016,serta,
D0016,satu,
D0016,unit,
D0016,sepeda,
D0016,motor,
D0016,Yamaha,
D0016,Vega,
D0016,berwarna,
D0016,merah,
D0016,milik,
D0016,korban,
D0016,ungkapnya,
D0017,Dua,
D0017,pelaku,
D0017,pengeroyokan,
D0017,yang,
D0017,menyebabkan,
D0017,tewasnya,
D0017,remaja,
D0017,di,
D0017,Kota,
D0017,Semarang,
D0017,mengungkapkan,
D0017,alasannya,
D0017,mengejar,
D0017,dan,
D0017,membacok,
D0017,korban,
D0017,Pelaku,
D0017,menyebut,
D0017,dirinya,
D0017,dan,
D0017,korban,
D0017,terlibat,
D0017,tawuran,
D0017,antargeng,
D0017,Para,
D0017,pelaku,
D0017,berinisial,
D0017,IS,
D0017,17,
D0017,dan,
D0017,DAM,
D0017,16,
D0017,Keduanya,
D0017,dihadirkan,
D0017,saat,
D0017,rilis,
D0017,pers,
D0017,di,
D0017,Polrestabes,
D0017,Semarang,
D0017,IS,
D0017,mengaku,
D0017,awalnya,
D0017,dia,
D0017,dan,
D0017,temantemannya,
D0017,sedang,
D0017,nongkrong,
D0017,di,
D0017,Taman,
D0017,Warak,
D0017,Ngedhog,
D0017,Jalan,
D0017,Pandanaran,
D0017,Semarang,
D0017,pada,
D0017,Sabtu,
D0017,178,
D0017,dini,
D0017,hari,
D0017,Kita,
D0017,lagi,
D0017,habis,
D0017,acara,
D0017,17an,
D0017,di,
D0017,kampung,
D0017,nongkrong,
D0017,di,
D0017,Pandanaran,
D0017,Korban,
D0017,dan,
D0017,kelompoknya,
D0017,datang,
D0017,tanpa,
D0017,janjian,
D0017,ngajak,
D0017,kayak,
D0017,tawuran,
D0017,Lempar,
D0017,batu,
D0017,kita,
D0017,balas,
D0017,Aku,
D0017,kejar,
D0017,sampai,
D0017,daerah,
D0017,Tugu,
D0017,aku,
D0017,bacok,
D0017,terus,
D0017,dia,
D0017,nabrak,
D0017,trotoar,
D0017,Bacok,
D0017,tiga,
D0017,kali,
D0017,kata,
D0017,IS,
D0017,di,
D0017,Polrestabes,
D0017,Semarang,
D0017,Selasa,
D0017,2082024,
D0017,SCROLL,
D0017,TO,
D0017,CONTINUE,
D0017,WITH,
D0017,CONTENT,
D0017,Waktu,
D0017,itu,
D0017,saya,
D0017,habis,
D0017,minum,
D0017,ciu,
D0017,imbuhnya,
D0017,IS,
D0017,mengaku,
D0017,dari,
D0017,kelompok,
D0017,bernama,
D0017,Gangster,
D0017,Army,
D0017,Dia,
D0017,emosi,
D0017,saat,
D0017,korban,
D0017,melintas,
D0017,dengan,
D0017,kelompoknya,
D0017,yang,
D0017,dari,
D0017,Gangster,
D0017,Senyap,
D0017,Saat,
D0017,itu,
D0017,dia,
D0017,membawa,
D0017,senjata,
D0017,celurit,
D0017,yang,
D0017,sangat,
D0017,panjang,
D0017,Korban,
D0017,yang,
D0017,dikejar,
D0017,dan,
D0017,terpisah,
D0017,dari,
D0017,kelompoknya,
D0017,itu,
D0017,langsung,
D0017,dihajar,
D0017,Saya,
D0017,dapat,
D0017,ini,
D0017,senjata,
D0017,dapat,
D0017,dari,
D0017,beli,
D0017,online,
D0017,ujarnya,
D0017,Kanit,
D0017,Jatanras,
D0017,Polrestabes,
D0017,Semarang,
D0017,AKP,
D0017,Tri,
D0017,Harjanto,
D0017,mengatakan,
D0017,korban,
D0017,meninggal,
D0017,berinisial,
D0017,V,
D0017,16,
D0017,sebelumnya,
D0017,ditulis,
D0017,F,
D0017,mengalami,
D0017,luka,
D0017,bacokan,
D0017,dan,
D0017,sayatan,
D0017,di,
D0017,kepala,
D0017,dan,
D0017,tubuh,
D0017,bagian,
D0017,belakang,
D0017,Meski,
D0017,sempat,
D0017,jatuh,
D0017,dari,
D0017,motor,
D0017,luka,
D0017,terparah,
D0017,korban,
D0017,ada,
D0017,di,
D0017,bagian,
D0017,kepala,
D0017,Luka,
D0017,parahnya,
D0017,ada,
D0017,di,
D0017,bagian,
D0017,kepala,
D0017,Untuk,
D0017,korban,
D0017,luka,
D0017,kini,
D0017,dirawat,
D0017,di,
D0017,RSUP,
D0017,Dr,
D0017,Kariadi,
D0017,Semarang,
D0017,kata,
D0017,Tri,
D0017,Usai,
D0017,kejadian,
D0017,polisi,
D0017,mendapat,
D0017,laporan,
D0017,dan,
D0017,langsung,
D0017,melakukan,
D0017,pengejaran,
D0017,Selang,
D0017,tiga,
D0017,jam,
D0017,para,
D0017,pelaku,
D0017,diamankan,
D0017,di,
D0017,daerah,
D0017,Gunungpati,
D0017,Mereka,
D0017,langsung,
D0017,digelandang,
D0017,di,
D0017,Polrestabes,
D0017,Semarang,
D0017,Kami,
D0017,lakukan,
D0017,pengejaran,
D0017,tidak,
D0017,sampai,
D0017,tiga,
D0017,jam,
D0017,diamankan,
D0017,oleh,
D0017,Opsnal,
D0017,Jatanras,
D0017,IS,
D0017,dan,
D0017,DAM,
D0017,ditangkap,
D0017,di,
D0017,Sekaran,
D0017,Gunungpati,
D0017,jelasnya,
D0017,Para,
D0017,pelaku,
D0017,kini,
D0017,ditangani,
D0017,polisi,
D0017,sebagai,
D0017,anak,
D0017,berhadapan,
D0017,dengan,
D0017,hukum,
D0017,Mereka,
D0017,terancam,
D0017,dijerat,
D0017,pasal,
D0017,170,
D0017,KUHP,
D0017,dengan,
D0017,ancaman,
D0017,hukuman,
D0017,12,
D0017,tahun,
D0017,penjara,
D0018,Ditresnarkoba,
D0018,Polda,
D0018,Sumut,
D0018,menembak,
D0018,kaki,
D0018,seorang,
D0018,kakek,
D0018,bernama,
D0018,Razali,
D0018,Selamat,
D0018,54,
D0018,karena,
D0018,melawan,
D0018,petugas,
D0018,kepolisian,
D0018,usai,
D0018,ketahuan,
D0018,membawa,
D0018,10,
D0018,kg,
D0018,sabusabu,
D0018,jaringan,
D0018,AcehMedan,
D0018,Tak,
D0018,hanya,
D0018,Razali,
D0018,dua,
D0018,temannya,
D0018,Irfan,
D0018,24,
D0018,dan,
D0018,Elvri,
D0018,Saputra,
D0018,29,
D0018,juga,
D0018,ditembak,
D0018,di,
D0018,bagian,
D0018,kaki,
D0018,Kabid,
D0018,Humas,
D0018,Polda,
D0018,Sumut,
D0018,Kombes,
D0018,Hadi,
D0018,Wahyudi,
D0018,mengatakan,
D0018,ketiga,
D0018,pelaku,
D0018,ini,
D0018,merupakan,
D0018,warga,
D0018,Provinsi,
D0018,Aceh,
D0018,Mereka,
D0018,ditangkap,
D0018,pada,
D0018,Minggu,
D0018,1882024,
D0018,Terhadap,
D0018,ketiga,
D0018,pelaku,
D0018,ini,
D0018,terpaksa,
D0018,diberikan,
D0018,tindakan,
D0018,tegas,
D0018,terukur,
D0018,ditembak,
D0018,di,
D0018,bagian,
D0018,kakinya,
D0018,karena,
D0018,berusaha,
D0018,melawan,
D0018,dan,
D0018,melarikan,
D0018,diri,
D0018,ketika,
D0018,personel,
D0018,melakukan,
D0018,pengembangan,
D0018,kata,
D0018,Hadi,
D0018,Selasa,
D0018,208,
D0018,SCROLL,
D0018,TO,
D0018,CONTINUE,
D0018,WITH,
D0018,CONTENT,
D0018,Hadi,
D0018,menjelaskan,
D0018,pengungkapan,
D0018,itu,
D0018,berawal,
D0018,saat,
D0018,personel,
D0018,menerima,
D0018,informasi,
D0018,adanya,
D0018,pengiriman,
D0018,narkoba,
D0018,menggunakan,
D0018,mobil,
D0018,pikap,
D0018,dari,
D0018,Aceh,
D0018,menuju,
D0018,Kota,
D0018,Medan,
D0018,Petugas,
D0018,kepolisian,
D0018,pun,
D0018,menyelidiki,
D0018,informasi,
D0018,itu,
D0018,Lalu,
D0018,sekira,
D0018,pukul,
D0018,0300,
D0018,WIB,
D0018,personel,
D0018,Ditresnarkoba,
D0018,menemukan,
D0018,mobil,
D0018,tersebut,
D0018,tengah,
D0018,mengisi,
D0018,BBM,
D0018,di,
D0018,Jalinsum,
D0018,MedanTanjung,
D0018,Pura,
D0018,KM,
D0018,30,
D0018,Kelurahan,
D0018,Tandam,
D0018,Hulu,
D0018,I,
D0018,Kecamatan,
D0018,Hamparan,
D0018,Perak,
D0018,Kabupaten,
D0018,Deli,
D0018,Serdang,
D0018,Personel,
D0018,menghentikan,
D0018,mobil,
D0018,tersebut,
D0018,dan,
D0018,mengamankan,
D0018,seorang,
D0018,lakilaki,
D0018,inisial,
D0018,RS,
D0018,Razali,
D0018,Saat,
D0018,dilakukan,
D0018,penggeledahan,
D0018,didapat,
D0018,barang,
D0018,bukti,
D0018,10,
D0018,bungkus,
D0018,berisi,
D0018,narkotika,
D0018,jenis,
D0018,sabu,
D0018,dengan,
D0018,berat,
D0018,10,
D0018,kg,
D0018,jelasnya,
D0018,Berdasarkan,
D0018,pengakuan,
D0018,pelaku,
D0018,barang,
D0018,haram,
D0018,itu,
D0018,hendak,
D0018,diantar,
D0018,ke,
D0018,seseorang,
D0018,di,
D0018,salah,
D0018,satu,
D0018,hotel,
D0018,di,
D0018,Kota,
D0018,Medan,
D0018,Lalu,
D0018,petugas,
D0018,kepolisian,
D0018,pun,
D0018,melakukan,
D0018,penyamaran,
D0018,dengan,
D0018,berpurapura,
D0018,menjadi,
D0018,pembeli,
D0018,Dari,
D0018,hasil,
D0018,interogasi,
D0018,awal,
D0018,diketahui,
D0018,bahwa,
D0018,sabu,
D0018,itu,
D0018,akan,
D0018,di,
D0018,serahkan,
D0018,kepada,
D0018,seseorang,
D0018,bertempat,
D0018,di,
D0018,salah,
D0018,satu,
D0018,hotel,
D0018,Kota,
D0018,Medan,
D0018,Personel,
D0018,lalu,
D0018,menyamar,
D0018,sebagai,
D0018,pembeli,
D0018,dan,
D0018,berhasil,
D0018,menangkap,
D0018,kedua,
D0018,pelaku,
D0018,lainnya,
D0018,inisial,
D0018,ES,
D0018,Elvri,
D0018,dan,
D0018,AI,
D0018,Irfan,
D0018,jelasnya,
D0018,Mantan,
D0018,Kapolres,
D0018,Biak,
D0018,Papua,
D0018,itu,
D0018,menyebut,
D0018,2,
D0018,kg,
D0018,sabu,
D0018,itu,
D0018,rencananya,
D0018,akan,
D0018,dikirim,
D0018,ke,
D0018,Jakarta,
D0018,sementara,
D0018,sisanya,
D0018,akan,
D0018,diberikan,
D0018,kepada,
D0018,seseorang,
D0018,yang,
D0018,belum,
D0018,dikenal,
D0018,Pihak,
D0018,kepolisian,
D0018,saat,
D0018,ini,
D0018,masih,
D0018,mendalami,
D0018,orang,
D0018,tersebut,
D0018,Usai,
D0018,ditangkap,
D0018,ketiga,
D0018,pelaku,
D0018,diboyong,
D0018,ke,
D0018,Polda,
D0018,Sumut,
D0018,untuk,
D0018,proses,
D0018,pemeriksaan,
D0018,lebih,
D0018,lanjut,
D0018,Ketiganya,
D0018,telah,
D0018,ditetapkan,
D0018,menjadi,
D0018,tersangka,
D0018,dan,
D0018,telah,
D0018,ditahan,
D0018,Rencananya,
D0018,barang,
D0018,bukti,
D0018,sabu,
D0018,itu,
D0018,akan,
D0018,dikirim,
D0018,ke,
D0018,Jakarta,
D0018,sebanyak,
D0018,2,
D0018,kg,
D0018,dan,
D0018,sisanya,
D0018,8,
D0018,kg,
D0018,nantinya,
D0018,diberikan,
D0018,kepada,
D0018,seseorang,
D0018,belum,
D0018,dikenal,
D0018,Untuk,
D0018,keseluruhan,
D0018,barang,
D0018,bukti,
D0018,sabu,
D0018,ini,
D0018,telah,
D0018,disita,
D0018,bersama,
D0018,satu,
D0018,mobil,
D0018,pikap,
D0018,Para,
D0018,pelaku,
D0018,jaringan,
D0018,narkoba,
D0018,ini,
D0018,sudah,
D0018,ditahan,
D0018,di,
D0018,Mapolda,
D0018,Sumut,
D0018,Atas,
D0018,perbuatannya,
D0018,terancam,
D0018,hukuman,
D0018,di,
D0018,atas,
D0018,20,
D0018,tahun,
D0018,penjara,
D0018,atau,
D0018,hukuman,
D0018,mati,
D0018,pungkasnya,
D0019,Pelaku,
D0019,perampokan,
D0019,agen,
D0019,ATM,
D0019,mini,
D0019,di,
D0019,Pelalawan,
D0019,Riau,
D0019,inisial,
D0019,FI,
D0019,ditangkap,
D0019,Polisi,
D0019,memastikan,
D0019,pelaku,
D0019,FI,
D0019,yang,
D0019,beraksi,
D0019,pakai,
D0019,baju,
D0019,Polisi,
D0019,Lalu,
D0019,Lintas,
D0019,atau,
D0019,Polantas,
D0019,bukan,
D0019,anggota,
D0019,Polri,
D0019,Pencurian,
D0019,dilakukan,
D0019,dengan,
D0019,menggunakan,
D0019,kaos,
D0019,dalaman,
D0019,lalu,
D0019,lintas,
D0019,Pakai,
D0019,celana,
D0019,dan,
D0019,PDL,
D0019,gelap,
D0019,seperti,
D0019,polisi,
D0019,pada,
D0019,umumnya,
D0019,ini,
D0019,sudah,
D0019,terungkap,
D0019,kata,
D0019,Kabid,
D0019,Humas,
D0019,Polda,
D0019,Riau,
D0019,Kombes,
D0019,Anom,
D0019,Karbianto,
D0019,di,
D0019,Mapolda,
D0019,Jumat,
D0019,1682024,
D0019,Anom,
D0019,memastikan,
D0019,pelaku,
D0019,bukan,
D0019,anggota,
D0019,Polri,
D0019,Pelaku,
D0019,adalah,
D0019,satpam,
D0019,perusahaan,
D0019,yang,
D0019,jaraknya,
D0019,hanya,
D0019,3,
D0019,KM,
D0019,dari,
D0019,lokasi,
D0019,agen,
D0019,ATM,
D0019,mini,
D0019,yang,
D0019,dirampok,
D0019,SCROLL,
D0019,TO,
D0019,CONTINUE,
D0019,WITH,
D0019,CONTENT,
D0019,Pelaku,
D0019,bukan,
D0019,anggota,
D0019,Polri,
D0019,dan,
D0019,pelaku,
D0019,ini,
D0019,adalah,
D0019,satpam,
D0019,di,
D0019,salah,
D0019,satu,
D0019,perusahaan,
D0019,di,
D0019,Pelalawan,
D0019,Barang,
D0019,bukti,
D0019,ada,
D0019,kaos,
D0019,warna,
D0019,putih,
D0019,tulisan,
D0019,polantas,
D0019,dan,
D0019,logo,
D0019,lalu,
D0019,lintas,
D0019,kata,
D0019,Anom,
D0019,Sementara,
D0019,Direktur,
D0019,Reskrimum,
D0019,Polda,
D0019,Riau,
D0019,Kombes,
D0019,Asep,
D0019,Darmawan,
D0019,mengatakan,
D0019,FI,
D0019,ditangkap,
D0019,saat,
D0019,bekerja,
D0019,di,
D0019,kantor,
D0019,PT,
D0019,PPD,
D0019,di,
D0019,Pelalawan,
D0019,Sejumlah,
D0019,barang,
D0019,bukti,
D0019,seperti,
D0019,pisau,
D0019,baju,
D0019,hingga,
D0019,helm,
D0019,warna,
D0019,merah,
D0019,turut,
D0019,diamankan,
D0019,Pelaku,
D0019,ditangkap,
D0019,saat,
D0019,bekerja,
D0019,ada,
D0019,baju,
D0019,polantas,
D0019,jaket,
D0019,helm,
D0019,warna,
D0019,merah,
D0019,sepatu,
D0019,PDL,
D0019,celana,
D0019,cokelat,
D0019,pisau,
D0019,dan,
D0019,sepeda,
D0019,motor,
D0019,Semua,
D0019,dipakai,
D0019,saat,
D0019,beraksi,
D0019,di,
D0019,gerai,
D0019,BRI,
D0019,Link,
D0019,kata,
D0019,Asep,
D0019,Pelaku,
D0019,mengaku,
D0019,baju,
D0019,polantas,
D0019,didapatnya,
D0019,dari,
D0019,mantan,
D0019,pacar,
D0019,Baju,
D0019,itu,
D0019,yang,
D0019,kemudian,
D0019,dipakai,
D0019,untuk,
D0019,beraksi,
D0019,dan,
D0019,sempat,
D0019,dikira,
D0019,IF,
D0019,adalah,
D0019,seorang,
D0019,anggota,
D0019,polisi,
D0019,Sekitar,
D0019,15,
D0019,jam,
D0019,pelaku,
D0019,berkomunikasi,
D0019,dan,
D0019,mengaku,
D0019,akan,
D0019,menerima,
D0019,pengiriman,
D0019,uang,
D0019,dari,
D0019,temannya,
D0019,Lalu,
D0019,sekitar,
D0019,pukul,
D0019,2030,
D0019,WIB,
D0019,masuk,
D0019,dengan,
D0019,mengancam,
D0019,korban,
D0019,pakai,
D0019,pisau,
D0019,Pelaku,
D0019,mengambil,
D0019,uang,
D0019,Rp,
D0019,72,
D0019,juta,
D0019,lebih,
D0019,Pelaku,
D0019,adalah,
D0019,sekuriti,
D0019,perusahaan,
D0019,Baju,
D0019,polantas,
D0019,didapat,
D0019,dari,
D0019,mantan,
D0019,pacar,
D0019,sewaktu,
D0019,SMA,
D0019,Barang,
D0019,bukti,
D0019,ada,
D0019,buku,
D0019,tambungan,
D0019,mandiri,
D0019,senilai,
D0019,Rp,
D0019,12,
D0019,juta,
D0019,dan,
D0019,uang,
D0019,cash,
D0019,Rp,
D0019,22,
D0019,juta,
D0019,itu,
D0019,yang,
D0019,tersisa,
D0019,dari,
D0019,hasil,
D0019,kejahatan,
D0019,katanya,
D0019,Selengkapnya,
D0019,di,
D0019,Halaman,
D0019,Berikutnya,
D0019,Asep,
D0019,mengatakan,
D0019,pelaku,
D0019,mengintai,
D0019,lokasi,
D0019,ATM,
D0019,mini,
D0019,selama,
D0019,1,
D0019,bulan,
D0019,sebelum,
D0019,beraksi,
D0019,Setelah,
D0019,dipastikan,
D0019,aman,
D0019,pelaku,
D0019,baru,
D0019,balik,
D0019,ke,
D0019,lokasi,
D0019,dan,
D0019,mengancam,
D0019,korban,
D0019,Pelaku,
D0019,mengintai,
D0019,sudah,
D0019,1,
D0019,bulan,
D0019,lalu,
D0019,Dari,
D0019,situ,
D0019,baru,
D0019,ke,
D0019,lokasi,
D0019,dan,
D0019,15,
D0019,jam,
D0019,dia,
D0019,kelilingkeliling,
D0019,bilang,
D0019,kalau,
D0019,temannya,
D0019,mau,
D0019,kirim,
D0019,uang,
D0019,kata,
D0019,Asep,
D0019,Setelah,
D0019,diamankan,
D0019,pelaku,
D0019,mengaku,
D0019,ada,
D0019,banyak,
D0019,utang,
D0019,Hal,
D0019,itu,
D0019,yang,
D0019,membuat,
D0019,pria,
D0019,dengan,
D0019,dua,
D0019,anak,
D0019,tersebut,
D0019,nekat,
D0019,beraksi,
D0019,Pelaku,
D0019,dalam,
D0019,tekanan,
D0019,ekonomi,
D0019,dia,
D0019,banyak,
D0019,hutang,
D0019,pada,
D0019,orang,
D0019,dan,
D0019,sebagian,
D0019,memang,
D0019,sudah,
D0019,dibayarkan,
D0019,dengan,
D0019,nilai,
D0019,bervariasi,
D0019,ke,
D0019,temanteman,
D0019,kerjanya,
D0019,kata,
D0019,Asep,
D0020,Sebuah,
D0020,video,
D0020,yang,
D0020,menampilkan,
D0020,seorang,
D0020,pria,
D0020,sedang,
D0020,mencuri,
D0020,sebuah,
D0020,velg,
D0020,mobil,
D0020,dari,
D0020,truk,
D0020,yang,
D0020,sedang,
D0020,melaju,
D0020,di,
D0020,Jalan,
D0020,Yos,
D0020,Sudarso,
D0020,Kelurahan,
D0020,Mabar,
D0020,Kota,
D0020,Medan,
D0020,viral,
D0020,di,
D0020,media,
D0020,sosial,
D0020,Polisi,
D0020,kemudian,
D0020,berhasil,
D0020,menangkap,
D0020,pelaku,
D0020,bajing,
D0020,loncat,
D0020,tersebut,
D0020,Dalam,
D0020,video,
D0020,yang,
D0020,dilihat,
D0020,Kamis,
D0020,1582024,
D0020,terlihat,
D0020,seorang,
D0020,pria,
D0020,berbaju,
D0020,hitam,
D0020,naik,
D0020,ke,
D0020,sebuah,
D0020,truk,
D0020,yang,
D0020,sedang,
D0020,melaju,
D0020,Pria,
D0020,tersebut,
D0020,kemudian,
D0020,terlihat,
D0020,mengambil,
D0020,sebuah,
D0020,velg,
D0020,mobil,
D0020,dan,
D0020,membuangnya,
D0020,ke,
D0020,jalan,
D0020,Sedangkan,
D0020,satu,
D0020,pelaku,
D0020,lainnya,
D0020,terlihat,
D0020,menunggu,
D0020,di,
D0020,atas,
D0020,sepeda,
D0020,motor,
D0020,Aksi,
D0020,bajing,
D0020,loncat,
D0020,tersebut,
D0020,kemudian,
D0020,viral,
D0020,di,
D0020,media,
D0020,sosial,
D0020,SCROLL,
D0020,TO,
D0020,CONTINUE,
D0020,WITH,
D0020,CONTENT,
D0020,Kapolsek,
D0020,Medan,
D0020,Labuhan,
D0020,Kompol,
D0020,Panggil,
D0020,Sarianto,
D0020,Simbolon,
D0020,mengatakan,
D0020,aksi,
D0020,bajing,
D0020,loncat,
D0020,itu,
D0020,terjadi,
D0020,pada,
D0020,Rabu,
D0020,148,
D0020,kemarin,
D0020,Keduanya,
D0020,pelaku,
D0020,berhasil,
D0020,ditangkap,
D0020,atas,
D0020,nama,
D0020,Fikram,
D0020,24,
D0020,dan,
D0020,Fanes,
D0020,32,
D0020,Kami,
D0020,merespons,
D0020,cepat,
D0020,informasi,
D0020,dari,
D0020,media,
D0020,sosial,
D0020,mengenai,
D0020,aksi,
D0020,bajing,
D0020,loncat,
D0020,ini,
D0020,Penyelidikan,
D0020,dan,
D0020,penangkapan,
D0020,dilakukan,
D0020,dalam,
D0020,waktu,
D0020,tiga,
D0020,jam,
D0020,dari,
D0020,informasi,
D0020,didapat,
D0020,ujar,
D0020,Panggil,
D0020,dalam,
D0020,keterangannya,
D0020,Kamis,
D0020,1582024,
D0020,Usai,
D0020,ditangkap,
D0020,kedua,
D0020,tersangka,
D0020,mengakui,
D0020,perbuatan,
D0020,mereka,
D0020,dan,
D0020,mengakui,
D0020,bahwa,
D0020,mereka,
D0020,adalah,
D0020,pelaku,
D0020,dalam,
D0020,video,
D0020,bajing,
D0020,loncat,
D0020,yang,
D0020,beredar,
D0020,di,
D0020,media,
D0020,sosial,
D0020,Polsek,
D0020,Medan,
D0020,Labuhan,
D0020,berhasil,
D0020,mengamankan,
D0020,barang,
D0020,bukti,
D0020,berupa,
D0020,satu,
D0020,velg,
D0020,yang,
D0020,dicuri,
D0020,dari,
D0020,truk,
D0020,yang,
D0020,sedang,
D0020,melintas,
D0020,satu,
D0020,celana,
D0020,pendek,
D0020,warna,
D0020,kuning,
D0020,dan,
D0020,satu,
D0020,sepeda,
D0020,motor,
D0020,Jupiter,
D0020,Z,
D0020,yang,
D0020,digunakan,
D0020,pelaku,
D0020,saat,
D0020,beraksi,
D0020,Keduanya,
D0020,dijerat,
D0020,dengan,
D0020,Pasal,
D0020,363,
D0020,KUHPidana,
D0020,dengan,
D0020,ancaman,
D0020,di,
D0020,atas,
D0020,5,
D0020,tahun,
D0020,penjara,
D0020,Kedua,
D0020,pelaku,
D0020,saat,
D0020,ini,
D0020,sedang,
D0020,menjalani,
D0020,pemeriksaan,
D0020,di,
D0020,Polsek,
D0020,Medan,
D0020,Labuhan,
D0020,Keduanya,
D0020,akan,
D0020,dijerat,
D0020,dengan,
D0020,pasal,
D0020,363,
D0020,KUHPidana,
D0020,dengan,
D0020,ancaman,
D0020,hukuman,
D0020,di,
D0020,atas,
D0020,lima,
D0020,tahun,
D0020,tutupnya,
D0021,Jefri,
D0021,alias,
D0021,Jore,
D0021,dan,
D0021,Sigit,
D0021,Ardiansyah,
D0021,pasrah,
D0021,mendekam,
D0021,di,
D0021,balik,
D0021,jeruji,
D0021,besi,
D0021,usai,
D0021,membacok,
D0021,seorang,
D0021,pemuda,
D0021,di,
D0021,Kampung,
D0021,Andir,
D0021,RT,
D0021,04RW,
D0021,02,
D0021,Desa,
D0021,Gadobangkong,
D0021,Kecamatan,
D0021,Ngamprah,
D0021,Kabupaten,
D0021,Bandung,
D0021,Barat,
D0021,KBB,
D0021,Peristiwa,
D0021,nahas,
D0021,yang,
D0021,dialami,
D0021,korban,
D0021,atas,
D0021,nama,
D0021,Gilang,
D0021,Iskandar,
D0021,19,
D0021,itu,
D0021,terjadi,
D0021,pada,
D0021,Minggu,
D0021,1182024,
D0021,sekitar,
D0021,pukul,
D0021,0130,
D0021,WIB,
D0021,Korban,
D0021,mengalami,
D0021,luka,
D0021,bacokan,
D0021,di,
D0021,bagian,
D0021,perut,
D0021,dan,
D0021,pergelangan,
D0021,tangan,
D0021,yang,
D0021,hampir,
D0021,putus,
D0021,Jadi,
D0021,kami,
D0021,amankan,
D0021,2,
D0021,pemuda,
D0021,yang,
D0021,disinyalir,
D0021,anggota,
D0021,geng,
D0021,motor,
D0021,Moonraker,
D0021,namun,
D0021,mereka,
D0021,mengaku,
D0021,sudah,
D0021,keluar,
D0021,2,
D0021,pemuda,
D0021,ini,
D0021,menganiaya,
D0021,seorang,
D0021,pemuda,
D0021,di,
D0021,Gadobangkong,
D0021,KBB,
D0021,kata,
D0021,Kapolres,
D0021,Cimahi,
D0021,AKBP,
D0021,Tri,
D0021,Suhartanto,
D0021,saat,
D0021,ditemui,
D0021,di,
D0021,Mapolres,
D0021,Cimahi,
D0021,Rabu,
D0021,1482024,
D0021,SCROLL,
D0021,TO,
D0021,CONTINUE,
D0021,WITH,
D0021,CONTENT,
D0021,Peristiwa,
D0021,itu,
D0021,bermula,
D0021,saat,
D0021,korban,
D0021,berdasarkan,
D0021,pengakuan,
D0021,pelaku,
D0021,melempar,
D0021,botol,
D0021,ke,
D0021,rumah,
D0021,salah,
D0021,satu,
D0021,pelaku,
D0021,Jore,
D0021,Pelaku,
D0021,yang,
D0021,tak,
D0021,terima,
D0021,mengajak,
D0021,rekannya,
D0021,untuk,
D0021,membalas,
D0021,dendam,
D0021,pada,
D0021,korban,
D0021,Pengakuannya,
D0021,karena,
D0021,hal,
D0021,sepele,
D0021,melempar,
D0021,botol,
D0021,Kemudian,
D0021,pelaku,
D0021,berniat,
D0021,balas,
D0021,dendam,
D0021,bukan,
D0021,antar,
D0021,geng,
D0021,motor,
D0021,Setelah,
D0021,dapat,
D0021,korbannya,
D0021,pelaku,
D0021,menganiaya,
D0021,korban,
D0021,dengan,
D0021,menusuk,
D0021,dan,
D0021,membacok,
D0021,berkalikali,
D0021,kata,
D0021,Tri,
D0021,Akibat,
D0021,luka,
D0021,yang,
D0021,diterimanya,
D0021,saat,
D0021,ini,
D0021,korban,
D0021,masih,
D0021,mendapatkan,
D0021,perawatan,
D0021,intensif,
D0021,Tri,
D0021,menyebut,
D0021,korban,
D0021,tak,
D0021,berani,
D0021,melapor,
D0021,pada,
D0021,polisi,
D0021,karena,
D0021,pelaku,
D0021,merupakan,
D0021,anggota,
D0021,geng,
D0021,motor,
D0021,Jadi,
D0021,korban,
D0021,ditusuk,
D0021,berkalikali,
D0021,sehingga,
D0021,luka,
D0021,di,
D0021,perut,
D0021,dan,
D0021,tangan,
D0021,Sampai,
D0021,sekarang,
D0021,korban,
D0021,masih,
D0021,dirawat,
D0021,intensif,
D0021,Memang,
D0021,laporan,
D0021,kejadian,
D0021,ini,
D0021,masuk,
D0021,ke,
D0021,instagram,
D0021,Kapolres,
D0021,Cimahi,
D0021,karena,
D0021,korban,
D0021,katanya,
D0021,takut,
D0021,kata,
D0021,Tri,
D0021,Berdasarkan,
D0021,hasil,
D0021,pemeriksaan,
D0021,tersangka,
D0021,Jore,
D0021,ternyata,
D0021,pernah,
D0021,ditangkap,
D0021,oleh,
D0021,anggota,
D0021,Satreskrim,
D0021,Polres,
D0021,Cimahi,
D0021,dengan,
D0021,kasus,
D0021,yang,
D0021,sama,
D0021,Namun,
D0021,saat,
D0021,itu,
D0021,korban,
D0021,memilih,
D0021,damai,
D0021,dengan,
D0021,pelaku,
D0021,Untuk,
D0021,salah,
D0021,satu,
D0021,tersangka,
D0021,itu,
D0021,pernah,
D0021,diamankan,
D0021,dengan,
D0021,kasus,
D0021,yang,
D0021,sama,
D0021,penganiayaan,
D0021,namun,
D0021,sudah,
D0021,ada,
D0021,damai,
D0021,Ternyata,
D0021,dia,
D0021,tidak,
D0021,kapok,
D0021,ya,
D0021,masih,
D0021,melakukan,
D0021,aksi,
D0021,meresahkan,
D0021,kata,
D0021,Tri,
D0021,Kedua,
D0021,tersangka,
D0021,dijerat,
D0021,dengan,
D0021,Pasal,
D0021,170,
D0021,KUHP,
D0021,dengan,
D0021,ancaman,
D0021,pidana,
D0021,penjara,
D0021,paling,
D0021,lama,
D0021,9,
D0021,tahun,
D0022,Timsus,
D0022,Saber,
D0022,Miras,
D0022,Polres,
D0022,Jombang,
D0022,menyita,
D0022,683,
D0022,botol,
D0022,minuman,
D0022,keras,
D0022,berbagai,
D0022,jenis,
D0022,dan,
D0022,merek,
D0022,Tidak,
D0022,hanya,
D0022,itu,
D0022,polisi,
D0022,juga,
D0022,meringkus,
D0022,4,
D0022,pedagang,
D0022,miras,
D0022,ilegal,
D0022,Timsus,
D0022,Saber,
D0022,Miras,
D0022,Polres,
D0022,Jombang,
D0022,menggerebek,
D0022,4,
D0022,pedagang,
D0022,miras,
D0022,sekaligus,
D0022,Timsus,
D0022,yang,
D0022,dibentuk,
D0022,Kapolres,
D0022,Jombang,
D0022,AKBP,
D0022,Eko,
D0022,Bagus,
D0022,Riyadi,
D0022,ini,
D0022,awalnya,
D0022,menggerebek,
D0022,rumah,
D0022,Ning,
D0022,Solati,
D0022,48,
D0022,warga,
D0022,Desa,
D0022,Gambiran,
D0022,Mojoagung,
D0022,115,
D0022,botol,
D0022,miras,
D0022,berbagai,
D0022,merek,
D0022,dan,
D0022,jenis,
D0022,Selanjutnya,
D0022,timsus,
D0022,menggerebek,
D0022,rumah,
D0022,Suwandi,
D0022,48,
D0022,di,
D0022,Dusun,
D0022,Sukonilo,
D0022,Desa,
D0022,Rejoslamet,
D0022,Mojowarno,
D0022,Dari,
D0022,lokasi,
D0022,ini,
D0022,polisi,
D0022,menyita,
D0022,barang,
D0022,bukti,
D0022,392,
D0022,botol,
D0022,miras,
D0022,berbagai,
D0022,jenis,
D0022,dan,
D0022,merek,
D0022,SCROLL,
D0022,TO,
D0022,CONTINUE,
D0022,WITH,
D0022,CONTENT,
D0022,Tak,
D0022,jauh,
D0022,dari,
D0022,situ,
D0022,Timsus,
D0022,Saber,
D0022,Miras,
D0022,Polres,
D0022,Jombang,
D0022,menggerebek,
D0022,rumah,
D0022,Tarikh,
D0022,Akbar,
D0022,19,
D0022,di,
D0022,Dusun,
D0022,Ngenden,
D0022,Desa,
D0022,Rejoslamet,
D0022,Dari,
D0022,tempat,
D0022,ini,
D0022,polisi,
D0022,menyita,
D0022,56,
D0022,botol,
D0022,miras,
D0022,Lokasi,
D0022,keempat,
D0022,adalah,
D0022,warung,
D0022,miras,
D0022,milik,
D0022,Rodji,
D0022,61,
D0022,di,
D0022,Desa,
D0022,Jelakombo,
D0022,KecamatanKabupaten,
D0022,Jombang,
D0022,Sedikitnya,
D0022,101,
D0022,botol,
D0022,miras,
D0022,disita,
D0022,Wakapolres,
D0022,Jombang,
D0022,Kompol,
D0022,Hari,
D0022,Kurniawan,
D0022,memergoki,
D0022,para,
D0022,pemabuk,
D0022,asyik,
D0022,menenggak,
D0022,miras,
D0022,di,
D0022,warung,
D0022,ini,
D0022,Rodji,
D0022,menjual,
D0022,miras,
D0022,secara,
D0022,vulgar,
D0022,seperti,
D0022,di,
D0022,warung,
D0022,kopi,
D0022,1,
D0022,gelas,
D0022,kecil,
D0022,dengan,
D0022,harga,
D0022,Rp,
D0022,10,
D0022,ribu,
D0022,terang,
D0022,Kasi,
D0022,Humas,
D0022,Polres,
D0022,Jombang,
D0022,Iptu,
D0022,Kasnasin,
D0022,kepada,
D0022,wartawan,
D0022,Jumat,
D0022,282024,
D0022,Keempat,
D0022,pedagang,
D0022,miras,
D0022,dan,
D0022,barang,
D0022,bukti,
D0022,miras,
D0022,diamankan,
D0022,ke,
D0022,Mapolres,
D0022,Jombang,
D0022,Mereka,
D0022,dijerat,
D0022,dengan,
D0022,tindak,
D0022,pidana,
D0022,ringan,
D0022,karena,
D0022,menjual,
D0022,miras,
D0022,tanpa,
D0022,izin,
D0022,Yakni,
D0022,melanggar,
D0022,pasal,
D0022,7,
D0022,ayat,
D0022,1,
D0022,Perda,
D0022,Jombang,
D0022,nomor,
D0022,16,
D0022,tahun,
D0022,2009,
D0022,tentang,
D0022,Pengawasan,
D0022,dan,
D0022,Pengendalian,
D0022,Minuman,
D0022,Berakohol,
D0022,Sesuai,
D0022,instruksi,
D0022,Kapolres,
D0022,Jombang,
D0022,lanjut,
D0022,Kasnasin,
D0022,pihaknya,
D0022,akan,
D0022,terus,
D0022,memberantas,
D0022,peredaran,
D0022,miras,
D0022,di,
D0022,Kota,
D0022,Santri,
D0022,Ia,
D0022,mengimbau,
D0022,masyarakat,
D0022,melapor,
D0022,apabila,
D0022,mengetahui,
D0022,penjualan,
D0022,miras,
D0022,melalui,
D0022,WhatsApp,
D0022,Kandani,
D0022,081323332022,
D0022,Karena,
D0022,miras,
D0022,kerap,
D0022,kali,
D0022,memicu,
D0022,keributan,
D0022,dan,
D0022,kriminalitas,
D0022,Sehingga,
D0022,sudah,
D0022,selayaknya,
D0022,Jombang,
D0022,sebagai,
D0022,Kota,
D0022,Santri,
D0022,bebas,
D0022,dari,
D0022,peredaran,
D0022,minuman,
D0022,keras,
D0022,tandasnya,
D0023,Pria,
D0023,berinisial,
D0023,NA,
D0023,41,
D0023,di,
D0023,Kendari,
D0023,Sulawesi,
D0023,Tenggara,
D0023,Sultra,
D0023,tewas,
D0023,bersimbah,
D0023,darah,
D0023,usai,
D0023,dibacok,
D0023,berkalikali,
D0023,di,
D0023,tepi,
D0023,jalan,
D0023,Pemeriksaan,
D0023,sementara,
D0023,pelaku,
D0023,berinisial,
D0023,LK,
D0023,31,
D0023,diduga,
D0023,orang,
D0023,dalam,
D0023,gangguan,
D0023,jiwa,
D0023,ODGJ,
D0023,Keterangan,
D0023,saksi,
D0023,pelaku,
D0023,pernah,
D0023,masuk,
D0023,RS,
D0023,Jiwa,
D0023,kata,
D0023,Kapolresta,
D0023,Kendari,
D0023,Kombes,
D0023,Aris,
D0023,Tri,
D0023,Yunarko,
D0023,dalam,
D0023,keterangannya,
D0023,Rabu,
D0023,2472024,
D0023,Aris,
D0023,mengungkapkan,
D0023,dari,
D0023,keterangan,
D0023,sementara,
D0023,pelaku,
D0023,beberapa,
D0023,bulan,
D0023,lalu,
D0023,masuk,
D0023,RS,
D0023,Jiwa,
D0023,sebagai,
D0023,pasien,
D0023,Namun,
D0023,Aris,
D0023,belum,
D0023,merinci,
D0023,alasan,
D0023,pelaku,
D0023,bisa,
D0023,keluar,
D0023,RS,
D0023,Jiwa,
D0023,SCROLL,
D0023,TO,
D0023,CONTINUE,
D0023,WITH,
D0023,CONTENT,
D0023,Beberapa,
D0023,bulan,
D0023,lalu,
D0023,masuknya,
D0023,statusnya,
D0023,sebagai,
D0023,pasien,
D0023,ungkapnya,
D0023,Lanjut,
D0023,Aris,
D0023,lokasi,
D0023,kejadian,
D0023,pun,
D0023,tidak,
D0023,jauh,
D0023,dari,
D0023,RS,
D0023,Jiwa,
D0023,Kendari,
D0023,tempat,
D0023,pelaku,
D0023,dirawat,
D0023,Pelaku,
D0023,menggunakan,
D0023,sajam,
D0023,jenis,
D0023,parang,
D0023,membacok,
D0023,korban,
D0023,hingga,
D0023,tewas,
D0023,Saksi,
D0023,sempat,
D0023,melihat,
D0023,pelaku,
D0023,sedang,
D0023,memegang,
D0023,parang,
D0023,dan,
D0023,sempat,
D0023,juga,
D0023,melihat,
D0023,korban,
D0023,terbaring,
D0023,di,
D0023,tanah,
D0023,dalam,
D0023,keadaan,
D0023,bersimbah,
D0023,darah,
D0023,imbuhnya,
D0023,Aris,
D0023,menuturkan,
D0023,pelaku,
D0023,berhasil,
D0023,diamankan,
D0023,oleh,
D0023,warga,
D0023,sekitar,
D0023,Warga,
D0023,lalu,
D0023,mengikat,
D0023,pelaku,
D0023,menggunakan,
D0023,tali,
D0023,Pelaku,
D0023,diikat,
D0023,dan,
D0023,sajam,
D0023,juga,
D0023,diamankan,
D0023,pungkasnya,
D0023,Sebelumnya,
D0023,diberitakan,
D0023,NA,
D0023,tewas,
D0023,bersimbah,
D0023,darah,
D0023,usai,
D0023,dibacok,
D0023,berkalikali,
D0023,oleh,
D0023,NA,
D0023,di,
D0023,Jalan,
D0023,RS,
D0023,Jiwa,
D0023,Kelurahan,
D0023,Tobuuha,
D0023,Kecamatan,
D0023,Puuwatu,
D0023,Kendari,
D0023,Rabu,
D0023,247,
D0023,sekitar,
D0023,pukul,
D0023,0600,
D0023,Wita,
D0023,Pelaku,
D0023,sudah,
D0023,diserahkan,
D0023,ke,
D0023,reskrim,
D0023,kata,
D0023,Kapolresta,
D0023,Kendari,
D0023,Kombes,
D0023,Aris,
D0023,Tri,
D0023,Yunarko,
D0023,dalam,
D0023,keterangannya,
D0023,Rabu,
D0023,247,
D0024,Turis,
D0024,36,
D0024,warga,
D0024,Rupit,
D0024,Kabupaten,
D0024,Musi,
D0024,Rawas,
D0024,Utara,
D0024,Sumatera,
D0024,Selatan,
D0024,diamankan,
D0024,polisi,
D0024,usai,
D0024,melakukan,
D0024,pencurian,
D0024,40,
D0024,unit,
D0024,sepeda,
D0024,motor,
D0024,di,
D0024,Kota,
D0024,Jambi,
D0024,Dia,
D0024,merupakan,
D0024,residivis,
D0024,kambuhan,
D0024,yang,
D0024,sudah,
D0024,3,
D0024,kali,
D0024,di,
D0024,penjara,
D0024,Turis,
D0024,diamankan,
D0024,bersama,
D0024,temannya,
D0024,Wardi,
D0024,30,
D0024,warga,
D0024,Penyengat,
D0024,Olak,
D0024,Muaro,
D0024,Jambi,
D0024,yang,
D0024,diberi,
D0024,tindakan,
D0024,tegas,
D0024,dengan,
D0024,timah,
D0024,panas,
D0024,karena,
D0024,mencoba,
D0024,melarikan,
D0024,diri,
D0024,Keduanya,
D0024,diamankan,
D0024,di,
D0024,wilayah,
D0024,Jambi,
D0024,Luar,
D0024,Kota,
D0024,Muaro,
D0024,Jambi,
D0024,pada,
D0024,Selasa,
D0024,1672024,
D0024,Ada,
D0024,tiga,
D0024,pelaku,
D0024,ini,
D0024,satu,
D0024,pelaku,
D0024,berhasil,
D0024,melarikan,
D0024,diri,
D0024,satu,
D0024,pelaku,
D0024,ditindak,
D0024,tegas,
D0024,terukur,
D0024,Wardi,
D0024,dan,
D0024,saat,
D0024,ini,
D0024,ada,
D0024,dua,
D0024,pelaku,
D0024,yang,
D0024,sudah,
D0024,kita,
D0024,amankan,
D0024,ujar,
D0024,Kanit,
D0024,Reskrim,
D0024,Polsek,
D0024,Kota,
D0024,Baru,
D0024,Ipda,
D0024,Joko,
D0024,Susilo,
D0024,Kamis,
D0024,1872024,
D0024,SCROLL,
D0024,TO,
D0024,CONTINUE,
D0024,WITH,
D0024,CONTENT,
D0024,Ipda,
D0024,Joko,
D0024,mengatakan,
D0024,penangkapan,
D0024,keduanya,
D0024,berawal,
D0024,saat,
D0024,pihaknya,
D0024,mendapatkan,
D0024,informasi,
D0024,adanya,
D0024,pencurian,
D0024,sepeda,
D0024,motor,
D0024,curanmor,
D0024,di,
D0024,Jalan,
D0024,Pendidikan,
D0024,Kelurahan,
D0024,Mayang,
D0024,Mengurai,
D0024,Kecamatan,
D0024,Alam,
D0024,Barajo,
D0024,Kota,
D0024,Jambi,
D0024,Kemudian,
D0024,kata,
D0024,Joko,
D0024,pihaknya,
D0024,melakukan,
D0024,penyelidikan,
D0024,dan,
D0024,berhasil,
D0024,mengetahui,
D0024,keberadaan,
D0024,para,
D0024,pelaku,
D0024,Keduanya,
D0024,akhirnya,
D0024,diamankan,
D0024,setelah,
D0024,disergap,
D0024,Tim,
D0024,Resmob,
D0024,Polda,
D0024,Jambi,
D0024,dan,
D0024,Tim,
D0024,Opsnal,
D0024,Polsek,
D0024,Kota,
D0024,Baru,
D0024,Satu,
D0024,pelaku,
D0024,saat,
D0024,ini,
D0024,masih,
D0024,DPO,
D0024,ujar,
D0024,Joko,
D0024,Joko,
D0024,mengungkapkan,
D0024,para,
D0024,pelaku,
D0024,ini,
D0024,sudah,
D0024,melakukan,
D0024,aksi,
D0024,pencurian,
D0024,kendaraan,
D0024,bermotor,
D0024,di,
D0024,Kota,
D0024,Jambi,
D0024,sejak,
D0024,bulan,
D0024,Januari,
D0024,hingga,
D0024,Juli,
D0024,2024,
D0024,Turis,
D0024,sebagai,
D0024,pelaku,
D0024,utama,
D0024,sudah,
D0024,berhasil,
D0024,mencuri,
D0024,sepeda,
D0024,motor,
D0024,sebanyak,
D0024,40,
D0024,unit,
D0024,di,
D0024,Kota,
D0024,Jambi,
D0024,Pengakuannya,
D0024,sudah,
D0024,sekitar,
D0024,40,
D0024,unit,
D0024,motor,
D0024,yang,
D0024,diambilnya,
D0024,Di,
D0024,Polsek,
D0024,Kota,
D0024,Baru,
D0024,ada,
D0024,4,
D0024,TKP,
D0024,Cuma,
D0024,sekarang,
D0024,ini,
D0024,masih,
D0024,kita,
D0024,dalami,
D0024,untuk,
D0024,di,
D0024,mana,
D0024,saja,
D0024,TKPTKP,
D0024,nya,
D0024,ujarnya,
D0024,Para,
D0024,pelaku,
D0024,curanmor,
D0024,ini,
D0024,kata,
D0024,Joko,
D0024,tergolong,
D0024,gesit,
D0024,dalam,
D0024,menjalankan,
D0024,aksinya,
D0024,Mereka,
D0024,hanya,
D0024,butuh,
D0024,waktu,
D0024,beberapa,
D0024,detik,
D0024,untuk,
D0024,merusak,
D0024,kunci,
D0024,sepeda,
D0024,motor,
D0024,korban,
D0024,menggunakan,
D0024,kunci,
D0024,leter,
D0024,T,
D0024,Untuk,
D0024,modus,
D0024,operandinya,
D0024,pelaku,
D0024,ini,
D0024,memantau,
D0024,situasi,
D0024,melihat,
D0024,ada,
D0024,peluang,
D0024,dia,
D0024,untuk,
D0024,mengambil,
D0024,motor,
D0024,langsung,
D0024,dikejar,
D0024,diambilnya,
D0024,dan,
D0024,itu,
D0024,tidak,
D0024,memakan,
D0024,waktu,
D0024,lama,
D0024,dari,
D0024,pengakuannya,
D0024,cuma,
D0024,hitungan,
D0024,detik,
D0024,pakai,
D0024,kunci,
D0024,leter,
D0024,T,
D0024,jelasnya,
D0024,Hasil,
D0024,penyelidikan,
D0024,sementara,
D0024,kata,
D0024,Joko,
D0024,mereka,
D0024,mencuri,
D0024,sasaran,
D0024,target,
D0024,motor,
D0024,berdasarkan,
D0024,pesanan,
D0024,melalui,
D0024,calocalo,
D0024,di,
D0024,kampung,
D0024,asalnya,
D0024,yakni,
D0024,dari,
D0024,Rupit,
D0024,Muratara,
D0024,Sumatera,
D0024,Selatan,
D0024,Jadi,
D0024,motormotor,
D0024,yang,
D0024,diambil,
D0024,pelaku,
D0024,ini,
D0024,setelah,
D0024,dapat,
D0024,motor,
D0024,tersebut,
D0024,langsung,
D0024,dibawa,
D0024,ke,
D0024,dan,
D0024,dijual,
D0024,ke,
D0024,daerah,
D0024,Rupit,
D0024,arah,
D0024,Linggau,
D0024,Sumatera,
D0024,Selatan,
D0024,ujarnya,
D0024,Turis,
D0024,memiliki,
D0024,peran,
D0024,sebagai,
D0024,pemetik,
D0024,motor,
D0024,targetnya,
D0024,di,
D0024,Kota,
D0024,Jambi,
D0024,Sedangkan,
D0024,Wardi,
D0024,berperan,
D0024,mengantar,
D0024,sepeda,
D0024,motor,
D0024,tersebut,
D0024,ke,
D0024,daerah,
D0024,Rupit,
D0024,Muratara,
D0024,Kalau,
D0024,sebagai,
D0024,pemetik,
D0024,ini,
D0024,si,
D0024,T,
D0024,Turis,
D0024,dan,
D0024,satu,
D0024,temannya,
D0024,yang,
D0024,DPO,
D0024,Pelaku,
D0024,W,
D0024,Wardi,
D0024,ini,
D0024,tidak,
D0024,ikut,
D0024,dalam,
D0024,pencurian,
D0024,tapi,
D0024,dia,
D0024,yang,
D0024,mengantar,
D0024,motor,
D0024,hasil,
D0024,curian,
D0024,ungkapnya,
D0024,Lebih,
D0024,lanjut,
D0024,dari,
D0024,penelusuran,
D0024,catatan,
D0024,kriminalitas,
D0024,Turis,
D0024,ternyata,
D0024,juga,
D0024,residivis,
D0024,kambuhan,
D0024,Dia,
D0024,pernah,
D0024,3,
D0024,kali,
D0024,dipenjara,
D0024,di,
D0024,Bengkulu,
D0024,Jambi,
D0024,dan,
D0024,Lubuk,
D0024,Linggau,
D0024,Sumatera,
D0024,Selatan,
D0024,Iya,
D0024,pelaku,
D0024,T,
D0024,ini,
D0024,residivis,
D0024,kasus,
D0024,curanmor,
D0024,juga,
D0024,ujar,
D0024,Joko,
D0024,Selain,
D0024,mengamankan,
D0024,dua,
D0024,pelaku,
D0024,polisi,
D0024,juga,
D0024,mengamankan,
D0024,barang,
D0024,bukti,
D0024,berupa,
D0024,satu,
D0024,unit,
D0024,sepeda,
D0024,motor,
D0024,hasil,
D0024,pencurian,
D0024,kunci,
D0024,leter,
D0024,T,
D0024,yang,
D0024,digunakan,
D0024,pelaku,
D0024,dan,
D0024,senjata,
D0024,tajam,
D0024,yang,
D0024,ditemukan,
D0024,di,
D0024,dalam,
D0024,jok,
D0024,motor,
D0024,Untuk,
D0024,sarananya,
D0024,masih,
D0024,diamankan,
D0024,di,
D0024,Polsek,
D0024,Jaluko,
D0024,karena,
D0024,di,
D0024,Jaluko,
D0024,mereka,
D0024,ada,
D0024,TKP,
D0024,juga,
D0024,sebutnya,
D0024,Atas,
D0024,perbuatannya,
D0024,pelaku,
D0024,akan,
D0024,dikenakan,
D0024,pasal,
D0024,363,
D0024,KUHP,
D0024,tentang,
D0024,pencurian,
D0024,Mereka,
D0024,terancam,
D0024,hukuman,
D0024,minimal,
D0024,5,
D0024,tahun,
D0024,kurungan,
D0024,penjara,
D0025,Driver,
D0025,ojek,
D0025,online,
D0025,ojol,
D0025,bernama,
D0025,Diego,
D0025,Stefanus,
D0025,Piyoh,
D0025,24,
D0025,tewas,
D0025,ditikam,
D0025,di,
D0025,Kota,
D0025,Tomohon,
D0025,Sulawesi,
D0025,Utara,
D0025,Sulut,
D0025,saat,
D0025,menunggu,
D0025,penumpang,
D0025,dari,
D0025,pesanan,
D0025,yang,
D0025,sudah,
D0025,dibatalkan,
D0025,Polisi,
D0025,yang,
D0025,turun,
D0025,tangan,
D0025,mengamankan,
D0025,dua,
D0025,pelaku,
D0025,Penganiayaan,
D0025,dengan,
D0025,menggunakan,
D0025,senjata,
D0025,tajam,
D0025,hingga,
D0025,mengakibatkan,
D0025,korban,
D0025,meninggal,
D0025,dunia,
D0025,kata,
D0025,Kasi,
D0025,Humas,
D0025,Polres,
D0025,Tomohon,
D0025,AKP,
D0025,Ferdi,
D0025,Suluh,
D0025,dalam,
D0025,keterangannya,
D0025,Selasa,
D0025,1672024,
D0025,Insiden,
D0025,itu,
D0025,terjadi,
D0025,di,
D0025,jalan,
D0025,raya,
D0025,Kelurahan,
D0025,Matani,
D0025,Dua,
D0025,Lingkungan,
D0025,I,
D0025,Kecamatan,
D0025,Tomohon,
D0025,Tengah,
D0025,Senin,
D0025,157,
D0025,sekitar,
D0025,pukul,
D0025,0400,
D0025,Wita,
D0025,Dua,
D0025,pelaku,
D0025,yang,
D0025,ditangkap,
D0025,adalah,
D0025,RP,
D0025,alias,
D0025,Baim,
D0025,19,
D0025,dan,
D0025,WM,
D0025,alias,
D0025,Aney,
D0025,21,
D0025,SCROLL,
D0025,TO,
D0025,CONTINUE,
D0025,WITH,
D0025,CONTENT,
D0025,Ferdi,
D0025,mengatakan,
D0025,kejadian,
D0025,berawal,
D0025,dari,
D0025,pelaku,
D0025,RP,
D0025,dan,
D0025,WM,
D0025,bersama,
D0025,tiga,
D0025,rekannya,
D0025,RJ,
D0025,dan,
D0025,dua,
D0025,wanita,
D0025,MA,
D0025,serta,
D0025,RR,
D0025,mengonsumsi,
D0025,miras,
D0025,di,
D0025,Kelurahan,
D0025,Woloan,
D0025,Kecamatan,
D0025,Tomohon,
D0025,Barat,
D0025,MA,
D0025,kemudian,
D0025,memesan,
D0025,ojek,
D0025,online,
D0025,yang,
D0025,diterima,
D0025,oleh,
D0025,korban,
D0025,namun,
D0025,pelaku,
D0025,RP,
D0025,meminta,
D0025,MA,
D0025,membatalkan,
D0025,pesanan,
D0025,tersebut,
D0025,Dalam,
D0025,aplikasi,
D0025,Indrive,
D0025,sudah,
D0025,ada,
D0025,laporan,
D0025,pembatalan,
D0025,pesanan,
D0025,perempuan,
D0025,MA,
D0025,tersebut,
D0025,dan,
D0025,korban,
D0025,terus,
D0025,menghubungi,
D0025,nomor,
D0025,aplikasi,
D0025,WhatsApp,
D0025,perempuan,
D0025,MA,
D0025,kata,
D0025,Ferdi,
D0025,Saat,
D0025,mereka,
D0025,sudah,
D0025,bergeser,
D0025,di,
D0025,Kelurahan,
D0025,Matani,
D0025,Tomohon,
D0025,Tengah,
D0025,korban,
D0025,masih,
D0025,terus,
D0025,menghubungi,
D0025,MA,
D0025,dan,
D0025,memaksanya,
D0025,agar,
D0025,tetap,
D0025,mau,
D0025,diantar,
D0025,Namun,
D0025,MA,
D0025,menolak,
D0025,hingga,
D0025,membuat,
D0025,pacarnya,
D0025,RP,
D0025,naik,
D0025,pitam,
D0025,Pelaku,
D0025,RP,
D0025,kemudian,
D0025,masuk,
D0025,ke,
D0025,dalam,
D0025,kamarnya,
D0025,dan,
D0025,mengambil,
D0025,sebilah,
D0025,badik,
D0025,dan,
D0025,mengajak,
D0025,rekannya,
D0025,WM,
D0025,untuk,
D0025,bertemu,
D0025,dengan,
D0025,korban,
D0025,Sedangkan,
D0025,RJ,
D0025,dan,
D0025,MA,
D0025,dan,
D0025,RR,
D0025,tetap,
D0025,berada,
D0025,di,
D0025,dalam,
D0025,rumah,
D0025,Pelaku,
D0025,RP,
D0025,tibatiba,
D0025,langsung,
D0025,memukul,
D0025,kepala,
D0025,korban,
D0025,yang,
D0025,masih,
D0025,menggunakan,
D0025,helm,
D0025,dengan,
D0025,menggunakan,
D0025,tangan,
D0025,sebelah,
D0025,kanan,
D0025,Setelah,
D0025,itu,
D0025,pelaku,
D0025,RP,
D0025,memindahkan,
D0025,posisi,
D0025,pisau,
D0025,badik,
D0025,yang,
D0025,dibawanya,
D0025,ke,
D0025,tangan,
D0025,sebelah,
D0025,kanan,
D0025,dan,
D0025,langsung,
D0025,menikam,
D0025,korban,
D0025,dan,
D0025,mengena,
D0025,di,
D0025,bagian,
D0025,tengah,
D0025,perut,
D0025,jelasnya,
D0025,Sedangkan,
D0025,pelaku,
D0025,WM,
D0025,sempat,
D0025,memukul,
D0025,kepala,
D0025,korban,
D0025,yang,
D0025,masih,
D0025,menggunakan,
D0025,helm,
D0025,korban,
D0025,kemudian,
D0025,terjatuh,
D0025,dan,
D0025,membentur,
D0025,aspal,
D0025,jalan,
D0025,dengan,
D0025,posisi,
D0025,terlentang,
D0025,Pelaku,
D0025,WM,
D0025,lalu,
D0025,mengambil,
D0025,hollow,
D0025,brik,
D0025,dan,
D0025,melemparkan,
D0025,ke,
D0025,bagian,
D0025,kepala,
D0025,korban,
D0025,yang,
D0025,saat,
D0025,itu,
D0025,masih,
D0025,menggunakan,
D0025,helm,
D0025,sampai,
D0025,hollow,
D0025,brik,
D0025,hancur,
D0025,tambahnya,
D0025,Mendengar,
D0025,suara,
D0025,ribut,
D0025,RJ,
D0025,MA,
D0025,dan,
D0025,RR,
D0025,keluar,
D0025,rumah,
D0025,dan,
D0025,melihat,
D0025,korban,
D0025,sudah,
D0025,terbaring,
D0025,di,
D0025,jalan,
D0025,raya,
D0025,Setelah,
D0025,itu,
D0025,pelaku,
D0025,RP,
D0025,dan,
D0025,WM,
D0025,mengajak,
D0025,ketiganya,
D0025,untuk,
D0025,meninggalkan,
D0025,tempat,
D0025,kejadian,
D0025,dan,
D0025,korban,
D0025,Sekitar,
D0025,pukul,
D0025,0900,
D0025,Wita,
D0025,pada,
D0025,Senin,
D0025,157,
D0025,Unit,
D0025,Buser,
D0025,Sat,
D0025,Reskrim,
D0025,Polres,
D0025,Tomohon,
D0025,datang,
D0025,dan,
D0025,mengamankan,
D0025,RP,
D0025,dan,
D0025,WM,
D0025,bersama,
D0025,RJ,
D0025,dan,
D0025,MA,
D0025,ke,
D0025,kantor,
D0025,Polres,
D0025,Tomohon,
D0025,kata,
D0025,Ferdi,
D0025,Ferdi,
D0025,menambahkan,
D0025,korban,
D0025,meninggal,
D0025,dunia,
D0025,usai,
D0025,mengalami,
D0025,dua,
D0025,luka,
D0025,tikam,
D0025,di,
D0025,bagian,
D0025,perut,
D0025,Jasad,
D0025,korban,
D0025,dibawa,
D0025,ke,
D0025,Rumah,
D0025,Sakit,
D0025,Bhayangkara,
D0025,untuk,
D0025,diautopsi,
D0025,Para,
D0025,pelaku,
D0025,dikenakan,
D0025,Pasal,
D0025,338,
D0025,KUHP,
D0025,junto,
D0025,Pasal,
D0025,55,
D0025,ayat,
D0025,1,
D0025,KUHP,
D0025,dengan,
D0025,ancaman,
D0025,selamalamanya,
D0025,15,
D0025,tahun,
D0025,pungkasnya,
D0026,Korban,
D0026,sodomi,
D0026,oleh,
D0026,pria,
D0026,berinisial,
D0026,AD,
D0026,32,
D0026,di,
D0026,Purwakarta,
D0026,bertambah,
D0026,Sejumlah,
D0026,orang,
D0026,tua,
D0026,korban,
D0026,melaporkan,
D0026,anaknya,
D0026,menjadi,
D0026,korban,
D0026,kebiadaban,
D0026,pria,
D0026,tersebut,
D0026,Total,
D0026,sementara,
D0026,untuk,
D0026,saat,
D0026,ini,
D0026,ada,
D0026,11,
D0026,korban,
D0026,usianya,
D0026,ratarata,
D0026,di,
D0026,bawah,
D0026,10,
D0026,tahun,
D0026,Kejadiannya,
D0026,ternyata,
D0026,sudah,
D0026,lama,
D0026,sejak,
D0026,lima,
D0026,tahun,
D0026,ke,
D0026,belakang,
D0026,yaitu,
D0026,dari,
D0026,tahun,
D0026,2019,
D0026,dan,
D0026,baru,
D0026,terungkap,
D0026,sekarang,
D0026,ujar,
D0026,Yayan,
D0026,Sahrodi,
D0026,Kepada,
D0026,Desa,
D0026,Cempaka,
D0026,kepada,
D0026,awak,
D0026,media,
D0026,Selasa,
D0026,972024,
D0026,Yayan,
D0026,mengatakan,
D0026,kasus,
D0026,pencabulan,
D0026,terhadap,
D0026,anak,
D0026,tersebut,
D0026,awalnya,
D0026,dilaporkan,
D0026,oleh,
D0026,salah,
D0026,seorang,
D0026,korban,
D0026,melalui,
D0026,orang,
D0026,tua,
D0026,ke,
D0026,kepala,
D0026,desa,
D0026,Kemudian,
D0026,para,
D0026,korban,
D0026,bertambah,
D0026,dan,
D0026,terdata,
D0026,sembilan,
D0026,korban,
D0026,Setelah,
D0026,pelaku,
D0026,ditangkap,
D0026,warga,
D0026,terus,
D0026,bertambah,
D0026,melaporkan,
D0026,kasus,
D0026,ini,
D0026,SCROLL,
D0026,TO,
D0026,CONTINUE,
D0026,WITH,
D0026,CONTENT,
D0026,Warga,
D0026,setempat,
D0026,mengaku,
D0026,tidak,
D0026,menyangka,
D0026,pelaku,
D0026,berinisial,
D0026,AD,
D0026,tega,
D0026,berbuat,
D0026,asusila,
D0026,dan,
D0026,kepada,
D0026,anak,
D0026,lakilaki,
D0026,katanya,
D0026,Masih,
D0026,kata,
D0026,Yayan,
D0026,pelaku,
D0026,dikenal,
D0026,orang,
D0026,yang,
D0026,berperilaku,
D0026,normal,
D0026,ramah,
D0026,sopan,
D0026,dan,
D0026,tidak,
D0026,pernah,
D0026,melakukan,
D0026,kriminalitas,
D0026,Namun,
D0026,Yayan,
D0026,menjelaskan,
D0026,jika,
D0026,psikologi,
D0026,pelaku,
D0026,terganggu,
D0026,karena,
D0026,tidak,
D0026,mengenal,
D0026,ayah,
D0026,sejak,
D0026,kecil,
D0026,dan,
D0026,baru,
D0026,saja,
D0026,kehilangan,
D0026,sosok,
D0026,ibu,
D0026,Pelaku,
D0026,dikabarkan,
D0026,sempat,
D0026,jadi,
D0026,korban,
D0026,kasus,
D0026,serupa,
D0026,Setelah,
D0026,dilakukan,
D0026,penyelidikan,
D0026,ternyata,
D0026,pelaku,
D0026,juga,
D0026,pernah,
D0026,jadi,
D0026,korban,
D0026,pelecehan,
D0026,seksual,
D0026,dulunya,
D0026,ungkapnya,
D0026,Berdasarkan,
D0026,informasi,
D0026,pelaku,
D0026,diduga,
D0026,melakukan,
D0026,pelecehan,
D0026,seksual,
D0026,hingga,
D0026,pencabulan,
D0026,di,
D0026,beberapa,
D0026,tempat,
D0026,Aksi,
D0026,bejat,
D0026,yang,
D0026,dilakukan,
D0026,oleh,
D0026,AD,
D0026,itu,
D0026,diduga,
D0026,terjadi,
D0026,di,
D0026,rumah,
D0026,pelaku,
D0026,di,
D0026,lapangan,
D0026,bahkan,
D0026,di,
D0026,kawasan,
D0026,sekolah,
D0026,keagamaan,
D0026,di,
D0026,desanya,
D0026,Saat,
D0026,ini,
D0026,korban,
D0026,diakui,
D0026,masih,
D0026,mengalami,
D0026,trauma,
D0026,akibat,
D0026,perbuatan,
D0026,pelaku,
D0026,Yayan,
D0026,mengaku,
D0026,telah,
D0026,berkomunikasi,
D0026,dengan,
D0026,Komisi,
D0026,Perlindungan,
D0026,Anak,
D0026,Indonesia,
D0026,KPAI,
D0026,dan,
D0026,Dinas,
D0026,Sosial,
D0026,Purwakarta,
D0026,untuk,
D0026,menangani,
D0026,para,
D0026,korban,
D0026,Para,
D0026,korban,
D0026,nanti,
D0026,akan,
D0026,mendapatkan,
D0026,pendampingan,
D0026,oleh,
D0026,ahlinya,
D0026,yakni,
D0026,para,
D0026,psikolog,
D0026,dari,
D0026,Dinsos,
D0026,Purwakarta,
D0026,agar,
D0026,trauma,
D0026,itu,
D0026,hilang,
D0026,dan,
D0026,korban,
D0026,tidak,
D0026,melakukan,
D0026,hal,
D0026,serupa,
D0026,di,
D0026,kemudian,
D0026,hari,
D0026,pungkasnya,
D0026,Trauma,
D0026,Healing,
D0026,Sementara,
D0026,itu,
D0026,Dinas,
D0026,Sosial,
D0026,Perlindungan,
D0026,Perempuan,
D0026,dan,
D0026,Anak,
D0026,Dinsos,
D0026,P3A,
D0026,Kabupaten,
D0026,Purwakarta,
D0026,bersama,
D0026,dengan,
D0026,Komisi,
D0026,Perlindungan,
D0026,Anak,
D0026,Indonesia,
D0026,KPAI,
D0026,Purwakarta,
D0026,turun,
D0026,tangan,
D0026,usai,
D0026,adanya,
D0026,belasan,
D0026,anak,
D0026,di,
D0026,Purwakarta,
D0026,jadi,
D0026,korban,
D0026,pelecehan,
D0026,seksual,
D0026,Pihak,
D0026,Pemerintah,
D0026,Daerah,
D0026,langsung,
D0026,memberikan,
D0026,trauma,
D0026,healing,
D0026,kepada,
D0026,para,
D0026,anak,
D0026,yang,
D0026,menjadi,
D0026,korban,
D0026,Langkah,
D0026,itu,
D0026,akan,
D0026,diberikan,
D0026,secara,
D0026,rutin,
D0026,selama,
D0026,tiga,
D0026,bulan,
D0026,kedepan,
D0026,untuk,
D0026,menyembuhkan,
D0026,gangguan,
D0026,psikologisnya,
D0026,Kami,
D0026,ada,
D0026,assesment,
D0026,dulu,
D0026,karena,
D0026,tidak,
D0026,hanya,
D0026,terhadap,
D0026,korban,
D0026,tapi,
D0026,juga,
D0026,terhadap,
D0026,orang,
D0026,tua,
D0026,untuk,
D0026,dilakukan,
D0026,pola,
D0026,asuh,
D0026,dan,
D0026,pendidikan,
D0026,di,
D0026,rumahnya,
D0026,ujar,
D0026,Fiskalia,
D0026,Kartika,
D0026,Konselor,
D0026,Psikologi,
D0026,Dinsos,
D0026,P3A,
D0026,Purwakarta,
D0026,ditemui,
D0026,di,
D0026,salah,
D0026,satu,
D0026,kantor,
D0026,desa,
D0026,di,
D0026,Kecamatan,
D0026,Campaka,
D0026,usai,
D0026,memberikan,
D0026,trauma,
D0026,healing,
D0026,kepada,
D0026,korban,
D0026,Fiskalia,
D0026,menyebutkan,
D0026,tahapan,
D0026,yang,
D0026,dilakukan,
D0026,dalam,
D0026,trauma,
D0026,healing,
D0026,dengan,
D0026,melakukan,
D0026,konseling,
D0026,serta,
D0026,terapis,
D0026,psikologi,
D0026,Terapis,
D0026,psikologi,
D0026,bertujuan,
D0026,untuk,
D0026,menyembuhkan,
D0026,trauma,
D0026,mendalam,
D0026,yang,
D0026,dialami,
D0026,oleh,
D0026,para,
D0026,korban,
D0026,Pengeluaran,
D0026,emosi,
D0026,negatif,
D0026,harus,
D0026,dilakukan,
D0026,secara,
D0026,perlahan,
D0026,agar,
D0026,emosi,
D0026,korban,
D0026,tetap,
D0026,stabil,
D0026,Sehingga,
D0026,tidak,
D0026,meninggalkan,
D0026,trauma,
D0026,yang,
D0026,mendalam,
D0026,dan,
D0026,mengakibatkan,
D0026,korban,
D0026,dapat,
D0026,melakukan,
D0026,hal,
D0026,serupa,
D0026,terhadap,
D0026,dirinya,
D0026,maupun,
D0026,orang,
D0026,lain,
D0026,Kita,
D0026,harus,
D0026,membantu,
D0026,mereka,
D0026,untuk,
D0026,mengeluarkan,
D0026,emosi,
D0026,negatif,
D0026,dari,
D0026,apa,
D0026,yang,
D0026,mereka,
D0026,alami,
D0026,Korban,
D0026,kondisinya,
D0026,ada,
D0026,yang,
D0026,trauma,
D0026,ringan,
D0026,hingga,
D0026,trauma,
D0026,berat,
D0026,katanya,
D0026,Kabid,
D0026,Perlindungan,
D0026,Perempuan,
D0026,dan,
D0026,Anak,
D0026,Dinsos,
D0026,P3A,
D0026,Purwakarta,
D0026,Heni,
D0026,Hendrayani,
D0026,mengatakan,
D0026,meski,
D0026,pihaknya,
D0026,terus,
D0026,melakukan,
D0026,sosialisasi,
D0026,perihal,
D0026,perlindungan,
D0026,anak,
D0026,peristiwa,
D0026,seperti,
D0026,halnya,
D0026,yang,
D0026,terjadi,
D0026,di,
D0026,wilayah,
D0026,Campaka,
D0026,tidak,
D0026,akan,
D0026,diketahui,
D0026,bilamana,
D0026,korban,
D0026,tidak,
D0026,melapor,
D0026,Pengawasan,
D0026,tergantung,
D0026,laporan,
D0026,Kita,
D0026,terus,
D0026,berjalan,
D0026,sosialisasi,
D0026,tapi,
D0026,jika,
D0026,tidak,
D0026,ada,
D0026,laporan,
D0026,kita,
D0026,tidak,
D0026,tahu,
D0026,kami,
D0026,berharap,
D0026,masyarakat,
D0026,terbuka,
D0026,dan,
D0026,bisa,
D0026,melaporkan,
D0026,kejadian,
D0026,serupa,
D0026,ucap,
D0026,Heni,
D0026,Sebelumnya,
D0026,AD,
D0026,alias,
D0026,Mahmud,
D0026,32,
D0026,warga,
D0026,Purwakarta,
D0026,harus,
D0026,berurusan,
D0026,dengan,
D0026,polisi,
D0026,Dia,
D0026,diduga,
D0026,telah,
D0026,menyodomi,
D0026,9,
D0026,bocah,
D0026,lakilaki,
D0026,Awal,
D0026,kasus,
D0026,ini,
D0026,terungkap,
D0026,atas,
D0026,laporan,
D0026,orang,
D0026,tua,
D0026,salah,
D0026,satu,
D0026,korban,
D0026,bahwa,
D0026,anaknya,
D0026,menjadi,
D0026,korban,
D0026,kekerasan,
D0026,seksual,
D0026,yang,
D0026,dilakukan,
D0026,pelaku,
D0026,ujar,
D0026,Kasat,
D0026,Reskrim,
D0026,Polres,
D0026,Purwakarta,
D0026,Muhammad,
D0026,Arwin,
D0026,kepada,
D0026,awak,
D0026,media,
D0026,Senin,
D0026,08072024,
D0027,Pria,
D0027,bernama,
D0027,Duwali,
D0027,alias,
D0027,Imel,
D0027,di,
D0027,Kabupaten,
D0027,Morowali,
D0027,Sulawesi,
D0027,Tengah,
D0027,Sulteng,
D0027,tewas,
D0027,dibunuh,
D0027,7,
D0027,pria,
D0027,Para,
D0027,pelaku,
D0027,menjalankan,
D0027,aksinya,
D0027,dengan,
D0027,berpurapura,
D0027,mengajak,
D0027,korban,
D0027,yang,
D0027,merupakan,
D0027,seorang,
D0027,waria,
D0027,untuk,
D0027,berhubungan,
D0027,badan,
D0027,Kasat,
D0027,Reskrim,
D0027,Polres,
D0027,Morowali,
D0027,Iptu,
D0027,Agus,
D0027,Salim,
D0027,mengatakan,
D0027,7,
D0027,pelaku,
D0027,awalnya,
D0027,berkumpul,
D0027,di,
D0027,salah,
D0027,satu,
D0027,kos,
D0027,di,
D0027,Kecamatan,
D0027,Bungki,
D0027,Tengah,
D0027,pada,
D0027,Selasa,
D0027,272024,
D0027,pukul,
D0027,2000,
D0027,Wita,
D0027,Di,
D0027,tempat,
D0027,itulah,
D0027,mereka,
D0027,kemudian,
D0027,menyusun,
D0027,rencana,
D0027,untuk,
D0027,menganiaya,
D0027,korban,
D0027,Terduga,
D0027,AM,
D0027,AK,
D0027,NT,
D0027,MT,
D0027,PU,
D0027,AN,
D0027,dan,
D0027,ARD,
D0027,bersepakat,
D0027,memberikan,
D0027,pelajaran,
D0027,terhadap,
D0027,korban,
D0027,dengan,
D0027,cara,
D0027,melalukan,
D0027,pemukulan,
D0027,dan,
D0027,pengeroyokan,
D0027,ujar,
D0027,Iptu,
D0027,Agus,
D0027,Salim,
D0027,kepada,
D0027,wartawan,
D0027,Sabtu,
D0027,672024,
D0027,SCROLL,
D0027,TO,
D0027,CONTINUE,
D0027,WITH,
D0027,CONTENT,
D0027,Pelaku,
D0027,kemudian,
D0027,memancing,
D0027,korban,
D0027,dengan,
D0027,ajakan,
D0027,bersetubuh,
D0027,Selanjutnya,
D0027,pelaku,
D0027,AM,
D0027,menjemput,
D0027,korban,
D0027,yang,
D0027,baru,
D0027,selesai,
D0027,menghadiri,
D0027,acara,
D0027,pesta,
D0027,nikah,
D0027,sekitar,
D0027,pukul,
D0027,2300,
D0027,Wita,
D0027,Salah,
D0027,satu,
D0027,terduga,
D0027,memancing,
D0027,korban,
D0027,mengajak,
D0027,bertemu,
D0027,melakukan,
D0027,hubungan,
D0027,sesama,
D0027,jenis,
D0027,dan,
D0027,meminta,
D0027,bayaran,
D0027,Rp,
D0027,150,
D0027,ribu,
D0027,Korban,
D0027,merupakan,
D0027,seorang,
D0027,waria,
D0027,ujar,
D0027,Iptu,
D0027,Agus,
D0027,AM,
D0027,membonceng,
D0027,korban,
D0027,menggunakan,
D0027,motor,
D0027,dan,
D0027,menurunkannya,
D0027,di,
D0027,Jembatan,
D0027,Baharuru,
D0027,Kecamatan,
D0027,Bungku,
D0027,Tengah,
D0027,Setelah,
D0027,itu,
D0027,pelaku,
D0027,AK,
D0027,dan,
D0027,AN,
D0027,datang,
D0027,untuk,
D0027,meminta,
D0027,uang,
D0027,yang,
D0027,dimaksud,
D0027,Kemudian,
D0027,pelaku,
D0027,AK,
D0027,dan,
D0027,AN,
D0027,datang,
D0027,mempertanyakan,
D0027,ke,
D0027,korban,
D0027,uang,
D0027,untuk,
D0027,membeli,
D0027,minuman,
D0027,keras,
D0027,Setelah,
D0027,memberikan,
D0027,uang,
D0027,korban,
D0027,kemudian,
D0027,meminta,
D0027,AM,
D0027,untuk,
D0027,mengantar,
D0027,pulang,
D0027,dan,
D0027,di,
D0027,situlah,
D0027,AN,
D0027,dan,
D0027,AK,
D0027,memukul,
D0027,korban,
D0027,bebernya,
D0027,Agus,
D0027,melanjutkan,
D0027,kedua,
D0027,pelaku,
D0027,meninju,
D0027,korban,
D0027,di,
D0027,bagian,
D0027,rahang,
D0027,yang,
D0027,langsung,
D0027,membuat,
D0027,korban,
D0027,jatuh,
D0027,tersungkur,
D0027,di,
D0027,aspal,
D0027,dan,
D0027,tidak,
D0027,bergerak,
D0027,Setelah,
D0027,itu,
D0027,ketiga,
D0027,pelaku,
D0027,yang,
D0027,berada,
D0027,di,
D0027,lokasi,
D0027,meninggalkan,
D0027,korban,
D0027,dalam,
D0027,keadaan,
D0027,tak,
D0027,sadar,
D0027,Kemudian,
D0027,para,
D0027,terduga,
D0027,ini,
D0027,balik,
D0027,ke,
D0027,kos,
D0027,dan,
D0027,di,
D0027,perjalanan,
D0027,para,
D0027,terduga,
D0027,menyempatkan,
D0027,diri,
D0027,membeli,
D0027,miras,
D0027,ujarnya,
D0027,Setelah,
D0027,membawa,
D0027,miras,
D0027,ke,
D0027,kos,
D0027,lanjut,
D0027,Agus,
D0027,dua,
D0027,pelaku,
D0027,yakni,
D0027,AM,
D0027,dan,
D0027,NT,
D0027,kembali,
D0027,ke,
D0027,tempat,
D0027,kejadian,
D0027,dengan,
D0027,membawa,
D0027,botol,
D0027,berisi,
D0027,air,
D0027,untuk,
D0027,digunakan,
D0027,menyiram,
D0027,kepala,
D0027,korban,
D0027,Namun,
D0027,betapa,
D0027,kagetnya,
D0027,mereka,
D0027,setelah,
D0027,mendapati,
D0027,korban,
D0027,dalam,
D0027,keadaan,
D0027,tak,
D0027,bernyawa,
D0027,AM,
D0027,memeriksa,
D0027,pernapasan,
D0027,nadi,
D0027,korban,
D0027,namun,
D0027,setelah,
D0027,diperiksa,
D0027,korban,
D0027,tidak,
D0027,bernapas,
D0027,ungkapnya,
D0027,Kedua,
D0027,pelaku,
D0027,lanjut,
D0027,Agus,
D0027,kemudian,
D0027,meninggalkan,
D0027,korban,
D0027,dan,
D0027,kembali,
D0027,ke,
D0027,kos,
D0027,memberitahu,
D0027,temannya,
D0027,Kasus,
D0027,ini,
D0027,kemudian,
D0027,terungkap,
D0027,setelah,
D0027,mayat,
D0027,korban,
D0027,ditemukan,
D0027,warga,
D0027,pada,
D0027,Rabu,
D0027,37,
D0027,sekitar,
D0027,pukul,
D0027,0600,
D0027,Wita,
D0027,Agus,
D0027,mengungkapkan,
D0027,para,
D0027,pelaku,
D0027,saat,
D0027,diinterogasi,
D0027,mengaku,
D0027,tidak,
D0027,memiliki,
D0027,niatan,
D0027,menghilangkan,
D0027,nyawa,
D0027,korban,
D0027,Mereka,
D0027,mengaku,
D0027,hanya,
D0027,ingin,
D0027,memberi,
D0027,korban,
D0027,pelajaran,
D0027,Para,
D0027,terduga,
D0027,ingin,
D0027,memberikan,
D0027,pelajaran,
D0027,namun,
D0027,tanpa,
D0027,diduga,
D0027,perbuatan,
D0027,mereka,
D0027,membuat,
D0027,korban,
D0027,justru,
D0027,meninggal,
D0027,jelas,
D0027,Agus,
D0027,Agus,
D0027,menyebut,
D0027,motif,
D0027,pelaku,
D0027,merencanakan,
D0027,penganiayaan,
D0027,itu,
D0027,lantaran,
D0027,kesal,
D0027,terhadap,
D0027,korban,
D0027,yang,
D0027,disebut,
D0027,kerap,
D0027,melecehkan,
D0027,pelaku,
D0027,Selain,
D0027,itu,
D0027,korban,
D0027,juga,
D0027,disebut,
D0027,selalu,
D0027,menelepon,
D0027,pelaku,
D0027,yang,
D0027,membuat,
D0027,pelaku,
D0027,emosi,
D0027,Mereka,
D0027,pelaku,
D0027,mengaku,
D0027,jika,
D0027,korban,
D0027,sering,
D0027,membuat,
D0027,kesal,
D0027,dengan,
D0027,melakukan,
D0027,pelecehan,
D0027,Tidak,
D0027,hanya,
D0027,itu,
D0027,korban,
D0027,juga,
D0027,sering,
D0027,mengganggu,
D0027,dengan,
D0027,sering,
D0027,menelepon,
D0027,salah,
D0027,satu,
D0027,terduga,
D0027,pungkasnya,
D0027,Saat,
D0027,ini,
D0027,kata,
D0027,Agus,
D0027,para,
D0027,pelaku,
D0027,telah,
D0027,ditahan,
D0027,di,
D0027,Mapolres,
D0027,Morowali,
D0027,untuk,
D0027,diperiksa,
D0027,lebih,
D0027,lanjut,
D0027,Pihaknya,
D0027,masih,
D0027,menggali,
D0027,peran,
D0027,dari,
D0027,ketujuh,
D0027,pelaku,
D0027,tersebut,
D0028,Rektor,
D0028,UINSA,
D0028,Prof,
D0028,Akhmad,
D0028,Muzakki,
D0028,mengapresiasi,
D0028,penangkapan,
D0028,2,
D0028,penjambret,
D0028,yang,
D0028,tewaskan,
D0028,mahasiswinya,
D0028,di,
D0028,Surabaya,
D0028,Terlebih,
D0028,korban,
D0028,merupakan,
D0028,mahasiswa,
D0028,berprestasi,
D0028,di,
D0028,kampus,
D0028,Saya,
D0028,menyampaikan,
D0028,terima,
D0028,kasih,
D0028,pada,
D0028,pihak,
D0028,kepolisian,
D0028,dalam,
D0028,hal,
D0028,ini,
D0028,Polda,
D0028,Jatim,
D0028,untuk,
D0028,memberikan,
D0028,atensi,
D0028,terhadap,
D0028,kasus,
D0028,kriminalitas,
D0028,dan,
D0028,kebetulan,
D0028,menimpa,
D0028,mahasiswa,
D0028,kami,
D0028,kata,
D0028,Muzakki,
D0028,saat,
D0028,konferensi,
D0028,pers,
D0028,di,
D0028,Polda,
D0028,Jatim,
D0028,Jumat,
D0028,472024,
D0028,Ia,
D0028,menuturkan,
D0028,korban,
D0028,merupakan,
D0028,sosok,
D0028,yang,
D0028,berprestasi,
D0028,Bahkan,
D0028,korban,
D0028,juga,
D0028,merupakan,
D0028,anak,
D0028,yang,
D0028,berbakti,
D0028,kepada,
D0028,kedua,
D0028,orang,
D0028,tuanya,
D0028,SCROLL,
D0028,TO,
D0028,CONTINUE,
D0028,WITH,
D0028,CONTENT,
D0028,Korban,
D0028,ini,
D0028,kalau,
D0028,pagi,
D0028,bekerja,
D0028,membantu,
D0028,orang,
D0028,tua,
D0028,Khusus,
D0028,untuk,
D0028,bapaknya,
D0028,dalam,
D0028,keadaan,
D0028,sakit,
D0028,stroke,
D0028,ujarnya,
D0028,Menurutnya,
D0028,korban,
D0028,juga,
D0028,dikenal,
D0028,sebagai,
D0028,pekerja,
D0028,keras,
D0028,yang,
D0028,juga,
D0028,aktif,
D0028,dalam,
D0028,berbagai,
D0028,aktivitas,
D0028,di,
D0028,kampus,
D0028,Jadi,
D0028,setelah,
D0028,selesai,
D0028,kuliah,
D0028,korban,
D0028,ini,
D0028,juga,
D0028,bekerja,
D0028,Meski,
D0028,punya,
D0028,kesibukan,
D0028,lebih,
D0028,dari,
D0028,itu,
D0028,korban,
D0028,juga,
D0028,aktivis,
D0028,ujarnya,
D0028,Muzakki,
D0028,menyatakan,
D0028,kabar,
D0028,meninggalnya,
D0028,korban,
D0028,menimbulkan,
D0028,keprihatinan,
D0028,mendalam,
D0028,bagi,
D0028,di,
D0028,seluruh,
D0028,keluarga,
D0028,besar,
D0028,UIN,
D0028,Sunan,
D0028,Ampel,
D0028,Surabaya,
D0028,Tapi,
D0028,untunglah,
D0028,kegelapan,
D0028,itu,
D0028,semua,
D0028,berhasil,
D0028,diselesaikan,
D0028,oleh,
D0028,Polda,
D0028,Jatim,
D0028,Ini,
D0028,memberikan,
D0028,jawaban,
D0028,bagi,
D0028,kita,
D0028,semua,
D0028,dan,
D0028,pelajaran,
D0028,bagi,
D0028,kita,
D0028,dan,
D0028,bagi,
D0028,kami,
D0028,Jangan,
D0028,melakukan,
D0028,pidana,
D0028,karena,
D0028,tidak,
D0028,ada,
D0028,kata,
D0028,akhir,
D0028,penyelesaian,
D0028,itu,
D0028,tutupnya,
D0028,Dua,
D0028,penjambret,
D0028,yang,
D0028,membuat,
D0028,mahasiswa,
D0028,UINSA,
D0028,tewas,
D0028,di,
D0028,Surabaya,
D0028,diringkus,
D0028,usai,
D0028,buron,
D0028,sejak,
D0028,23,
D0028,Mei,
D0028,2024,
D0028,Keduanya,
D0028,diketahui,
D0028,punya,
D0028,peran,
D0028,masingmasing,
D0028,dalam,
D0028,melancarkan,
D0028,aksinya,
D0028,di,
D0028,Jalan,
D0028,Semarang,
D0028,Surabaya,
D0028,hingga,
D0028,korban,
D0028,meninggal,
D0028,Kedua,
D0028,pelaku,
D0028,adalah,
D0028,MMH,
D0028,29,
D0028,dan,
D0028,AYE,
D0028,30,
D0028,Keduanya,
D0028,pekerja,
D0028,swasta,
D0028,asal,
D0028,Surabaya,
D0028,Kasubdit,
D0028,Jatanras,
D0028,Ditreskrimum,
D0028,Polda,
D0028,Jatim,
D0028,AKBP,
D0028,Arbaridi,
D0028,Jumhur,
D0028,mengatakan,
D0028,kedua,
D0028,pelaku,
D0028,berperan,
D0028,sebagai,
D0028,joki,
D0028,dan,
D0028,eksekutor,
D0028,MMH,
D0028,berperan,
D0028,sebagai,
D0028,eksekutor,
D0028,dengan,
D0028,cara,
D0028,mengambil,
D0028,tas,
D0028,warna,
D0028,coklat,
D0028,dari,
D0028,korban,
D0028,dengan,
D0028,cara,
D0028,menarik,
D0028,paksa,
D0028,sehingga,
D0028,tali,
D0028,tas,
D0028,putus,
D0028,yang,
D0028,berisi,
D0028,ponsel,
D0028,dan,
D0028,dompet,
D0028,berisi,
D0028,uang,
D0028,tunai,
D0028,Rp,
D0028,63,
D0028,ribu,
D0028,milik,
D0028,korban,
D0028,Maya,
D0028,Dwi,
D0028,Ramadhani,
D0028,di,
D0028,TKP,
D0028,Jalan,
D0028,Arjuno,
D0028,Kecamatan,
D0028,Sawahan,
D0028,Surabaya,
D0028,ujar,
D0028,Jumhur,
D0028,dalam,
D0028,konferensi,
D0028,pers,
D0028,di,
D0028,Bidhumas,
D0028,Polda,
D0028,Jatim,
D0028,Sementara,
D0028,AYE,
D0028,sambung,
D0028,Jumhur,
D0028,berperan,
D0028,sebagai,
D0028,joki,
D0028,atau,
D0028,yang,
D0028,membonceng,
D0028,pelaku,
D0028,MMH,
D0028,mengendarai,
D0028,sepeda,
D0028,motor,
D0028,Honda,
D0028,Vario,
D0028,hitam,
D0028,yang,
D0028,digunakan,
D0028,untuk,
D0028,mengambil,
D0028,tas,
D0028,korban,
D0028,Jumhur,
D0028,memastikan,
D0028,kedua,
D0028,pelaku,
D0028,merupakan,
D0028,residivis,
D0028,AYE,
D0028,dan,
D0028,MMH,
D0028,pernah,
D0028,dipidana,
D0028,kasus,
D0028,serupa,
D0028,di,
D0028,tahun,
D0028,2014,
D0028,dan,
D0028,2016,
D0029,Sejumlah,
D0029,kasus,
D0029,kriminalitas,
D0029,di,
D0029,Surabaya,
D0029,diungkap,
D0029,polisi,
D0029,Mayoritas,
D0029,didominasi,
D0029,pencurian,
D0029,motor,
D0029,curanmor,
D0029,Ada,
D0029,puluhan,
D0029,motor,
D0029,curian,
D0029,yang,
D0029,diamankan,
D0029,Polrestabes,
D0029,Surabaya,
D0029,Berdasarkan,
D0029,data,
D0029,yang,
D0029,diperoleh,
D0029,detikJatim,
D0029,total,
D0029,ada,
D0029,405,
D0029,kasus,
D0029,yang,
D0029,telah,
D0029,diungkap,
D0029,Satreskrim,
D0029,Polrestabes,
D0029,Surabaya,
D0029,dan,
D0029,polsek,
D0029,jajaran,
D0029,selama,
D0029,dua,
D0029,pekan,
D0029,Dari,
D0029,jumlah,
D0029,itu,
D0029,243,
D0029,tersangka,
D0029,diamankan,
D0029,Selain,
D0029,membekuk,
D0029,para,
D0029,pelaku,
D0029,sejumlah,
D0029,kendaraan,
D0029,turut,
D0029,disita,
D0029,sebagai,
D0029,barang,
D0029,bukti,
D0029,Baik,
D0029,motor,
D0029,korban,
D0029,maupun,
D0029,motor,
D0029,pelaku,
D0029,yang,
D0029,dipakai,
D0029,untuk,
D0029,melancarkan,
D0029,aksi,
D0029,pencurian,
D0029,SCROLL,
D0029,TO,
D0029,CONTINUE,
D0029,WITH,
D0029,CONTENT,
D0029,Sebagian,
D0029,kendaraan,
D0029,hasil,
D0029,curian,
D0029,itu,
D0029,masih,
D0029,ada,
D0029,di,
D0029,Polrestabes,
D0029,Surabaya,
D0029,dan,
D0029,belum,
D0029,diambil,
D0029,oleh,
D0029,pemiliknya,
D0029,Lantas,
D0029,apakah,
D0029,korban,
D0029,bisa,
D0029,mengambil,
D0029,motornya,
D0029,kembali,
D0029,Kasat,
D0029,Reskrim,
D0029,Polrestabes,
D0029,Surabaya,
D0029,AKBP,
D0029,Hendro,
D0029,Sukmono,
D0029,mengatakan,
D0029,dari,
D0029,hasil,
D0029,ungkap,
D0029,kejahatan,
D0029,yang,
D0029,digelar,
D0029,selama,
D0029,12,
D0029,hari,
D0029,mulai,
D0029,3,
D0029,hingga,
D0029,14,
D0029,Juni,
D0029,2024,
D0029,itu,
D0029,ada,
D0029,puluhan,
D0029,motor,
D0029,yang,
D0029,diamankan,
D0029,Seluruhnya,
D0029,masih,
D0029,tersimpan,
D0029,rapi,
D0029,dan,
D0029,belum,
D0029,diambil,
D0029,pemiliknya,
D0029,Ada,
D0029,35,
D0029,motor,
D0029,diamankan,
D0029,kata,
D0029,Hendro,
D0029,Rabu,
D0029,372024,
D0029,Ia,
D0029,menegaskan,
D0029,masyarakat,
D0029,yang,
D0029,menjadi,
D0029,korban,
D0029,pencurian,
D0029,tentu,
D0029,bisa,
D0029,mengambil,
D0029,kendaraannya,
D0029,kembali,
D0029,Polisi,
D0029,meminta,
D0029,korban,
D0029,menyiapkan,
D0029,sejumlah,
D0029,persyaratan,
D0029,Apabila,
D0029,ingin,
D0029,mengambil,
D0029,BB,
D0029,barang,
D0029,bukti,
D0029,pemilik,
D0029,harap,
D0029,membawa,
D0029,STNK,
D0029,dan,
D0029,BPKB,
D0029,pesannya,
D0029,Hendro,
D0029,menegaskan,
D0029,korban,
D0029,curanmor,
D0029,yang,
D0029,ingin,
D0029,mengambil,
D0029,motornya,
D0029,lagi,
D0029,tak,
D0029,dipungut,
D0029,biaya,
D0029,sepeserpun,
D0029,alias,
D0029,gratis,
D0029,Kami,
D0029,pastikan,
D0029,tidak,
D0029,ada,
D0029,biaya,
D0029,sepeserpun,
D0029,Silakan,
D0029,datang,
D0029,dan,
D0029,membawa,
D0029,bukti,
D0029,kelengkapan,
D0029,kendaraan,
D0029,masingmasing,
D0029,akan,
D0029,ada,
D0029,petugas,
D0029,yang,
D0029,melayani,
D0029,tutur,
D0029,Hendro,
D0029,Hendro,
D0029,mengimbau,
D0029,masyarakat,
D0029,lebih,
D0029,berhatihati,
D0029,dan,
D0029,waspada,
D0029,dalam,
D0029,memarkir,
D0029,kendaraannya,
D0029,Selain,
D0029,itu,
D0029,dia,
D0029,juga,
D0029,mengimbau,
D0029,agar,
D0029,masyarakat,
D0029,melakukan,
D0029,pengawasan,
D0029,ekstra,
D0029,ketat,
D0029,seperti,
D0029,memasang,
D0029,CCTV,
D0029,dan,
D0029,meminta,
D0029,petugas,
D0029,keamanan,
D0029,setempat,
D0029,lebih,
D0029,giat,
D0029,berpatroli,
D0030,Pria,
D0030,berinisial,
D0030,AB,
D0030,54,
D0030,di,
D0030,Berau,
D0030,Kalimantan,
D0030,Timur,
D0030,Kaltim,
D0030,ditangkap,
D0030,usai,
D0030,kedapatan,
D0030,memiliki,
D0030,23,
D0030,ribu,
D0030,botol,
D0030,miras,
D0030,ilegal,
D0030,yang,
D0030,disimpan,
D0030,gudangnya,
D0030,Polisi,
D0030,menyebut,
D0030,pelaku,
D0030,merupakan,
D0030,distributor,
D0030,miras,
D0030,yang,
D0030,menyasar,
D0030,warung,
D0030,kecil,
D0030,Pelaku,
D0030,mendistribusikan,
D0030,miras,
D0030,kepada,
D0030,warungwarung,
D0030,kecil,
D0030,dan,
D0030,para,
D0030,pemesan,
D0030,di,
D0030,sekitar,
D0030,Berau,
D0030,kurang,
D0030,lebih,
D0030,1,
D0030,tahun,
D0030,belakangan,
D0030,ini,
D0030,ujar,
D0030,Kasat,
D0030,Reskrim,
D0030,Polres,
D0030,Berau,
D0030,AKP,
D0030,Ardian,
D0030,Rahayu,
D0030,Priatna,
D0030,kepada,
D0030,detikcom,
D0030,Senin,
D0030,172024,
D0030,Ardian,
D0030,mengatakan,
D0030,miras,
D0030,menjadi,
D0030,salah,
D0030,satu,
D0030,pemicu,
D0030,kriminalitas,
D0030,Pihaknya,
D0030,pun,
D0030,langsung,
D0030,bergerak,
D0030,mengamankan,
D0030,AB,
D0030,usai,
D0030,menerima,
D0030,laporan,
D0030,dari,
D0030,warga,
D0030,terkait,
D0030,maraknya,
D0030,penjualan,
D0030,miras,
D0030,di,
D0030,wilayah,
D0030,Sambaliung,
D0030,SCROLL,
D0030,TO,
D0030,CONTINUE,
D0030,WITH,
D0030,CONTENT,
D0030,Tidak,
D0030,dipungkiri,
D0030,miras,
D0030,ini,
D0030,jadi,
D0030,salah,
D0030,satu,
D0030,pemicu,
D0030,kriminalitas,
D0030,di,
D0030,wilayah,
D0030,Berau,
D0030,jadi,
D0030,saat,
D0030,mendapatkan,
D0030,laporan,
D0030,warga,
D0030,langsung,
D0030,kami,
D0030,selidiki,
D0030,katanya,
D0030,Ardian,
D0030,menyebut,
D0030,saat,
D0030,ini,
D0030,pihaknya,
D0030,tengah,
D0030,mendalami,
D0030,kasus,
D0030,peredaran,
D0030,miras,
D0030,serta,
D0030,melakukan,
D0030,pengembangan,
D0030,pemasok,
D0030,miras,
D0030,ke,
D0030,pada,
D0030,AB,
D0030,Dalam,
D0030,mendapatkan,
D0030,miras,
D0030,ini,
D0030,anggota,
D0030,masih,
D0030,mendalami,
D0030,siapa,
D0030,pemasoknya,
D0030,tuturnya,
D0030,Diberitakan,
D0030,sebelumnya,
D0030,polisi,
D0030,menggerebek,
D0030,gudang,
D0030,minuman,
D0030,keras,
D0030,ilegal,
D0030,milik,
D0030,AB,
D0030,di,
D0030,Jalan,
D0030,SM,
D0030,Bayanuddin,
D0030,Kelurahan,
D0030,Sambaliung,
D0030,Kecamatan,
D0030,Sambaliung,
D0030,pada,
D0030,Rabu,
D0030,136,
D0030,Hasilnya,
D0030,lebih,
D0030,dari,
D0030,23,
D0030,ribu,
D0030,botol,
D0030,miras,
D0030,ilegal,
D0030,berbagai,
D0030,jenis,
D0030,senilai,
D0030,Rp,
D0030,800,
D0030,juta,
D0030,disita,
D0030,Total,
D0030,ada,
D0030,1611,
D0030,dus,
D0030,minuman,
D0030,beralkohol,
D0030,dengan,
D0030,total,
D0030,23795,
D0030,botol,
D0030,berbagai,
D0030,jenis,
D0030,dan,
D0030,merek,
D0030,yang,
D0030,kami,
D0030,sita,
D0030,kata,
D0030,AKP,
D0030,Ardian,
D0030,Rahayu,
D0030,Priatna,
D0030,kepada,
D0030,detikcom,
D0030,Senin,
D0030,17,
D0031,Sesosok,
D0031,mayat,
D0031,lelaki,
D0031,tanpa,
D0031,identitas,
D0031,ditemukan,
D0031,di,
D0031,pinggir,
D0031,jalanan,
D0031,Cibalong,
D0031,Garut,
D0031,Mayat,
D0031,tersebut,
D0031,diduga,
D0031,korban,
D0031,mutilasi,
D0031,karena,
D0031,terpisahpisah,
D0031,bagian,
D0031,tubuhnya,
D0031,Mayat,
D0031,itu,
D0031,ditemukan,
D0031,di,
D0031,tepi,
D0031,Jalan,
D0031,Raya,
D0031,Cibalong,
D0031,Kampung,
D0031,Bantar,
D0031,Limus,
D0031,Desa,
D0031,Sancang,
D0031,Cibalong,
D0031,Garut,
D0031,pada,
D0031,Minggu,
D0031,3062024,
D0031,siang,
D0031,kemarin,
D0031,Kasi,
D0031,Humas,
D0031,Polres,
D0031,Garut,
D0031,Ipda,
D0031,Susilo,
D0031,Adhi,
D0031,menjelaskan,
D0031,mulanya,
D0031,petugas,
D0031,menerima,
D0031,laporan,
D0031,dari,
D0031,masyarakat,
D0031,terkait,
D0031,adanya,
D0031,penemuan,
D0031,mayat,
D0031,di,
D0031,lokasi,
D0031,tersebut,
D0031,SCROLL,
D0031,TO,
D0031,CONTINUE,
D0031,WITH,
D0031,CONTENT,
D0031,Anggota,
D0031,Polsek,
D0031,Cibalong,
D0031,kemudian,
D0031,langsung,
D0031,mengecek,
D0031,lokasi,
D0031,kemudian,
D0031,langsung,
D0031,melakukan,
D0031,olah,
D0031,TKP,
D0031,ungkap,
D0031,Adhi,
D0031,kepada,
D0031,detikJabar,
D0031,Senin,
D0031,172024,
D0031,Adhi,
D0031,mengatakan,
D0031,olah,
D0031,TKP,
D0031,kemudian,
D0031,langsung,
D0031,dilakukan,
D0031,oleh,
D0031,personel,
D0031,Polsek,
D0031,Cibalong,
D0031,disusul,
D0031,personel,
D0031,Sat,
D0031,Reskrim,
D0031,Polres,
D0031,Garut,
D0031,yang,
D0031,kemudian,
D0031,datang,
D0031,ke,
D0031,lokasi,
D0031,Berdasarkan,
D0031,hasil,
D0031,olah,
D0031,TKP,
D0031,yang,
D0031,dilakukan,
D0031,jasad,
D0031,korban,
D0031,memang,
D0031,ditemukan,
D0031,dalam,
D0031,keadaan,
D0031,yang,
D0031,benarbenar,
D0031,mengenaskan,
D0031,Badannya,
D0031,terpisah,
D0031,ke,
D0031,dalam,
D0031,beberapa,
D0031,bagian,
D0031,Potongan,
D0031,terbesar,
D0031,merupakan,
D0031,kepala,
D0031,hingga,
D0031,pinggul,
D0031,tanpa,
D0031,kedua,
D0031,tangan,
D0031,Kemudian,
D0031,ada,
D0031,juga,
D0031,potongan,
D0031,bokong,
D0031,korban,
D0031,Jasad,
D0031,tersebut,
D0031,ditemukan,
D0031,tergeletak,
D0031,di,
D0031,pinggir,
D0031,jalan,
D0031,Sedangkan,
D0031,potongan,
D0031,kaki,
D0031,dan,
D0031,kedua,
D0031,tangan,
D0031,diketahui,
D0031,berada,
D0031,di,
D0031,dalam,
D0031,tiga,
D0031,buah,
D0031,karung,
D0031,yang,
D0031,ada,
D0031,persis,
D0031,di,
D0031,dekat,
D0031,potongan,
D0031,tubuh,
D0031,lainnya,
D0031,Menurut,
D0031,Adhi,
D0031,jasad,
D0031,tersebut,
D0031,kemudian,
D0031,langsung,
D0031,dievakuasi,
D0031,oleh,
D0031,personel,
D0031,ke,
D0031,rumah,
D0031,sakit,
D0031,untuk,
D0031,kepentingan,
D0031,penyelidikan,
D0031,lebih,
D0031,lanjut,
D0031,Adhi,
D0031,menambahkan,
D0031,upaya,
D0031,penyelidikan,
D0031,saat,
D0031,ini,
D0031,masih,
D0031,terus,
D0031,dilakukan,
D0031,Termasuk,
D0031,untuk,
D0031,menelusuri,
D0031,identitas,
D0031,korban,
D0031,yang,
D0031,diketahui,
D0031,berjenis,
D0031,kelamin,
D0031,lelaki,
D0031,itu,
D0032,Polres,
D0032,Lamongan,
D0032,membeberkan,
D0032,hasil,
D0032,Operasi,
D0032,Sikat,
D0032,Semeru,
D0032,2024,
D0032,yang,
D0032,digelar,
D0032,selama,
D0032,12,
D0032,hari,
D0032,Hasilnya,
D0032,22,
D0032,tersangka,
D0032,ditangkap,
D0032,dari,
D0032,18,
D0032,kasus,
D0032,yang,
D0032,diungkap,
D0032,Kapolres,
D0032,Lamongan,
D0032,AKBP,
D0032,Bobby,
D0032,A,
D0032,Condroputra,
D0032,mengatakan,
D0032,Operasi,
D0032,Polres,
D0032,Lamongan,
D0032,membeberkan,
D0032,hasil,
D0032,Operasi,
D0032,digelar,
D0032,sejak,
D0032,tanggal,
D0032,3,
D0032,Juni,
D0032,hingga,
D0032,14,
D0032,Juni,
D0032,2024,
D0032,Adapun,
D0032,18,
D0032,kasus,
D0032,yang,
D0032,diungkap,
D0032,didominasi,
D0032,kasus,
D0032,pencurian,
D0032,kendaraan,
D0032,bermotor,
D0032,sebanyak,
D0032,9,
D0032,kasus,
D0032,selanjutnya,
D0032,kasus,
D0032,pencurian,
D0032,dengan,
D0032,pemberatan,
D0032,sebanyak,
D0032,5,
D0032,kasus,
D0032,street,
D0032,crime,
D0032,2,
D0032,kasus,
D0032,pencurian,
D0032,dan,
D0032,pencurian,
D0032,dengan,
D0032,kekerasan,
D0032,atau,
D0032,curas,
D0032,masingmasing,
D0032,1,
D0032,kasus,
D0032,SCROLL,
D0032,TO,
D0032,CONTINUE,
D0032,WITH,
D0032,CONTENT,
D0032,Sasaran,
D0032,operasi,
D0032,Pekat,
D0032,ini,
D0032,adalah,
D0032,kejahatan,
D0032,jalanan,
D0032,atau,
D0032,street,
D0032,crime,
D0032,pencurian,
D0032,dan,
D0032,penyalahgunaan,
D0032,sajamsenpihandak,
D0032,serta,
D0032,penyelundupanpencurian,
D0032,di,
D0032,wilayah,
D0032,perairan,
D0032,yang,
D0032,meresahkan,
D0032,masyarakat,
D0032,Operasi,
D0032,Pekat,
D0032,ini,
D0032,kami,
D0032,gelar,
D0032,untuk,
D0032,menciptakan,
D0032,kondusifitas,
D0032,kamtibmas,
D0032,di,
D0032,wilayah,
D0032,Lamongan,
D0032,kata,
D0032,Bobby,
D0032,kepada,
D0032,wartawan,
D0032,saat,
D0032,konferensi,
D0032,pers,
D0032,yang,
D0032,berlangsung,
D0032,di,
D0032,Mapolres,
D0032,Lamongan,
D0032,Sabtu,
D0032,2962024,
D0032,Selain,
D0032,mengamankan,
D0032,22,
D0032,tersangka,
D0032,dari,
D0032,18,
D0032,kasus,
D0032,tersebut,
D0032,polisi,
D0032,juga,
D0032,mengamankan,
D0032,sejumlah,
D0032,barang,
D0032,bukti,
D0032,dari,
D0032,berbagai,
D0032,tindak,
D0032,kejahatan,
D0032,Barang,
D0032,bukti,
D0032,yang,
D0032,diamankan,
D0032,seperti,
D0032,6,
D0032,unit,
D0032,ponsel,
D0032,1,
D0032,laptop,
D0032,dan,
D0032,2,
D0032,unit,
D0032,sepeda,
D0032,motor,
D0032,Ke,
D0032,22,
D0032,tersangka,
D0032,yang,
D0032,ditangkap,
D0032,kini,
D0032,disangkakan,
D0032,dengan,
D0032,pasal,
D0032,yang,
D0032,berbeda,
D0032,sesuai,
D0032,kejahatan,
D0032,yang,
D0032,dilakukan,
D0032,Antara,
D0032,lain,
D0032,Pasal,
D0032,365,
D0032,KUHP,
D0032,dengan,
D0032,ancaman,
D0032,hukuman,
D0032,7,
D0032,tahun,
D0032,penjara,
D0032,Pasal,
D0032,363,
D0032,Pasal,
D0032,362,
D0032,dan,
D0032,Pasal,
D0032,170,
D0032,dengan,
D0032,ancaman,
D0032,hukumannya,
D0032,adalah,
D0032,7,
D0032,tahun,
D0032,penjara,
D0032,Kami,
D0032,berharap,
D0032,dengan,
D0032,dilaksanakannya,
D0032,Operasi,
D0032,Sikat,
D0032,Semeru,
D0032,2024,
D0032,di,
D0032,wilayah,
D0032,hukum,
D0032,Polres,
D0032,Lamongan,
D0032,bisa,
D0032,menekan,
D0032,angka,
D0032,kasus,
D0032,kriminalitas,
D0032,dan,
D0032,kondisi,
D0032,wilayah,
D0032,Lamongan,
D0032,semakin,
D0032,kondusif,
D0032,tandas,
D0032,Bobby,
D0032,Usai,
D0032,menggelar,
D0032,konferensi,
D0032,pers,
D0032,Bobby,
D0032,juga,
D0032,langsung,
D0032,mengembalikan,
D0032,1,
D0032,unit,
D0032,sepeda,
D0032,motor,
D0032,kepada,
D0032,pemiliknya,
D0032,yang,
D0032,dicuri,
D0032,Motor,
D0032,tersebut,
D0032,dikembalikan,
D0032,ke,
D0032,pemiliknya,
D0032,Muhamad,
D0032,Ridwan,
D0032,39,
D0032,warga,
D0032,Desa,
D0032,Karangkawis,
D0032,Kecamatan,
D0032,Pucuk,
D0032,Saya,
D0032,itu,
D0032,kehilangan,
D0032,motor,
D0032,kalau,
D0032,tidak,
D0032,salah,
D0032,ingat,
D0032,pada,
D0032,Kamis,
D0032,dini,
D0032,hari,
D0032,motor,
D0032,ini,
D0032,saya,
D0032,parkir,
D0032,di,
D0032,rumah,
D0032,saya,
D0032,kata,
D0032,Ridwan,
D0032,Ridwan,
D0032,mengaku,
D0032,tidak,
D0032,menyangka,
D0032,motornya,
D0032,yang,
D0032,dicuri,
D0032,bisa,
D0032,kembali,
D0032,Ia,
D0032,pun,
D0032,mengapresiasi,
D0032,kerja,
D0032,polisi,
D0032,yang,
D0032,telah,
D0032,berhasil,
D0032,menemukan,
D0032,motornya,
D0032,dan,
D0032,menangkap,
D0032,pelaku,
D0032,pencurian,
D0032,Terima,
D0032,kasih,
D0032,pak,
D0032,kapolres,
D0032,dan,
D0032,jajaran,
D0032,yang,
D0032,telah,
D0032,berhasil,
D0032,menemukan,
D0032,kembali,
D0032,motor,
D0032,saya,
D0032,semoga,
D0032,Polres,
D0032,Lamongan,
D0032,semakin,
D0032,sukses,
D0032,tutur,
D0032,Ridwan,
D0032,seraya,
D0032,menyampaikan,
D0032,selamat,
D0032,Hari,
D0032,Bhayangkara,
D0032,ke78,
D0033,Polresta,
D0033,Sidoarjo,
D0033,berhasil,
D0033,mengungkap,
D0033,69,
D0033,kasus,
D0033,pencurian,
D0033,curat,
D0033,curas,
D0033,curanmor,
D0033,kejahatan,
D0033,jalanan,
D0033,penganiayaan,
D0033,dan,
D0033,pengerokon,
D0033,Hasilnya,
D0033,sebanyak,
D0033,70,
D0033,orang,
D0033,telah,
D0033,diringkus,
D0033,Sedangkan,
D0033,kasus,
D0033,yang,
D0033,paling,
D0033,dominan,
D0033,yakni,
D0033,curat,
D0033,pencurian,
D0033,dengan,
D0033,pemberatan,
D0033,sejumlah,
D0033,27,
D0033,laporan,
D0033,polisi,
D0033,dan,
D0033,berhasil,
D0033,mengamankan,
D0033,31,
D0033,tersangka,
D0033,Kemudian,
D0033,sejumlah,
D0033,21,
D0033,tersangka,
D0033,kasus,
D0033,curanmor,
D0033,telah,
D0033,diamankan,
D0033,Kapolresta,
D0033,Sidoarjo,
D0033,Kombes,
D0033,Christian,
D0033,Tobing,
D0033,mengatakan,
D0033,penangkapan,
D0033,tersangka,
D0033,hasil,
D0033,ungkap,
D0033,Operasi,
D0033,Sikat,
D0033,Semeru,
D0033,2024,
D0033,yang,
D0033,dilaksanakan,
D0033,pada,
D0033,3,
D0033,Juni,
D0033,sampai,
D0033,14,
D0033,Juni,
D0033,2024,
D0033,SCROLL,
D0033,TO,
D0033,CONTINUE,
D0033,WITH,
D0033,CONTENT,
D0033,Laporan,
D0033,polisi,
D0033,yang,
D0033,berhasil,
D0033,diungkap,
D0033,di,
D0033,antaranya,
D0033,12,
D0033,laporan,
D0033,pencurian,
D0033,27,
D0033,laporan,
D0033,curat,
D0033,dua,
D0033,laporan,
D0033,curas,
D0033,25,
D0033,laporan,
D0033,curanmor,
D0033,dan,
D0033,tiga,
D0033,laporan,
D0033,street,
D0033,crime,
D0033,Kami,
D0033,berhasil,
D0033,mengamankan,
D0033,70,
D0033,tersangka,
D0033,terdiri,
D0033,dari,
D0033,31,
D0033,orang,
D0033,kasus,
D0033,curat,
D0033,21,
D0033,orang,
D0033,kasus,
D0033,curanmor,
D0033,10,
D0033,orang,
D0033,kasus,
D0033,pencurian,
D0033,enam,
D0033,orang,
D0033,kasus,
D0033,street,
D0033,crime,
D0033,dan,
D0033,dua,
D0033,orang,
D0033,kasus,
D0033,curas,
D0033,kata,
D0033,Christian,
D0033,di,
D0033,Mapolresta,
D0033,Sidoarjo,
D0033,Jumat,
D0033,2862024,
D0033,Christian,
D0033,menjelaskan,
D0033,kasus,
D0033,yang,
D0033,paling,
D0033,menonjol,
D0033,yakni,
D0033,kasus,
D0033,curanmor,
D0033,R4,
D0033,yang,
D0033,berhasil,
D0033,diungkap,
D0033,dalam,
D0033,waktu,
D0033,1,
D0033,x,
D0033,24,
D0033,jam,
D0033,di,
D0033,lima,
D0033,TKP,
D0033,berbeda,
D0033,Empat,
D0033,orang,
D0033,tersangka,
D0033,yang,
D0033,berhasil,
D0033,diamankan,
D0033,yakni,
D0033,S,
D0033,35,
D0033,MS,
D0033,36,
D0033,K,
D0033,37,
D0033,dan,
D0033,S,
D0033,39,
D0033,ketiga,
D0033,tersangka,
D0033,merupakan,
D0033,warga,
D0033,Kecamatan,
D0033,Banyuanyar,
D0033,Kabupaten,
D0033,Probolinggo,
D0033,Sedangkan,
D0033,S,
D0033,35,
D0033,merupakan,
D0033,warga,
D0033,Kabupaten,
D0033,Sampang,
D0033,Barang,
D0033,bukti,
D0033,mobil,
D0033,curian,
D0033,yang,
D0033,berhasil,
D0033,diamankan,
D0033,dari,
D0033,tangan,
D0033,tersangka,
D0033,yakni,
D0033,dua,
D0033,unit,
D0033,Mistsubishi,
D0033,L300,
D0033,truk,
D0033,boks,
D0033,dua,
D0033,unit,
D0033,pikap,
D0033,Grand,
D0033,Max,
D0033,jelas,
D0033,Christian,
D0033,Christian,
D0033,mengapresiasi,
D0033,kecepatan,
D0033,masyarakat,
D0033,dalam,
D0033,hal,
D0033,ini,
D0033,adalah,
D0033,korban,
D0033,untuk,
D0033,segera,
D0033,lapor,
D0033,ke,
D0033,Polresta,
D0033,Sidoarjo,
D0033,maupun,
D0033,polsek,
D0033,jajaran,
D0033,Karenanya,
D0033,masyarakat,
D0033,di,
D0033,imbau,
D0033,bila,
D0033,mengalami,
D0033,tindak,
D0033,kriminalitas,
D0033,jangan,
D0033,takut,
D0033,lapor,
D0033,ke,
D0033,polisi,
D0033,Dengan,
D0033,peran,
D0033,serta,
D0033,masyarakat,
D0033,dalam,
D0033,mengungkap,
D0033,kasus,
D0033,kriminalitas,
D0033,juga,
D0033,kami,
D0033,masifkan,
D0033,patroli,
D0033,kamtibmas,
D0033,antisipasi,
D0033,kejahatan,
D0033,jalanan,
D0033,curanmor,
D0033,curat,
D0033,dan,
D0033,lainnya,
D0033,semoga,
D0033,wilayah,
D0033,kita,
D0033,senantiasa,
D0033,aman,
D0033,dan,
D0033,nyaman,
D0033,imbuh,
D0033,Christian,
D0033,Terhadap,
D0033,70,
D0033,tersangka,
D0033,yang,
D0033,diringkus,
D0033,polisi,
D0033,Sidoarjo,
D0033,dikenakan,
D0033,ancaman,
D0033,hukuman,
D0033,pelaku,
D0033,curas,
D0033,dikenakan,
D0033,Pasal,
D0033,365,
D0033,KUHP,
D0033,ancaman,
D0033,hukuman,
D0033,penjara,
D0033,9,
D0033,tahun,
D0033,Sedangkan,
D0033,pelaku,
D0033,curat,
D0033,dan,
D0033,curanmor,
D0033,dikenakan,
D0033,Pasal,
D0033,363,
D0033,KUHP,
D0033,ancaman,
D0033,hukuman,
D0033,penjara,
D0033,9,
D0033,tahun,
D0033,Pada,
D0033,kesempatan,
D0033,ungkap,
D0033,kasus,
D0033,kriminalitas,
D0033,Operasi,
D0033,Sikat,
D0033,Semeru,
D0033,2024,
D0033,dilakukan,
D0033,penyerahan,
D0033,barang,
D0033,bukti,
D0033,kendaraan,
D0033,bermotor,
D0033,tindak,
D0033,pencurian,
D0033,kepada,
D0033,korban,
D0033,Diserahkan,
D0033,Kapolresta,
D0033,Sidoarjo,
D0033,Kombes,
D0033,Pol,
D0033,Christian,
D0033,Tobing,
D0033,langsung,
D0033,kepada,
D0033,korban,
D0033,Korban,
D0033,menerima,
D0033,kendaraan,
D0033,bermotornya,
D0033,yang,
D0033,hilang,
D0033,merasa,
D0033,senang,
D0033,Seperti,
D0033,diutarakan,
D0033,Misto,
D0033,warga,
D0033,asal,
D0033,Tarik,
D0033,sebulan,
D0033,lalu,
D0033,melaporkan,
D0033,ke,
D0033,Polsek,
D0033,Tarik,
D0033,telah,
D0033,kehilanggan,
D0033,sepeda,
D0033,motor,
D0033,saat,
D0033,di,
D0033,parkir,
D0033,di,
D0033,Masjid,
D0033,Al,
D0033,Ikhlas,
D0033,Kedung,
D0033,Bocok,
D0033,Tarik,
D0033,Senang,
D0033,sekali,
D0033,sepeda,
D0033,motor,
D0033,saya,
D0033,telah,
D0033,ditemukan,
D0033,Terima,
D0033,kasih,
D0033,atas,
D0033,upaya,
D0033,yang,
D0033,di,
D0033,lakukan,
D0033,anggota,
D0033,polisi,
D0033,di,
D0033,Sidoarjo,
D0033,telah,
D0033,bekerja,
D0033,keras,
D0033,mengungkap,
D0033,kasus,
D0033,yang,
D0033,saya,
D0033,alami,
D0033,maupun,
D0033,korban,
D0033,lainnya,
D0033,kata,
D0033,Misto,
D0034,Polres,
D0034,Pasuruan,
D0034,Kota,
D0034,terus,
D0034,melakukan,
D0034,pemberantasan,
D0034,perjudian,
D0034,di,
D0034,wilayahnya,
D0034,Polsekpolsek,
D0034,diperintahkan,
D0034,gencar,
D0034,melakukan,
D0034,penindakan,
D0034,Salah,
D0034,satunya,
D0034,Polsek,
D0034,Rejoso,
D0034,yang,
D0034,menunjukkan,
D0034,komitmen,
D0034,dalam,
D0034,memberantas,
D0034,perjudian,
D0034,Baik,
D0034,perjudian,
D0034,online,
D0034,maupun,
D0034,konvensional,
D0034,Kami,
D0034,mengamankan,
D0034,empat,
D0034,tersangka,
D0034,dalam,
D0034,tiga,
D0034,kasus,
D0034,perjudian,
D0034,mulai,
D0034,bulan,
D0034,Mei,
D0034,2024,
D0034,di,
D0034,mana,
D0034,mereka,
D0034,pemain,
D0034,judi,
D0034,online,
D0034,dan,
D0034,konvensional,
D0034,ujar,
D0034,Kapolsek,
D0034,Rejoso,
D0034,Iptu,
D0034,Agung,
D0034,Prasetyo,
D0034,Senin,
D0034,2462024,
D0034,SCROLL,
D0034,TO,
D0034,CONTINUE,
D0034,WITH,
D0034,CONTENT,
D0034,Para,
D0034,tersangka,
D0034,yang,
D0034,diamankan,
D0034,terdiri,
D0034,dari,
D0034,berbagai,
D0034,kalangan,
D0034,dan,
D0034,profesi,
D0034,Mereka,
D0034,tertangkap,
D0034,tangan,
D0034,sedang,
D0034,melakukan,
D0034,aktivitas,
D0034,perjudian,
D0034,dengan,
D0034,barang,
D0034,bukti,
D0034,berupa,
D0034,uang,
D0034,tunai,
D0034,alatalat,
D0034,perjudian,
D0034,dan,
D0034,catatan,
D0034,taruhan,
D0034,Kami,
D0034,menyita,
D0034,sejumlah,
D0034,barang,
D0034,bukti,
D0034,dari,
D0034,lokasi,
D0034,penangkapan,
D0034,termasuk,
D0034,uang,
D0034,tunai,
D0034,dan,
D0034,alatalat,
D0034,yang,
D0034,digunakan,
D0034,untuk,
D0034,berjudi,
D0034,Semua,
D0034,tersangka,
D0034,saat,
D0034,ini,
D0034,sudah,
D0034,kami,
D0034,amankan,
D0034,dan,
D0034,sedang,
D0034,menjalani,
D0034,proses,
D0034,penyidikan,
D0034,lebih,
D0034,lanjut,
D0034,terang,
D0034,Agung,
D0034,Agung,
D0034,menegaskan,
D0034,pihaknya,
D0034,akan,
D0034,terus,
D0034,meningkatkan,
D0034,intensitas,
D0034,operasi,
D0034,dan,
D0034,patroli,
D0034,untuk,
D0034,memastikan,
D0034,wilayah,
D0034,Rejoso,
D0034,bersih,
D0034,dari,
D0034,aktivitas,
D0034,perjudian,
D0034,dan,
D0034,tindak,
D0034,kriminalitas,
D0034,lainnya,
D0034,Tindakan,
D0034,tegas,
D0034,akan,
D0034,dilakukan,
D0034,untuk,
D0034,memberikan,
D0034,efek,
D0034,jera,
D0034,Kami,
D0034,akan,
D0034,terus,
D0034,melakukan,
D0034,operasi,
D0034,dan,
D0034,patroli,
D0034,rutin,
D0034,untuk,
D0034,memastikan,
D0034,tidak,
D0034,ada,
D0034,lagi,
D0034,aktivitas,
D0034,perjudian,
D0034,di,
D0034,wilayah,
D0034,hukum,
D0034,Polsek,
D0034,Rejoso,
D0034,tegas,
D0034,Agung,
D0034,Agung,
D0034,meminta,
D0034,masyarakat,
D0034,menghindari,
D0034,segala,
D0034,macam,
D0034,perjudian,
D0034,baik,
D0034,online,
D0034,maupun,
D0034,konvensional,
D0034,offline,
D0034,Masyarakat,
D0034,silakan,
D0034,melaporkan,
D0034,kepada,
D0034,kami,
D0034,bila,
D0034,melihat,
D0034,atau,
D0034,mengetahui,
D0034,perjudian,
D0034,di,
D0034,call,
D0034,center,
D0034,110,
D0034,atau,
D0034,di,
D0034,nomer,
D0034,watshap,
D0034,082128752002,
D0034,pungkasnya,
D0035,Ratusan,
D0035,kasus,
D0035,kriminalitas,
D0035,di,
D0035,Surabaya,
D0035,diungkap,
D0035,Polrestabes,
D0035,Surabaya,
D0035,Ratusan,
D0035,pelaku,
D0035,pula,
D0035,telah,
D0035,ditangkap,
D0035,dan,
D0035,ditetapkan,
D0035,jadi,
D0035,tersangka,
D0035,Wakapolrestabes,
D0035,Surabaya,
D0035,AKBP,
D0035,Wimboko,
D0035,menyebut,
D0035,ada,
D0035,405,
D0035,kasus,
D0035,yang,
D0035,telah,
D0035,diungkap,
D0035,Satreskrim,
D0035,Polrestabes,
D0035,Surabaya,
D0035,dan,
D0035,polsek,
D0035,jajaran,
D0035,Dari,
D0035,jumlah,
D0035,itu,
D0035,ada,
D0035,243,
D0035,tersangka,
D0035,yang,
D0035,telah,
D0035,ditetapkan,
D0035,Pengungkapan,
D0035,ratusan,
D0035,kasus,
D0035,ini,
D0035,merupakan,
D0035,tanggung,
D0035,jawab,
D0035,kami,
D0035,pada,
D0035,masyarakat,
D0035,Surabaya,
D0035,Pekerjaan,
D0035,Rumah,
D0035,PR,
D0035,kami,
D0035,masih,
D0035,banyak,
D0035,dan,
D0035,akan,
D0035,terus,
D0035,kami,
D0035,ungkap,
D0035,kata,
D0035,Wimboko,
D0035,Senin,
D0035,2462024,
D0035,SCROLL,
D0035,TO,
D0035,CONTINUE,
D0035,WITH,
D0035,CONTENT,
D0035,Dari,
D0035,jumlah,
D0035,itu,
D0035,terdiri,
D0035,dari,
D0035,sejumlah,
D0035,aksi,
D0035,kriminalitas,
D0035,Rinciannya,
D0035,298,
D0035,kasus,
D0035,curanmor,
D0035,dan,
D0035,141,
D0035,tersangka,
D0035,65,
D0035,kasus,
D0035,curat,
D0035,dan,
D0035,65,
D0035,tersangka,
D0035,27,
D0035,kasus,
D0035,curas,
D0035,dan,
D0035,21,
D0035,tersangka,
D0035,11,
D0035,kasus,
D0035,sajam,
D0035,dan,
D0035,11,
D0035,tersangka,
D0035,serta,
D0035,4,
D0035,kasus,
D0035,gangster,
D0035,dan,
D0035,5,
D0035,tersangka,
D0035,Wimboko,
D0035,menjelaskan,
D0035,dalam,
D0035,operasi,
D0035,yang,
D0035,digelar,
D0035,selama,
D0035,12,
D0035,hari,
D0035,itu,
D0035,ada,
D0035,5,
D0035,tersangka,
D0035,yang,
D0035,dihadiahi,
D0035,timah,
D0035,panas,
D0035,Sebab,
D0035,coba,
D0035,kabur,
D0035,saat,
D0035,akan,
D0035,diamankan,
D0035,kelimanya,
D0035,sempat,
D0035,melawan,
D0035,petugas,
D0035,dan,
D0035,berupaya,
D0035,melarikan,
D0035,diri,
D0035,Kami,
D0035,berharap,
D0035,masyarakat,
D0035,juga,
D0035,lebih,
D0035,menjaga,
D0035,barang,
D0035,berharga,
D0035,miliknya,
D0035,Kami,
D0035,tidak,
D0035,akan,
D0035,berhenti,
D0035,melakukan,
D0035,ungkap,
D0035,kasus,
D0035,curanmor,
D0035,untuk,
D0035,menjaga,
D0035,kamtibmas,
D0035,di,
D0035,wilayah,
D0035,Surabaya,
D0035,tegasnya,
D0035,Ia,
D0035,menambahkan,
D0035,sudah,
D0035,ada,
D0035,35,
D0035,kendaraan,
D0035,sepeda,
D0035,motor,
D0035,yang,
D0035,merupakan,
D0035,hasil,
D0035,kejahatan,
D0035,dan,
D0035,disita,
D0035,sebagai,
D0035,barang,
D0035,bukti,
D0035,Seluruhnya,
D0035,akan,
D0035,dikembalikan,
D0035,kepada,
D0035,pemiliknya,
D0035,masingmasing,
D0035,Bagi,
D0035,masyarakat,
D0035,yang,
D0035,akan,
D0035,mengambil,
D0035,kendaraannya,
D0035,silakan,
D0035,membawa,
D0035,suratsurat,
D0035,kendaraan,
D0035,sebagai,
D0035,keabsahan,
D0035,jika,
D0035,memang,
D0035,pemilik,
D0035,kendaraan,
D0035,tersebut,
D0035,tandas,
D0035,Wimboko,
D0036,Dering,
D0036,telepon,
D0036,terdengar,
D0036,nyaring,
D0036,dari,
D0036,lantai,
D0036,dua,
D0036,gedung,
D0036,Sentra,
D0036,Pelayanan,
D0036,Kepolisian,
D0036,Terpadu,
D0036,SPKT,
D0036,Polres,
D0036,Sukabumi,
D0036,Seorang,
D0036,operator,
D0036,terlihat,
D0036,mengangkat,
D0036,telepon,
D0036,menggunakan,
D0036,audio,
D0036,wireless,
D0036,yang,
D0036,terpasang,
D0036,di,
D0036,telinganya,
D0036,jarinya,
D0036,sudah,
D0036,siap,
D0036,di,
D0036,keyboard,
D0036,komputer,
D0036,kalimat,
D0036,template,
D0036,layanan,
D0036,diucapkan,
D0036,Halo,
D0036,selamat,
D0036,siang,
D0036,layanan,
D0036,110,
D0036,Polres,
D0036,Sukabumi,
D0036,ucap,
D0036,operator,
D0036,berseragam,
D0036,polisi,
D0036,tersebut,
D0036,ditunggu,
D0036,beberapa,
D0036,menit,
D0036,tidak,
D0036,ada,
D0036,suara,
D0036,di,
D0036,ujung,
D0036,telepon,
D0036,Petugas,
D0036,kemudian,
D0036,menutup,
D0036,sambungan,
D0036,telepon,
D0036,Sekitar,
D0036,5,
D0036,menit,
D0036,kemudian,
D0036,dering,
D0036,telepon,
D0036,kembali,
D0036,berbunyi,
D0036,petugas,
D0036,kembali,
D0036,mengangkat,
D0036,telepon,
D0036,Lagilagi,
D0036,tidak,
D0036,ada,
D0036,suara,
D0036,di,
D0036,ujung,
D0036,telepon,
D0036,SCROLL,
D0036,TO,
D0036,CONTINUE,
D0036,WITH,
D0036,CONTENT,
D0036,Dari,
D0036,data,
D0036,yang,
D0036,kami,
D0036,rekap,
D0036,selama,
D0036,bulan,
D0036,Juni,
D0036,mulai,
D0036,tanggal,
D0036,1,
D0036,hingga,
D0036,20,
D0036,tercatat,
D0036,ada,
D0036,sekitar,
D0036,2212,
D0036,panggilan,
D0036,yang,
D0036,masuk,
D0036,Dari,
D0036,jumlah,
D0036,tersebut,
D0036,1900,
D0036,panggilan,
D0036,berhasil,
D0036,ditangani,
D0036,dengan,
D0036,baik,
D0036,sementara,
D0036,200,
D0036,panggilan,
D0036,lainnya,
D0036,ternyata,
D0036,hanya,
D0036,prank,
D0036,call,
D0036,dan,
D0036,empty,
D0036,call,
D0036,Jadi,
D0036,yang,
D0036,kami,
D0036,respons,
D0036,itu,
D0036,sebanyak,
D0036,994,
D0036,persen,
D0036,kata,
D0036,Kapolres,
D0036,Sukabumi,
D0036,AKBP,
D0036,Tony,
D0036,Prasetyo,
D0036,didampingi,
D0036,Kasi,
D0036,Teknologi,
D0036,Informasi,
D0036,dan,
D0036,Komunikasi,
D0036,TIK,
D0036,Polres,
D0036,Sukabumi,
D0036,Aipda,
D0036,Deny,
D0036,Ferdianto,
D0036,kepada,
D0036,detikJabar,
D0036,Minggu,
D0036,2362024,
D0036,Petugas,
D0036,mengklasifikasi,
D0036,setiap,
D0036,aduan,
D0036,mulai,
D0036,dari,
D0036,sekadar,
D0036,menanyakan,
D0036,prosedur,
D0036,pembuatan,
D0036,Surat,
D0036,Izin,
D0036,Mengemudi,
D0036,SIM,
D0036,pembuatan,
D0036,Surat,
D0036,Keterangan,
D0036,Catatan,
D0036,Kejahatan,
D0036,SKCK,
D0036,bahkan,
D0036,kecelakaan,
D0036,lalu,
D0036,lintas,
D0036,di,
D0036,jalanan,
D0036,hingga,
D0036,KDRT,
D0036,Dari,
D0036,telepon,
D0036,tersebut,
D0036,dikoneksikan,
D0036,langsung,
D0036,kepada,
D0036,petugas,
D0036,terkait,
D0036,Satreskrim,
D0036,atau,
D0036,jajaran,
D0036,Polsek,
D0036,terdekat,
D0036,Jadi,
D0036,ada,
D0036,beberapa,
D0036,kategori,
D0036,yang,
D0036,selama,
D0036,ini,
D0036,kami,
D0036,klasifikasikan,
D0036,selain,
D0036,prank,
D0036,call,
D0036,tadi,
D0036,ada,
D0036,yang,
D0036,meminta,
D0036,informasi,
D0036,ya,
D0036,contoh,
D0036,meminta,
D0036,informasi,
D0036,bagaimana,
D0036,prosedural,
D0036,pembuatan,
D0036,SKCK,
D0036,biaya,
D0036,dan,
D0036,sejenisnya,
D0036,kemudian,
D0036,prosedur,
D0036,pembuatan,
D0036,SIM,
D0036,dan,
D0036,Ada,
D0036,juga,
D0036,informasi,
D0036,kecelakaan,
D0036,lalu,
D0036,lintas,
D0036,terkait,
D0036,dengan,
D0036,kriminalitas,
D0036,yang,
D0036,masuk,
D0036,di,
D0036,kami,
D0036,beberapa,
D0036,saat,
D0036,belakangan,
D0036,ini,
D0036,ada,
D0036,peristiwa,
D0036,seperti,
D0036,contohnya,
D0036,KDRT,
D0036,jelas,
D0036,Tony,
D0036,Begitu,
D0036,ada,
D0036,laporan,
D0036,tentang,
D0036,kejadian,
D0036,perkara,
D0036,kriminal,
D0036,operator,
D0036,pasti,
D0036,akan,
D0036,langsung,
D0036,menghubungi,
D0036,satuan,
D0036,kerja,
D0036,atau,
D0036,satuan,
D0036,wilayah,
D0036,Dalam,
D0036,arti,
D0036,begini,
D0036,misalnya,
D0036,ada,
D0036,suatu,
D0036,kejadian,
D0036,misalnya,
D0036,geng,
D0036,motor,
D0036,pernah,
D0036,ada,
D0036,aduan,
D0036,seperti,
D0036,itu,
D0036,petugas,
D0036,akan,
D0036,menghubungi,
D0036,wilayah,
D0036,hukum,
D0036,Polsek,
D0036,terdekat,
D0036,dari,
D0036,lokasi,
D0036,terdekat,
D0036,untuk,
D0036,respons,
D0036,cepat,
D0036,berlanjut,
D0036,ke,
D0036,satuan,
D0036,lain,
D0036,nantinya,
D0036,Ini,
D0036,juga,
D0036,berlaku,
D0036,untuk,
D0036,kejadian,
D0036,lainnya,
D0036,lanjut,
D0036,Tony,
D0036,membeberkan,
D0036,soal,
D0036,alur,
D0036,penanganan,
D0036,layanan,
D0036,110,
D0036,Selain,
D0036,layanan,
D0036,telepon,
D0036,110,
D0036,Polres,
D0036,Sukabumi,
D0036,juga,
D0036,menyebar,
D0036,nomor,
D0036,WhatsApp,
D0036,yang,
D0036,terkoneksi,
D0036,dan,
D0036,terpantau,
D0036,langsung,
D0036,oleh,
D0036,Kapolres,
D0036,Sukabumi,
D0036,Layanan,
D0036,melalui,
D0036,WA,
D0036,tersebut,
D0036,ada,
D0036,di,
D0036,nomor,
D0036,08111699110,
D0036,aduan,
D0036,melalui,
D0036,layanan,
D0036,ini,
D0036,juga,
D0036,disebut,
D0036,Kapolres,
D0036,Tony,
D0036,banyak,
D0036,mendapat,
D0036,respons,
D0036,masyarakat,
D0036,Jadi,
D0036,selain,
D0036,110,
D0036,kami,
D0036,juga,
D0036,ada,
D0036,hotline,
D0036,WA,
D0036,ya,
D0036,ini,
D0036,saya,
D0036,pantau,
D0036,langsung,
D0036,saya,
D0036,baca,
D0036,dan,
D0036,terkadang,
D0036,saya,
D0036,balas,
D0036,langsung,
D0036,ke,
D0036,masyarakat,
D0036,yang,
D0036,berinteraksi,
D0036,Mulai,
D0036,dari,
D0036,informasi,
D0036,keramaian,
D0036,keresahan,
D0036,geng,
D0036,motor,
D0036,penipuan,
D0036,yang,
D0036,tren,
D0036,ini,
D0036,penipuan,
D0036,lewat,
D0036,marketplace,
D0036,Facebook,
D0036,ungkap,
D0036,Tony,
D0036,Biasanya,
D0036,Tony,
D0036,meminta,
D0036,masyarakat,
D0036,untuk,
D0036,datang,
D0036,langsung,
D0036,ketika,
D0036,menghadapi,
D0036,persoalan,
D0036,kriminal,
D0036,penipuan,
D0036,namun,
D0036,itu,
D0036,juga,
D0036,tidak,
D0036,menutup,
D0036,kemungkinan,
D0036,personel,
D0036,langsung,
D0036,yang,
D0036,merespons,
D0036,aduan,
D0036,tersebut,
D0036,dengan,
D0036,mendatangi,
D0036,warga,
D0036,Untuk,
D0036,yang,
D0036,memang,
D0036,menjadi,
D0036,korban,
D0036,penipuan,
D0036,atau,
D0036,KDRT,
D0036,kami,
D0036,mengarahkan,
D0036,langsung,
D0036,ke,
D0036,Satreskrim,
D0036,kemudian,
D0036,kalau,
D0036,memang,
D0036,darurat,
D0036,petugas,
D0036,akan,
D0036,langsung,
D0036,mendatangi,
D0036,lokasi,
D0036,warga,
D0036,Curhat,
D0036,KDRT,
D0036,warga,
D0036,yang,
D0036,merasa,
D0036,menjadi,
D0036,korban,
D0036,kami,
D0036,arahkan,
D0036,dengan,
D0036,Satreskrim,
D0036,ada,
D0036,Unit,
D0036,Perlindungan,
D0036,Perempuan,
D0036,dan,
D0036,Anak,
D0036,PPA,
D0036,atau,
D0036,petugas,
D0036,yang,
D0036,datang,
D0036,ke,
D0036,lokasi,
D0036,korban,
D0036,pungkas,
D0036,Tony,
D0037,Angka,
D0037,kriminalitas,
D0037,di,
D0037,wilayah,
D0037,Kecamatan,
D0037,Medan,
D0037,Sunggal,
D0037,mendapat,
D0037,perhatian,
D0037,khusus,
D0037,dari,
D0037,Kapolda,
D0037,Sumatera,
D0037,Utara,
D0037,Irjen,
D0037,Agung,
D0037,Setya,
D0037,Imam,
D0037,Agung,
D0037,menyebut,
D0037,Sunggal,
D0037,menjadi,
D0037,daerah,
D0037,paling,
D0037,rawan,
D0037,di,
D0037,Kota,
D0037,Medan,
D0037,Mulanya,
D0037,mantan,
D0037,Kapolda,
D0037,Riau,
D0037,itu,
D0037,mengungkapkan,
D0037,tingginya,
D0037,laporan,
D0037,masyarakat,
D0037,di,
D0037,Polsek,
D0037,SUnggal,
D0037,yang,
D0037,jumlahnya,
D0037,mencapai,
D0037,30,
D0037,per,
D0037,hari,
D0037,Polsek,
D0037,Sunggal,
D0037,itu,
D0037,adalah,
D0037,polsek,
D0037,wilayah,
D0037,paling,
D0037,rawan,
D0037,di,
D0037,Kota,
D0037,Medan,
D0037,dari,
D0037,jumlah,
D0037,kejadian,
D0037,yang,
D0037,dilaporkan,
D0037,kepada,
D0037,kami,
D0037,ujar,
D0037,Irjen,
D0037,Agung,
D0037,saat,
D0037,memberikan,
D0037,kuliah,
D0037,umum,
D0037,di,
D0037,Universitas,
D0037,Muhammadiyah,
D0037,Sumatera,
D0037,Utara,
D0037,UMSU,
D0037,Kamis,
D0037,2062024,
D0037,SCROLL,
D0037,TO,
D0037,CONTINUE,
D0037,WITH,
D0037,CONTENT,
D0037,Menurut,
D0037,dia,
D0037,jumlah,
D0037,laporan,
D0037,di,
D0037,Polsek,
D0037,Sunggal,
D0037,lebih,
D0037,banyak,
D0037,dari,
D0037,Polda,
D0037,Jambi,
D0037,Itu,
D0037,bisa,
D0037,sehari,
D0037,antara,
D0037,2030,
D0037,laporan,
D0037,yang,
D0037,mana,
D0037,kita,
D0037,ketahui,
D0037,itu,
D0037,lebih,
D0037,tinggi,
D0037,dari,
D0037,pada,
D0037,laporan,
D0037,seluruh,
D0037,Polda,
D0037,Jambi,
D0037,Polda,
D0037,Jambi,
D0037,sehari,
D0037,18,
D0037,16,
D0037,laporan,
D0037,katanya,
D0037,Agung,
D0037,mengatakan,
D0037,ada,
D0037,dua,
D0037,kemungkinan,
D0037,tingginya,
D0037,laporan,
D0037,itu,
D0037,Pertama,
D0037,karena,
D0037,memang,
D0037,tingginya,
D0037,keinginan,
D0037,masyarakat,
D0037,untuk,
D0037,mendapatkan,
D0037,keadilan,
D0037,sehingga,
D0037,melaporkan,
D0037,apa,
D0037,saja,
D0037,yang,
D0037,terjadi,
D0037,Kedua,
D0037,karena,
D0037,tingginya,
D0037,kasus,
D0037,di,
D0037,wilayah,
D0037,tersebut,
D0037,sehingga,
D0037,perlu,
D0037,menjadi,
D0037,prioritas,
D0037,pihaknya,
D0037,Artinya,
D0037,ada,
D0037,dua,
D0037,hal,
D0037,yang,
D0037,bisa,
D0037,kita,
D0037,lihat,
D0037,apakah,
D0037,kemudian,
D0037,keinginan,
D0037,masyarakat,
D0037,untuk,
D0037,mendapatkan,
D0037,keadilan,
D0037,sangat,
D0037,tinggi,
D0037,sehingga,
D0037,apapun,
D0037,yang,
D0037,terjadi,
D0037,dia,
D0037,laporkan,
D0037,Atau,
D0037,benarbenar,
D0037,bahwa,
D0037,Polsek,
D0037,Sunggal,
D0037,itu,
D0037,perlu,
D0037,kita,
D0037,prioritaskan,
D0037,untuk,
D0037,kita,
D0037,ambil,
D0037,langkah,
D0037,apa,
D0037,ujarnya,
D0037,Untuk,
D0037,menekan,
D0037,tingginya,
D0037,angka,
D0037,kriminalitas,
D0037,di,
D0037,wilayah,
D0037,Medan,
D0037,Sunggal,
D0037,Irjen,
D0037,Agung,
D0037,melakukan,
D0037,beberapa,
D0037,upaya,
D0037,Salah,
D0037,satunya,
D0037,dengan,
D0037,menambah,
D0037,jumlah,
D0037,personel,
D0037,pengamanan,
D0037,Dia,
D0037,berharap,
D0037,dengan,
D0037,bertambahnya,
D0037,jumlah,
D0037,personel,
D0037,pengamanan,
D0037,angka,
D0037,kejahatan,
D0037,di,
D0037,wilayah,
D0037,Sunggal,
D0037,menurun,
D0037,Angka,
D0037,ini,
D0037,terus,
D0037,kita,
D0037,kelola,
D0037,untuk,
D0037,kita,
D0037,turunkan,
D0037,dari,
D0037,waktu,
D0037,ke,
D0037,waktu,
D0037,Kalau,
D0037,kami,
D0037,harus,
D0037,turunkan,
D0037,setiap,
D0037,hari,
D0037,setidaknya,
D0037,6080,
D0037,petugas,
D0037,keamanan,
D0037,tambahan,
D0037,untuk,
D0037,menangani,
D0037,Polsek,
D0037,Sunggal,
D0037,agar,
D0037,kemudian,
D0037,angka,
D0037,kejahatan,
D0037,jalanannya,
D0037,bisa,
D0037,kita,
D0037,kendalikan,
D0037,dan,
D0037,kemudian,
D0037,Kamtibmas,
D0037,bisa,
D0037,kita,
D0037,kelola,
D0037,sambung,
D0037,Agung,
D0037,Dalam,
D0037,kesempatan,
D0037,itu,
D0037,Irjen,
D0037,Agung,
D0037,menjelaskan,
D0037,bahwa,
D0037,narkoba,
D0037,menjadi,
D0037,salah,
D0037,satu,
D0037,penyebab,
D0037,terjadinya,
D0037,kriminalitas,
D0037,di,
D0037,Sumut,
D0037,Agung,
D0037,menjelaskan,
D0037,dari,
D0037,penangkapan,
D0037,pelaku,
D0037,begal,
D0037,yang,
D0037,dilakukan,
D0037,oleh,
D0037,pihaknya,
D0037,65,
D0037,persen,
D0037,merupakan,
D0037,pengguna,
D0037,narkoba,
D0037,Selain,
D0037,itu,
D0037,sopir,
D0037,pada,
D0037,kecelakaan,
D0037,yang,
D0037,menyebabkan,
D0037,lebih,
D0037,dari,
D0037,lima,
D0037,orang,
D0037,tewas,
D0037,80,
D0037,persen,
D0037,di,
D0037,antaranya,
D0037,mengonsumsi,
D0037,narkoba,
D0037,Jadi,
D0037,narkoba,
D0037,ada,
D0037,di,
D0037,manamana,
D0037,ada,
D0037,di,
D0037,sopir,
D0037,penjahat,
D0037,dan,
D0037,ini,
D0037,menjadi,
D0037,problem,
D0037,yang,
D0037,harus,
D0037,kita,
D0037,kelola,
D0037,Menurut,
D0037,saya,
D0037,kalau,
D0037,saya,
D0037,kendalikan,
D0037,narkoba,
D0037,dengan,
D0037,baik,
D0037,maka,
D0037,angka,
D0037,kejahatan,
D0037,menurun,
D0037,ujarnya,
D0037,Persoalan,
D0037,hukum,
D0037,yang,
D0037,terjadi,
D0037,kata,
D0037,dia,
D0037,harus,
D0037,bisa,
D0037,memberikan,
D0037,kebermanfaatan,
D0037,bagi,
D0037,masyarakat,
D0037,Kita,
D0037,juga,
D0037,kadang,
D0037,sering,
D0037,lihat,
D0037,hukum,
D0037,tidak,
D0037,memberikan,
D0037,manfaat,
D0037,apaapa,
D0037,Kemanfaatan,
D0037,juga,
D0037,harus,
D0037,bisa,
D0037,dilaksanakan,
D0037,katanya,
D0037,Agung,
D0037,mencontohkan,
D0037,soal,
D0037,warga,
D0037,yang,
D0037,melaporkan,
D0037,kasus,
D0037,pencurian,
D0037,ayam,
D0037,Untuk,
D0037,sampai,
D0037,pada,
D0037,proses,
D0037,pengadilan,
D0037,kata,
D0037,Agung,
D0037,warga,
D0037,harus,
D0037,mengeluarkan,
D0037,biaya,
D0037,lebih,
D0037,banyak,
D0037,melebihi,
D0037,harga,
D0037,ayamnya,
D0037,yang,
D0037,dicuri,
D0037,Dilaporkan,
D0037,kasus,
D0037,pencurian,
D0037,ayam,
D0037,itu,
D0037,nanti,
D0037,sampai,
D0037,di,
D0037,pengadilan,
D0037,itu,
D0037,kambingnya,
D0037,hilang,
D0037,kerbau,
D0037,hilang,
D0037,bahkan,
D0037,nanti,
D0037,sampai,
D0037,putusan,
D0037,di,
D0037,Mahkamah,
D0037,Agung,
D0037,karena,
D0037,kasasi,
D0037,dan,
D0037,seterusnya,
D0037,kandangnya,
D0037,juga,
D0037,hilang,
D0037,Lalu,
D0037,apa,
D0037,yang,
D0037,bisa,
D0037,kita,
D0037,dapatkan,
D0037,manfaat,
D0037,hukum,
D0037,ini,
D0037,sebutnya,
D0037,Selengkapnya,
D0037,di,
D0037,Halaman,
D0037,Berikutnya,
D0037,Di,
D0037,situlah,
D0037,menurutnya,
D0037,perlu,
D0037,adanya,
D0037,kemanfaatan,
D0037,hukum,
D0037,Menurutnya,
D0037,hukum,
D0037,yang,
D0037,berkeadilan,
D0037,perlu,
D0037,diwujudkan,
D0037,Ini,
D0037,kaitannya,
D0037,bagaimana,
D0037,kita,
D0037,ingin,
D0037,mewujudkan,
D0037,tujuan,
D0037,hukum,
D0037,ini,
D0037,menjadi,
D0037,sesuatu,
D0037,yang,
D0037,nyata,
D0037,di,
D0037,tangan,
D0037,kita,
D0037,Masyarakat,
D0037,membuat,
D0037,laporan,
D0037,dibuat,
D0037,penyelidikan,
D0037,penyidikan,
D0037,pengadilan,
D0037,Saya,
D0037,rasa,
D0037,kami,
D0037,terus,
D0037,menggelorakan,
D0037,bagaimana,
D0037,kepolisian,
D0037,bisa,
D0037,kemudian,
D0037,menyajikan,
D0037,rasa,
D0037,adil,
D0037,itu,
D0037,bisa,
D0037,dipegang,
D0037,bukan,
D0037,di,
D0037,awangawang,
D0037,sebutnya,
D0037,Selanjutnya,
D0037,Irjen,
D0037,Agung,
D0037,menjelaskan,
D0037,soal,
D0037,perbedaan,
D0037,penyelidikan,
D0037,dan,
D0037,penyidikan,
D0037,Agung,
D0037,mengatakan,
D0037,bahwa,
D0037,penyelidikan,
D0037,berarti,
D0037,tahap,
D0037,awal,
D0037,pencarian,
D0037,fakta,
D0037,terkait,
D0037,informasi,
D0037,atau,
D0037,laporan,
D0037,yang,
D0037,diterima,
D0037,pihak,
D0037,kepolisian,
D0037,Setelah,
D0037,mengumpulkan,
D0037,faktafakta,
D0037,kata,
D0037,Agung,
D0037,nantinya,
D0037,petugas,
D0037,kepolisian,
D0037,akan,
D0037,menentukan,
D0037,apakah,
D0037,peristiwa,
D0037,itu,
D0037,termasuk,
D0037,dalam,
D0037,kategori,
D0037,pidana,
D0037,atau,
D0037,tidak,
D0037,Jika,
D0037,termasuk,
D0037,maka,
D0037,penyidik,
D0037,akan,
D0037,menaikkan,
D0037,status,
D0037,peristiwa,
D0037,itu,
D0037,ke,
D0037,penyidikan,
D0037,Setelah,
D0037,itu,
D0037,ditingkatkan,
D0037,lah,
D0037,peristiwa,
D0037,pidana,
D0037,yang,
D0037,terjadi,
D0037,ke,
D0037,penyidikan,
D0037,Rangkaian,
D0037,kegiatan,
D0037,penyidikan,
D0037,adalah,
D0037,mencari,
D0037,alat,
D0037,bukti,
D0037,dengan,
D0037,dua,
D0037,alat,
D0037,yang,
D0037,bukti,
D0037,bahwa,
D0037,ini,
D0037,pelakunya,
D0037,adalah,
D0037,si,
D0037,A,
D0037,maka,
D0037,menemukan,
D0037,siapa,
D0037,pelakunya,
D0037,membuat,
D0037,terangnya,
D0037,perkara,
D0037,kata,
D0037,Agung,
D0037,Mantan,
D0037,Asops,
D0037,Kapolri,
D0037,itu,
D0037,mengatakan,
D0037,penyelidikan,
D0037,dalam,
D0037,suatu,
D0037,kasus,
D0037,sangatlah,
D0037,penting,
D0037,Menurutnya,
D0037,kasus,
D0037,yang,
D0037,tidak,
D0037,diawali,
D0037,dengan,
D0037,penyelidikan,
D0037,akan,
D0037,berpengaruh,
D0037,terhadap,
D0037,keadilan,
D0037,Kenapa,
D0037,sih,
D0037,kok,
D0037,nggak,
D0037,harus,
D0037,langsung,
D0037,dilakukan,
D0037,penyidikan,
D0037,kenapa,
D0037,penyelidikan,
D0037,dulu,
D0037,Anda,
D0037,bayangkan,
D0037,tidak,
D0037,ada,
D0037,fakta,
D0037,pendukung,
D0037,apapun,
D0037,terus,
D0037,kita,
D0037,mengatakan,
D0037,bahwa,
D0037,itu,
D0037,penyidikan,
D0037,Peristiwanya,
D0037,saja,
D0037,belum,
D0037,diuji,
D0037,benar,
D0037,nggak,
D0037,ada,
D0037,peristiwa,
D0037,kejahatan,
D0037,itu,
D0037,Kalau,
D0037,peristiwanya,
D0037,ini,
D0037,tidak,
D0037,diuji,
D0037,kenapa,
D0037,kita,
D0037,harus,
D0037,menentukan,
D0037,tersangkanya,
D0037,Menurut,
D0037,saya,
D0037,kalau,
D0037,proses,
D0037,penegakan,
D0037,hukum,
D0037,ini,
D0037,tidak,
D0037,diawali,
D0037,lewat,
D0037,penyelidikan,
D0037,adalah,
D0037,sesuatu,
D0037,hal,
D0037,yang,
D0037,membahayakan,
D0037,bagi,
D0037,keadilan,
D0037,itu,
D0037,sendiri,
D0037,jelasnya,
D0037,Agung,
D0037,juga,
D0037,menyampaikan,
D0037,soal,
D0037,peran,
D0037,Sentra,
D0037,Pelayanan,
D0037,Kepolisian,
D0037,Terpadu,
D0037,SPKT,
D0037,Agung,
D0037,menyebut,
D0037,SPKT,
D0037,tidak,
D0037,hanya,
D0037,sebagai,
D0037,layanan,
D0037,administratif,
D0037,saja,
D0037,Dia,
D0037,mengibaratkan,
D0037,SPKT,
D0037,itu,
D0037,seperti,
D0037,UGD,
D0037,di,
D0037,rumah,
D0037,sakit,
D0037,SPKT,
D0037,kepolisian,
D0037,sebenarnya,
D0037,bisa,
D0037,dianalogikan,
D0037,seperti,
D0037,halnya,
D0037,UGD,
D0037,di,
D0037,rumah,
D0037,sakit,
D0037,Mereka,
D0037,datang,
D0037,sebagai,
D0037,orang,
D0037,yang,
D0037,sakit,
D0037,punya,
D0037,masalah,
D0037,banyak,
D0037,punya,
D0037,masalah,
D0037,terkait,
D0037,dengan,
D0037,pidana,
D0037,untuk,
D0037,bagaimana,
D0037,dengan,
D0037,solusinya,
D0037,Bayangkan,
D0037,kalau,
D0037,kita,
D0037,mengikuti,
D0037,mekanisme,
D0037,yang,
D0037,berjalan,
D0037,bagaimana,
D0037,SPKT,
D0037,hanya,
D0037,memproduksi,
D0037,administratif,
D0037,saja,
D0037,Jika,
D0037,kita,
D0037,analogikan,
D0037,seperti,
D0037,rumah,
D0037,sakit,
D0037,begitu,
D0037,dilaporkan,
D0037,pak,
D0037,polisi,
D0037,langsung,
D0037,datang,
D0037,ada,
D0037,apa,
D0037,tanya,
D0037,peristiwa,
D0037,sebutnya,
D0037,Dekan,
D0037,Fakultas,
D0037,Hukum,
D0037,UMSU,
D0037,Faisal,
D0037,mengatakan,
D0037,klinis,
D0037,hukum,
D0037,dan,
D0037,peradilan,
D0037,semu,
D0037,ini,
D0037,merupakan,
D0037,salah,
D0037,satu,
D0037,mata,
D0037,kuliah,
D0037,bagi,
D0037,mahasiswa,
D0037,di,
D0037,Fakultas,
D0037,Hukum,
D0037,UMSU,
D0037,Mahasiswa,
D0037,semester,
D0037,tujuh,
D0037,akan,
D0037,dibebankan,
D0037,untuk,
D0037,melakukan,
D0037,praktek,
D0037,lapangan,
D0037,baik,
D0037,di,
D0037,kepolisian,
D0037,kejaksaan,
D0037,dan,
D0037,pengadilan,
D0037,Setelah,
D0037,itu,
D0037,mereka,
D0037,kami,
D0037,ikutkan,
D0037,di,
D0037,peradilan,
D0037,semu,
D0037,penanganan,
D0037,perkara,
D0037,di,
D0037,pengadilan,
D0037,Di,
D0037,situ,
D0037,nanti,
D0037,ada,
D0037,yang,
D0037,menjadi,
D0037,jaksa,
D0037,hakim,
D0037,terdakwa,
D0037,menjadi,
D0037,saksi,
D0037,dan,
D0037,ada,
D0037,juga,
D0037,yang,
D0037,menjadi,
D0037,ahli,
D0037,dalam,
D0037,penegakan,
D0037,hukum,
D0037,kata,
D0037,Faisal,
D0037,Pak,
D0037,Kapolda,
D0037,mau,
D0037,memberikan,
D0037,kuliah,
D0037,umum,
D0037,pencerahan,
D0037,kepada,
D0037,kami,
D0037,dan,
D0037,kepada,
D0037,adikadik,
D0037,mahasiswa,
D0037,tentang,
D0037,penegakan,
D0037,hukum,
D0037,Polri,
D0037,yang,
D0037,presisi,
D0037,Adikadik,
D0037,pergunakan,
D0037,kesempatan,
D0037,ini,
D0037,gali,
D0037,sedalamdalamnya,
D0037,bertanya,
D0037,sebanyak,
D0037,banyaknya,
D0037,kepada,
D0037,Pak,
D0037,Kapolda,
D0037,bagaimana,
D0037,proses,
D0037,penegakan,
D0037,hukum,
D0037,sebutnya,
D0038,Polda,
D0038,Jatim,
D0038,membeberkan,
D0038,hasil,
D0038,Operasi,
D0038,Sikat,
D0038,Semeru,
D0038,2024,
D0038,selama,
D0038,12,
D0038,hari,
D0038,Hasilnya,
D0038,ada,
D0038,1120,
D0038,tersangka,
D0038,yang,
D0038,diringkus,
D0038,dari,
D0038,1380,
D0038,kasus,
D0038,Pelaksanaan,
D0038,Operasi,
D0038,Sikat,
D0038,Semeru,
D0038,2024,
D0038,berlangsung,
D0038,selama,
D0038,12,
D0038,hari,
D0038,sejak,
D0038,tanggal,
D0038,3,
D0038,sampai,
D0038,14,
D0038,Juni,
D0038,2024,
D0038,dengan,
D0038,kekuatan,
D0038,yang,
D0038,terlibat,
D0038,sebanyak,
D0038,3206,
D0038,personel,
D0038,kata,
D0038,Kabid,
D0038,Humas,
D0038,Polda,
D0038,Jatim,
D0038,Kombes,
D0038,Dirmanto,
D0038,Kamis,
D0038,2062024,
D0038,Dirmanto,
D0038,menegaskan,
D0038,pihaknya,
D0038,tak,
D0038,sekedar,
D0038,menangkap,
D0038,dan,
D0038,mengungkap,
D0038,kasus,
D0038,kejahatan,
D0038,Namun,
D0038,juga,
D0038,mencegah,
D0038,dan,
D0038,menekan,
D0038,angka,
D0038,kejahatan,
D0038,SCROLL,
D0038,TO,
D0038,CONTINUE,
D0038,WITH,
D0038,CONTENT,
D0038,Menurut,
D0038,Dirmanto,
D0038,perbandingan,
D0038,tren,
D0038,gangguan,
D0038,kamtibmas,
D0038,pada,
D0038,periode,
D0038,Operasi,
D0038,Sikat,
D0038,tahun,
D0038,2023,
D0038,dengan,
D0038,tahun,
D0038,ini,
D0038,mengalami,
D0038,penurunan,
D0038,hingga,
D0038,665,
D0038,Sementara,
D0038,itu,
D0038,Dirreskrimum,
D0038,Polda,
D0038,Jatim,
D0038,Kombes,
D0038,Totok,
D0038,Suharyanto,
D0038,mengatakan,
D0038,kasus,
D0038,kriminalitas,
D0038,yang,
D0038,paling,
D0038,dominan,
D0038,dan,
D0038,menonjol,
D0038,adalah,
D0038,pencurian,
D0038,dengan,
D0038,kekerasan,
D0038,dan,
D0038,pemberatan,
D0038,Curat,
D0038,dan,
D0038,curas,
D0038,dengan,
D0038,sajam,
D0038,kasus,
D0038,yang,
D0038,paling,
D0038,dominan,
D0038,dan,
D0038,menonjol,
D0038,salah,
D0038,satunya,
D0038,yang,
D0038,paling,
D0038,menonjol,
D0038,kasus,
D0038,di,
D0038,Pasuruan,
D0038,membawa,
D0038,sajam,
D0038,celurit,
D0038,dan,
D0038,melempar,
D0038,bondet,
D0038,ujarnya,
D0038,Selain,
D0038,mengamankan,
D0038,para,
D0038,tersangka,
D0038,polisi,
D0038,juga,
D0038,menyita,
D0038,uang,
D0038,tunai,
D0038,Rp,
D0038,162,
D0038,juta,
D0038,207,
D0038,unit,
D0038,motor,
D0038,21,
D0038,mobil,
D0038,21,
D0038,hingga,
D0038,200,
D0038,ponsel,
D0038,sebagai,
D0038,barang,
D0038,bukti,
D0038,Kini,
D0038,para,
D0038,tersangka,
D0038,telah,
D0038,ditahan,
D0038,di,
D0038,setiap,
D0038,Polres,
D0038,hingga,
D0038,Polrestabes,
D0038,setempat,
D0038,Untuk,
D0038,ungkap,
D0038,khusus,
D0038,atau,
D0038,spesifik,
D0038,Curat,
D0038,ada,
D0038,125,
D0038,kasus,
D0038,dengan,
D0038,144,
D0038,tersangka,
D0038,Namun,
D0038,untuk,
D0038,ungkap,
D0038,nonTO,
D0038,target,
D0038,operasi,
D0038,mencapai,
D0038,1110,
D0038,kasus,
D0038,dengan,
D0038,804,
D0038,tersangka,
D0038,Didominasi,
D0038,TP,
D0038,Curanmor,
D0038,510,
D0038,kasus,
D0038,dengan,
D0038,275,
D0038,tersangka,
D0038,dan,
D0038,curat,
D0038,405,
D0038,kasus,
D0038,dengan,
D0038,301,
D0038,tersangka,
D0038,tandas,
D0038,Totok,
D0039,Timsus,
D0039,Saber,
D0039,Miras,
D0039,Polres,
D0039,Jombang,
D0039,masih,
D0039,getol,
D0039,memberantas,
D0039,peredaran,
D0039,minuman,
D0039,keras,
D0039,di,
D0039,Kota,
D0039,Santri,
D0039,Kali,
D0039,ini,
D0039,timsus,
D0039,menggerebek,
D0039,4,
D0039,pedagang,
D0039,minuman,
D0039,beralkohol,
D0039,tanpa,
D0039,izin,
D0039,dan,
D0039,menyita,
D0039,833,
D0039,botol,
D0039,miras,
D0039,Timsus,
D0039,Saber,
D0039,Miras,
D0039,dibentuk,
D0039,oleh,
D0039,Kapolres,
D0039,Jombang,
D0039,AKBP,
D0039,Eko,
D0039,Bagus,
D0039,Riyadi,
D0039,Tim,
D0039,khusus,
D0039,ini,
D0039,ditugaskan,
D0039,memberantas,
D0039,peredaran,
D0039,minuman,
D0039,beralkohol,
D0039,tanpa,
D0039,izin,
D0039,di,
D0039,Kota,
D0039,Santri,
D0039,Kali,
D0039,ini,
D0039,Timsus,
D0039,Saber,
D0039,Miras,
D0039,menggerebek,
D0039,4,
D0039,pedagang,
D0039,Dari,
D0039,warung,
D0039,di,
D0039,Jalan,
D0039,Sutawijaya,
D0039,Jelakombo,
D0039,milik,
D0039,Rodji,
D0039,polisi,
D0039,menyita,
D0039,404,
D0039,botol,
D0039,miras,
D0039,Sedangkan,
D0039,di,
D0039,warung,
D0039,Desa,
D0039,Pulo,
D0039,Lor,
D0039,milik,
D0039,Slamet,
D0039,Hariono,
D0039,alias,
D0039,Mamek,
D0039,disita,
D0039,5,
D0039,botol,
D0039,miras,
D0039,SCROLL,
D0039,TO,
D0039,CONTINUE,
D0039,WITH,
D0039,CONTENT,
D0039,Selanjutnya,
D0039,dari,
D0039,warung,
D0039,di,
D0039,Desa,
D0039,Pulorejo,
D0039,Ngoro,
D0039,Jombang,
D0039,milik,
D0039,Supartono,
D0039,timsus,
D0039,menyita,
D0039,411,
D0039,botol,
D0039,miras,
D0039,Terakhir,
D0039,dari,
D0039,warung,
D0039,di,
D0039,Desa,
D0039,Tunggorono,
D0039,milik,
D0039,Kasiono,
D0039,alias,
D0039,Basir,
D0039,polisi,
D0039,menyita,
D0039,13,
D0039,botol,
D0039,miras,
D0039,Dari,
D0039,4,
D0039,warung,
D0039,itu,
D0039,Timsus,
D0039,Saber,
D0039,Miras,
D0039,menyita,
D0039,833,
D0039,botol,
D0039,miras,
D0039,aneka,
D0039,jenis,
D0039,dan,
D0039,merek,
D0039,terang,
D0039,Kasi,
D0039,Humas,
D0039,Polres,
D0039,Jombang,
D0039,Iptu,
D0039,Kasnasin,
D0039,kepada,
D0039,detikJatim,
D0039,Selasa,
D0039,2852024,
D0039,Tim,
D0039,juga,
D0039,sempat,
D0039,mendatangi,
D0039,warung,
D0039,di,
D0039,Dusun,
D0039,Gentengan,
D0039,Desa,
D0039,Pulo,
D0039,Lor,
D0039,milik,
D0039,Sumali,
D0039,dan,
D0039,warung,
D0039,di,
D0039,Desa,
D0039,Blimbing,
D0039,Gudo,
D0039,Jombang,
D0039,milik,
D0039,Tukiran,
D0039,Namun,
D0039,kedua,
D0039,warung,
D0039,itu,
D0039,sedang,
D0039,tutup,
D0039,Kasnasin,
D0039,menjelaskan,
D0039,penggerebekan,
D0039,para,
D0039,pedagang,
D0039,miras,
D0039,itu,
D0039,berawal,
D0039,dari,
D0039,penertiban,
D0039,konvoi,
D0039,gangster,
D0039,atau,
D0039,gerombolan,
D0039,pemuda,
D0039,Para,
D0039,pemuda,
D0039,mabuk,
D0039,itu,
D0039,buka,
D0039,mulut,
D0039,ihwal,
D0039,warung,
D0039,tempat,
D0039,biasa,
D0039,mereka,
D0039,biasa,
D0039,menenggak,
D0039,miras,
D0039,Penyelidikan,
D0039,pun,
D0039,digelar,
D0039,Ternyata,
D0039,sebagian,
D0039,warungwarung,
D0039,yang,
D0039,digerebek,
D0039,Timsus,
D0039,Saber,
D0039,Miras,
D0039,Polres,
D0039,Jombang,
D0039,menjual,
D0039,miras,
D0039,dengan,
D0039,harga,
D0039,terjangkau,
D0039,yakni,
D0039,Rp,
D0039,10000gelas,
D0039,kecil,
D0039,Tak,
D0039,ayal,
D0039,para,
D0039,pelajar,
D0039,juga,
D0039,menjadi,
D0039,pelanggan,
D0039,mereka,
D0039,Seperti,
D0039,lazimnya,
D0039,minum,
D0039,kopi,
D0039,di,
D0039,warkop,
D0039,di,
D0039,warung,
D0039,milik,
D0039,Rodji,
D0039,dan,
D0039,Mamek,
D0039,pembeli,
D0039,cukup,
D0039,membayar,
D0039,Rp,
D0039,10,
D0039,ribu,
D0039,sudah,
D0039,dapat,
D0039,1,
D0039,gelas,
D0039,kecil,
D0039,miras,
D0039,Para,
D0039,konsumen,
D0039,di,
D0039,5,
D0039,lokasi,
D0039,itu,
D0039,kebanyakan,
D0039,remaja,
D0039,yang,
D0039,masih,
D0039,kelas,
D0039,1,
D0039,atau,
D0039,2,
D0039,SMA,
D0039,jelasnya,
D0039,Empat,
D0039,pedagang,
D0039,miras,
D0039,itu,
D0039,lanjut,
D0039,Kasnasin,
D0039,bakal,
D0039,diproses,
D0039,hukum,
D0039,sesuai,
D0039,ketentuan,
D0039,tindak,
D0039,pidana,
D0039,ringan,
D0039,Tipiring,
D0039,Sebab,
D0039,mereka,
D0039,melanggar,
D0039,Pasal,
D0039,7,
D0039,ayat,
D0039,1,
D0039,Perda,
D0039,Jombang,
D0039,nomor,
D0039,16,
D0039,tahun,
D0039,2009,
D0039,tentang,
D0039,Pengawasan,
D0039,dan,
D0039,Pengendalian,
D0039,Minuman,
D0039,Berakohol,
D0039,Ia,
D0039,mengimbau,
D0039,masyarakat,
D0039,membantu,
D0039,polisi,
D0039,memberantas,
D0039,miras,
D0039,yakni,
D0039,dengan,
D0039,memberikan,
D0039,informasi,
D0039,lokasi,
D0039,jual,
D0039,beli,
D0039,miras,
D0039,ilegal,
D0039,Pasalnya,
D0039,Jombang,
D0039,sebagai,
D0039,Kota,
D0039,Santri,
D0039,sudah,
D0039,sepantasnya,
D0039,bebas,
D0039,dari,
D0039,peredaran,
D0039,minuman,
D0039,beralkohol,
D0039,Selain,
D0039,itu,
D0039,miras,
D0039,kerap,
D0039,kali,
D0039,memicu,
D0039,keributan,
D0039,dan,
D0039,kriminalitas,
D0039,Di,
D0039,Kabupaten,
D0039,Jombang,
D0039,sudah,
D0039,ada,
D0039,perda,
D0039,miras,
D0039,maka,
D0039,harus,
D0039,zero,
D0039,miras,
D0039,Kami,
D0039,imbau,
D0039,para,
D0039,orang,
D0039,tua,
D0039,yang,
D0039,mengetahui,
D0039,anaknya,
D0039,pada,
D0039,jam,
D0039,2200,
D0039,WIB,
D0039,belum,
D0039,pulang,
D0039,agar,
D0039,dicari,
D0039,Jangan,
D0039,sampai,
D0039,terlibat,
D0039,kejahatan,
D0039,jalanan,
D0039,atau,
D0039,mabukmabukan,
D0039,tandasnya,
D0040,Polisi,
D0040,menangkap,
D0040,12,
D0040,anggota,
D0040,geng,
D0040,motor,
D0040,bersenjata,
D0040,tajam,
D0040,yang,
D0040,hendak,
D0040,tawuran,
D0040,di,
D0040,sekitar,
D0040,Jalan,
D0040,Suasa,
D0040,Raya,
D0040,Kelurahan,
D0040,Mabar,
D0040,Hilir,
D0040,Kecamatan,
D0040,Medan,
D0040,Deli,
D0040,Kota,
D0040,Medan,
D0040,Setelah,
D0040,dites,
D0040,urine,
D0040,ada,
D0040,11,
D0040,orang,
D0040,yang,
D0040,positif,
D0040,narkoba,
D0040,Kapolres,
D0040,Pelabuhan,
D0040,Belawan,
D0040,AKBP,
D0040,Janton,
D0040,Silaban,
D0040,mengatakan,
D0040,12,
D0040,anggota,
D0040,geng,
D0040,motor,
D0040,itu,
D0040,berinisial,
D0040,DP,
D0040,19,
D0040,VFS,
D0040,15,
D0040,MRR,
D0040,16,
D0040,MDP,
D0040,14,
D0040,DM,
D0040,15,
D0040,MDD,
D0040,16,
D0040,SF,
D0040,15,
D0040,DP,
D0040,17,
D0040,AF,
D0040,17,
D0040,RMS,
D0040,17,
D0040,MZPS,
D0040,16,
D0040,dan,
D0040,AJ,
D0040,18,
D0040,Mereka,
D0040,ditangkap,
D0040,pada,
D0040,Minggu,
D0040,1252024,
D0040,sekitar,
D0040,pukul,
D0040,0200,
D0040,WIB,
D0040,Mayoritas,
D0040,mereka,
D0040,ini,
D0040,statusnya,
D0040,masih,
D0040,pelajar,
D0040,kata,
D0040,Janton,
D0040,Senin,
D0040,135,
D0040,SCROLL,
D0040,TO,
D0040,CONTINUE,
D0040,WITH,
D0040,CONTENT,
D0040,Hasil,
D0040,tes,
D0040,urine,
D0040,11,
D0040,orang,
D0040,positif,
D0040,mengkonsumsi,
D0040,narkoba,
D0040,tambahnya,
D0040,Janton,
D0040,mengucapkan,
D0040,barang,
D0040,bukti,
D0040,yang,
D0040,disita,
D0040,dari,
D0040,pelaku,
D0040,berupa,
D0040,6,
D0040,buah,
D0040,senjata,
D0040,tajam,
D0040,6,
D0040,unit,
D0040,handphone,
D0040,5,
D0040,unit,
D0040,sepeda,
D0040,motor,
D0040,dan,
D0040,lainnya,
D0040,Ia,
D0040,menjelaskan,
D0040,mulanya,
D0040,para,
D0040,pelaku,
D0040,yang,
D0040,tergabung,
D0040,dalam,
D0040,dua,
D0040,anggota,
D0040,geng,
D0040,motor,
D0040,ini,
D0040,berkumpul,
D0040,di,
D0040,Jalan,
D0040,Suasa,
D0040,Raya,
D0040,Kala,
D0040,itu,
D0040,kedua,
D0040,geng,
D0040,motor,
D0040,ini,
D0040,hendak,
D0040,tawuran,
D0040,dengan,
D0040,kelompok,
D0040,lain,
D0040,Namun,
D0040,saat,
D0040,hendak,
D0040,menuju,
D0040,lokasi,
D0040,tawuran,
D0040,mereka,
D0040,diamankan,
D0040,oleh,
D0040,Bhabinkamtibmas,
D0040,Babinsa,
D0040,3,
D0040,pilar,
D0040,Kelurahan,
D0040,Mabar,
D0040,Hilir,
D0040,serta,
D0040,warga,
D0040,sekitar,
D0040,ucapnya,
D0040,Setelah,
D0040,itu,
D0040,para,
D0040,pelaku,
D0040,ini,
D0040,pun,
D0040,diserahkan,
D0040,ke,
D0040,Satreskrim,
D0040,Polres,
D0040,Pelabuhan,
D0040,Belawan,
D0040,untuk,
D0040,menjalani,
D0040,proses,
D0040,pemeriksaan,
D0040,lebih,
D0040,lanjut,
D0040,Setelah,
D0040,itu,
D0040,perkara,
D0040,itu,
D0040,akan,
D0040,dilanjutkan,
D0040,ke,
D0040,JPU,
D0040,untuk,
D0040,diproses,
D0040,hukum,
D0040,Mengamankan,
D0040,para,
D0040,pelaku,
D0040,ini,
D0040,tentu,
D0040,menjadi,
D0040,bukti,
D0040,nyata,
D0040,untuk,
D0040,menjaga,
D0040,ketertiban,
D0040,dan,
D0040,keamanan,
D0040,serta,
D0040,memberantas,
D0040,aksi,
D0040,kriminalitas,
D0040,yang,
D0040,meresahkan,
D0040,masyarakat,
D0040,tutupnya,
D0041,Polda,
D0041,Bali,
D0041,dan,
D0041,jajaran,
D0041,menggelar,
D0041,Operasi,
D0041,Sikat,
D0041,Agung,
D0041,2024,
D0041,mulai,
D0041,25,
D0041,April,
D0041,hingga,
D0041,10,
D0041,Mei,
D0041,Melalui,
D0041,operasi,
D0041,ini,
D0041,polisi,
D0041,mengungkap,
D0041,115,
D0041,kasus,
D0041,dan,
D0041,menangkap,
D0041,136,
D0041,penjahat,
D0041,Kegiatan,
D0041,ini,
D0041,dilaksanakan,
D0041,untuk,
D0041,menanggulangi,
D0041,berbagai,
D0041,bentuk,
D0041,tindakkan,
D0041,kriminalitas,
D0041,seperti,
D0041,tindak,
D0041,pidana,
D0041,kejahatan,
D0041,curat,
D0041,curas,
D0041,maupun,
D0041,curanmor,
D0041,alias,
D0041,3C,
D0041,kata,
D0041,Dirreskrimum,
D0041,Polda,
D0041,Bali,
D0041,Kombes,
D0041,Yanri,
D0041,Paran,
D0041,Simarmata,
D0041,Sabtu,
D0041,1152024,
D0041,Adapun,
D0041,pengungkapan,
D0041,kasus,
D0041,terbanyak,
D0041,oleh,
D0041,Polresta,
D0041,Denpasar,
D0041,yakni,
D0041,30,
D0041,kasus,
D0041,dan,
D0041,34,
D0041,tersangka,
D0041,Adapun,
D0041,Polda,
D0041,Bali,
D0041,mengungkap,
D0041,12,
D0041,kasus,
D0041,dengan,
D0041,12,
D0041,tersangka,
D0041,SCROLL,
D0041,TO,
D0041,CONTINUE,
D0041,WITH,
D0041,CONTENT,
D0041,Polres,
D0041,Gianyar,
D0041,juga,
D0041,mengungkap,
D0041,15,
D0041,kasus,
D0041,dan,
D0041,16,
D0041,tersangka,
D0041,Polres,
D0041,Buleleng,
D0041,14,
D0041,kasus,
D0041,dan,
D0041,19,
D0041,tersangka,
D0041,serta,
D0041,Polres,
D0041,Jembrana,
D0041,ada,
D0041,13,
D0041,kasus,
D0041,dan,
D0041,12,
D0041,tersangka,
D0041,Kemudian,
D0041,Polres,
D0041,Badung,
D0041,mengungkap,
D0041,12,
D0041,kasus,
D0041,dengan,
D0041,13,
D0041,tersangka,
D0041,Polres,
D0041,Karangasem,
D0041,ada,
D0041,6,
D0041,kasus,
D0041,dan,
D0041,11,
D0041,tersangka,
D0041,Polres,
D0041,Tabanan,
D0041,ada,
D0041,5,
D0041,kasus,
D0041,dan,
D0041,8,
D0041,tersangka,
D0041,Polres,
D0041,Klungkung,
D0041,ada,
D0041,5,
D0041,kasus,
D0041,dengan,
D0041,7,
D0041,orang,
D0041,tersangka,
D0041,serta,
D0041,Polres,
D0041,Bangli,
D0041,tiga,
D0041,kasus,
D0041,dengan,
D0041,4,
D0041,tersangka,
D0041,Adapun,
D0041,kasus,
D0041,yang,
D0041,paling,
D0041,banyak,
D0041,diungkap,
D0041,adalah,
D0041,curanmor,
D0041,dan,
D0041,curat,
D0041,Selain,
D0041,kendaraan,
D0041,bermotor,
D0041,para,
D0041,pencuri,
D0041,itu,
D0041,juga,
D0041,menggondol,
D0041,berbagai,
D0041,macam,
D0041,barang,
D0041,mulai,
D0041,dari,
D0041,gitar,
D0041,tabung,
D0041,gas,
D0041,ayam,
D0041,burung,
D0041,hingga,
D0041,barang,
D0041,elektronik,
D0041,Ini,
D0041,ada,
D0041,satu,
D0041,bule,
D0041,yang,
D0041,kami,
D0041,amankan,
D0041,Kasus,
D0041,pencurian,
D0041,yang,
D0041,dilakukan,
D0041,di,
D0041,Nusa,
D0041,Penida,
D0041,WNA,
D0041,asal,
D0041,Perancis,
D0041,imbuhnya,
D0042,Polda,
D0042,Sumatera,
D0042,Utara,
D0042,Sumut,
D0042,menangkap,
D0042,230,
D0042,tersangka,
D0042,narkoba,
D0042,dalam,
D0042,kurang,
D0042,waktu,
D0042,sepekan,
D0042,Dari,
D0042,penangkapan,
D0042,tersebut,
D0042,disita,
D0042,sabu,
D0042,seberat,
D0042,11858,
D0042,kg,
D0042,Dalam,
D0042,penindakan,
D0042,narkoba,
D0042,yang,
D0042,dilakukan,
D0042,sejak,
D0042,29,
D0042,April,
D0042,hingga,
D0042,6,
D0042,Mei,
D0042,2024,
D0042,Polda,
D0042,Sumut,
D0042,telah,
D0042,menangkap,
D0042,sebanyak,
D0042,230,
D0042,tersangka,
D0042,pelaku,
D0042,jaringan,
D0042,narkoba,
D0042,kata,
D0042,Kapolda,
D0042,Sumut,
D0042,Irjen,
D0042,Agung,
D0042,Setya,
D0042,Imam,
D0042,Effendi,
D0042,Senin,
D0042,652024,
D0042,Tidak,
D0042,hanya,
D0042,sabu,
D0042,Agung,
D0042,menyebut,
D0042,pihaknya,
D0042,juga,
D0042,mengamankan,
D0042,ganja,
D0042,seberat,
D0042,7040,
D0042,kg,
D0042,pohon,
D0042,ganja,
D0042,500,
D0042,batang,
D0042,pil,
D0042,ekstasi,
D0042,sebanyak,
D0042,100,
D0042,ribu,
D0042,butir,
D0042,uang,
D0042,tunai,
D0042,sebesar,
D0042,Rp,
D0042,16,
D0042,juta,
D0042,hingga,
D0042,alat,
D0042,hisap,
D0042,sabu,
D0042,Agung,
D0042,menuturkan,
D0042,bahwa,
D0042,narkoba,
D0042,merupakan,
D0042,penyebab,
D0042,tingginya,
D0042,kriminalitas,
D0042,di,
D0042,Sumut,
D0042,SCROLL,
D0042,TO,
D0042,CONTINUE,
D0042,WITH,
D0042,CONTENT,
D0042,Narkoba,
D0042,penyebab,
D0042,kejahatan,
D0042,Untuk,
D0042,itu,
D0042,dari,
D0042,awal,
D0042,kami,
D0042,mengelola,
D0042,penanganan,
D0042,narkoba,
D0042,dari,
D0042,dalam,
D0042,dulu,
D0042,polisi,
D0042,harus,
D0042,bersih,
D0042,ungkap,
D0042,Agung,
D0042,Mantan,
D0042,Kapolda,
D0042,Riau,
D0042,itu,
D0042,mengatakan,
D0042,pihaknya,
D0042,akan,
D0042,terus,
D0042,melakukan,
D0042,langkahlangkah,
D0042,kongkret,
D0042,dalam,
D0042,penindakan,
D0042,narkoba,
D0042,Dia,
D0042,mengatakan,
D0042,penindakan,
D0042,ini,
D0042,tentunya,
D0042,membutuhkan,
D0042,kerja,
D0042,sama,
D0042,semua,
D0042,pihak,
D0042,Kami,
D0042,bersama,
D0042,BNN,
D0042,dan,
D0042,seluruh,
D0042,stakeholder,
D0042,sudah,
D0042,menjalankan,
D0042,itu,
D0042,dan,
D0042,hukum,
D0042,telah,
D0042,memberikan,
D0042,ruang,
D0042,itu,
D0042,ujarnya,
D0042,Artikel,
D0042,ini,
D0042,ditulis,
D0042,Indah,
D0042,Mawarni,
D0042,Mahasiswa,
D0042,Magang,
D0042,Merdeka,
D0042,di,
D0042,detikcom,
D0043,Satlantas,
D0043,Polrestabes,
D0043,Bandung,
D0043,merilis,
D0043,158,
D0043,motor,
D0043,hasil,
D0043,razia,
D0043,yang,
D0043,dilakukan,
D0043,selama,
D0043,20222023,
D0043,Sayangnya,
D0043,meski,
D0043,sudah,
D0043,2,
D0043,tahun,
D0043,ditilang,
D0043,motormotor,
D0043,tersebut,
D0043,tak,
D0043,kunjung,
D0043,diambil,
D0043,kembali,
D0043,oleh,
D0043,pemiliknya,
D0043,sampai,
D0043,sekarang,
D0043,Kasatlantas,
D0043,Polrestabes,
D0043,Bandung,
D0043,AKBP,
D0043,Eko,
D0043,Iskandar,
D0043,mengatakan,
D0043,seratusan,
D0043,motor,
D0043,yang,
D0043,diamankan,
D0043,ini,
D0043,merupakan,
D0043,hasil,
D0043,penindakan,
D0043,petugas,
D0043,di,
D0043,lapangan,
D0043,Saat,
D0043,diamankan,
D0043,pengendara,
D0043,tak,
D0043,bisa,
D0043,menunjukkan,
D0043,suratsurat,
D0043,administrasi,
D0043,yang,
D0043,sah,
D0043,seperti,
D0043,STNK,
D0043,BPKB,
D0043,hingga,
D0043,SIM,
D0043,Pelanggarannya,
D0043,ratarata,
D0043,saat,
D0043,diamankan,
D0043,petugas,
D0043,di,
D0043,lapangan,
D0043,itu,
D0043,yang,
D0043,kasat,
D0043,mata,
D0043,seperti,
D0043,knalpot,
D0043,brong,
D0043,tidak,
D0043,pakai,
D0043,helm,
D0043,atau,
D0043,berbonceng,
D0043,3,
D0043,Kemudian,
D0043,pada,
D0043,saat,
D0043,diperiksa,
D0043,dia,
D0043,tidak,
D0043,ada,
D0043,suratsuratnya,
D0043,kata,
D0043,Eko,
D0043,Sabtu,
D0043,452024,
D0043,SCROLL,
D0043,TO,
D0043,CONTINUE,
D0043,WITH,
D0043,CONTENT,
D0043,Selain,
D0043,itu,
D0043,seratusan,
D0043,motor,
D0043,tersebut,
D0043,sudah,
D0043,melewati,
D0043,sidang,
D0043,pelanggaran,
D0043,setelah,
D0043,ditindak,
D0043,kepolisian,
D0043,Tapi,
D0043,setelah,
D0043,2,
D0043,tahun,
D0043,berlalu,
D0043,motormotor,
D0043,tersebut,
D0043,tak,
D0043,kunjung,
D0043,diambil,
D0043,kembali,
D0043,oleh,
D0043,pemiliknya,
D0043,Sidangnya,
D0043,sudah,
D0043,dilaksanakan,
D0043,tapi,
D0043,sudah,
D0043,2,
D0043,tahun,
D0043,ini,
D0043,tidak,
D0043,diambil,
D0043,kembali,
D0043,oleh,
D0043,pemiliknya,
D0043,ucap,
D0043,Eko,
D0043,Eko,
D0043,pun,
D0043,mengimbau,
D0043,kepada,
D0043,masyarakat,
D0043,jika,
D0043,merasa,
D0043,kehilangan,
D0043,motor,
D0043,supaya,
D0043,segera,
D0043,menghubungi,
D0043,Polrestabes,
D0043,Bandung,
D0043,Petugas,
D0043,Satlantas,
D0043,sudah,
D0043,mendata,
D0043,nomor,
D0043,rangka,
D0043,dan,
D0043,nomor,
D0043,mesin,
D0043,ratusan,
D0043,motor,
D0043,tersebut,
D0043,supaya,
D0043,memudahkan,
D0043,bagi,
D0043,masyarakat,
D0043,Bagi,
D0043,masyarakat,
D0043,yang,
D0043,merasa,
D0043,memiliki,
D0043,kendaraan,
D0043,ini,
D0043,silakan,
D0043,datang,
D0043,langsung,
D0043,ke,
D0043,Polrestabes,
D0043,Bandung,
D0043,Juga,
D0043,bagi,
D0043,masyarakat,
D0043,yang,
D0043,merasa,
D0043,kendaraannya,
D0043,hilang,
D0043,entah,
D0043,itu,
D0043,dicuri,
D0043,atau,
D0043,menjadi,
D0043,korban,
D0043,kriminalitas,
D0043,silakan,
D0043,nanti,
D0043,dapat,
D0043,menghubungi,
D0043,kita,
D0043,di,
D0043,Polrestabes,
D0043,Bandung,
D0043,ujarnya,
D0043,Semua,
D0043,motor,
D0043,ini,
D0043,sudah,
D0043,kita,
D0043,lakukan,
D0043,cek,
D0043,fisik,
D0043,Jadi,
D0043,nanti,
D0043,bagi,
D0043,yang,
D0043,merasa,
D0043,kehilangan,
D0043,silakan,
D0043,datang,
D0043,datanya,
D0043,nanti,
D0043,kami,
D0043,cocokkan,
D0043,Kemudian,
D0043,siapkan,
D0043,dokumen,
D0043,aslinya,
D0043,seperti,
D0043,BPKB,
D0043,STNK,
D0043,atau,
D0043,bahkan,
D0043,laporan,
D0043,polisi,
D0043,saat,
D0043,kejadian,
D0043,Nanti,
D0043,di,
D0043,situ,
D0043,oleh,
D0043,petugas,
D0043,dicek,
D0043,ada,
D0043,atau,
D0043,tidak,
D0043,Nanti,
D0043,kalau,
D0043,ada,
D0043,silakan,
D0043,datang,
D0043,dan,
D0043,bawa,
D0043,berkasberkas,
D0043,administrasi,
D0043,kepemilikan,
D0043,yang,
D0043,sahnya,
D0043,pungkasnya,
D0044,Seorang,
D0044,pria,
D0044,di,
D0044,Aceh,
D0044,Besar,
D0044,Aceh,
D0044,MAN,
D0044,38,
D0044,ditangkap,
D0044,polisi,
D0044,karena,
D0044,diduga,
D0044,mencuri,
D0044,berbagai,
D0044,jenis,
D0044,barang,
D0044,di,
D0044,kecamatan,
D0044,tempat,
D0044,tinggalnya,
D0044,Barang,
D0044,digondolnya,
D0044,mulai,
D0044,ponsel,
D0044,baterai,
D0044,mobil,
D0044,hingga,
D0044,pagar,
D0044,di,
D0044,meunasah,
D0044,Pelaku,
D0044,sudah,
D0044,sangat,
D0044,meresahkan,
D0044,warga,
D0044,hingga,
D0044,kami,
D0044,harus,
D0044,melakukan,
D0044,tindakan,
D0044,hukum,
D0044,untuk,
D0044,melakukan,
D0044,penangkapan,
D0044,sesuai,
D0044,dengan,
D0044,laporan,
D0044,warga,
D0044,kata,
D0044,Kapolsek,
D0044,Darussalam,
D0044,Iptu,
D0044,Adam,
D0044,Maulana,
D0044,kepada,
D0044,wartawan,
D0044,Senin,
D0044,2942024,
D0044,Penangkapan,
D0044,pelaku,
D0044,bermula,
D0044,setelah,
D0044,polisi,
D0044,menerima,
D0044,banyak,
D0044,menerima,
D0044,laporan,
D0044,dari,
D0044,korban,
D0044,yang,
D0044,mengaku,
D0044,kehilangan,
D0044,barang,
D0044,mereka,
D0044,Pelaku,
D0044,disebut,
D0044,mulai,
D0044,beraksi,
D0044,sejak,
D0044,akhir,
D0044,2023,
D0044,hingga,
D0044,April,
D0044,2024,
D0044,SCROLL,
D0044,TO,
D0044,CONTINUE,
D0044,WITH,
D0044,CONTENT,
D0044,Beberapa,
D0044,warga,
D0044,melapor,
D0044,di,
D0044,antaranya,
D0044,yakni,
D0044,Ahmad,
D0044,Habibi,
D0044,warga,
D0044,Gampong,
D0044,Blang,
D0044,Darussalam,
D0044,yang,
D0044,mengaku,
D0044,hilang,
D0044,kelapa,
D0044,pada,
D0044,Selasa,
D0044,11112023,
D0044,Selain,
D0044,itu,
D0044,perangkat,
D0044,desa,
D0044,setempat,
D0044,juga,
D0044,mengaku,
D0044,kehilangan,
D0044,10,
D0044,batang,
D0044,besi,
D0044,yang,
D0044,hendak,
D0044,dipakai,
D0044,untuk,
D0044,pembangunan,
D0044,toko,
D0044,milik,
D0044,desa,
D0044,Ketika,
D0044,hendak,
D0044,kerja,
D0044,besi,
D0044,yang,
D0044,sudah,
D0044,dibeli,
D0044,itu,
D0044,telah,
D0044,raib,
D0044,Warga,
D0044,lain,
D0044,yang,
D0044,melapor,
D0044,yakni,
D0044,Nadia,
D0044,Willy,
D0044,23,
D0044,warga,
D0044,Gampong,
D0044,Cot,
D0044,Dia,
D0044,mengaku,
D0044,kehilangan,
D0044,ponsel,
D0044,dan,
D0044,laptop,
D0044,miliknya,
D0044,yang,
D0044,ditaruh,
D0044,di,
D0044,dalam,
D0044,rumah,
D0044,Pelaku,
D0044,yang,
D0044,akrap,
D0044,disapa,
D0044,Black,
D0044,itu,
D0044,diduga,
D0044,mencongkel,
D0044,jendela,
D0044,rumah,
D0044,Willy,
D0044,untuk,
D0044,dapat,
D0044,masuk,
D0044,ke,
D0044,dalam,
D0044,Polisi,
D0044,juga,
D0044,menerima,
D0044,laporan,
D0044,dari,
D0044,Husaini,
D0044,warga,
D0044,Lambaro,
D0044,Sukon,
D0044,yang,
D0044,kehilangan,
D0044,dua,
D0044,baterai,
D0044,dump,
D0044,truck,
D0044,serta,
D0044,satu,
D0044,set,
D0044,kunci,
D0044,roda,
D0044,pada,
D0044,17,
D0044,April,
D0044,lalu,
D0044,Korban,
D0044,saat,
D0044,menghidupkan,
D0044,mobilnya,
D0044,merasa,
D0044,curiga,
D0044,karena,
D0044,arus,
D0044,pengapian,
D0044,tidak,
D0044,ada,
D0044,lagi,
D0044,sehingga,
D0044,dilakukan,
D0044,pengecekan,
D0044,dan,
D0044,ternyata,
D0044,baterainya,
D0044,telah,
D0044,hilang,
D0044,sebanyak,
D0044,dua,
D0044,unit,
D0044,beserta,
D0044,satu,
D0044,set,
D0044,kunci,
D0044,roda,
D0044,jelas,
D0044,Adam,
D0044,Black,
D0044,juga,
D0044,disebut,
D0044,mencuri,
D0044,mesin,
D0044,pompa,
D0044,air,
D0044,milik,
D0044,Munzakir,
D0044,38,
D0044,yang,
D0044,merupakan,
D0044,warga,
D0044,Gampong,
D0044,Blang,
D0044,pada,
D0044,Senin,
D0044,234,
D0044,Setelah,
D0044,menerima,
D0044,banyak,
D0044,laporan,
D0044,dari,
D0044,warga,
D0044,di,
D0044,Kecamatan,
D0044,Darussalam,
D0044,polisi,
D0044,akhirnya,
D0044,menciduk,
D0044,pelaku,
D0044,pada,
D0044,Jumat,
D0044,264,
D0044,siang,
D0044,Pelaku,
D0044,juga,
D0044,dilaporkan,
D0044,pernah,
D0044,mencuri,
D0044,pagar,
D0044,meunasah,
D0044,besi,
D0044,pintu,
D0044,ujar,
D0044,Adam,
D0044,Pelaku,
D0044,saat,
D0044,ini,
D0044,ditahan,
D0044,polisi,
D0044,untuk,
D0044,menjalani,
D0044,pemeriksaan,
D0044,dan,
D0044,mempertanggungjawabkan,
D0044,perbuatannya,
D0044,Adam,
D0044,mengaku,
D0044,akan,
D0044,menindak,
D0044,tegas,
D0044,pelaku,
D0044,tindak,
D0044,pidana,
D0044,kriminalitas,
D0044,premanisme,
D0044,dan,
D0044,yang,
D0044,mengganggu,
D0044,harkamtibmas,
D0044,di,
D0044,wilayah,
D0044,hukum,
D0044,Polsek,
D0044,Darussalam,
D0045,Polisi,
D0045,menangkap,
D0045,dua,
D0045,remaja,
D0045,yang,
D0045,diduga,
D0045,sebagai,
D0045,anggota,
D0045,geng,
D0045,motor,
D0045,saat,
D0045,tawuran,
D0045,di,
D0045,Pasar,
D0045,IX,
D0045,Desa,
D0045,Manunggal,
D0045,Kecamatan,
D0045,Labuhan,
D0045,Deli,
D0045,Kabupaten,
D0045,Deli,
D0045,Serdang,
D0045,Keduanya,
D0045,ditangkap,
D0045,dengan,
D0045,barang,
D0045,bukti,
D0045,senjata,
D0045,tajam,
D0045,Kapolres,
D0045,Pelabuhan,
D0045,Belawan,
D0045,AKBP,
D0045,Janton,
D0045,Silaban,
D0045,mengatakan,
D0045,penangkapan,
D0045,yang,
D0045,dilakukan,
D0045,pada,
D0045,Sabtu,
D0045,2742024,
D0045,pukul,
D0045,0400,
D0045,WIB,
D0045,itu,
D0045,berawal,
D0045,dari,
D0045,informasi,
D0045,masyarakat,
D0045,adanya,
D0045,tawuran,
D0045,di,
D0045,lokasi,
D0045,tersebut,
D0045,Kemudian,
D0045,petugas,
D0045,melakukan,
D0045,patroli,
D0045,dan,
D0045,mengamankan,
D0045,dua,
D0045,orang,
D0045,remaja,
D0045,berinisial,
D0045,RR,
D0045,16,
D0045,dan,
D0045,MDA,
D0045,17,
D0045,Mulanya,
D0045,kami,
D0045,mendapatkan,
D0045,informasi,
D0045,ada,
D0045,tawuran,
D0045,dari,
D0045,warga,
D0045,Kemudian,
D0045,tim,
D0045,patroli,
D0045,skala,
D0045,besar,
D0045,sebagai,
D0045,langkah,
D0045,antisipasi,
D0045,terhadap,
D0045,genk,
D0045,motor,
D0045,begal,
D0045,dan,
D0045,tawuran,
D0045,kata,
D0045,Janton,
D0045,Minggu,
D0045,2842024,
D0045,SCROLL,
D0045,TO,
D0045,CONTINUE,
D0045,WITH,
D0045,CONTENT,
D0045,Jadi,
D0045,sewaktu,
D0045,kami,
D0045,datang,
D0045,orang,
D0045,yang,
D0045,tawuran,
D0045,ini,
D0045,membubarkan,
D0045,diri,
D0045,Nah,
D0045,saat,
D0045,itu,
D0045,lah,
D0045,kami,
D0045,amankan,
D0045,dua,
D0045,remaja,
D0045,ini,
D0045,Diduga,
D0045,mereka,
D0045,ini,
D0045,anggota,
D0045,geng,
D0045,motor,
D0045,Dari,
D0045,tangan,
D0045,keduanya,
D0045,kami,
D0045,menyita,
D0045,satu,
D0045,buah,
D0045,benda,
D0045,tajam,
D0045,berupa,
D0045,kelewang,
D0045,tambahnya,
D0045,Janton,
D0045,mengatakan,
D0045,saat,
D0045,ini,
D0045,kedua,
D0045,remaja,
D0045,tersebut,
D0045,sedang,
D0045,diamankan,
D0045,di,
D0045,Satreskrim,
D0045,Polres,
D0045,Pelabuhan,
D0045,Belawan,
D0045,untuk,
D0045,menjalani,
D0045,proses,
D0045,hukum,
D0045,lebih,
D0045,lanjut,
D0045,Pihaknya,
D0045,sedang,
D0045,melakukan,
D0045,pengembangan,
D0045,terkait,
D0045,perkara,
D0045,tersebut,
D0045,Janton,
D0045,menyampaikan,
D0045,pihaknya,
D0045,berkomitmen,
D0045,untuk,
D0045,menjaga,
D0045,keamanan,
D0045,dan,
D0045,ketertiban,
D0045,masyarakat,
D0045,Beberapa,
D0045,langka,
D0045,preventif,
D0045,dan,
D0045,penindakan,
D0045,telah,
D0045,dilakukan,
D0045,untuk,
D0045,menciptakan,
D0045,lingkungan,
D0045,yang,
D0045,aman,
D0045,dan,
D0045,kondusif,
D0045,bagi,
D0045,seluruh,
D0045,warga,
D0045,Penangkapan,
D0045,ini,
D0045,sebagai,
D0045,upaya,
D0045,kami,
D0045,dalam,
D0045,menekan,
D0045,aksi,
D0045,kriminalitas,
D0045,khususnya,
D0045,terkait,
D0045,dengan,
D0045,aktivitas,
D0045,geng,
D0045,motor,
D0045,dan,
D0045,tawuran,
D0045,yang,
D0045,dapat,
D0045,mengganggu,
D0045,ketentraman,
D0045,masyarakat,
D0045,tutupnya,
D0046,Bripka,
D0046,Rifaldi,
D0046,personel,
D0046,Polres,
D0046,Satresnarkoba,
D0046,Polres,
D0046,Aceh,
D0046,Utara,
D0046,terluka,
D0046,setelah,
D0046,terlibat,
D0046,kontak,
D0046,tembak,
D0046,dengan,
D0046,terduga,
D0046,pengedar,
D0046,narkoba,
D0046,Satu,
D0046,orang,
D0046,ditangkap,
D0046,dan,
D0046,dua,
D0046,lainnya,
D0046,kabur,
D0046,usai,
D0046,menyandera,
D0046,seorang,
D0046,warga,
D0046,Insiden,
D0046,itu,
D0046,terjadi,
D0046,saat,
D0046,polisi,
D0046,membuntuti,
D0046,tiga,
D0046,terduga,
D0046,pengedar,
D0046,narkoba,
D0046,yang,
D0046,mengendarai,
D0046,mobil,
D0046,Xpander,
D0046,Polisi,
D0046,mengejar,
D0046,mobil,
D0046,itu,
D0046,hingga,
D0046,akhirnya,
D0046,pelaku,
D0046,masuk,
D0046,ke,
D0046,halaman,
D0046,Masjid,
D0046,AlIkhlas,
D0046,Desa,
D0046,Keude,
D0046,Bagok,
D0046,Kecamatan,
D0046,Nurussalam,
D0046,Kabupaten,
D0046,Aceh,
D0046,Timur,
D0046,Aceh,
D0046,Sabtu,
D0046,264,
D0046,malam,
D0046,Setiba,
D0046,di,
D0046,lokasi,
D0046,ketiga,
D0046,pelaku,
D0046,disebut,
D0046,langsung,
D0046,turun,
D0046,dan,
D0046,berpencar,
D0046,Satu,
D0046,orang,
D0046,terduga,
D0046,pelaku,
D0046,berinisial,
D0046,A,
D0046,30,
D0046,ditangkap,
D0046,beserta,
D0046,barang,
D0046,bukti,
D0046,992,
D0046,gram,
D0046,sabu,
D0046,serta,
D0046,sepucuk,
D0046,senjata,
D0046,jenis,
D0046,airsoft,
D0046,gun,
D0046,SCROLL,
D0046,TO,
D0046,CONTINUE,
D0046,WITH,
D0046,CONTENT,
D0046,Dua,
D0046,pelaku,
D0046,lainnya,
D0046,berhasil,
D0046,melarikan,
D0046,diri,
D0046,Salah,
D0046,satu,
D0046,di,
D0046,antaranya,
D0046,bahkan,
D0046,melakukan,
D0046,perlawanan,
D0046,dengan,
D0046,melepaskan,
D0046,tembakan,
D0046,ke,
D0046,arah,
D0046,petugas,
D0046,menggunakan,
D0046,senjata,
D0046,api,
D0046,jenis,
D0046,revolver,
D0046,kata,
D0046,Kasat,
D0046,Resnarkoba,
D0046,Polres,
D0046,Aceh,
D0046,Utara,
D0046,AKP,
D0046,Erwinsyah,
D0046,Putra,
D0046,dalam,
D0046,keterangannya,
D0046,Minggu,
D0046,2742025,
D0046,Akibat,
D0046,tembakan,
D0046,itu,
D0046,satu,
D0046,personel,
D0046,polisi,
D0046,mengalami,
D0046,luka,
D0046,di,
D0046,bagian,
D0046,pipi,
D0046,kiri,
D0046,Korban,
D0046,saat,
D0046,ini,
D0046,dirawat,
D0046,di,
D0046,Rumah,
D0046,Sakit,
D0046,PMI,
D0046,Kota,
D0046,Lhokseumawe,
D0046,Mereka,
D0046,juga,
D0046,sempat,
D0046,menyandera,
D0046,seorang,
D0046,warga,
D0046,yang,
D0046,melintas,
D0046,menggunakan,
D0046,sepeda,
D0046,motor,
D0046,jelas,
D0046,Erwin,
D0046,Menurutnya,
D0046,tersangka,
D0046,A,
D0046,berserta,
D0046,barang,
D0046,bukti,
D0046,saat,
D0046,ini,
D0046,telah,
D0046,diamankan,
D0046,di,
D0046,Mapolres,
D0046,Aceh,
D0046,Utara,
D0046,Polisi,
D0046,masih,
D0046,memburu,
D0046,dua,
D0046,pelaku,
D0046,lainnya,
D0046,Kami,
D0046,terus,
D0046,melakukan,
D0046,pengejaran,
D0046,terhadap,
D0046,kedua,
D0046,pelaku,
D0046,yang,
D0046,melarikan,
D0046,diri,
D0046,Kami,
D0046,juga,
D0046,mengimbau,
D0046,masyarakat,
D0046,yang,
D0046,memiliki,
D0046,informasi,
D0046,terkait,
D0046,keberadaan,
D0046,pelaku,
D0046,agar,
D0046,segera,
D0046,melapor,
D0046,kepada,
D0046,pihak,
D0046,berwajib,
D0046,ungkap,
D0046,Erwin,
D0047,Pelaku,
D0047,penembakan,
D0047,terhadap,
D0047,seorang,
D0047,remaja,
D0047,bernama,
D0047,Dimas,
D0047,Prasetya,
D0047,atau,
D0047,DP,
D0047,16,
D0047,saat,
D0047,tawuran,
D0047,yang,
D0047,terjadi,
D0047,di,
D0047,Kecamatan,
D0047,Medan,
D0047,Belawan,
D0047,Kota,
D0047,Medan,
D0047,menyerahkan,
D0047,diri,
D0047,ke,
D0047,kantor,
D0047,polisi,
D0047,Pelaku,
D0047,bernama,
D0047,Irfan,
D0047,alias,
D0047,Ipan,
D0047,Jengkol,
D0047,34,
D0047,Kapolres,
D0047,Pelabuhan,
D0047,Belawan,
D0047,AKBP,
D0047,Oloan,
D0047,Siahaan,
D0047,mengatakan,
D0047,pelaku,
D0047,menyerahkan,
D0047,diri,
D0047,pada,
D0047,Kamis,
D0047,2442025,
D0047,Kami,
D0047,sebelumnya,
D0047,telah,
D0047,memberi,
D0047,ultimatum,
D0047,kepada,
D0047,yang,
D0047,bersangkutan,
D0047,untuk,
D0047,menyerahkan,
D0047,diri,
D0047,dalam,
D0047,tempo,
D0047,2,
D0047,x,
D0047,24,
D0047,jam,
D0047,atau,
D0047,akan,
D0047,kami,
D0047,lakukan,
D0047,penangkapan,
D0047,dalam,
D0047,kondisi,
D0047,apapun,
D0047,Akhirnya,
D0047,tersangka,
D0047,menyerahkan,
D0047,diri,
D0047,didampingi,
D0047,oleh,
D0047,keluarganya,
D0047,kata,
D0047,Oloan,
D0047,Sabtu,
D0047,264,
D0047,SCROLL,
D0047,TO,
D0047,CONTINUE,
D0047,WITH,
D0047,CONTENT,
D0047,Oloan,
D0047,menyebut,
D0047,pelaku,
D0047,Irfan,
D0047,ini,
D0047,terlibat,
D0047,dalam,
D0047,dua,
D0047,kasus,
D0047,tawuran,
D0047,yang,
D0047,membuat,
D0047,korbannya,
D0047,meninggal,
D0047,dunia,
D0047,Sebelumnya,
D0047,pelaku,
D0047,juga,
D0047,terlibat,
D0047,dalam,
D0047,tewasnya,
D0047,seorang,
D0047,remaja,
D0047,bernama,
D0047,Rasyid,
D0047,16,
D0047,yang,
D0047,terkena,
D0047,panah,
D0047,saat,
D0047,tawuran,
D0047,pada,
D0047,Agustus,
D0047,2024,
D0047,Dari,
D0047,hasil,
D0047,pemeriksaan,
D0047,tersangka,
D0047,telah,
D0047,mengakui,
D0047,perbuatannya,
D0047,dalam,
D0047,kasus,
D0047,penganiayaan,
D0047,yang,
D0047,menyebabkan,
D0047,meninggalnya,
D0047,Rasyid,
D0047,Sementara,
D0047,dalam,
D0047,kasus,
D0047,penembakan,
D0047,terhadap,
D0047,Dimas,
D0047,Prasetya,
D0047,saat,
D0047,ini,
D0047,masih,
D0047,kami,
D0047,dalami,
D0047,karena,
D0047,pihak,
D0047,keluarga,
D0047,korban,
D0047,belum,
D0047,membuat,
D0047,laporan,
D0047,resmi,
D0047,lanjutnya,
D0047,Sebelumnya,
D0047,diberitakan,
D0047,tawuran,
D0047,antarkelompok,
D0047,remaja,
D0047,pecah,
D0047,di,
D0047,Kelurahan,
D0047,Belawan,
D0047,I,
D0047,Kecamatan,
D0047,Medan,
D0047,Belawan,
D0047,Kota,
D0047,Medan,
D0047,Peristiwa,
D0047,ini,
D0047,mengakibatkan,
D0047,satu,
D0047,Dimas,
D0047,tewas,
D0047,ditembak,
D0047,di,
D0047,bagian,
D0047,dada,
D0047,Korban,
D0047,sempat,
D0047,dilarikan,
D0047,ke,
D0047,rumah,
D0047,sakit,
D0047,nyawanya,
D0047,tidak,
D0047,dapat,
D0047,tertolong,
D0047,Kami,
D0047,telah,
D0047,membentuk,
D0047,tim,
D0047,khusus,
D0047,yang,
D0047,terdiri,
D0047,dari,
D0047,personel,
D0047,terbaik,
D0047,untuk,
D0047,segera,
D0047,mengungkap,
D0047,pelaku,
D0047,dan,
D0047,motif,
D0047,aksi,
D0047,brutal,
D0047,ini,
D0047,Tawuran,
D0047,yang,
D0047,menghilangkan,
D0047,nyawa,
D0047,tidak,
D0047,bisa,
D0047,ditolerir,
D0047,Siapapun,
D0047,pelakunya,
D0047,akan,
D0047,kami,
D0047,kejar,
D0047,dan,
D0047,proses,
D0047,sesuai,
D0047,hukum,
D0047,yang,
D0047,berlaku,
D0047,kata,
D0047,Oloan,
D0047,Siahaan,
D0047,dalam,
D0047,keterangannya,
D0047,Minggu,
D0047,204,
D0047,AKBP,
D0047,Oloan,
D0047,mengatakan,
D0047,peristiwa,
D0047,tawuran,
D0047,itu,
D0047,terjadi,
D0047,pada,
D0047,Sabtu,
D0047,194,
D0047,sekitar,
D0047,pukul,
D0047,2200,
D0047,WIB,
D0047,Mendapat,
D0047,informasi,
D0047,tawuran,
D0047,polisi,
D0047,kemudian,
D0047,datang,
D0047,ke,
D0047,lokasi,
D0047,Saat,
D0047,membubarkan,
D0047,massa,
D0047,para,
D0047,pelaku,
D0047,tawuran,
D0047,melempari,
D0047,polisi,
D0047,dengan,
D0047,batu,
D0047,Polisi,
D0047,kemudian,
D0047,melakukan,
D0047,penyisiran,
D0047,di,
D0047,sekitar,
D0047,lokasi,
D0047,tawuran,
D0047,usai,
D0047,berhasil,
D0047,membubarkan,
D0047,massa,
D0047,Di,
D0047,lokasi,
D0047,kejadian,
D0047,polisi,
D0047,menemukan,
D0047,senjata,
D0047,tajam,
D0047,dan,
D0047,senapan,
D0047,angin,
D0047,rakitan,
D0047,Senjata,
D0047,itu,
D0047,diduga,
D0047,digunakan,
D0047,pelaku,
D0047,untuk,
D0047,menembak,
D0047,korban,
D0048,Seorang,
D0048,pria,
D0048,bernama,
D0048,Saftono,
D0048,36,
D0048,di,
D0048,OKU,
D0048,Sumatera,
D0048,Selatan,
D0048,Sumsel,
D0048,ditangkap,
D0048,setelah,
D0048,membakar,
D0048,mobil,
D0048,ibu,
D0048,kandungnya,
D0048,sendiri,
D0048,Aksi,
D0048,tersebut,
D0048,dilakukan,
D0048,pelaku,
D0048,diduga,
D0048,karena,
D0048,kesal,
D0048,tak,
D0048,diberi,
D0048,uang,
D0048,Peristiwa,
D0048,tersebut,
D0048,diketahui,
D0048,terjadi,
D0048,pada,
D0048,Senin,
D0048,214,
D0048,pukul,
D0048,1900,
D0048,WIB,
D0048,di,
D0048,halaman,
D0048,rumah,
D0048,korban,
D0048,dan,
D0048,pelaku,
D0048,Dusun,
D0048,II,
D0048,Desa,
D0048,Keban,
D0048,Agung,
D0048,Kecamatan,
D0048,Semidang,
D0048,Aji,
D0048,Kabupaten,
D0048,OKU,
D0048,Sumsel,
D0048,Adapun,
D0048,korban,
D0048,bernama,
D0048,Suarna,
D0048,66,
D0048,Kapolsek,
D0048,Semidang,
D0048,Aji,
D0048,OKU,
D0048,Ipda,
D0048,Meyke,
D0048,Krisdian,
D0048,Hasri,
D0048,membenarkan,
D0048,kejadian,
D0048,tersebut,
D0048,Dia,
D0048,mengatakan,
D0048,pelaku,
D0048,pembakaran,
D0048,mobil,
D0048,ibu,
D0048,kandungnya,
D0048,sudah,
D0048,ditangkap,
D0048,dan,
D0048,ditetapkan,
D0048,tersangka,
D0048,SCROLL,
D0048,TO,
D0048,CONTINUE,
D0048,WITH,
D0048,CONTENT,
D0048,Ya,
D0048,benar,
D0048,kejadian,
D0048,itu,
D0048,Pelaku,
D0048,sudah,
D0048,kita,
D0048,amankan,
D0048,dan,
D0048,kita,
D0048,tetapkan,
D0048,tersangka,
D0048,Sekarang,
D0048,tersangka,
D0048,berada,
D0048,di,
D0048,Polsek,
D0048,untuk,
D0048,mempertanggungjawabkan,
D0048,perbuatannya,
D0048,kata,
D0048,Meyke,
D0048,Jumat,
D0048,2542025,
D0048,melansir,
D0048,detikSumbagsel,
D0048,Meyke,
D0048,menuturkan,
D0048,motif,
D0048,dari,
D0048,kejadian,
D0048,tersebut,
D0048,karena,
D0048,tersangka,
D0048,kesal,
D0048,akibat,
D0048,tak,
D0048,diberi,
D0048,uang,
D0048,saat,
D0048,minta,
D0048,ke,
D0048,korban,
D0048,Kemudian,
D0048,tersangka,
D0048,berniat,
D0048,menjual,
D0048,mobil,
D0048,korban,
D0048,dan,
D0048,meminta,
D0048,surat,
D0048,BPKB,
D0048,mobil,
D0048,itu,
D0048,Korban,
D0048,yang,
D0048,tidak,
D0048,memberikan,
D0048,BPKB,
D0048,membuat,
D0048,tersangka,
D0048,kesal,
D0048,dan,
D0048,langsung,
D0048,membakar,
D0048,mobil,
D0048,jenis,
D0048,Datsun,
D0048,plat,
D0048,B1511TYQ,
D0048,ungkapnya,
D0048,Ditambahkan,
D0048,Meyke,
D0048,tersangka,
D0048,ditangkap,
D0048,polisi,
D0048,setelah,
D0048,adanya,
D0048,laporan,
D0048,dari,
D0048,korban,
D0048,Atas,
D0048,perbuatannya,
D0048,tersangka,
D0048,dikenakan,
D0048,Pasal,
D0048,187,
D0048,ayat,
D0048,1e,
D0048,atau,
D0048,Pasal,
D0048,406,
D0048,KUHPidana,
D0048,tentang,
D0048,perusakan,
D0048,barang,
D0048,dan,
D0048,terancam,
D0048,hukuman,
D0048,minimal,
D0048,5,
D0048,tahun,
D0048,penjara,
D0048,tutupnya,
D0049,Dua,
D0049,orang,
D0049,pemuda,
D0049,inisial,
D0049,AS,
D0049,19,
D0049,dan,
D0049,AD,
D0049,18,
D0049,menyekap,
D0049,dan,
D0049,memperkosa,
D0049,seorang,
D0049,anak,
D0049,perempuan,
D0049,berusia,
D0049,13,
D0049,tahun,
D0049,di,
D0049,Kecamatan,
D0049,Pulau,
D0049,Maya,
D0049,Kabupaten,
D0049,Kayong,
D0049,Utara,
D0049,Kalimantan,
D0049,Barat,
D0049,Kalbar,
D0049,Atas,
D0049,perbuatannya,
D0049,itu,
D0049,kedua,
D0049,pelaku,
D0049,sudah,
D0049,ditangkap,
D0049,Melansir,
D0049,detikKalimantan,
D0049,peristiwa,
D0049,yang,
D0049,dialami,
D0049,korban,
D0049,ini,
D0049,terjadi,
D0049,di,
D0049,salah,
D0049,satu,
D0049,rumah,
D0049,warga,
D0049,pada,
D0049,Minggu,
D0049,134,
D0049,sekitar,
D0049,pukul,
D0049,0900,
D0049,WIB,
D0049,Kedua,
D0049,pelaku,
D0049,sudah,
D0049,ditangkap,
D0049,dan,
D0049,ditahan,
D0049,Unit,
D0049,III,
D0049,Satreskrim,
D0049,Polres,
D0049,Kayong,
D0049,Utara,
D0049,Saat,
D0049,ini,
D0049,keduanya,
D0049,sedang,
D0049,menjalani,
D0049,pemeriksaan,
D0049,intensif,
D0049,Kasat,
D0049,Reskrim,
D0049,Polres,
D0049,Kayong,
D0049,Utara,
D0049,Iptu,
D0049,Hendra,
D0049,Gunawan,
D0049,mengatakan,
D0049,pelaku,
D0049,ditangkap,
D0049,setelah,
D0049,ada,
D0049,laporan,
D0049,dari,
D0049,orang,
D0049,tua,
D0049,korban,
D0049,SCROLL,
D0049,TO,
D0049,CONTINUE,
D0049,WITH,
D0049,CONTENT,
D0049,Jadi,
D0049,orang,
D0049,tua,
D0049,korban,
D0049,ini,
D0049,sedang,
D0049,berada,
D0049,di,
D0049,rumah,
D0049,salah,
D0049,satu,
D0049,kerabat,
D0049,Kemudian,
D0049,pada,
D0049,pukul,
D0049,1900,
D0049,WIB,
D0049,ada,
D0049,yang,
D0049,beritahu,
D0049,bahwa,
D0049,anaknya,
D0049,telah,
D0049,disekap,
D0049,oleh,
D0049,kedua,
D0049,pelaku,
D0049,di,
D0049,kamar,
D0049,rumah,
D0049,milik,
D0049,seorang,
D0049,warga,
D0049,jelas,
D0049,Hendra,
D0049,kepada,
D0049,wartawan,
D0049,Jumat,
D0049,2542025,
D0049,Mendengar,
D0049,kabar,
D0049,tersebut,
D0049,orang,
D0049,tua,
D0049,korban,
D0049,bergegas,
D0049,menuju,
D0049,Polsek,
D0049,Pulau,
D0049,Maya,
D0049,untuk,
D0049,membuat,
D0049,laporan,
D0049,Anggota,
D0049,Polsek,
D0049,Pulau,
D0049,Maya,
D0049,langsung,
D0049,bergerak,
D0049,cepat,
D0049,mencari,
D0049,keberadaan,
D0049,para,
D0049,pelaku,
D0049,Setengah,
D0049,jam,
D0049,dilaporkan,
D0049,kedua,
D0049,pemuda,
D0049,tersebut,
D0049,berhasil,
D0049,diamankan,
D0049,Korban,
D0049,pun,
D0049,dapat,
D0049,diselamatkan,
D0049,kata,
D0049,Hendra,
D0049,Berdasarkan,
D0049,hasil,
D0049,pemeriksaan,
D0049,awal,
D0049,korban,
D0049,mengakui,
D0049,sudah,
D0049,disetubuhi,
D0049,kedua,
D0049,pelaku,
D0049,Orang,
D0049,tua,
D0049,korban,
D0049,yang,
D0049,geram,
D0049,lalu,
D0049,meminta,
D0049,kasus,
D0049,ini,
D0049,untuk,
D0049,ditangani,
D0049,Polres,
D0049,Kayong,
D0049,Utara,
D0049,Hendra,
D0049,menuturkan,
D0049,saat,
D0049,ini,
D0049,pihak,
D0049,penyidik,
D0049,sedang,
D0049,berkoordinasi,
D0049,dengan,
D0049,Jaksa,
D0049,Penuntut,
D0049,Umum,
D0049,JPU,
D0049,untuk,
D0049,pemberkasan,
D0049,dan,
D0049,penyerahan,
D0049,tersangka,
D0049,Kami,
D0049,juga,
D0049,telah,
D0049,mengamankan,
D0049,barang,
D0049,bukti,
D0049,serta,
D0049,melakukan,
D0049,pemanggilan,
D0049,saksisaksi,
D0049,guna,
D0049,menyelesaikan,
D0049,penyidikan,
D0049,secara,
D0049,tuntas,
D0049,katanya,
D0049,Kedua,
D0049,tersangka,
D0049,dijerat,
D0049,Pasal,
D0049,Pasal,
D0049,81,
D0049,ayat,
D0049,1,
D0049,Jo,
D0049,Pasal,
D0049,76D,
D0049,danatau,
D0049,Pasal,
D0049,81,
D0049,ayat,
D0049,2,
D0049,Undangundang,
D0049,Nomor,
D0049,17,
D0049,Tahun,
D0049,2016,
D0049,tentang,
D0049,Penetapan,
D0049,Peraturan,
D0049,Pemerintah,
D0049,Pengganti,
D0049,Undangundang,
D0049,Nomor,
D0049,1,
D0049,Tahun,
D0049,2016,
D0049,sebagai,
D0049,perubahan,
D0049,kedua,
D0049,atas,
D0049,Undangundang,
D0049,Nomor,
D0049,23,
D0049,Tahun,
D0049,2002,
D0049,tentang,
D0049,Perlindungan,
D0049,Anak,
D0050,Enam,
D0050,pria,
D0050,di,
D0050,Kota,
D0050,Kupang,
D0050,Nusa,
D0050,Tenggara,
D0050,Timur,
D0050,NTT,
D0050,berinisial,
D0050,RT,
D0050,26,
D0050,YT,
D0050,28,
D0050,JA,
D0050,28,
D0050,OO,
D0050,35,
D0050,SPT,
D0050,27,
D0050,dan,
D0050,AS,
D0050,29,
D0050,ditangkap,
D0050,polisi,
D0050,Mereka,
D0050,ditangkap,
D0050,Tim,
D0050,Macan,
D0050,Polsek,
D0050,Kota,
D0050,Lama,
D0050,lantaran,
D0050,terlibat,
D0050,pencurian,
D0050,sejumlah,
D0050,barang,
D0050,elektronik,
D0050,Mereka,
D0050,itu,
D0050,ditangkap,
D0050,di,
D0050,tiga,
D0050,lokasi,
D0050,yang,
D0050,berbeda,
D0050,di,
D0050,Kota,
D0050,Kupang,
D0050,ujar,
D0050,Kapolsek,
D0050,Kota,
D0050,Lama,
D0050,AKP,
D0050,Yohny,
D0050,Friser,
D0050,Makandolu,
D0050,kepada,
D0050,detikBali,
D0050,Kamis,
D0050,2442025,
D0050,malam,
D0050,Yohny,
D0050,mengungkapkan,
D0050,enam,
D0050,pria,
D0050,tersebut,
D0050,diduga,
D0050,kuat,
D0050,sebagai,
D0050,pelaku,
D0050,pencurian,
D0050,dan,
D0050,sering,
D0050,meresahkan,
D0050,warga,
D0050,Kecamatan,
D0050,Kota,
D0050,Lama,
D0050,dan,
D0050,Kecamatan,
D0050,Kelapa,
D0050,Lima,
D0050,Menurutnya,
D0050,mereka,
D0050,ditangkap,
D0050,berdasarkan,
D0050,sejumlah,
D0050,laporan,
D0050,polisi,
D0050,di,
D0050,Polsek,
D0050,Kota,
D0050,Lama,
D0050,SCROLL,
D0050,TO,
D0050,CONTINUE,
D0050,WITH,
D0050,CONTENT,
D0050,Laporan,
D0050,pertama,
D0050,diterima,
D0050,Polsek,
D0050,Kota,
D0050,Lama,
D0050,pada,
D0050,Sabtu,
D0050,2232025,
D0050,terkait,
D0050,pencurian,
D0050,dua,
D0050,air,
D0050,conditioner,
D0050,AC,
D0050,bekas,
D0050,satu,
D0050,kipas,
D0050,angin,
D0050,dan,
D0050,rice,
D0050,cooker,
D0050,di,
D0050,Mess,
D0050,Restoran,
D0050,Taman,
D0050,Laut,
D0050,Handayani,
D0050,Jalan,
D0050,Adi,
D0050,Sucipto,
D0050,Kelurahan,
D0050,Oesapa,
D0050,Selatan,
D0050,Kecamatan,
D0050,Kelapa,
D0050,Lima,
D0050,Kota,
D0050,Kupang,
D0050,Kemudian,
D0050,laporan,
D0050,kedua,
D0050,diterima,
D0050,pada,
D0050,Rabu,
D0050,1642025,
D0050,terkait,
D0050,pencurian,
D0050,dua,
D0050,rol,
D0050,kabel,
D0050,dan,
D0050,tiga,
D0050,lampu,
D0050,sorot,
D0050,di,
D0050,Kantor,
D0050,Unit,
D0050,Pelaksana,
D0050,Tugas,
D0050,Daerah,
D0050,UPTD,
D0050,Penerangan,
D0050,Jalan,
D0050,Umum,
D0050,PJU,
D0050,Kota,
D0050,Kupang,
D0050,pada,
D0050,Senin,
D0050,1442025,
D0050,sekitar,
D0050,pukul,
D0050,0800,
D0050,Wita,
D0050,Laporan,
D0050,ketiga,
D0050,diterima,
D0050,pada,
D0050,Sabtu,
D0050,1942025,
D0050,terkait,
D0050,pencurian,
D0050,satu,
D0050,kompresor,
D0050,merk,
D0050,SPD,
D0050,orange,
D0050,dan,
D0050,satu,
D0050,tabung,
D0050,pres,
D0050,milik,
D0050,warga,
D0050,di,
D0050,Jalan,
D0050,Timor,
D0050,Raya,
D0050,Kelurahan,
D0050,Oesapa,
D0050,Barat,
D0050,Kecamatan,
D0050,Kelapa,
D0050,Lima,
D0050,Kota,
D0050,Kupang,
D0050,Menurut,
D0050,Yohny,
D0050,polisi,
D0050,langsung,
D0050,melakukan,
D0050,penyelidikan,
D0050,dengan,
D0050,memeriksa,
D0050,rekaman,
D0050,closedcircuit,
D0050,television,
D0050,CCTV,
D0050,di,
D0050,tiga,
D0050,lokasi,
D0050,berdasarkan,
D0050,tiga,
D0050,laporan,
D0050,itu,
D0050,Polisi,
D0050,akhirnya,
D0050,menangkap,
D0050,RT,
D0050,di,
D0050,Kelurahan,
D0050,Sikumana,
D0050,Kecamatan,
D0050,Maulafa,
D0050,Kota,
D0050,Kupang,
D0050,sekitar,
D0050,pukul,
D0050,0030,
D0050,Wita,
D0050,Setelah,
D0050,diinterogasi,
D0050,baru,
D0050,terungkap,
D0050,ada,
D0050,keterlibatan,
D0050,lima,
D0050,rekan,
D0050,RT,
D0050,yaitu,
D0050,YT,
D0050,JA,
D0050,OO,
D0050,SPT,
D0050,dan,
D0050,AS,
D0050,Polisi,
D0050,kemudian,
D0050,bergerak,
D0050,dan,
D0050,menangkap,
D0050,mereka,
D0050,dalam,
D0050,waktu,
D0050,dan,
D0050,lokasi,
D0050,berbeda,
D0050,Selain,
D0050,RT,
D0050,YT,
D0050,JA,
D0050,OO,
D0050,SPT,
D0050,dan,
D0050,AS,
D0050,Yohny,
D0050,melanjutkan,
D0050,polisi,
D0050,juga,
D0050,turut,
D0050,mengamankan,
D0050,mobil,
D0050,rental,
D0050,Daihatsu,
D0050,Xenia,
D0050,kompresor,
D0050,Honda,
D0050,GX,
D0050,160,
D0050,tabung,
D0050,pres,
D0050,ban,
D0050,satu,
D0050,set,
D0050,kunci,
D0050,10,
D0050,rol,
D0050,lampu,
D0050,hias,
D0050,strip,
D0050,dua,
D0050,buah,
D0050,parang,
D0050,satu,
D0050,springbed,
D0050,dan,
D0050,satu,
D0050,buah,
D0050,handphone,
D0050,HP,
D0050,merk,
D0050,Vivo,
D0050,Saat,
D0050,ini,
D0050,kami,
D0050,masih,
D0050,lakukan,
D0050,penyelidikan,
D0050,lanjutan,
D0050,terhadap,
D0050,enam,
D0050,pelaku,
D0050,karena,
D0050,diduga,
D0050,mereka,
D0050,melakukan,
D0050,aksi,
D0050,pencurian,
D0050,di,
D0050,tempat,
D0050,lainnya,
D0050,Tentunya,
D0050,kami,
D0050,akan,
D0050,memproses,
D0050,hukum,
D0050,karena,
D0050,sangat,
D0050,meresahkan,
D0050,masyarakat,
D0050,terang,
D0050,Yohny,
D0051,Seorang,
D0051,adik,
D0051,bernama,
D0051,Jasaman,
D0051,Girsang,
D0051,62,
D0051,di,
D0051,Kabupaten,
D0051,Simalungun,
D0051,Sumatera,
D0051,Utara,
D0051,Sumut,
D0051,tega,
D0051,menusuk,
D0051,abang,
D0051,kandungnya,
D0051,Ruslan,
D0051,Girsan,
D0051,78,
D0051,hingga,
D0051,tewas,
D0051,Perbuatan,
D0051,mengerikan,
D0051,itu,
D0051,dilakukan,
D0051,pelaku,
D0051,diduga,
D0051,gegara,
D0051,permasalahan,
D0051,harta,
D0051,warisan,
D0051,Motifnya,
D0051,sakit,
D0051,hati,
D0051,karena,
D0051,perselisihan,
D0051,harta,
D0051,warisan,
D0051,orang,
D0051,tua,
D0051,antara,
D0051,korban,
D0051,dan,
D0051,pelaku,
D0051,kata,
D0051,Kapolsek,
D0051,Saribu,
D0051,Dolok,
D0051,AKP,
D0051,JP,
D0051,Aruan,
D0051,Rabu,
D0051,2342025,
D0051,Pembunuhan,
D0051,tersebut,
D0051,diketahui,
D0051,terjadi,
D0051,di,
D0051,rumah,
D0051,korban,
D0051,di,
D0051,Jalan,
D0051,Saribu,
D0051,DolokKabanjahe,
D0051,Nagori,
D0051,Mardinding,
D0051,Pematang,
D0051,Silimakuta,
D0051,Rabu,
D0051,pukul,
D0051,0630,
D0051,WIB,
D0051,Dalam,
D0051,peristiwa,
D0051,itu,
D0051,istri,
D0051,korban,
D0051,bernama,
D0051,Juniarly,
D0051,Saragih,
D0051,67,
D0051,juga,
D0051,mengalami,
D0051,luka,
D0051,di,
D0051,jari,
D0051,tangannya,
D0051,SCROLL,
D0051,TO,
D0051,CONTINUE,
D0051,WITH,
D0051,CONTENT,
D0051,Aruan,
D0051,mengatakan,
D0051,kejadian,
D0051,itu,
D0051,diketahui,
D0051,usai,
D0051,anak,
D0051,korban,
D0051,dijemput,
D0051,oleh,
D0051,warga,
D0051,dan,
D0051,menyampaikan,
D0051,soal,
D0051,kondisi,
D0051,ayahnya,
D0051,Setelah,
D0051,itu,
D0051,keduanya,
D0051,pun,
D0051,menuju,
D0051,rumah,
D0051,korban,
D0051,Setibanya,
D0051,di,
D0051,depan,
D0051,rumah,
D0051,korban,
D0051,Ruslan,
D0051,sudah,
D0051,berada,
D0051,di,
D0051,atas,
D0051,mobil,
D0051,pikap,
D0051,dengan,
D0051,keadaan,
D0051,berlumuran,
D0051,darah,
D0051,Lalu,
D0051,korban,
D0051,dilarikan,
D0051,ke,
D0051,klinik,
D0051,terdekat,
D0051,Korban,
D0051,dibawa,
D0051,menuju,
D0051,klinik,
D0051,Sesampainya,
D0051,di,
D0051,klinik,
D0051,pihak,
D0051,klinik,
D0051,menyatakan,
D0051,bahwa,
D0051,korban,
D0051,sudah,
D0051,meninggal,
D0051,dunia,
D0051,karena,
D0051,tusukan,
D0051,benda,
D0051,tajam,
D0051,ke,
D0051,arah,
D0051,dada,
D0051,dan,
D0051,perut,
D0051,sebanyak,
D0051,tiga,
D0051,tusukan,
D0051,ujarnya,
D0051,Berdasarkan,
D0051,keterangan,
D0051,saksi,
D0051,mata,
D0051,korban,
D0051,ditusuk,
D0051,oleh,
D0051,pelaku,
D0051,yang,
D0051,merupakan,
D0051,adik,
D0051,kandung,
D0051,korban,
D0051,Selain,
D0051,itu,
D0051,pelaku,
D0051,juga,
D0051,lah,
D0051,yang,
D0051,menganiaya,
D0051,korban,
D0051,Juniarly,
D0051,Aruan,
D0051,menyebut,
D0051,pelaku,
D0051,menusuk,
D0051,korban,
D0051,di,
D0051,dalam,
D0051,rumah,
D0051,korban,
D0051,Saat,
D0051,ini,
D0051,pelaku,
D0051,telah,
D0051,diamankan,
D0051,oleh,
D0051,petugas,
D0051,kepolisian,
D0051,Terlapor,
D0051,mendatangi,
D0051,rumah,
D0051,korban,
D0051,kemudian,
D0051,melakukan,
D0051,penusukan,
D0051,terhadap,
D0051,korban,
D0051,dengan,
D0051,menggunakan,
D0051,pisau,
D0051,milik,
D0051,pelaku,
D0051,ujarnya,
D0052,Dua,
D0052,pemuda,
D0052,berinisial,
D0052,QH,
D0052,24,
D0052,dan,
D0052,MA,
D0052,22,
D0052,di,
D0052,Kabupaten,
D0052,Morowali,
D0052,Sulawesi,
D0052,Tengah,
D0052,Sulteng,
D0052,ditangkap,
D0052,setelah,
D0052,membawa,
D0052,badik,
D0052,dan,
D0052,airsoft,
D0052,gun,
D0052,untuk,
D0052,melakukan,
D0052,aksi,
D0052,pencurian,
D0052,sepeda,
D0052,motor,
D0052,dan,
D0052,handphone,
D0052,Kedua,
D0052,pelaku,
D0052,beralasan,
D0052,nekat,
D0052,mencuri,
D0052,karena,
D0052,terlilit,
D0052,utang,
D0052,Pelaku,
D0052,beraksi,
D0052,di,
D0052,dua,
D0052,TKP,
D0052,dengan,
D0052,menggunakan,
D0052,senjata,
D0052,tajam,
D0052,jenis,
D0052,badik,
D0052,dan,
D0052,replika,
D0052,senjata,
D0052,api,
D0052,airsoft,
D0052,gun,
D0052,ujar,
D0052,Kapolsek,
D0052,Bahodopi,
D0052,Ipda,
D0052,Moh,
D0052,Iqbal,
D0052,kepada,
D0052,wartawan,
D0052,Rabu,
D0052,2342025,
D0052,Kedua,
D0052,pelaku,
D0052,melakukan,
D0052,aksi,
D0052,pencurian,
D0052,di,
D0052,dua,
D0052,desa,
D0052,di,
D0052,Kecamatan,
D0052,Bahodopi,
D0052,pada,
D0052,Minggu,
D0052,64,
D0052,malam,
D0052,Mereka,
D0052,mencuri,
D0052,motor,
D0052,dan,
D0052,handphone,
D0052,warga,
D0052,yang,
D0052,melintas,
D0052,SCROLL,
D0052,TO,
D0052,CONTINUE,
D0052,WITH,
D0052,CONTENT,
D0052,Kasus,
D0052,ini,
D0052,kemudian,
D0052,dilaporkan,
D0052,korban,
D0052,ke,
D0052,Polsek,
D0052,Bahodopi,
D0052,Polisi,
D0052,yang,
D0052,melakukan,
D0052,penyelidikan,
D0052,membekuk,
D0052,pelaku,
D0052,di,
D0052,tempat,
D0052,persembunyiannya,
D0052,di,
D0052,Kecamatan,
D0052,Bahodopi,
D0052,Selasa,
D0052,84,
D0052,Setelah,
D0052,menerima,
D0052,laporan,
D0052,dan,
D0052,melakukan,
D0052,pencarian,
D0052,akhirnya,
D0052,kedua,
D0052,pelaku,
D0052,berhasil,
D0052,diamankan,
D0052,terangnya,
D0052,Iqbal,
D0052,mengungkapkan,
D0052,ada,
D0052,sejumlah,
D0052,barang,
D0052,hasil,
D0052,curian,
D0052,yang,
D0052,diamankan,
D0052,dari,
D0052,tangan,
D0052,pelaku,
D0052,Di,
D0052,antaranya,
D0052,1,
D0052,unit,
D0052,sepeda,
D0052,motor,
D0052,handphone,
D0052,dan,
D0052,cincin,
D0052,Menurut,
D0052,pengakuan,
D0052,pelaku,
D0052,aksi,
D0052,yang,
D0052,dilakukan,
D0052,tersebut,
D0052,karena,
D0052,terlilit,
D0052,utang,
D0052,dan,
D0052,kebutuhan,
D0052,seharihari,
D0052,bebernya,
D0052,Saat,
D0052,ini,
D0052,kedua,
D0052,pelaku,
D0052,telah,
D0052,ditahan,
D0052,di,
D0052,Mapolsek,
D0052,Bahodopi,
D0052,untuk,
D0052,mempertanggungjawabkan,
D0052,perbuatannya,
D0052,Polisi,
D0052,juga,
D0052,telah,
D0052,menyita,
D0052,badik,
D0052,dan,
D0052,airsoft,
D0052,gun,
D0052,yang,
D0052,dipakai,
D0052,pelaku,
D0052,melancarkan,
D0052,aksi,
D0052,pencurian,
D0052,Pelaku,
D0052,dikenakan,
D0052,Pasal,
D0052,365,
D0052,Ayat,
D0052,1,
D0052,dan,
D0052,ayat,
D0052,2,
D0052,ke1,
D0052,ke2,
D0052,dan,
D0052,ke3,
D0052,KUHPidana,
D0052,dengan,
D0052,ancaman,
D0052,hukuman,
D0052,paling,
D0052,lama,
D0052,12,
D0052,tahun,
D0052,penjara,
D0052,pungkasnya,
D0053,Anggota,
D0053,DPRD,
D0053,Asahan,
D0053,Pajar,
D0053,Prianto,
D0053,42,
D0053,mendekam,
D0053,di,
D0053,penjara,
D0053,usai,
D0053,rumahnya,
D0053,digerebek,
D0053,polisi,
D0053,soal,
D0053,judi,
D0053,sabung,
D0053,ayam,
D0053,Dalam,
D0053,penggerebekan,
D0053,itu,
D0053,polisi,
D0053,turut,
D0053,mengamankan,
D0053,Pajar,
D0053,yang,
D0053,kini,
D0053,telah,
D0053,menjadi,
D0053,tersangka,
D0053,Lalu,
D0053,seperti,
D0053,apa,
D0053,awal,
D0053,mula,
D0053,kasus,
D0053,tersebut,
D0053,hingga,
D0053,Pajar,
D0053,berstatus,
D0053,tersangka,
D0053,Berikut,
D0053,kronologi,
D0053,lengkapnya,
D0053,Penggerebekan,
D0053,judi,
D0053,sabung,
D0053,ayam,
D0053,itu,
D0053,viral,
D0053,di,
D0053,media,
D0053,sosial,
D0053,Berdasarkan,
D0053,video,
D0053,yang,
D0053,dilihat,
D0053,detikSumut,
D0053,tampak,
D0053,ramai,
D0053,warga,
D0053,berada,
D0053,di,
D0053,lokasi,
D0053,Perekam,
D0053,mengarahkan,
D0053,kameranya,
D0053,ke,
D0053,salah,
D0053,satu,
D0053,rumah,
D0053,yang,
D0053,diduga,
D0053,milik,
D0053,wakil,
D0053,rakyat,
D0053,tersebut,
D0053,SCROLL,
D0053,TO,
D0053,CONTINUE,
D0053,WITH,
D0053,CONTENT,
D0053,Di,
D0053,depan,
D0053,rumah,
D0053,itu,
D0053,tampak,
D0053,ada,
D0053,beberapa,
D0053,truk,
D0053,Selain,
D0053,itu,
D0053,ada,
D0053,juga,
D0053,petugas,
D0053,kepolisian,
D0053,di,
D0053,lokasi,
D0053,Menurut,
D0053,informasi,
D0053,penggerebekan,
D0053,itu,
D0053,terjadi,
D0053,di,
D0053,Desa,
D0053,Punggulan,
D0053,Kecamatan,
D0053,Air,
D0053,Joman,
D0053,Kasus,
D0053,sabung,
D0053,ayam,
D0053,lokasi,
D0053,di,
D0053,pekarangan,
D0053,rumah,
D0053,salah,
D0053,satu,
D0053,anggota,
D0053,DPRD,
D0053,Asahan,
D0053,demikian,
D0053,narasi,
D0053,unggahan,
D0053,itu,
D0053,Kasat,
D0053,Reskrim,
D0053,Polres,
D0053,Asahan,
D0053,AKP,
D0053,Ghulam,
D0053,Yanuar,
D0053,membenarkan,
D0053,rumah,
D0053,Pajar,
D0053,digerebek,
D0053,terkait,
D0053,dugaan,
D0053,judi,
D0053,sabung,
D0053,ayam,
D0053,Ghulam,
D0053,menyebut,
D0053,penggerebekan,
D0053,dilakukan,
D0053,di,
D0053,rumah,
D0053,Pajar,
D0053,di,
D0053,Desa,
D0053,Punggulan,
D0053,Kecamatan,
D0053,Air,
D0053,Joman,
D0053,Minggu,
D0053,2042025,
D0053,Iya,
D0053,rumah,
D0053,Pajar,
D0053,digerebek,
D0053,diduga,
D0053,soal,
D0053,sabung,
D0053,ayam,
D0053,hari,
D0053,Minggu,
D0053,kata,
D0053,Ghulam,
D0053,saat,
D0053,dikonfirmasi,
D0053,detikSumut,
D0053,Senin,
D0053,214,
D0053,Saat,
D0053,penggerebekan,
D0053,itu,
D0053,petugas,
D0053,kepolisian,
D0053,juga,
D0053,mengamankan,
D0053,Pajar,
D0053,Selain,
D0053,Pajar,
D0053,pihaknya,
D0053,juga,
D0053,mengamankan,
D0053,tujuh,
D0053,orang,
D0053,lainnya,
D0053,Dengan,
D0053,begitu,
D0053,ada,
D0053,total,
D0053,8,
D0053,orang,
D0053,yang,
D0053,diamankan,
D0053,dari,
D0053,lokasi,
D0053,kejadian,
D0053,Total,
D0053,ada,
D0053,delapan,
D0053,orang,
D0053,satu,
D0053,anggota,
D0053,DPRD,
D0053,lima,
D0053,yang,
D0053,nonton,
D0053,dua,
D0053,pemasang,
D0053,taruhan,
D0053,jelasnya,
D0053,Ghulam,
D0053,menyebut,
D0053,saat,
D0053,penggerebekan,
D0053,itu,
D0053,judi,
D0053,sabung,
D0053,ayam,
D0053,tersebut,
D0053,tengah,
D0053,berlangsung,
D0053,Usai,
D0053,petugas,
D0053,datang,
D0053,orangorang,
D0053,yang,
D0053,tengah,
D0053,menyaksikan,
D0053,judi,
D0053,sabung,
D0053,ayam,
D0053,itu,
D0053,lalu,
D0053,langsung,
D0053,berupaya,
D0053,melarikan,
D0053,diri,
D0053,Mantan,
D0053,Kasat,
D0053,Reskrim,
D0053,Polres,
D0053,Simalungun,
D0053,itu,
D0053,menyebut,
D0053,ada,
D0053,23,
D0053,sepeda,
D0053,motor,
D0053,yang,
D0053,tertinggal,
D0053,di,
D0053,lokasi,
D0053,usai,
D0053,ditinggal,
D0053,pemiliknya,
D0053,kabur,
D0053,Selain,
D0053,itu,
D0053,petugas,
D0053,juga,
D0053,mengamankan,
D0053,sembilan,
D0053,ekor,
D0053,ayam,
D0053,Usai,
D0053,melakukan,
D0053,serangkaian,
D0053,penyelidikan,
D0053,polisi,
D0053,menetapkan,
D0053,Pajar,
D0053,menjadi,
D0053,tersangka,
D0053,Selain,
D0053,Pajar,
D0053,polisi,
D0053,juga,
D0053,menetapkan,
D0053,dua,
D0053,tersangka,
D0053,lainnya,
D0053,Keduanya,
D0053,yakni,
D0053,Supilar,
D0053,alias,
D0053,SR,
D0053,50,
D0053,dan,
D0053,Suparmin,
D0053,alias,
D0053,SN,
D0053,46,
D0053,Mereka,
D0053,berdua,
D0053,ikut,
D0053,bermain,
D0053,taruhan,
D0053,dalam,
D0053,judi,
D0053,tersebut,
D0053,Dari,
D0053,hasil,
D0053,penyelidikan,
D0053,dan,
D0053,penyidikan,
D0053,ditetapkan,
D0053,sebanyak,
D0053,tiga,
D0053,orang,
D0053,sebagai,
D0053,tersangka,
D0053,yaitu,
D0053,tersangka,
D0053,PP,
D0053,SR,
D0053,dan,
D0053,SN,
D0053,kata,
D0053,Kapolres,
D0053,Asahan,
D0053,AKBP,
D0053,Afdhal,
D0053,Junaidi,
D0053,saat,
D0053,konferensi,
D0053,pers,
D0053,Selasa,
D0053,224,
D0053,Sementara,
D0053,lima,
D0053,orang,
D0053,lainnya,
D0053,yang,
D0053,sebelumnya,
D0053,turut,
D0053,diamankan,
D0053,dari,
D0053,lokasi,
D0053,kata,
D0053,Afdhal,
D0053,belum,
D0053,terbukti,
D0053,terlibat,
D0053,dalam,
D0053,judi,
D0053,sabung,
D0053,ayam,
D0053,itu,
D0053,Alhasil,
D0053,kelimanya,
D0053,belum,
D0053,bisa,
D0053,ditetapkan,
D0053,menjadi,
D0053,tersangka,
D0053,Sedangkan,
D0053,lima,
D0053,orang,
D0053,inisial,
D0053,DE,
D0053,S,
D0053,T,
D0053,H,
D0053,dan,
D0053,DA,
D0053,belum,
D0053,dapat,
D0053,ditetapkan,
D0053,sebagai,
D0053,tersangka,
D0053,ujarnya,
D0053,Afdhal,
D0053,belum,
D0053,memerinci,
D0053,soal,
D0053,omzet,
D0053,judi,
D0053,sabung,
D0053,ayam,
D0053,itu,
D0053,Dia,
D0053,mengatakan,
D0053,pihaknya,
D0053,masih,
D0053,memburu,
D0053,empat,
D0053,pelaku,
D0053,lainnya,
D0053,untuk,
D0053,mengungkap,
D0053,hal,
D0053,tersebut,
D0053,Keempat,
D0053,pelaku,
D0053,itu,
D0053,adalah,
D0053,J,
D0053,DO,
D0053,A,
D0053,dan,
D0053,DE,
D0053,D,
D0053,berperan,
D0053,sebagai,
D0053,bandar,
D0053,penyelenggara,
D0053,kegiatan,
D0053,dan,
D0053,wasit,
D0053,Sementara,
D0053,DO,
D0053,dan,
D0053,A,
D0053,sebagai,
D0053,pemain,
D0053,judi,
D0053,sedangkan,
D0053,DE,
D0053,lawan,
D0053,taruhan,
D0053,tersangka,
D0053,Supilar,
D0053,Makanya,
D0053,kita,
D0053,harus,
D0053,dapat,
D0053,dulu,
D0053,yang,
D0053,DPO,
D0053,ini,
D0053,berapa,
D0053,besarannya,
D0053,jelasnya,
D0053,AKP,
D0053,Ghulam,
D0053,Yanuar,
D0053,mengatakan,
D0053,bahwa,
D0053,Pajar,
D0053,berperan,
D0053,sebagai,
D0053,penyedia,
D0053,tempat,
D0053,judi,
D0053,sabung,
D0053,ayam,
D0053,itu,
D0053,Pajar,
D0053,dijerat,
D0053,Pasal,
D0053,303,
D0053,Ayat,
D0053,1,
D0053,ke2e,
D0053,KUHPidana,
D0053,dengan,
D0053,ancaman,
D0053,hukuman,
D0053,maksimal,
D0053,10,
D0053,tahun,
D0053,penjara,
D0053,Sementara,
D0053,dua,
D0053,tersangka,
D0053,lainnya,
D0053,dijerat,
D0053,Pasal,
D0053,303,
D0053,bis,
D0053,KUHPidana,
D0053,dengan,
D0053,ancaman,
D0053,hukuman,
D0053,maksimal,
D0053,empat,
D0053,tahun,
D0053,penjara,
D0053,Kalau,
D0053,dia,
D0053,Pajar,
D0053,memang,
D0053,penyedia,
D0053,tempat,
D0053,kata,
D0053,Ghulam,
D0053,Anggota,
D0053,DPRD,
D0053,Asahan,
D0053,Pajar,
D0053,Prianto,
D0053,42,
D0053,membantah,
D0053,terlibat,
D0053,dalam,
D0053,judi,
D0053,sabung,
D0053,ayam,
D0053,yang,
D0053,digerebek,
D0053,polisi,
D0053,di,
D0053,areal,
D0053,rumahnya,
D0053,di,
D0053,Kecamatan,
D0053,Air,
D0053,Joman,
D0053,Pajar,
D0053,menyebut,
D0053,dirinya,
D0053,hanya,
D0053,melakukan,
D0053,jual,
D0053,beli,
D0053,ayam,
D0053,jago,
D0053,Saya,
D0053,disitu,
D0053,jual,
D0053,beli,
D0053,ayam,
D0053,mana,
D0053,yang,
D0053,bagus,
D0053,seharusnya,
D0053,kan,
D0053,tes,
D0053,dulu,
D0053,bagus,
D0053,baru,
D0053,dijual,
D0053,kata,
D0053,Pajar,
D0053,saat,
D0053,dihadirkan,
D0053,dalam,
D0053,konferensi,
D0053,pers,
D0053,di,
D0053,Polres,
D0053,Asahan,
D0053,Pajar,
D0053,mengaku,
D0053,tidak,
D0053,tahumenahu,
D0053,soal,
D0053,judi,
D0053,sabung,
D0053,ayam,
D0053,yang,
D0053,di,
D0053,rumahnya,
D0053,itu,
D0053,Dia,
D0053,berdalih,
D0053,bahwa,
D0053,rumahnya,
D0053,hanya,
D0053,dijadikan,
D0053,untuk,
D0053,mengetes,
D0053,kemampuan,
D0053,ayam,
D0053,jago,
D0053,yang,
D0053,akan,
D0053,dijualnya,
D0053,Ngetes,
D0053,ayam,
D0053,mau,
D0053,dijual,
D0053,ayam,
D0053,laga,
D0053,saya,
D0053,bilang,
D0053,saya,
D0053,nggak,
D0053,judi,
D0053,Saya,
D0053,penangkaran,
D0053,ayam,
D0053,dan,
D0053,usaha,
D0053,bagi,
D0053,saya,
D0053,tempat,
D0053,itu,
D0053,untuk,
D0053,tes,
D0053,karena,
D0053,harus,
D0053,lihat,
D0053,kemampuan,
D0053,ayam,
D0053,saya,
D0053,menjalankan,
D0053,usaha,
D0053,saya,
D0053,jual,
D0053,belinya,
D0053,halal,
D0053,karena,
D0053,nggak,
D0053,ada,
D0053,judi,
D0053,di,
D0053,situ,
D0053,ujarnya,
D0054,Polisi,
D0054,menangkap,
D0054,anggota,
D0054,DPRD,
D0054,Asahan,
D0054,Pajar,
D0054,Prianto,
D0054,42,
D0054,terkait,
D0054,judi,
D0054,sabung,
D0054,ayam,
D0054,di,
D0054,rumahnya,
D0054,di,
D0054,Desa,
D0054,Punggulan,
D0054,Kecamatan,
D0054,Air,
D0054,Joman,
D0054,Kabupaten,
D0054,Asahan,
D0054,Saat,
D0054,ini,
D0054,Pajar,
D0054,telah,
D0054,ditetapkan,
D0054,menjadi,
D0054,tersangka,
D0054,Kapolres,
D0054,Asahan,
D0054,AKBP,
D0054,Afdhal,
D0054,Junaidi,
D0054,mengatakan,
D0054,selain,
D0054,Pajar,
D0054,pihaknya,
D0054,juga,
D0054,menetapkan,
D0054,dua,
D0054,tersangka,
D0054,lainnya,
D0054,Keduanya,
D0054,yakni,
D0054,Supilar,
D0054,alias,
D0054,SR,
D0054,50,
D0054,dan,
D0054,Suparmin,
D0054,alias,
D0054,SN,
D0054,46,
D0054,Mereka,
D0054,berdua,
D0054,ikut,
D0054,bermain,
D0054,taruhan,
D0054,dalam,
D0054,judi,
D0054,tersebut,
D0054,Dari,
D0054,hasil,
D0054,penyelidikan,
D0054,dan,
D0054,penyidikan,
D0054,ditetapkan,
D0054,sebanyak,
D0054,tiga,
D0054,orang,
D0054,sebagai,
D0054,tersangka,
D0054,yaitu,
D0054,tersangka,
D0054,PP,
D0054,SR,
D0054,dan,
D0054,SN,
D0054,kata,
D0054,Afdhal,
D0054,saat,
D0054,konferensi,
D0054,pers,
D0054,Selasa,
D0054,2242025,
D0054,SCROLL,
D0054,TO,
D0054,CONTINUE,
D0054,WITH,
D0054,CONTENT,
D0054,Sementara,
D0054,lima,
D0054,orang,
D0054,lainnya,
D0054,yang,
D0054,sebelumnya,
D0054,turut,
D0054,diamankan,
D0054,dari,
D0054,lokasi,
D0054,kata,
D0054,Afdhal,
D0054,belum,
D0054,terbukti,
D0054,terlibat,
D0054,dalam,
D0054,judi,
D0054,sabung,
D0054,ayam,
D0054,itu,
D0054,Alhasil,
D0054,kelimanya,
D0054,belum,
D0054,bisa,
D0054,ditetapkan,
D0054,menjadi,
D0054,tersangka,
D0054,Sedangkan,
D0054,lima,
D0054,orang,
D0054,inisial,
D0054,DE,
D0054,S,
D0054,T,
D0054,H,
D0054,dan,
D0054,DA,
D0054,belum,
D0054,dapat,
D0054,di,
D0054,tetapkan,
D0054,sebagai,
D0054,tersangka,
D0054,ujarnya,
D0054,Kasat,
D0054,Reskrim,
D0054,Polres,
D0054,Asahan,
D0054,AKP,
D0054,Ghulam,
D0054,Yanuar,
D0054,mengatakan,
D0054,bahwa,
D0054,Pajar,
D0054,berperan,
D0054,sebagai,
D0054,penyedia,
D0054,tempat,
D0054,judi,
D0054,sabung,
D0054,ayam,
D0054,itu,
D0054,Pajar,
D0054,dijerat,
D0054,Pasal,
D0054,303,
D0054,Ayat,
D0054,1,
D0054,ke2e,
D0054,KUHPidana,
D0054,dengan,
D0054,ancaman,
D0054,hukuman,
D0054,maksimal,
D0054,10,
D0054,tahun,
D0054,penjara,
D0054,Sementara,
D0054,dua,
D0054,tersangka,
D0054,lainnya,
D0054,dijerat,
D0054,Pasal,
D0054,303,
D0054,bis,
D0054,KUHPidana,
D0054,dengan,
D0054,ancaman,
D0054,hukuman,
D0054,maksimal,
D0054,empat,
D0054,tahun,
D0054,penjara,
D0054,Kalau,
D0054,dia,
D0054,Pajar,
D0054,memang,
D0054,penyedia,
D0054,tempat,
D0054,kata,
D0054,Ghulam,
D0054,Sebelumnya,
D0054,diberitakan,
D0054,Polres,
D0054,Asahan,
D0054,menggerebek,
D0054,rumah,
D0054,anggota,
D0054,DPRD,
D0054,Asahan,
D0054,inisial,
D0054,P,
D0054,terkait,
D0054,judi,
D0054,sabung,
D0054,ayam,
D0054,yang,
D0054,berada,
D0054,di,
D0054,halaman,
D0054,belakang,
D0054,rumahnya,
D0054,AKP,
D0054,Ghulam,
D0054,Yanuar,
D0054,mengatakan,
D0054,penggerebekan,
D0054,dilakukan,
D0054,di,
D0054,rumah,
D0054,Pajar,
D0054,di,
D0054,Desa,
D0054,Punggulan,
D0054,Kecamatan,
D0054,Air,
D0054,Joman,
D0054,Minggu,
D0054,204,
D0054,sore,
D0054,Saat,
D0054,petugas,
D0054,tiba,
D0054,di,
D0054,lokasi,
D0054,judi,
D0054,sabung,
D0054,ayam,
D0054,itu,
D0054,tengah,
D0054,berlangsung,
D0054,Digerebek,
D0054,pas,
D0054,lagi,
D0054,main,
D0054,judi,
D0054,sabung,
D0054,ayam,
D0054,kata,
D0054,Ghulam,
D0054,saat,
D0054,dikonfrimasi,
D0054,detikSumut,
D0054,Senin,
D0054,214,
D0054,Usai,
D0054,petugas,
D0054,datang,
D0054,kata,
D0054,Ghulam,
D0054,orangorang,
D0054,yang,
D0054,tengah,
D0054,menyaksikan,
D0054,judi,
D0054,sabung,
D0054,ayam,
D0054,itu,
D0054,lalu,
D0054,langsung,
D0054,berupaya,
D0054,melarikan,
D0054,diri,
D0054,Mantan,
D0054,Kasat,
D0054,Reskrim,
D0054,Polres,
D0054,Simalungun,
D0054,itu,
D0054,menyebut,
D0054,ada,
D0054,23,
D0054,sepeda,
D0054,motor,
D0054,yang,
D0054,tertinggal,
D0054,di,
D0054,lokasi,
D0054,usai,
D0054,ditinggal,
D0054,pemiliknya,
D0054,kabur,
D0054,Dalam,
D0054,penggerebekan,
D0054,itu,
D0054,petugas,
D0054,mengamankan,
D0054,delapan,
D0054,orang,
D0054,salah,
D0054,satunya,
D0054,Pajar,
D0054,Selain,
D0054,itu,
D0054,petugas,
D0054,juga,
D0054,mengamankan,
D0054,sembilan,
D0054,ekor,
D0054,ayam,
D0054,Setelah,
D0054,itu,
D0054,ayam,
D0054,dan,
D0054,delapan,
D0054,orang,
D0054,tersebut,
D0054,diboyong,
D0054,ke,
D0054,Polres,
D0054,Asahan,
D0055,Dedih,
D0055,alias,
D0055,Ended,
D0055,seorang,
D0055,lelaki,
D0055,berumur,
D0055,37,
D0055,tahun,
D0055,asal,
D0055,Garut,
D0055,terpaksa,
D0055,berurusan,
D0055,dengan,
D0055,polisi,
D0055,setelah,
D0055,menganiaya,
D0055,teman,
D0055,sendiri,
D0055,Aksi,
D0055,itu,
D0055,dilakukan,
D0055,Ended,
D0055,lantaran,
D0055,tak,
D0055,terima,
D0055,disebut,
D0055,korban,
D0055,habis,
D0055,checkin,
D0055,Peristiwa,
D0055,penganiayaan,
D0055,yang,
D0055,menimpa,
D0055,Niko,
D0055,33,
D0055,ini,
D0055,terjadi,
D0055,di,
D0055,pintu,
D0055,gerbang,
D0055,Pantai,
D0055,Karangpapak,
D0055,Desa,
D0055,Cikelet,
D0055,Kecamatan,
D0055,Cikelet,
D0055,Garut,
D0055,pada,
D0055,Minggu,
D0055,2042025,
D0055,malam,
D0055,lalu,
D0055,Menurut,
D0055,Kapolsek,
D0055,Cikelet,
D0055,Iptu,
D0055,Aktas,
D0055,Komalsyah,
D0055,Siregar,
D0055,kejadian,
D0055,bermula,
D0055,saat,
D0055,Ended,
D0055,berkendara,
D0055,dengan,
D0055,sepeda,
D0055,motor,
D0055,melintasi,
D0055,tempat,
D0055,kejadian,
D0055,perkara,
D0055,TKP,
D0055,Di,
D0055,lokasi,
D0055,ada,
D0055,Niko,
D0055,yang,
D0055,sedang,
D0055,nongkrong,
D0055,SCROLL,
D0055,TO,
D0055,CONTINUE,
D0055,WITH,
D0055,CONTENT,
D0055,Saat,
D0055,itu,
D0055,terjadi,
D0055,kesalahpahaman,
D0055,antara,
D0055,korban,
D0055,dan,
D0055,pelaku,
D0055,hingga,
D0055,mengakibatkan,
D0055,penganiayaan,
D0055,kata,
D0055,Aktas,
D0055,kepada,
D0055,detikJabar,
D0055,Selasa,
D0055,2242025,
D0055,sore,
D0055,Aktas,
D0055,menjelaskan,
D0055,menurut,
D0055,penuturan,
D0055,Ended,
D0055,saat,
D0055,itu,
D0055,Niko,
D0055,mengumpat,
D0055,padanya,
D0055,Entah,
D0055,serius,
D0055,atau,
D0055,tidak,
D0055,kata,
D0055,Aktas,
D0055,saat,
D0055,itu,
D0055,Niko,
D0055,bertanya,
D0055,kepada,
D0055,Ended,
D0055,apakah,
D0055,dirinya,
D0055,sudah,
D0055,checkin,
D0055,atau,
D0055,bukan,
D0055,Perkataan,
D0055,itu,
D0055,dianggap,
D0055,serius,
D0055,oleh,
D0055,Ended,
D0055,Ended,
D0055,berpendapat,
D0055,jika,
D0055,Niko,
D0055,menudingnya,
D0055,telah,
D0055,berkencan,
D0055,dengan,
D0055,wanita,
D0055,di,
D0055,dalam,
D0055,kamar,
D0055,penginapan,
D0055,dengan,
D0055,perkataan,
D0055,tersebut,
D0055,Intinya,
D0055,merasa,
D0055,tidak,
D0055,enak,
D0055,ada,
D0055,perkataan,
D0055,korban,
D0055,bahasanya,
D0055,kurang,
D0055,lebih,
D0055,timana,
D0055,euy,
D0055,enggeus,
D0055,checkin,
D0055,Kamu,
D0055,dari,
D0055,mana,
D0055,habis,
D0055,check,
D0055,in,
D0055,ucap,
D0055,Aktas,
D0055,Ended,
D0055,lantas,
D0055,gelap,
D0055,mata,
D0055,Dia,
D0055,murka,
D0055,dan,
D0055,menghampiri,
D0055,Niko,
D0055,Ended,
D0055,yang,
D0055,naik,
D0055,pitam,
D0055,langsung,
D0055,menghajar,
D0055,Niko,
D0055,dengan,
D0055,tangan,
D0055,kosong,
D0055,hingga,
D0055,korban,
D0055,babak,
D0055,belur,
D0055,dan,
D0055,berlumur,
D0055,darah,
D0055,Pengakuan,
D0055,tersangka,
D0055,telah,
D0055,melakukan,
D0055,pemukulan,
D0055,sebanyak,
D0055,4,
D0055,kali,
D0055,sampai,
D0055,bagian,
D0055,telinga,
D0055,korban,
D0055,robek,
D0055,dan,
D0055,babak,
D0055,belur,
D0055,katanya,
D0055,Selepas,
D0055,kejadian,
D0055,itu,
D0055,Niko,
D0055,langsung,
D0055,lapor,
D0055,polisi,
D0055,Hingga,
D0055,akhirnya,
D0055,Ended,
D0055,ditangkap,
D0055,dan,
D0055,kini,
D0055,dijebloskan,
D0055,ke,
D0055,penjara,
D0055,Aktas,
D0055,menambahkan,
D0055,Ended,
D0055,dijerat,
D0055,dengan,
D0055,Pasal,
D0055,351,
D0055,KUHP,
D0055,tentang,
D0055,Penganiayaan,
D0055,Ancaman,
D0055,hukumannya,
D0055,dua,
D0055,tahun,
D0055,penjara,
D0055,pungkas,
D0055,Aktas,
D0056,Seorang,
D0056,pria,
D0056,Aceh,
D0056,Utara,
D0056,ditangkap,
D0056,polisi,
D0056,karena,
D0056,diduga,
D0056,membunuh,
D0056,kakak,
D0056,iparnya,
D0056,berinisial,
D0056,H,
D0056,38,
D0056,Korban,
D0056,dan,
D0056,pelaku,
D0056,disebut,
D0056,sudah,
D0056,bersitegang,
D0056,sejak,
D0056,setahun,
D0056,lalu,
D0056,Terduga,
D0056,pelaku,
D0056,merupakan,
D0056,adik,
D0056,kandung,
D0056,dari,
D0056,suami,
D0056,korban,
D0056,berinisial,
D0056,FU,
D0056,39,
D0056,yang,
D0056,seharihari,
D0056,berprofesi,
D0056,sebagai,
D0056,petani,
D0056,dan,
D0056,pedagang,
D0056,kata,
D0056,Kapolres,
D0056,Lhokseumawe,
D0056,AKBP,
D0056,Ahzan,
D0056,kepada,
D0056,wartawan,
D0056,Selasa,
D0056,2242025,
D0056,Insiden,
D0056,itu,
D0056,terjadi,
D0056,di,
D0056,Desa,
D0056,Teupin,
D0056,Banja,
D0056,Kecamatan,
D0056,Muara,
D0056,Batu,
D0056,Senin,
D0056,144,
D0056,malam,
D0056,Kejadian,
D0056,bermula,
D0056,saat,
D0056,korban,
D0056,yang,
D0056,tinggal,
D0056,bertetangga,
D0056,dengan,
D0056,pelaku,
D0056,menegur,
D0056,FU,
D0056,Dia,
D0056,meminta,
D0056,istri,
D0056,FU,
D0056,tidak,
D0056,lagi,
D0056,menuduh,
D0056,dirinya,
D0056,menyantet,
D0056,keluarga,
D0056,pelaku,
D0056,SCROLL,
D0056,TO,
D0056,CONTINUE,
D0056,WITH,
D0056,CONTENT,
D0056,Ucapan,
D0056,itu,
D0056,disebut,
D0056,memicu,
D0056,emosi,
D0056,pelaku,
D0056,sehingga,
D0056,dia,
D0056,langsung,
D0056,mengeluarkan,
D0056,pisau,
D0056,dan,
D0056,menikam,
D0056,korban,
D0056,lima,
D0056,kali,
D0056,FU,
D0056,juga,
D0056,disebut,
D0056,menghajar,
D0056,korban,
D0056,menggunakan,
D0056,batu,
D0056,Korban,
D0056,H,
D0056,seketika,
D0056,ambruk,
D0056,bersimbah,
D0056,darah,
D0056,Usai,
D0056,membunuh,
D0056,korban,
D0056,FU,
D0056,disebut,
D0056,menyimpan,
D0056,pisau,
D0056,di,
D0056,rumah,
D0056,orang,
D0056,tuanya,
D0056,lalu,
D0056,melarikan,
D0056,diri,
D0056,Pelaku,
D0056,juga,
D0056,menitipkan,
D0056,anaknya,
D0056,ke,
D0056,rumah,
D0056,tetangga,
D0056,dan,
D0056,melarikan,
D0056,diri,
D0056,menggunakan,
D0056,sepeda,
D0056,motor,
D0056,Informasi,
D0056,cepat,
D0056,dari,
D0056,warga,
D0056,dan,
D0056,kesigapan,
D0056,tim,
D0056,Resmob,
D0056,Polres,
D0056,Lhokseumawe,
D0056,berhasil,
D0056,melacak,
D0056,dan,
D0056,menangkap,
D0056,pelaku,
D0056,di,
D0056,tempat,
D0056,persembunyiannya,
D0056,jelas,
D0056,Ahzan,
D0056,Ahzan,
D0056,menyebutkan,
D0056,pelaku,
D0056,ditangkap,
D0056,di,
D0056,rumah,
D0056,orang,
D0056,tua,
D0056,istrinya,
D0056,di,
D0056,Desa,
D0056,Babah,
D0056,Buloh,
D0056,Kecamatan,
D0056,Sawang,
D0056,Aceh,
D0056,Utara,
D0056,tidak,
D0056,lama,
D0056,usai,
D0056,kejadian,
D0056,Polisi,
D0056,menyebut,
D0056,korban,
D0056,dan,
D0056,pelaku,
D0056,sudah,
D0056,lama,
D0056,menyimpan,
D0056,dendam,
D0056,Motif,
D0056,pembunuhan,
D0056,diduga,
D0056,karena,
D0056,sakit,
D0056,hati,
D0056,dan,
D0056,dendam,
D0056,yang,
D0056,telah,
D0056,berlangsung,
D0056,lebih,
D0056,dari,
D0056,satu,
D0056,tahun,
D0056,antara,
D0056,pelaku,
D0056,dan,
D0056,keluarga,
D0056,korban,
D0056,ujar,
D0056,Ahzan,
D0056,Pelaku,
D0056,saat,
D0056,ini,
D0056,diamankan,
D0056,di,
D0056,Mapolres,
D0056,Lhokseumawe,
D0056,Polisi,
D0056,menjeratnya,
D0056,dengan,
D0056,Pasal,
D0056,340,
D0056,juncto,
D0056,Pasal,
D0056,338,
D0056,KUHP,
D0056,tentang,
D0056,Pembunuhan,
D0056,Berencana,
D0056,dengan,
D0056,ancaman,
D0056,pidana,
D0056,mati,
D0056,penjara,
D0056,seumur,
D0056,hidup,
D0056,atau,
D0056,paling,
D0056,lama,
D0056,15,
D0056,tahun,
D0056,penjara,
D0057,Seorang,
D0057,petani,
D0057,inisial,
D0057,A,
D0057,di,
D0057,Musi,
D0057,Rawas,
D0057,Sumatera,
D0057,Selatan,
D0057,Sumsel,
D0057,menyiram,
D0057,air,
D0057,keras,
D0057,ke,
D0057,wajah,
D0057,temannya,
D0057,inisial,
D0057,K,
D0057,hingga,
D0057,melepuh,
D0057,Akibat,
D0057,dari,
D0057,aksinya,
D0057,itu,
D0057,pelaku,
D0057,pun,
D0057,diamankan,
D0057,Kejadian,
D0057,tersebut,
D0057,diketahui,
D0057,terjadi,
D0057,di,
D0057,rumah,
D0057,korban,
D0057,di,
D0057,Desa,
D0057,Marga,
D0057,Baru,
D0057,Blok,
D0057,C,
D0057,Kecamatan,
D0057,Muara,
D0057,lakitan,
D0057,Musi,
D0057,Rawas,
D0057,Sumatera,
D0057,Selatan,
D0057,Jumat,
D0057,1142025,
D0057,sekitar,
D0057,pukul,
D0057,1830,
D0057,WIB,
D0057,Kapolsek,
D0057,Muara,
D0057,Lakitan,
D0057,AKP,
D0057,Hendrawan,
D0057,mengatakan,
D0057,saat,
D0057,itu,
D0057,pelaku,
D0057,mendatangi,
D0057,rumah,
D0057,korban,
D0057,yang,
D0057,berada,
D0057,di,
D0057,dekat,
D0057,garasi,
D0057,rumahnya,
D0057,Kemudian,
D0057,keduanya,
D0057,terlibat,
D0057,perdebatan,
D0057,SCROLL,
D0057,TO,
D0057,CONTINUE,
D0057,WITH,
D0057,CONTENT,
D0057,Kemudian,
D0057,terjadi,
D0057,perdebatan,
D0057,antara,
D0057,korban,
D0057,dengan,
D0057,pelaku,
D0057,dan,
D0057,dikarenakan,
D0057,ada,
D0057,dendam,
D0057,pribadi,
D0057,pelaku,
D0057,pun,
D0057,menyiramkan,
D0057,air,
D0057,keras,
D0057,ke,
D0057,arah,
D0057,wajah,
D0057,korban,
D0057,dan,
D0057,langsung,
D0057,melarikan,
D0057,diri,
D0057,kata,
D0057,Hendrawan,
D0057,Senin,
D0057,2142025,
D0057,melansir,
D0057,detikSumbagsel,
D0057,Hendrawan,
D0057,menuturkan,
D0057,akibat,
D0057,terkena,
D0057,siraman,
D0057,air,
D0057,keras,
D0057,tersebut,
D0057,korban,
D0057,pun,
D0057,berteriak,
D0057,meminta,
D0057,pertolongan,
D0057,hingga,
D0057,anaknya,
D0057,langsung,
D0057,datang,
D0057,dan,
D0057,membilas,
D0057,wajah,
D0057,korban,
D0057,dengan,
D0057,air,
D0057,Akibat,
D0057,kejadian,
D0057,tersebut,
D0057,korban,
D0057,mengalami,
D0057,luka,
D0057,melepuh,
D0057,di,
D0057,wajah,
D0057,sehingga,
D0057,langsung,
D0057,dilarikan,
D0057,ke,
D0057,bidan,
D0057,yang,
D0057,berada,
D0057,di,
D0057,wilayah,
D0057,SP3,
D0057,Desa,
D0057,Marga,
D0057,Baru,
D0057,Akibat,
D0057,luka,
D0057,yang,
D0057,parah,
D0057,korban,
D0057,pun,
D0057,dirujuk,
D0057,ke,
D0057,Rumah,
D0057,Sakit,
D0057,Siti,
D0057,Aisyah,
D0057,Lubuklinggau,
D0057,ungkapnya,
D0057,Setelah,
D0057,keluarga,
D0057,korban,
D0057,melaporkan,
D0057,kejadian,
D0057,tersebut,
D0057,sambungnya,
D0057,pihak,
D0057,Polsek,
D0057,Muara,
D0057,Lakitan,
D0057,pun,
D0057,melakukan,
D0057,konsolidasi,
D0057,dan,
D0057,lidik,
D0057,terhadap,
D0057,keberadaan,
D0057,pelaku,
D0057,yang,
D0057,selalu,
D0057,berpindahpindah,
D0057,tempat,
D0057,Setelah,
D0057,melakukan,
D0057,komunikasi,
D0057,mendalam,
D0057,terhadap,
D0057,keluarga,
D0057,pelaku,
D0057,akhirnya,
D0057,pelaku,
D0057,pun,
D0057,diserahkan,
D0057,oleh,
D0057,keluarganya,
D0057,kemarin,
D0057,Minggu,
D0057,sekitar,
D0057,pukul,
D0057,2100,
D0057,WIB,
D0057,untuk,
D0057,menjalani,
D0057,proses,
D0057,hukum,
D0057,jelasnya,
D0057,Usai,
D0057,pelaku,
D0057,mengakui,
D0057,perbuatan,
D0057,penganiayaan,
D0057,tersebut,
D0057,kata,
D0057,dia,
D0057,ia,
D0057,pun,
D0057,diserahkan,
D0057,ke,
D0057,Unit,
D0057,Pidum,
D0057,Satreskrim,
D0057,Polres,
D0057,Musi,
D0057,Rawas,
D0057,untuk,
D0057,di,
D0057,proses,
D0057,lebih,
D0057,lanjut,
D0058,Seorang,
D0058,pria,
D0058,berinisial,
D0058,AS,
D0058,45,
D0058,membobol,
D0058,toko,
D0058,elektronik,
D0058,di,
D0058,Jalan,
D0058,Pasundan,
D0058,Kecamatan,
D0058,Medan,
D0058,Petisah,
D0058,Kota,
D0058,Medan,
D0058,Sumatera,
D0058,Utara,
D0058,Sumut,
D0058,Dalam,
D0058,aksinya,
D0058,pelaku,
D0058,mencuri,
D0058,tiga,
D0058,unit,
D0058,TV,
D0058,dan,
D0058,satu,
D0058,speaker,
D0058,Kanit,
D0058,Reskrim,
D0058,Polsek,
D0058,Medan,
D0058,Baru,
D0058,Iptu,
D0058,Poltak,
D0058,Tambunan,
D0058,mengatakan,
D0058,peristiwa,
D0058,itu,
D0058,diketahui,
D0058,korban,
D0058,pada,
D0058,Sabtu,
D0058,1942025,
D0058,pagi,
D0058,Saat,
D0058,itu,
D0058,korban,
D0058,hendak,
D0058,membuka,
D0058,tokonya,
D0058,dan,
D0058,menemukan,
D0058,barangbarang,
D0058,di,
D0058,toko,
D0058,itu,
D0058,sudah,
D0058,berantakan,
D0058,Saat,
D0058,itu,
D0058,korban,
D0058,hendak,
D0058,membuka,
D0058,toko,
D0058,miliknya,
D0058,dan,
D0058,melihat,
D0058,barang,
D0058,di,
D0058,dalam,
D0058,tokonya,
D0058,telah,
D0058,berserakan,
D0058,kata,
D0058,Poltak,
D0058,Selasa,
D0058,224,
D0058,SCROLL,
D0058,TO,
D0058,CONTINUE,
D0058,WITH,
D0058,CONTENT,
D0058,Lalu,
D0058,korban,
D0058,mengecek,
D0058,CCTV,
D0058,toko,
D0058,dan,
D0058,menemukan,
D0058,ada,
D0058,seorang,
D0058,pria,
D0058,yang,
D0058,masuk,
D0058,ke,
D0058,dalam,
D0058,toko,
D0058,melalui,
D0058,jendela,
D0058,belakang,
D0058,pada,
D0058,Kamis,
D0058,174,
D0058,sekitar,
D0058,pukul,
D0058,0200,
D0058,WIB,
D0058,dan,
D0058,Jumat,
D0058,184,
D0058,pukul,
D0058,2400,
D0058,WIB,
D0058,Pelaku,
D0058,mengambil,
D0058,tiga,
D0058,unit,
D0058,TV,
D0058,advance,
D0058,sebesar,
D0058,32,
D0058,inci,
D0058,serta,
D0058,satu,
D0058,unit,
D0058,speaker,
D0058,aktif,
D0058,merek,
D0058,advance,
D0058,ungkapnya,
D0058,Atas,
D0058,kejadian,
D0058,tersebut,
D0058,korban,
D0058,membuat,
D0058,laporan,
D0058,ke,
D0058,Polsek,
D0058,Medan,
D0058,Baru,
D0058,Pihak,
D0058,kepolisian,
D0058,pun,
D0058,menyelidiki,
D0058,laporan,
D0058,itu,
D0058,dan,
D0058,menangkap,
D0058,pelaku,
D0058,pada,
D0058,Sabtu,
D0058,malam,
D0058,di,
D0058,Jalan,
D0058,PWS,
D0058,Kecamatan,
D0058,Medan,
D0058,Petisah,
D0058,Usai,
D0058,ditangkap,
D0058,pelaku,
D0058,diboyong,
D0058,ke,
D0058,kantor,
D0058,polisi,
D0058,Poltak,
D0058,belum,
D0058,memerinci,
D0058,apakah,
D0058,barang,
D0058,curian,
D0058,itu,
D0058,sudah,
D0058,dijual,
D0058,pelaku,
D0058,atau,
D0058,belum,
D0058,Saat,
D0058,ini,
D0058,pelaku,
D0058,masih,
D0058,dilakukan,
D0058,pemeriksaan,
D0058,lebih,
D0058,lanjut,
D0058,oleh,
D0058,petugas,
D0058,penyidik,
D0058,Polsek,
D0058,Medan,
D0058,Baru,
D0058,pungkasnya,
D0059,Pria,
D0059,di,
D0059,Kutai,
D0059,Barat,
D0059,Kubar,
D0059,Kalimantan,
D0059,Timur,
D0059,Kaltim,
D0059,BS,
D0059,26,
D0059,ditangkap,
D0059,usai,
D0059,kedapatan,
D0059,mencuri,
D0059,saat,
D0059,siang,
D0059,bolong,
D0059,Aksinya,
D0059,mencuri,
D0059,satu,
D0059,karung,
D0059,beras,
D0059,dan,
D0059,tiga,
D0059,tabung,
D0059,gas,
D0059,terekam,
D0059,CCTV,
D0059,dan,
D0059,videonya,
D0059,viral,
D0059,Setelah,
D0059,video,
D0059,CCTVnya,
D0059,viral,
D0059,di,
D0059,medsos,
D0059,dan,
D0059,karena,
D0059,mendapat,
D0059,perhatian,
D0059,dari,
D0059,masyarakat,
D0059,anggota,
D0059,Satreskrim,
D0059,langsung,
D0059,melakukan,
D0059,penangkapan,
D0059,terhadap,
D0059,tersangka,
D0059,yang,
D0059,meresahkan,
D0059,warung,
D0059,sembako,
D0059,di,
D0059,wilayah,
D0059,Melak,
D0059,dan,
D0059,Barong,
D0059,ucap,
D0059,Kasi,
D0059,Humas,
D0059,Polres,
D0059,Kubar,
D0059,Ipda,
D0059,Sukoco,
D0059,kepada,
D0059,detikKalimantan,
D0059,Senin,
D0059,2142025,
D0059,BS,
D0059,ditangkap,
D0059,di,
D0059,Kecamatan,
D0059,Melak,
D0059,Kubar,
D0059,pada,
D0059,Minggu,
D0059,204,
D0059,Saat,
D0059,akan,
D0059,ditangkap,
D0059,di,
D0059,rumahnya,
D0059,pelaku,
D0059,yang,
D0059,mengetahui,
D0059,dirinya,
D0059,menjadi,
D0059,incara,
D0059,polisi,
D0059,langsung,
D0059,kabur,
D0059,Namun,
D0059,pelariannya,
D0059,tak,
D0059,bertahan,
D0059,lama,
D0059,karena,
D0059,bisa,
D0059,ditangkap,
D0059,ADVERTISEMENT,
D0059,SCROLL,
D0059,TO,
D0059,CONTINUE,
D0059,WITH,
D0059,CONTENT,
D0059,Tersangka,
D0059,sempat,
D0059,mencoba,
D0059,mengelabui,
D0059,petugas,
D0059,namun,
D0059,gerak,
D0059,cepat,
D0059,tim,
D0059,kami,
D0059,membuahkan,
D0059,hasil,
D0059,terangnya,
D0059,Kepada,
D0059,polisi,
D0059,BS,
D0059,mengaku,
D0059,sudah,
D0059,3,
D0059,kali,
D0059,melakukan,
D0059,pencurian,
D0059,di,
D0059,warung,
D0059,sembako,
D0059,Ia,
D0059,tak,
D0059,memiliki,
D0059,pekerjaan,
D0059,tetap,
D0059,bahkan,
D0059,beras,
D0059,yang,
D0059,dicuri,
D0059,sebagian,
D0059,dimakan,
D0059,oleh,
D0059,pelaku,
D0059,Kalau,
D0059,3,
D0059,gasnya,
D0059,dijual,
D0059,namun,
D0059,satu,
D0059,karung,
D0059,beras,
D0059,sebagian,
D0059,dijual,
D0059,sebagian,
D0059,lagi,
D0059,dimakan,
D0059,tersangka,
D0059,ungkapnya,
D0059,BS,
D0059,juga,
D0059,mengakui,
D0059,3,
D0059,potongan,
D0059,video,
D0059,CCTV,
D0059,yang,
D0059,viral,
D0059,di,
D0059,medsos,
D0059,merupakan,
D0059,video,
D0059,aksi,
D0059,dirinya,
D0059,Namun,
D0059,demikian,
D0059,polisi,
D0059,masih,
D0059,melakukan,
D0059,pendalaman,
D0059,soal,
D0059,rekam,
D0059,jejak,
D0059,pelaku,
D0059,Ya,
D0059,dia,
D0059,akui,
D0059,yang,
D0059,di,
D0059,video,
D0059,pencurian,
D0059,itu,
D0059,dia,
D0059,Tapi,
D0059,kami,
D0059,masih,
D0059,mendalami,
D0059,apakah,
D0059,TKPnya,
D0059,hanya,
D0059,tiga,
D0059,atau,
D0059,lebih,
D0059,kata,
D0059,Sukoco,
D0059,Sukoco,
D0059,mengimbau,
D0059,masyarakat,
D0059,untuk,
D0059,tetap,
D0059,waspada,
D0059,dan,
D0059,tidak,
D0059,segan,
D0059,melapor,
D0059,jika,
D0059,menemukan,
D0059,tindak,
D0059,kriminalitas,
D0059,di,
D0059,lingkungan,
D0059,sekitar,
D0059,Partisipasi,
D0059,aktif,
D0059,masyarakat,
D0059,adalah,
D0059,kunci,
D0059,utama,
D0059,menciptakan,
D0059,lingkungan,
D0059,yang,
D0059,aman,
D0059,pungkasnya,
D0060,Polisi,
D0060,membentuk,
D0060,tim,
D0060,khusus,
D0060,untuk,
D0060,memburu,
D0060,pelaku,
D0060,penembakan,
D0060,remaja,
D0060,berinisial,
D0060,DP,
D0060,16,
D0060,di,
D0060,Kecamatan,
D0060,Medan,
D0060,Belawan,
D0060,Kota,
D0060,Medan,
D0060,Polisi,
D0060,memberikan,
D0060,ultimatum,
D0060,agar,
D0060,pelaku,
D0060,segera,
D0060,menyerahkan,
D0060,diri,
D0060,Kita,
D0060,bentuk,
D0060,tim,
D0060,khusus,
D0060,untuk,
D0060,mengejar,
D0060,yang,
D0060,diduga,
D0060,pelaku,
D0060,Saya,
D0060,memberikan,
D0060,ultimatum,
D0060,kepada,
D0060,pelaku,
D0060,penembakan,
D0060,untuk,
D0060,segera,
D0060,menyerahkan,
D0060,diri,
D0060,dalam,
D0060,waktu,
D0060,2,
D0060,x,
D0060,24,
D0060,jam,
D0060,kata,
D0060,Kapolres,
D0060,Pelabuhan,
D0060,Belawan,
D0060,AKBP,
D0060,Oloan,
D0060,Siahaan,
D0060,Senin,
D0060,2142025,
D0060,Jika,
D0060,tidak,
D0060,kami,
D0060,akan,
D0060,melakukan,
D0060,tindakan,
D0060,penangkapan,
D0060,dalam,
D0060,kondisi,
D0060,apapun,
D0060,dan,
D0060,di,
D0060,manapun,
D0060,dia,
D0060,berada,
D0060,sambungnya,
D0060,SCROLL,
D0060,TO,
D0060,CONTINUE,
D0060,WITH,
D0060,CONTENT,
D0060,Mantan,
D0060,Kapolres,
D0060,Pakpak,
D0060,Bharat,
D0060,itu,
D0060,menyebut,
D0060,korban,
D0060,diduga,
D0060,terkena,
D0060,tembakan,
D0060,sebanyak,
D0060,satu,
D0060,kali,
D0060,Tembakan,
D0060,itu,
D0060,mengenai,
D0060,dada,
D0060,korban,
D0060,Di,
D0060,daerah,
D0060,dada,
D0060,jelasnya,
D0060,Oloan,
D0060,meminta,
D0060,untuk,
D0060,tidak,
D0060,ada,
D0060,yang,
D0060,melakukan,
D0060,aksi,
D0060,pembalasan,
D0060,atas,
D0060,kejadian,
D0060,ini,
D0060,Dia,
D0060,meminta,
D0060,masyarakat,
D0060,untuk,
D0060,menyerahkan,
D0060,penanganan,
D0060,kasus,
D0060,ini,
D0060,ke,
D0060,pihak,
D0060,kepolisian,
D0060,Kami,
D0060,meminta,
D0060,seluruh,
D0060,pihak,
D0060,untuk,
D0060,menahan,
D0060,diri,
D0060,dan,
D0060,tidak,
D0060,membalas,
D0060,dengan,
D0060,kekerasan,
D0060,Percayakan,
D0060,kepada,
D0060,kami,
D0060,Polres,
D0060,Pelabuhan,
D0060,Belawan,
D0060,akan,
D0060,memproses,
D0060,kasus,
D0060,ini,
D0060,dengan,
D0060,seadiladilnya,
D0060,dan,
D0060,transparan,
D0060,Jangan,
D0060,sampai,
D0060,ada,
D0060,korban,
D0060,jiwa,
D0060,berikutnya,
D0060,hanya,
D0060,karena,
D0060,emosi,
D0060,yang,
D0060,tidak,
D0060,terkendali,
D0060,ujarnya,
D0060,Sebelumnya,
D0060,diberitakan,
D0060,tawuran,
D0060,antarkelompok,
D0060,remaja,
D0060,pecah,
D0060,di,
D0060,Kelurahan,
D0060,Belawan,
D0060,I,
D0060,Kecamatan,
D0060,Medan,
D0060,Belawan,
D0060,Kota,
D0060,Medan,
D0060,Peristiwa,
D0060,ini,
D0060,mengakibatkan,
D0060,satu,
D0060,orang,
D0060,remaja,
D0060,berinisial,
D0060,DP,
D0060,tewas,
D0060,diduga,
D0060,ditembak,
D0060,Korban,
D0060,sempat,
D0060,dilarikan,
D0060,ke,
D0060,rumah,
D0060,sakit,
D0060,namun,
D0060,nyawanya,
D0060,tidak,
D0060,dapat,
D0060,tertolong,
D0060,Kami,
D0060,telah,
D0060,membentuk,
D0060,tim,
D0060,khusus,
D0060,yang,
D0060,terdiri,
D0060,dari,
D0060,personel,
D0060,terbaik,
D0060,untuk,
D0060,segera,
D0060,mengungkap,
D0060,pelaku,
D0060,dan,
D0060,motif,
D0060,aksi,
D0060,brutal,
D0060,ini,
D0060,Tawuran,
D0060,yang,
D0060,menghilangkan,
D0060,nyawa,
D0060,tidak,
D0060,bisa,
D0060,ditolerir,
D0060,Siapapun,
D0060,pelakunya,
D0060,akan,
D0060,kami,
D0060,kejar,
D0060,dan,
D0060,proses,
D0060,sesuai,
D0060,hukum,
D0060,yang,
D0060,berlaku,
D0060,kata,
D0060,Oloan,
D0060,Siahaan,
D0060,dalam,
D0060,keterangannya,
D0060,Minggu,
D0060,204,
D0060,AKBP,
D0060,Oloan,
D0060,Siahaan,
D0060,mengatakan,
D0060,peristiwa,
D0060,tawuran,
D0060,itu,
D0060,terjadi,
D0060,pada,
D0060,Sabtu,
D0060,194,
D0060,sekitar,
D0060,pukul,
D0060,2200,
D0060,WIB,
D0060,Mendapat,
D0060,informasi,
D0060,tawuran,
D0060,polisi,
D0060,kemudian,
D0060,datang,
D0060,ke,
D0060,lokasi,
D0060,Saat,
D0060,membubarkan,
D0060,massa,
D0060,para,
D0060,pelaku,
D0060,tawuran,
D0060,melempari,
D0060,polisi,
D0060,dengan,
D0060,batu,
D0060,Polisi,
D0060,kemudian,
D0060,melakukan,
D0060,penyisiran,
D0060,di,
D0060,sekitar,
D0060,lokasi,
D0060,tawuran,
D0060,usai,
D0060,berhasil,
D0060,membubarkan,
D0060,massa,
D0060,Di,
D0060,lokasi,
D0060,kejadian,
D0060,polisi,
D0060,menemukan,
D0060,senjata,
D0060,tajam,
D0060,dan,
D0060,senapan,
D0060,angin,
D0060,rakitan,
D0060,Senjata,
D0060,itu,
D0060,diduga,
D0060,digunakan,
D0060,pelaku,
D0060,untuk,
D0060,menembak,
D0060,korban,
D0060,Situasi,
D0060,sempat,
D0060,memanas,
D0060,namun,
D0060,berhasil,
D0060,kami,
D0060,kendalikan,
D0060,Kami,
D0060,kemudian,
D0060,melakukan,
D0060,penyisiran,
D0060,dan,
D0060,berhasil,
D0060,menemukan,
D0060,barang,
D0060,bukti,
D0060,berupa,
D0060,senjata,
D0060,tajam,
D0060,dan,
D0060,senapan,
D0060,angin,
D0060,rakitan,
D0060,yang,
D0060,diduga,
D0060,kuat,
D0060,digunakan,
D0060,untuk,
D0060,menembak,
D0060,korban,
D0060,ucapnya,
D0061,Satresnarkoba,
D0061,Polresta,
D0061,Denpasar,
D0061,menangkap,
D0061,18,
D0061,orang,
D0061,pengedar,
D0061,dan,
D0061,kurir,
D0061,narkotika,
D0061,selama,
D0061,tiga,
D0061,bulan,
D0061,terakhir,
D0061,Salah,
D0061,satu,
D0061,tersangka,
D0061,diketahui,
D0061,membawa,
D0061,sabu,
D0061,seberat,
D0061,1,
D0061,kilogram,
D0061,dan,
D0061,mengaku,
D0061,diupah,
D0061,Rp,
D0061,10,
D0061,juta,
D0061,untuk,
D0061,mengedarkannya,
D0061,Kasat,
D0061,Resnarkoba,
D0061,Polresta,
D0061,Denpasar,
D0061,AKP,
D0061,Muhammad,
D0061,Rizky,
D0061,Fernandez,
D0061,mengatakan,
D0061,barang,
D0061,bukti,
D0061,yang,
D0061,diamankan,
D0061,berasal,
D0061,dari,
D0061,sejumlah,
D0061,jenis,
D0061,narkoba,
D0061,mulai,
D0061,dari,
D0061,sabu,
D0061,ganja,
D0061,ekstasi,
D0061,hingga,
D0061,tembakau,
D0061,sintetis,
D0061,Barang,
D0061,bukti,
D0061,yang,
D0061,diamankan,
D0061,ada,
D0061,sabu,
D0061,ganja,
D0061,ekstasi,
D0061,dan,
D0061,tembakau,
D0061,sintentis,
D0061,Total,
D0061,ada,
D0061,18,
D0061,tersangka,
D0061,ujar,
D0061,Rizky,
D0061,Fernandez,
D0061,saat,
D0061,ditemui,
D0061,di,
D0061,lobi,
D0061,depan,
D0061,Polresta,
D0061,Denpasar,
D0061,Senin,
D0061,2142025,
D0061,SCROLL,
D0061,TO,
D0061,CONTINUE,
D0061,WITH,
D0061,CONTENT,
D0061,Rizky,
D0061,menyebut,
D0061,pengungkapan,
D0061,kasus,
D0061,narkoba,
D0061,dalam,
D0061,triwulan,
D0061,ini,
D0061,mengalami,
D0061,peningkatan,
D0061,dibanding,
D0061,periode,
D0061,yang,
D0061,sama,
D0061,tahun,
D0061,sebelumnya,
D0061,Selain,
D0061,jumlah,
D0061,tersangka,
D0061,yang,
D0061,lebih,
D0061,banyak,
D0061,barang,
D0061,bukti,
D0061,yang,
D0061,disita,
D0061,juga,
D0061,lebih,
D0061,besar,
D0061,bahkan,
D0061,melebihi,
D0061,1,
D0061,kilogram,
D0061,Salah,
D0061,satu,
D0061,tersangka,
D0061,dengan,
D0061,barang,
D0061,bukti,
D0061,terbanyak,
D0061,adalah,
D0061,Daniel,
D0061,Novpamilih,
D0061,warga,
D0061,Denpasar,
D0061,Ia,
D0061,ditangkap,
D0061,dengan,
D0061,membawa,
D0061,sabu,
D0061,seberat,
D0061,1,
D0061,kilogram,
D0061,yang,
D0061,diperoleh,
D0061,dari,
D0061,seorang,
D0061,pria,
D0061,berinisial,
D0061,N,
D0061,di,
D0061,kawasan,
D0061,Sidatapa,
D0061,Buleleng,
D0061,Daniel,
D0061,ini,
D0061,jaringan,
D0061,Sidatapa,
D0061,Barang,
D0061,yang,
D0061,didapat,
D0061,merupakan,
D0061,sisa,
D0061,dari,
D0061,barang,
D0061,yang,
D0061,belum,
D0061,berhasil,
D0061,dijual,
D0061,terangnya,
D0061,Rizky,
D0061,menjelaskan,
D0061,Daniel,
D0061,seharihari,
D0061,bekerja,
D0061,sebagai,
D0061,pengemudi,
D0061,ojek,
D0061,online,
D0061,Ia,
D0061,menyamarkan,
D0061,aktivitas,
D0061,pengedarannya,
D0061,dengan,
D0061,profesi,
D0061,tersebut,
D0061,Untuk,
D0061,1,
D0061,kilogram,
D0061,sabu,
D0061,yang,
D0061,diedarkan,
D0061,Daniel,
D0061,mengaku,
D0061,menerima,
D0061,upah,
D0061,sebesar,
D0061,Rp,
D0061,10,
D0061,juta,
D0062,Satu,
D0062,video,
D0062,yang,
D0062,menarasikan,
D0062,rumah,
D0062,anggota,
D0062,DPRD,
D0062,Asahan,
D0062,inisial,
D0062,P,
D0062,digerebek,
D0062,oleh,
D0062,petugas,
D0062,kepolisian,
D0062,viral,
D0062,di,
D0062,media,
D0062,sosial,
D0062,Penggerebekan,
D0062,itu,
D0062,diduga,
D0062,terkait,
D0062,judi,
D0062,sabung,
D0062,ayam,
D0062,Berdasarkan,
D0062,video,
D0062,yang,
D0062,dilihat,
D0062,detikSumut,
D0062,Senin,
D0062,2142025,
D0062,tampak,
D0062,warga,
D0062,ramai,
D0062,berada,
D0062,di,
D0062,lokasi,
D0062,Perekam,
D0062,mengarahkan,
D0062,kameranya,
D0062,ke,
D0062,salah,
D0062,satu,
D0062,rumah,
D0062,yang,
D0062,diduga,
D0062,milik,
D0062,wakil,
D0062,rakyat,
D0062,tersebut,
D0062,Di,
D0062,depan,
D0062,rumah,
D0062,itu,
D0062,tampak,
D0062,ada,
D0062,beberapa,
D0062,truk,
D0062,Selain,
D0062,itu,
D0062,ada,
D0062,juga,
D0062,petugas,
D0062,kepolisian,
D0062,di,
D0062,lokasi,
D0062,Menurut,
D0062,informasi,
D0062,penggerebekan,
D0062,itu,
D0062,terjadi,
D0062,di,
D0062,Desa,
D0062,Punggulan,
D0062,Kecamatan,
D0062,Air,
D0062,Joman,
D0062,SCROLL,
D0062,TO,
D0062,CONTINUE,
D0062,WITH,
D0062,CONTENT,
D0062,Kasus,
D0062,sabung,
D0062,ayam,
D0062,lokasi,
D0062,di,
D0062,pekarangan,
D0062,rumah,
D0062,salah,
D0062,satu,
D0062,anggota,
D0062,DPRD,
D0062,Asahan,
D0062,demikian,
D0062,narasi,
D0062,unggahan,
D0062,itu,
D0062,Kasat,
D0062,Reskrim,
D0062,Polres,
D0062,Asahan,
D0062,AKP,
D0062,Ghulam,
D0062,Yanuar,
D0062,membenarkan,
D0062,rumah,
D0062,P,
D0062,digerebek,
D0062,terkait,
D0062,dugaan,
D0062,judi,
D0062,sabung,
D0062,ayam,
D0062,Ghulam,
D0062,menyebut,
D0062,penggerebekan,
D0062,dilakukan,
D0062,Minggu,
D0062,204,
D0062,Iya,
D0062,rumah,
D0062,P,
D0062,digerebek,
D0062,diduga,
D0062,soal,
D0062,sabung,
D0062,ayam,
D0062,hari,
D0062,Minggu,
D0062,kata,
D0062,Ghulam,
D0062,saat,
D0062,dikonfirmasi,
D0062,detikSumut,
D0062,Ghulam,
D0062,belum,
D0062,memerinci,
D0062,lebih,
D0062,jauh,
D0062,soal,
D0062,penggerebekan,
D0062,itu,
D0062,Mantan,
D0062,Kasat,
D0062,Reskrim,
D0062,Polres,
D0062,Simalungun,
D0062,itu,
D0062,menyebut,
D0062,pihaknya,
D0062,masih,
D0062,mendalaminya,
D0062,Rilis,
D0062,lengkapnya,
D0062,nanti,
D0062,diinfokan,
D0062,ya,
D0062,jelasnya,
D0063,Dua,
D0063,maling,
D0063,motor,
D0063,melepaskan,
D0063,tembakan,
D0063,hingga,
D0063,melukai,
D0063,warga,
D0063,saat,
D0063,aksi,
D0063,mereka,
D0063,terciduk,
D0063,Kejadian,
D0063,itu,
D0063,terjadi,
D0063,di,
D0063,pemukiman,
D0063,warga,
D0063,di,
D0063,Tebet,
D0063,Jakarta,
D0063,Selatan,
D0063,Jaksel,
D0063,Keduanya,
D0063,menembakkan,
D0063,senjata,
D0063,api,
D0063,jenis,
D0063,pistol,
D0063,kepada,
D0063,warga,
D0063,yang,
D0063,mencoba,
D0063,menggagalkan,
D0063,aksi,
D0063,mereka,
D0063,Dari,
D0063,video,
D0063,yang,
D0063,beredar,
D0063,tampak,
D0063,dua,
D0063,pria,
D0063,mencoba,
D0063,menggasak,
D0063,motor,
D0063,yang,
D0063,terparkir,
D0063,di,
D0063,jalanan,
D0063,di,
D0063,salah,
D0063,satu,
D0063,gang,
D0063,Salah,
D0063,satunya,
D0063,mengenakan,
D0063,jaket,
D0063,ojek,
D0063,online,
D0063,ojol,
D0063,Korban,
D0063,menciduk,
D0063,aksi,
D0063,para,
D0063,pelaku,
D0063,tersebut,
D0063,dan,
D0063,langsung,
D0063,berteriak,
D0063,minta,
D0063,tolong,
D0063,Pelaku,
D0063,lalu,
D0063,langsung,
D0063,melepaskan,
D0063,tembakan,
D0063,ke,
D0063,arah,
D0063,korban,
D0063,Terdengar,
D0063,dua,
D0063,kali,
D0063,suara,
D0063,tembakan,
D0063,yang,
D0063,diikuti,
D0063,teriakan,
D0063,warga,
D0063,SCROLL,
D0063,TO,
D0063,CONTINUE,
D0063,WITH,
D0063,CONTENT,
D0063,Kapolsek,
D0063,Tebet,
D0063,Kompol,
D0063,Murodih,
D0063,menjelaskan,
D0063,peristiwa,
D0063,itu,
D0063,terjadi,
D0063,Minggu,
D0063,204,
D0063,pukul,
D0063,0500,
D0063,WIB,
D0063,pagi,
D0063,di,
D0063,Jalan,
D0063,Gang,
D0063,Merpati,
D0063,Menteng,
D0063,Dalam,
D0063,Saat,
D0063,ini,
D0063,pihaknya,
D0063,telah,
D0063,melakukan,
D0063,olah,
D0063,TKP,
D0063,Kalau,
D0063,untuk,
D0063,jumlah,
D0063,berdasarkan,
D0063,hasil,
D0063,penyelidikan,
D0063,itu,
D0063,pelaku,
D0063,dua,
D0063,orang,
D0063,kata,
D0063,Murodih,
D0063,dilansir,
D0063,detikNews,
D0063,Senin,
D0063,2142025,
D0063,Murodih,
D0063,menyebut,
D0063,awalnya,
D0063,korban,
D0063,melihat,
D0063,para,
D0063,pelaku,
D0063,mencoba,
D0063,mencuri,
D0063,motornya,
D0063,Korban,
D0063,berinisial,
D0063,MT,
D0063,54,
D0063,sempat,
D0063,mencoba,
D0063,menggagalkan,
D0063,aksi,
D0063,pelaku,
D0063,namun,
D0063,pelaku,
D0063,melepaskan,
D0063,tembakan,
D0063,yang,
D0063,mengenai,
D0063,pinggul,
D0063,korban,
D0063,Pelaku,
D0063,juga,
D0063,sempat,
D0063,menembakan,
D0063,peluru,
D0063,ke,
D0063,arah,
D0063,rumah,
D0063,warga,
D0063,lalu,
D0063,melarikan,
D0063,diri,
D0063,Nah,
D0063,kurang,
D0063,lebih,
D0063,mungkin,
D0063,antara,
D0063,3,
D0063,meter,
D0063,pelaku,
D0063,kan,
D0063,mau,
D0063,lari,
D0063,menggunakan,
D0063,sepeda,
D0063,motor,
D0063,nah,
D0063,ternyata,
D0063,yang,
D0063,belakang,
D0063,ini,
D0063,yang,
D0063,dibonceng,
D0063,ini,
D0063,menggunakan,
D0063,senpi,
D0063,gitu,
D0063,Dengan,
D0063,menembak,
D0063,si,
D0063,korban,
D0063,gitu,
D0063,kata,
D0063,Murodih,
D0063,Kalau,
D0063,nggak,
D0063,salah,
D0063,ya,
D0063,hasil,
D0063,penyelidikan,
D0063,ditembak,
D0063,di,
D0063,bagian,
D0063,pinggulpinggul,
D0063,Terus,
D0063,yang,
D0063,kedua,
D0063,si,
D0063,pelaku,
D0063,menembak,
D0063,ke,
D0063,rumah,
D0063,warga,
D0063,yang,
D0063,kedua,
D0063,kalinya,
D0063,imbuhnya,
D0064,Tawuran,
D0064,antarkelompok,
D0064,remaja,
D0064,pecah,
D0064,di,
D0064,Kelurahan,
D0064,Belawan,
D0064,I,
D0064,Kecamatan,
D0064,Medan,
D0064,Belawan,
D0064,Kota,
D0064,Medan,
D0064,Peristiwa,
D0064,ini,
D0064,mengakibatkan,
D0064,satu,
D0064,orang,
D0064,remaja,
D0064,berinisial,
D0064,DP,
D0064,16,
D0064,tewas,
D0064,diduga,
D0064,ditembak,
D0064,Korban,
D0064,sempat,
D0064,dilarikan,
D0064,ke,
D0064,rumah,
D0064,sakit,
D0064,namun,
D0064,nyawanya,
D0064,tidak,
D0064,dapat,
D0064,tertolong,
D0064,Kami,
D0064,telah,
D0064,membentuk,
D0064,Tim,
D0064,Khusus,
D0064,yang,
D0064,terdiri,
D0064,dari,
D0064,personel,
D0064,terbaik,
D0064,untuk,
D0064,segera,
D0064,mengungkap,
D0064,pelaku,
D0064,dan,
D0064,motif,
D0064,aksi,
D0064,brutal,
D0064,ini,
D0064,Tawuran,
D0064,yang,
D0064,menghilangkan,
D0064,nyawa,
D0064,tidak,
D0064,bisa,
D0064,ditolerir,
D0064,Siapapun,
D0064,pelakunya,
D0064,akan,
D0064,kami,
D0064,kejar,
D0064,dan,
D0064,proses,
D0064,sesuai,
D0064,hukum,
D0064,yang,
D0064,berlaku,
D0064,kata,
D0064,Kapolres,
D0064,Belawan,
D0064,AKBP,
D0064,Oloan,
D0064,Siahaan,
D0064,dalam,
D0064,keterangannya,
D0064,Minggu,
D0064,2042025,
D0064,AKBP,
D0064,Oloan,
D0064,Siahaan,
D0064,mengatakan,
D0064,peristiwa,
D0064,tawuran,
D0064,itu,
D0064,terjadi,
D0064,pada,
D0064,Sabtu,
D0064,194,
D0064,sekitar,
D0064,pukul,
D0064,2200,
D0064,WIB,
D0064,Mendapat,
D0064,informasi,
D0064,tawuran,
D0064,polisi,
D0064,kemudian,
D0064,datang,
D0064,ke,
D0064,lokasi,
D0064,SCROLL,
D0064,TO,
D0064,CONTINUE,
D0064,WITH,
D0064,CONTENT,
D0064,Saat,
D0064,membubarkan,
D0064,massa,
D0064,para,
D0064,pelaku,
D0064,tawuran,
D0064,melempari,
D0064,polisi,
D0064,dengan,
D0064,batu,
D0064,Polisi,
D0064,kemudian,
D0064,melakukan,
D0064,penyisiran,
D0064,di,
D0064,sekitar,
D0064,lokasi,
D0064,tawuran,
D0064,usai,
D0064,berhasil,
D0064,membubarkan,
D0064,massa,
D0064,Di,
D0064,lokasi,
D0064,kejadian,
D0064,polisi,
D0064,menemukan,
D0064,senjata,
D0064,tajam,
D0064,dan,
D0064,senapan,
D0064,angin,
D0064,rakitan,
D0064,Senjata,
D0064,itu,
D0064,diduga,
D0064,digunakan,
D0064,pelaku,
D0064,untuk,
D0064,menembak,
D0064,korban,
D0064,Situasi,
D0064,sempat,
D0064,memanas,
D0064,namun,
D0064,berhasil,
D0064,kami,
D0064,kendalikan,
D0064,Kami,
D0064,kemudian,
D0064,melakukan,
D0064,penyisiran,
D0064,dan,
D0064,berhasil,
D0064,menemukan,
D0064,barang,
D0064,bukti,
D0064,berupa,
D0064,senjata,
D0064,tajam,
D0064,dan,
D0064,senapan,
D0064,angin,
D0064,rakitan,
D0064,yang,
D0064,diduga,
D0064,kuat,
D0064,digunakan,
D0064,untuk,
D0064,menembak,
D0064,korban,
D0064,ucapnya,
D0064,AKBP,
D0064,Oloan,
D0064,Siahaan,
D0064,menjelaskan,
D0064,jika,
D0064,telah,
D0064,berkoordinasi,
D0064,dengan,
D0064,keluarga,
D0064,korban,
D0064,agar,
D0064,menyetujui,
D0064,proses,
D0064,autopsi,
D0064,guna,
D0064,memperjelas,
D0064,penyebab,
D0064,kematian,
D0064,dan,
D0064,mendukung,
D0064,proses,
D0064,hukum,
D0064,Selain,
D0064,pemburuan,
D0064,pelaku,
D0064,Polres,
D0064,juga,
D0064,akan,
D0064,meningkatkan,
D0064,pengamanan,
D0064,di,
D0064,lokasi,
D0064,kejadian,
D0064,dan,
D0064,titiktitik,
D0064,rawan,
D0064,lainnya,
D0064,untuk,
D0064,mencegah,
D0064,aksi,
D0064,tawuran,
D0064,susulan,
D0064,maupun,
D0064,aksi,
D0064,balas,
D0064,dendam,
D0064,Kami,
D0064,memahami,
D0064,emosi,
D0064,masyarakat,
D0064,dan,
D0064,keluarga,
D0064,korban,
D0064,tapi,
D0064,kami,
D0064,mohon,
D0064,agar,
D0064,tetap,
D0064,menyerahkan,
D0064,proses,
D0064,ini,
D0064,kepada,
D0064,hukum,
D0064,Kami,
D0064,akan,
D0064,bertindak,
D0064,tegas,
D0064,dan,
D0064,profesional,
D0064,tutupnya,
D0065,Jajaran,
D0065,Polsek,
D0065,Kudus,
D0065,Kota,
D0065,mengamankan,
D0065,dua,
D0065,kelompok,
D0065,remaja,
D0065,yang,
D0065,hendak,
D0065,akan,
D0065,tawuran,
D0065,di,
D0065,kawasan,
D0065,Balai,
D0065,Jagong,
D0065,Kudus,
D0065,Polisi,
D0065,mengamankan,
D0065,besi,
D0065,sepanjang,
D0065,35,
D0065,sentimeter,
D0065,yang,
D0065,diduga,
D0065,akan,
D0065,digunakan,
D0065,sebagai,
D0065,senjata,
D0065,untuk,
D0065,tawuran,
D0065,Kapolsek,
D0065,Kudus,
D0065,Kota,
D0065,AKP,
D0065,Subkhan,
D0065,menjelaskan,
D0065,tim,
D0065,patroli,
D0065,Piket,
D0065,Siaga,
D0065,Polsek,
D0065,Kudus,
D0065,Kota,
D0065,telah,
D0065,mengamankan,
D0065,dua,
D0065,kelompok,
D0065,yang,
D0065,akan,
D0065,melakukan,
D0065,tawuran,
D0065,Mereka,
D0065,kelompok,
D0065,asal,
D0065,Kaliwungu,
D0065,dan,
D0065,kelompok,
D0065,asal,
D0065,Mejobo,
D0065,Kudus,
D0065,Mereka,
D0065,diamankan,
D0065,dini,
D0065,hari,
D0065,tadi,
D0065,di,
D0065,kawasan,
D0065,Balai,
D0065,Jagong,
D0065,Kudus,
D0065,jelas,
D0065,Subkhan,
D0065,dalam,
D0065,keterangan,
D0065,tertulis,
D0065,diterima,
D0065,detikJateng,
D0065,Minggu,
D0065,2052025,
D0065,SCROLL,
D0065,TO,
D0065,CONTINUE,
D0065,WITH,
D0065,CONTENT,
D0065,Dia,
D0065,menjelaskan,
D0065,kedua,
D0065,kelompok,
D0065,dari,
D0065,Kudus,
D0065,tersebut,
D0065,sebelumnya,
D0065,samasama,
D0065,menonton,
D0065,hiburan,
D0065,musik,
D0065,dangdut,
D0065,di,
D0065,Gabus,
D0065,Pati,
D0065,Menurutnya,
D0065,mereka,
D0065,sempat,
D0065,terlibat,
D0065,gesekan,
D0065,di,
D0065,lokasi,
D0065,hiburan,
D0065,Sepulangnya,
D0065,dari,
D0065,lokasi,
D0065,nonton,
D0065,dangdut,
D0065,mereka,
D0065,bertemu,
D0065,di,
D0065,Kawasan,
D0065,Balai,
D0065,Jagong,
D0065,dan,
D0065,terjadi,
D0065,kesalahpahaman,
D0065,akibat,
D0065,pengaruh,
D0065,minuman,
D0065,keras,
D0065,yang,
D0065,dikonsumsinya,
D0065,jelasnya,
D0065,Beruntung,
D0065,sebelum,
D0065,perkelahian,
D0065,terjadi,
D0065,dapat,
D0065,digagalkan,
D0065,patroli,
D0065,rutin,
D0065,petugas,
D0065,Piket,
D0065,Siaga,
D0065,Polsek,
D0065,Kudus,
D0065,Kota,
D0065,Sehingga,
D0065,dua,
D0065,kelompok,
D0065,itu,
D0065,diamankan,
D0065,dan,
D0065,dibawa,
D0065,ke,
D0065,Mapolsek,
D0065,Kudus,
D0065,Kota,
D0065,Adapun,
D0065,identitas,
D0065,kelompok,
D0065,asal,
D0065,Kaliwungu,
D0065,Kudus,
D0065,yang,
D0065,diamankan,
D0065,adalah,
D0065,SW,
D0065,20,
D0065,warga,
D0065,Kedungdowo,
D0065,dan,
D0065,AL,
D0065,warga,
D0065,Setrokalangan,
D0065,Kecamatan,
D0065,Kaliwungu,
D0065,Kemudian,
D0065,MAP,
D0065,18,
D0065,warga,
D0065,Kirig,
D0065,dan,
D0065,WPH,
D0065,18,
D0065,warga,
D0065,Jepang,
D0065,asal,
D0065,Mejobo,
D0065,Kudus,
D0065,Diamankan,
D0065,pula,
D0065,barang,
D0065,bukti,
D0065,berupa,
D0065,sebatang,
D0065,besi,
D0065,ukuran,
D0065,35,
D0065,cm,
D0065,yang,
D0065,akan,
D0065,digunakan,
D0065,untuk,
D0065,tawuran,
D0065,selain,
D0065,itu,
D0065,diamankan,
D0065,juga,
D0065,HP,
D0065,dari,
D0065,para,
D0065,remaja,
D0065,yang,
D0065,didalam,
D0065,terdapat,
D0065,komunikasi,
D0065,terkait,
D0065,tawuran,
D0065,tersebut,
D0065,terang,
D0065,dia,
D0065,Subkhan,
D0065,mengatakan,
D0065,mereka,
D0065,masih,
D0065,diperiksa,
D0065,oleh,
D0065,polisi,
D0065,di,
D0065,Polsek,
D0065,Kudus,
D0065,Kota,
D0065,AKP,
D0065,Subkhan,
D0065,menyampaikan,
D0065,kepada,
D0065,masyarakat,
D0065,untuk,
D0065,memanfaatkan,
D0065,fasilitas,
D0065,umum,
D0065,yang,
D0065,ada,
D0065,untuk,
D0065,halhal,
D0065,baik,
D0065,Kami,
D0065,berharap,
D0065,peran,
D0065,serta,
D0065,masyarakat,
D0065,dalam,
D0065,memelihara,
D0065,kamtibmas,
D0065,agar,
D0065,tetap,
D0065,kondusif,
D0065,dan,
D0065,kepada,
D0065,para,
D0065,orang,
D0065,tua,
D0065,agar,
D0065,lebih,
D0065,maksimal,
D0065,mengawasi,
D0065,anakanaknya,
D0065,agar,
D0065,tidak,
D0065,terjerumus,
D0065,pada,
D0065,pergaulan,
D0065,yang,
D0065,mendorongnya,
D0065,melakukan,
D0065,tindakan,
D0065,kriminalitas,
D0065,dan,
D0065,gangguan,
D0065,kamtibmas,
D0065,jelasnya,
D0066,Joko,
D0066,43,
D0066,seorang,
D0066,driver,
D0066,taksi,
D0066,online,
D0066,di,
D0066,Klaten,
D0066,Jawa,
D0066,Tengah,
D0066,mengalami,
D0066,luka,
D0066,sayatan,
D0066,di,
D0066,leher,
D0066,setelah,
D0066,digorok,
D0066,dengan,
D0066,pisau,
D0066,cutter,
D0066,oleh,
D0066,perampok,
D0066,Polisi,
D0066,kini,
D0066,telah,
D0066,menangkap,
D0066,salah,
D0066,seorang,
D0066,pelaku,
D0066,Kasi,
D0066,Humas,
D0066,Polres,
D0066,Klaten,
D0066,AKP,
D0066,Nyoto,
D0066,mengatakan,
D0066,pihaknya,
D0066,tengah,
D0066,menyelidiki,
D0066,peristiwa,
D0066,itu,
D0066,Menurutnya,
D0066,korban,
D0066,selamat,
D0066,meski,
D0066,mengalami,
D0066,luka,
D0066,sayatan,
D0066,di,
D0066,leher,
D0066,Luka,
D0066,sayat,
D0066,di,
D0066,leher,
D0066,Kejadian,
D0066,ini,
D0066,sudah,
D0066,dalam,
D0066,penyelidikan,
D0066,jelas,
D0066,Nyoto,
D0066,dikutip,
D0066,detikJateng,
D0066,Miggu,
D0066,2042025,
D0066,SCROLL,
D0066,TO,
D0066,CONTINUE,
D0066,WITH,
D0066,CONTENT,
D0066,Ia,
D0066,menyebut,
D0066,salah,
D0066,satu,
D0066,pelaku,
D0066,telah,
D0066,diamankan,
D0066,Namun,
D0066,AKP,
D0066,Nyoto,
D0066,belum,
D0066,merinci,
D0066,berapa,
D0066,jumlah,
D0066,pelaku,
D0066,di,
D0066,peristiwa,
D0066,tersebut,
D0066,Kondisi,
D0066,korban,
D0066,selamat,
D0066,dan,
D0066,satu,
D0066,terduga,
D0066,diamankan,
D0066,tuturnya,
D0066,Adik,
D0066,korban,
D0066,Reza,
D0066,40,
D0066,mengatakan,
D0066,korban,
D0066,atau,
D0066,sopir,
D0066,atas,
D0066,nama,
D0066,Joko,
D0066,43,
D0066,merupakan,
D0066,kakaknya,
D0066,Mobil,
D0066,yang,
D0066,dirampas,
D0066,jenis,
D0066,Sigra,
D0066,warna,
D0066,putih,
D0066,tapi,
D0066,gagal,
D0066,dibawa,
D0066,kabur,
D0066,Kakak,
D0066,saya,
D0066,ditolong,
D0066,sama,
D0066,warga,
D0066,di,
D0066,sekitar,
D0066,situ,
D0066,mobilnya,
D0066,Sigra,
D0066,warna,
D0066,putih,
D0066,Terima,
D0066,kasih,
D0066,untuk,
D0066,warga,
D0066,yang,
D0066,menolong,
D0066,katanya,
D0066,kepada,
D0066,detikJateng,
D0066,Luka,
D0066,di,
D0066,leher,
D0066,disayat,
D0066,Sudah,
D0066,dijahit,
D0066,sementara,
D0066,tinggal,
D0066,menunggu,
D0066,operasi,
D0066,imbuh,
D0066,Reza,
D0067,Sebanyak,
D0067,30,
D0067,unit,
D0067,kendaraan,
D0067,diamankan,
D0067,polisi,
D0067,dalam,
D0067,razia,
D0067,mencegah,
D0067,balap,
D0067,liar,
D0067,di,
D0067,Banda,
D0067,Aceh,
D0067,Polisi,
D0067,juga,
D0067,menemukan,
D0067,10,
D0067,botol,
D0067,minuman,
D0067,keras,
D0067,miras,
D0067,di,
D0067,dalam,
D0067,satu,
D0067,mobil,
D0067,Razia,
D0067,yang,
D0067,dipimpin,
D0067,Kapolresta,
D0067,Banda,
D0067,Aceh,
D0067,Kombes,
D0067,Pol,
D0067,Joko,
D0067,Heri,
D0067,Purwono,
D0067,berlangsung,
D0067,di,
D0067,Jalan,
D0067,Iskandar,
D0067,Muda,
D0067,Sabtu,
D0067,1942025,
D0067,dinihari,
D0067,Kendaraan,
D0067,roda,
D0067,dua,
D0067,dan,
D0067,empat,
D0067,yang,
D0067,melintas,
D0067,diberhentikan,
D0067,untuk,
D0067,diperiksa,
D0067,Pemeriksaan,
D0067,difokuskan,
D0067,pada,
D0067,kelengkapan,
D0067,suratsurat,
D0067,kendaraan,
D0067,adanya,
D0067,penggunaan,
D0067,senjata,
D0067,api,
D0067,ilegal,
D0067,supir,
D0067,maupun,
D0067,penumpang,
D0067,yang,
D0067,membawa,
D0067,senjata,
D0067,tajam,
D0067,dan,
D0067,bahan,
D0067,peledak,
D0067,serta,
D0067,narkotika,
D0067,maupun,
D0067,minuman,
D0067,keras,
D0067,kata,
D0067,Joko,
D0067,kepada,
D0067,wartawan,
D0067,SCROLL,
D0067,TO,
D0067,CONTINUE,
D0067,WITH,
D0067,CONTENT,
D0067,Joko,
D0067,menjelaskan,
D0067,razia,
D0067,tersebut,
D0067,digelar,
D0067,sebagai,
D0067,respons,
D0067,atas,
D0067,laporan,
D0067,masyarakat,
D0067,yang,
D0067,resah,
D0067,terhadap,
D0067,aktivitas,
D0067,balap,
D0067,liar,
D0067,yang,
D0067,kerap,
D0067,mengganggu,
D0067,ketertiban,
D0067,umum,
D0067,Razia,
D0067,tersebut,
D0067,melibatkan,
D0067,puluhan,
D0067,personel,
D0067,Dalam,
D0067,razia,
D0067,polisi,
D0067,menyita,
D0067,30,
D0067,motor,
D0067,yang,
D0067,melanggar,
D0067,aturan,
D0067,berlalu,
D0067,lintas,
D0067,Motor,
D0067,tersebut,
D0067,saat,
D0067,ini,
D0067,diamankan,
D0067,di,
D0067,Mapolresta,
D0067,Banda,
D0067,Aceh,
D0067,Jadi,
D0067,tujuan,
D0067,kegiatan,
D0067,razia,
D0067,ini,
D0067,adalah,
D0067,untuk,
D0067,meminimalisir,
D0067,ruang,
D0067,gerak,
D0067,pelaku,
D0067,kriminalitas,
D0067,serta,
D0067,mencegah,
D0067,terjadinya,
D0067,gangguan,
D0067,keamanan,
D0067,dan,
D0067,ketertiban,
D0067,masyarakat,
D0067,di,
D0067,wilayah,
D0067,hukum,
D0067,Polresta,
D0067,Banda,
D0067,Aceh,
D0067,jelasnya,
D0067,Tren,
D0067,kegiatan,
D0067,ilegal,
D0067,di,
D0067,malam,
D0067,hari,
D0067,masih,
D0067,ada,
D0067,mengingat,
D0067,masih,
D0067,ditemukannya,
D0067,miras,
D0067,dan,
D0067,pelanggaran,
D0067,lalu,
D0067,lintas,
D0067,bisa,
D0067,diprediksi,
D0067,pelaku,
D0067,kejahatan,
D0067,kemungkinan,
D0067,akan,
D0067,mencari,
D0067,jalur,
D0067,atau,
D0067,lokasi,
D0067,alternatif,
D0067,yang,
D0067,belum,
D0067,diawasi,
D0067,secara,
D0067,ketat,
D0067,Maka,
D0067,patroli,
D0067,dan,
D0067,razia,
D0067,ke,
D0067,depan,
D0067,perlu,
D0067,bersifat,
D0067,dinamis,
D0067,dan,
D0067,mobile,
D0067,ujar,
D0067,Joko,
D0068,Seorang,
D0068,pria,
D0068,inisial,
D0068,MT,
D0068,26,
D0068,menjadi,
D0068,korban,
D0068,kekerasan,
D0068,dan,
D0068,pemerasan,
D0068,di,
D0068,sebuah,
D0068,hotel,
D0068,di,
D0068,Kecamatan,
D0068,Lubuk,
D0068,Baja,
D0068,Batam,
D0068,Kepulauan,
D0068,Riau,
D0068,Kepri,
D0068,Kejadian,
D0068,tersebut,
D0068,terjadi,
D0068,setelah,
D0068,MT,
D0068,memesan,
D0068,seorang,
D0068,perempuan,
D0068,melalui,
D0068,aplikasi,
D0068,MiChat,
D0068,Kanit,
D0068,Reskrim,
D0068,Polsek,
D0068,Lubuk,
D0068,Baja,
D0068,Iptu,
D0068,Noval,
D0068,Adimas,
D0068,Ardianto,
D0068,mengatakan,
D0068,empat,
D0068,pelaku,
D0068,terdiri,
D0068,dari,
D0068,tiga,
D0068,pria,
D0068,dan,
D0068,satu,
D0068,wanita,
D0068,yang,
D0068,terlibat,
D0068,dalam,
D0068,aksi,
D0068,kejahatan,
D0068,tersebut,
D0068,telah,
D0068,diamankan,
D0068,Para,
D0068,pelaku,
D0068,itu,
D0068,masingmasing,
D0068,berinisial,
D0068,MF,
D0068,25,
D0068,RA,
D0068,28,
D0068,AM,
D0068,20,
D0068,dan,
D0068,perempuan,
D0068,berinisial,
D0068,AS,
D0068,30,
D0068,Keempat,
D0068,pelaku,
D0068,telah,
D0068,diamankan,
D0068,pada,
D0068,Senin,
D0068,144,
D0068,di,
D0068,salah,
D0068,satu,
D0068,hotel,
D0068,di,
D0068,Kawasan,
D0068,Jodoh,
D0068,Batu,
D0068,Ampar,
D0068,Saat,
D0068,ini,
D0068,mereka,
D0068,telah,
D0068,ditahan,
D0068,di,
D0068,polsek,
D0068,kata,
D0068,Noval,
D0068,Jumat,
D0068,1842025,
D0068,SCROLL,
D0068,TO,
D0068,CONTINUE,
D0068,WITH,
D0068,CONTENT,
D0068,Kronologi,
D0068,pemerasan,
D0068,dan,
D0068,penganiayaan,
D0068,itu,
D0068,bermula,
D0068,saat,
D0068,korban,
D0068,MT,
D0068,menginap,
D0068,di,
D0068,salah,
D0068,satu,
D0068,hotel,
D0068,di,
D0068,kawasan,
D0068,Lubuk,
D0068,Baja,
D0068,Pada,
D0068,Sabtu,
D0068,124,
D0068,korban,
D0068,kemudian,
D0068,menghubungi,
D0068,seorang,
D0068,perempuan,
D0068,berinisial,
D0068,AS,
D0068,yang,
D0068,dikenal,
D0068,melalui,
D0068,aplikasi,
D0068,MiChat,
D0068,beberapa,
D0068,bulan,
D0068,terakhir,
D0068,Pelaku,
D0068,AS,
D0068,kemudian,
D0068,datang,
D0068,setelah,
D0068,melakukan,
D0068,hubungan,
D0068,badan,
D0068,pelaku,
D0068,kemudian,
D0068,pamit,
D0068,untuk,
D0068,melihat,
D0068,anaknya,
D0068,yang,
D0068,sedang,
D0068,sakit,
D0068,ujarnya,
D0068,Pelaku,
D0068,AS,
D0068,pada,
D0068,Minggu,
D0068,134,
D0068,pagi,
D0068,kembali,
D0068,mendatangi,
D0068,korban,
D0068,MT,
D0068,di,
D0068,hotel,
D0068,tempat,
D0068,mereka,
D0068,menginap,
D0068,Pelaku,
D0068,AS,
D0068,saat,
D0068,itu,
D0068,datang,
D0068,bersama,
D0068,seorang,
D0068,lakilaki,
D0068,yang,
D0068,mengaku,
D0068,sebagai,
D0068,adiknya,
D0068,Setelah,
D0068,lakilaki,
D0068,itu,
D0068,diberikan,
D0068,uang,
D0068,dan,
D0068,rokok,
D0068,ia,
D0068,langsung,
D0068,pergi,
D0068,ujarnya,
D0068,Selang,
D0068,beberapa,
D0068,saat,
D0068,tiga,
D0068,orang,
D0068,lakilaki,
D0068,mendatangi,
D0068,kamar,
D0068,tempat,
D0068,korban,
D0068,menginap,
D0068,Mereka,
D0068,masuk,
D0068,ke,
D0068,kamar,
D0068,tersebut,
D0068,dan,
D0068,salah,
D0068,satu,
D0068,pelaku,
D0068,berinisial,
D0068,MF,
D0068,mengaku,
D0068,sebagai,
D0068,suami,
D0068,AS,
D0068,Pelaku,
D0068,MF,
D0068,ini,
D0068,mengaku,
D0068,sebagai,
D0068,suami,
D0068,AS,
D0068,Hasil,
D0068,pemeriksaan,
D0068,mereka,
D0068,hanya,
D0068,mengakungaku,
D0068,sebagai,
D0068,suami,
D0068,istri,
D0068,Keduanya,
D0068,merupakan,
D0068,pasangan,
D0068,kekasih,
D0068,ujarnya,
D0068,Saat,
D0068,berada,
D0068,di,
D0068,dalam,
D0068,kamar,
D0068,hotel,
D0068,itu,
D0068,para,
D0068,pelaku,
D0068,langsung,
D0068,memukul,
D0068,korban,
D0068,dan,
D0068,salah,
D0068,satu,
D0068,pelaku,
D0068,menodongkan,
D0068,pisau,
D0068,ke,
D0068,leher,
D0068,MT,
D0068,Para,
D0068,pelaku,
D0068,kemudian,
D0068,memaksa,
D0068,korban,
D0068,membuka,
D0068,handphone,
D0068,dan,
D0068,mengakses,
D0068,mbanking,
D0068,miliknya,
D0068,Para,
D0068,pelaku,
D0068,melakukan,
D0068,pemukulan,
D0068,dan,
D0068,memaksa,
D0068,korban,
D0068,membuka,
D0068,password,
D0068,handphone,
D0068,serta,
D0068,juga,
D0068,meminta,
D0068,pin,
D0068,ATM,
D0068,Setelah,
D0068,diberikan,
D0068,para,
D0068,pelaku,
D0068,dengan,
D0068,membawa,
D0068,handphone,
D0068,dan,
D0068,barangbarang,
D0068,milik,
D0068,pelapor,
D0068,langsung,
D0068,pergi,
D0068,meninggalkan,
D0068,korban,
D0068,ujarnya,
D0068,Barang,
D0068,berharga,
D0068,korban,
D0068,yang,
D0068,berhasil,
D0068,diambil,
D0068,pelaku,
D0068,yakni,
D0068,sebuah,
D0068,handphone,
D0068,merk,
D0068,redmi,
D0068,13,
D0068,dan,
D0068,uang,
D0068,tunai,
D0068,Rp,
D0068,97,
D0068,juta,
D0068,Akibat,
D0068,kejadian,
D0068,itu,
D0068,korban,
D0068,langsung,
D0068,melaporkan,
D0068,ke,
D0068,Polsek,
D0068,Lubuk,
D0068,Baja,
D0068,Korban,
D0068,langsung,
D0068,membuat,
D0068,laporan,
D0068,di,
D0068,Polsek,
D0068,kamu,
D0068,langsung,
D0068,melakukan,
D0068,penyelidikan,
D0068,atas,
D0068,laporan,
D0068,tersebut,
D0068,kata,
D0068,Noval,
D0068,Dari,
D0068,penyelidikan,
D0068,polisi,
D0068,itu,
D0068,kemudian,
D0068,diketahui,
D0068,keberadaan,
D0068,tiga,
D0068,pelaku,
D0068,di,
D0068,salah,
D0068,satu,
D0068,hotel,
D0068,dan,
D0068,dilakukan,
D0068,penangkapan,
D0068,Untuk,
D0068,satu,
D0068,pelaku,
D0068,berinisial,
D0068,AM,
D0068,diketahui,
D0068,menyerahkan,
D0068,diri,
D0068,ke,
D0068,Polsek,
D0068,usai,
D0068,penangkapan,
D0068,tiga,
D0068,orang,
D0068,pelaku,
D0068,lainnya,
D0068,Interogasi,
D0068,awal,
D0068,3,
D0068,pelaku,
D0068,tersebut,
D0068,mengakui,
D0068,melakukan,
D0068,dugaan,
D0068,tindak,
D0068,pidana,
D0068,pemerasan,
D0068,dan,
D0068,ancaman,
D0068,terhadap,
D0068,korban,
D0068,Untuk,
D0068,pelaku,
D0068,AM,
D0068,pada,
D0068,hari,
D0068,yang,
D0068,sama,
D0068,menyerahkan,
D0068,diri,
D0068,ke,
D0068,Polsek,
D0068,ujarnya,
D0069,Polrestabes,
D0069,Medan,
D0069,menggerebek,
D0069,dua,
D0069,sarang,
D0069,narkoba,
D0069,di,
D0069,Kota,
D0069,Medan,
D0069,Sumatera,
D0069,Utara,
D0069,Sumut,
D0069,Dari,
D0069,penggerebekan,
D0069,itu,
D0069,ada,
D0069,lima,
D0069,orang,
D0069,yang,
D0069,ditangkap,
D0069,Kasat,
D0069,Narkoba,
D0069,Polrestabes,
D0069,Medan,
D0069,AKBP,
D0069,Thommy,
D0069,Aruan,
D0069,mengatakan,
D0069,penggerebekan,
D0069,dilakukan,
D0069,di,
D0069,Jalan,
D0069,Kejaksaan,
D0069,dan,
D0069,Jalan,
D0069,S,
D0069,Parman,
D0069,Kamis,
D0069,1742025,
D0069,Satresnarkoba,
D0069,Polrestabes,
D0069,Medan,
D0069,menggerebek,
D0069,dua,
D0069,sarang,
D0069,narkoba,
D0069,sekaligus,
D0069,yang,
D0069,terletak,
D0069,di,
D0069,pemukiman,
D0069,padat,
D0069,Dalam,
D0069,penggerebekan,
D0069,lima,
D0069,terduga,
D0069,pelaku,
D0069,narkoba,
D0069,diringkus,
D0069,kata,
D0069,Thommy,
D0069,Jumat,
D0069,184,
D0069,SCROLL,
D0069,TO,
D0069,CONTINUE,
D0069,WITH,
D0069,CONTENT,
D0069,Thommy,
D0069,menyebut,
D0069,lokasi,
D0069,yang,
D0069,pertama,
D0069,kali,
D0069,digerebek,
D0069,adalah,
D0069,di,
D0069,pemukiman,
D0069,padat,
D0069,penduduk,
D0069,tepatnya,
D0069,di,
D0069,dekat,
D0069,jembatan,
D0069,Jalan,
D0069,Kejaksaan,
D0069,Ada,
D0069,dua,
D0069,pelaku,
D0069,yang,
D0069,ditangkap,
D0069,dari,
D0069,lokasi,
D0069,yakni,
D0069,YG,
D0069,37,
D0069,dan,
D0069,AH,
D0069,35,
D0069,Di,
D0069,lokasi,
D0069,pertama,
D0069,kita,
D0069,mengamankan,
D0069,dua,
D0069,orang,
D0069,yang,
D0069,kita,
D0069,duga,
D0069,sebagai,
D0069,pengguna,
D0069,narkoba,
D0069,Lokasi,
D0069,penggerebekan,
D0069,sangat,
D0069,sulit,
D0069,untuk,
D0069,dijangkau,
D0069,karena,
D0069,untuk,
D0069,sampai,
D0069,ke,
D0069,titik,
D0069,yang,
D0069,kita,
D0069,tuju,
D0069,harus,
D0069,menuruni,
D0069,tangga,
D0069,kayu,
D0069,yang,
D0069,letaknya,
D0069,berada,
D0069,di,
D0069,tengahtengah,
D0069,rumah,
D0069,warga,
D0069,dan,
D0069,itupun,
D0069,hanya,
D0069,bisa,
D0069,dilewati,
D0069,satu,
D0069,orang,
D0069,ujarnya,
D0069,Setelah,
D0069,itu,
D0069,petugas,
D0069,kepolisian,
D0069,bergerak,
D0069,ke,
D0069,Gang,
D0069,Pasir,
D0069,Jalan,
D0069,S,
D0069,Parman,
D0069,yang,
D0069,juga,
D0069,berdekatan,
D0069,dengan,
D0069,Jalan,
D0069,Kejaksaan,
D0069,Dari,
D0069,lokasi,
D0069,tersebut,
D0069,petugas,
D0069,mengamankan,
D0069,tiga,
D0069,orang,
D0069,pelaku,
D0069,yakni,
D0069,GN,
D0069,40,
D0069,TH,
D0069,41,
D0069,dan,
D0069,RH,
D0069,51,
D0069,RH,
D0069,merupakan,
D0069,seorang,
D0069,ibu,
D0069,rumah,
D0069,tangga,
D0069,Ketiganya,
D0069,diamankan,
D0069,saat,
D0069,berada,
D0069,di,
D0069,bawah,
D0069,rumah,
D0069,panggung,
D0069,yang,
D0069,dijadikan,
D0069,sebagai,
D0069,tempat,
D0069,transaksi,
D0069,dan,
D0069,mengonsumsi,
D0069,narkoba,
D0069,Untuk,
D0069,lokasi,
D0069,kedua,
D0069,ada,
D0069,tiga,
D0069,orang,
D0069,yang,
D0069,kami,
D0069,amankan,
D0069,Di,
D0069,tempat,
D0069,ini,
D0069,ada,
D0069,sekitar,
D0069,10,
D0069,orang,
D0069,yang,
D0069,melompat,
D0069,ke,
D0069,sungai,
D0069,saat,
D0069,melihat,
D0069,kedatangan,
D0069,kami,
D0069,Lokasinya,
D0069,memang,
D0069,tidak,
D0069,jauh,
D0069,berbeda,
D0069,seperti,
D0069,lokasi,
D0069,pertama,
D0069,dan,
D0069,bahkan,
D0069,yang,
D0069,kedua,
D0069,jauh,
D0069,lebih,
D0069,sulit,
D0069,dijangkau,
D0069,karena,
D0069,berada,
D0069,di,
D0069,balikbalik,
D0069,rumah,
D0069,warga,
D0069,dan,
D0069,sangat,
D0069,tersembunyi,
D0069,jelasnya,
D0069,Usai,
D0069,ditangkap,
D0069,kelima,
D0069,pelaku,
D0069,dibawa,
D0069,ke,
D0069,Polrestabes,
D0069,Medan,
D0069,untuk,
D0069,dilakukan,
D0069,pemeriksaan,
D0069,lebih,
D0069,lanjut,
D0069,Thommy,
D0069,menyebut,
D0069,pihaknya,
D0069,akan,
D0069,berkolaborasi,
D0069,dengan,
D0069,Polsek,
D0069,Medan,
D0069,Baru,
D0069,untuk,
D0069,berpatroli,
D0069,di,
D0069,lokasi,
D0069,penggerebekan,
D0069,itu,
D0069,agar,
D0069,tidak,
D0069,lagi,
D0069,menjadi,
D0069,sarang,
D0069,narkoba,
D0069,Kami,
D0069,ingin,
D0069,memastikan,
D0069,kawasan,
D0069,ini,
D0069,tidak,
D0069,akan,
D0069,menjadi,
D0069,sarang,
D0069,narkoba,
D0069,lagi,
D0069,Patroli,
D0069,berkala,
D0069,kami,
D0069,pastikan,
D0069,akan,
D0069,kami,
D0069,lakukan,
D0069,sampai,
D0069,kawasan,
D0069,ini,
D0069,bebas,
D0069,dari,
D0069,narkoba,
D0069,pungkasnya,
D0070,Wanita,
D0070,inisial,
D0070,NA,
D0070,30,
D0070,di,
D0070,Bitung,
D0070,Sulawesi,
D0070,Utara,
D0070,Sulut,
D0070,diserang,
D0070,saat,
D0070,nongkrong,
D0070,hingga,
D0070,kepalanya,
D0070,tertancap,
D0070,panah,
D0070,Polisi,
D0070,lalu,
D0070,menangkap,
D0070,3,
D0070,terduga,
D0070,pelaku,
D0070,penyerangan,
D0070,tersebut,
D0070,Ketiganya,
D0070,ditangkap,
D0070,tanpa,
D0070,perlawanan,
D0070,dan,
D0070,langsung,
D0070,dibawa,
D0070,ke,
D0070,Polres,
D0070,Bitung,
D0070,untuk,
D0070,pemeriksaan,
D0070,lebih,
D0070,lanjut,
D0070,kata,
D0070,Kasi,
D0070,Humas,
D0070,Polresta,
D0070,Bitung,
D0070,Iptu,
D0070,Abdul,
D0070,Natip,
D0070,Anggai,
D0070,Kamis,
D0070,1742025,
D0070,melansir,
D0070,detikSulsel,
D0070,Abdul,
D0070,mengatakan,
D0070,peristiwa,
D0070,tersebut,
D0070,terjadi,
D0070,di,
D0070,pusat,
D0070,Kota,
D0070,Bitung,
D0070,pada,
D0070,Minggu,
D0070,1352025,
D0070,sekitar,
D0070,pukul,
D0070,0300,
D0070,Wita,
D0070,Dari,
D0070,tiga,
D0070,pelaku,
D0070,yang,
D0070,ditangkap,
D0070,2,
D0070,di,
D0070,antaranya,
D0070,lelaki,
D0070,inisial,
D0070,JY,
D0070,22,
D0070,dan,
D0070,RS,
D0070,16,
D0070,serta,
D0070,seorang,
D0070,wanita,
D0070,inisial,
D0070,GS,
D0070,17,
D0070,SCROLL,
D0070,TO,
D0070,CONTINUE,
D0070,WITH,
D0070,CONTENT,
D0070,Abdul,
D0070,menyebut,
D0070,ketiga,
D0070,pelaku,
D0070,awalnya,
D0070,berboncengan,
D0070,tiga,
D0070,pakai,
D0070,sepeda,
D0070,motor,
D0070,dari,
D0070,arah,
D0070,Tinombala,
D0070,Kelurahan,
D0070,Pateten,
D0070,Mereka,
D0070,hendak,
D0070,ke,
D0070,salah,
D0070,satu,
D0070,warung,
D0070,di,
D0070,Kelurahan,
D0070,Bitung,
D0070,Tengah,
D0070,Dalam,
D0070,perjalanan,
D0070,pelaku,
D0070,lelaki,
D0070,JY,
D0070,meminta,
D0070,dua,
D0070,buah,
D0070,anak,
D0070,panah,
D0070,wayer,
D0070,milik,
D0070,lelaki,
D0070,RS,
D0070,lengkap,
D0070,dengan,
D0070,pelontar,
D0070,yang,
D0070,sudah,
D0070,dibawa,
D0070,dari,
D0070,rumah,
D0070,ungkap,
D0070,Abdul,
D0070,Usai,
D0070,berbelanja,
D0070,para,
D0070,pelaku,
D0070,lalu,
D0070,menuju,
D0070,pusat,
D0070,kota,
D0070,Bitung,
D0070,Dalam,
D0070,perjalanan,
D0070,pelaku,
D0070,JY,
D0070,melepaskan,
D0070,satu,
D0070,anak,
D0070,panah,
D0070,ke,
D0070,arah,
D0070,tempat,
D0070,penjualan,
D0070,makanan,
D0070,dan,
D0070,mengenai,
D0070,tempat,
D0070,sampah,
D0070,Para,
D0070,pelaku,
D0070,pun,
D0070,kembali,
D0070,melanjutkan,
D0070,perjalanan,
D0070,Saat,
D0070,melintasi,
D0070,sebuah,
D0070,kafe,
D0070,tempat,
D0070,hiburan,
D0070,di,
D0070,Kelurahan,
D0070,Bitung,
D0070,Timur,
D0070,pelaku,
D0070,kembali,
D0070,melakukan,
D0070,penyerangan,
D0070,menggunakan,
D0070,panah,
D0070,Pelaku,
D0070,lelaki,
D0070,JY,
D0070,kembali,
D0070,memanah,
D0070,menggunakan,
D0070,anak,
D0070,panah,
D0070,kedua,
D0070,dan,
D0070,mengenai,
D0070,bagian,
D0070,belakang,
D0070,kepala,
D0070,korban,
D0070,perempuan,
D0070,NA,
D0070,yang,
D0070,saat,
D0070,itu,
D0070,sedang,
D0070,duduk,
D0070,bersama,
D0070,temantemannya,
D0070,di,
D0070,depan,
D0070,kafe,
D0070,paparnya,
D0070,Ketiga,
D0070,pelaku,
D0070,langsung,
D0070,melarikan,
D0070,diri,
D0070,sedangkan,
D0070,korban,
D0070,dibawa,
D0070,ke,
D0070,RS,
D0070,ManemboNembo,
D0070,untuk,
D0070,mendapatkan,
D0070,perawatan,
D0070,medis,
D0070,Polisi,
D0070,yang,
D0070,mendapat,
D0070,laporan,
D0070,kemudian,
D0070,menangkap,
D0070,pelaku,
D0070,di,
D0070,lokasi,
D0070,yang,
D0070,berbeda,
D0070,pada,
D0070,Rabu,
D0070,164,
D0070,Barang,
D0070,bukti,
D0070,yang,
D0070,berhasil,
D0070,diamankan,
D0070,dalam,
D0070,kasus,
D0070,ini,
D0070,antara,
D0070,lain,
D0070,satu,
D0070,buah,
D0070,pelontar,
D0070,panah,
D0070,yang,
D0070,digunakan,
D0070,pelaku,
D0070,serta,
D0070,satu,
D0070,anak,
D0070,panah,
D0070,wayer,
D0070,yang,
D0070,tertancap,
D0070,di,
D0070,kepala,
D0070,korban,
D0070,dan,
D0070,kini,
D0070,berada,
D0070,di,
D0070,RS,
D0070,ManemboNembo,
D0070,Sementara,
D0070,satu,
D0070,anak,
D0070,panah,
D0070,lainnya,
D0070,masih,
D0070,dalam,
D0070,pencarian,
D0070,jelasnya,
D0071,Polisi,
D0071,mengungkap,
D0071,identitas,
D0071,penjambret,
D0071,kalung,
D0071,yang,
D0071,viral,
D0071,di,
D0071,media,
D0071,sosial,
D0071,Pelaku,
D0071,diketahui,
D0071,bernama,
D0071,I,
D0071,Wayan,
D0071,Edi,
D0071,Juniawan,
D0071,atau,
D0071,IWEJ,
D0071,34,
D0071,warga,
D0071,Desa,
D0071,Sebatu,
D0071,Kecamatan,
D0071,Tegallalang,
D0071,Gianyar,
D0071,Juniawan,
D0071,ditangkap,
D0071,setelah,
D0071,melakukan,
D0071,aksi,
D0071,serupa,
D0071,di,
D0071,12,
D0071,lokasi,
D0071,berbeda,
D0071,di,
D0071,Bali,
D0071,sejak,
D0071,awal,
D0071,2024,
D0071,Dia,
D0071,diketahui,
D0071,sudah,
D0071,beraksi,
D0071,di,
D0071,empat,
D0071,kabupaten,
D0071,Aksi,
D0071,Juniawan,
D0071,menjambret,
D0071,kalung,
D0071,yang,
D0071,terakhir,
D0071,terekam,
D0071,kamera,
D0071,pengawas,
D0071,atau,
D0071,CCTV,
D0071,di,
D0071,di,
D0071,Gang,
D0071,Sengguan,
D0071,Kecamatan,
D0071,Gianyar,
D0071,Videonya,
D0071,beredar,
D0071,dan,
D0071,viral,
D0071,di,
D0071,media,
D0071,sosial,
D0071,SCROLL,
D0071,TO,
D0071,CONTINUE,
D0071,WITH,
D0071,CONTENT,
D0071,Dalam,
D0071,video,
D0071,yang,
D0071,dilihat,
D0071,detikBali,
D0071,tampak,
D0071,seorang,
D0071,pria,
D0071,pengendara,
D0071,motor,
D0071,Honda,
D0071,Scoopy,
D0071,melintas,
D0071,di,
D0071,depan,
D0071,seorang,
D0071,ibuibu,
D0071,yang,
D0071,berjalan,
D0071,seorang,
D0071,diri,
D0071,Ia,
D0071,sempat,
D0071,berhenti,
D0071,lalu,
D0071,memutar,
D0071,balik,
D0071,dan,
D0071,langsung,
D0071,menarik,
D0071,kalung,
D0071,yang,
D0071,dikenakan,
D0071,korban,
D0071,Polisi,
D0071,pun,
D0071,menindaklanjuti,
D0071,kasus,
D0071,ini,
D0071,hingga,
D0071,akhirnya,
D0071,menangkap,
D0071,Juniawan,
D0071,Kapolres,
D0071,Bangli,
D0071,AKBP,
D0071,I,
D0071,Gede,
D0071,Putra,
D0071,mengungkapkan,
D0071,Juniawan,
D0071,telah,
D0071,mengakui,
D0071,aksinya,
D0071,di,
D0071,12,
D0071,lokasi,
D0071,berbeda,
D0071,Rinciannya,
D0071,tiga,
D0071,TKP,
D0071,berada,
D0071,di,
D0071,wilayah,
D0071,Bangli,
D0071,enam,
D0071,TKP,
D0071,di,
D0071,Gianyar,
D0071,dua,
D0071,TKP,
D0071,di,
D0071,Badung,
D0071,dan,
D0071,satu,
D0071,TKP,
D0071,di,
D0071,Denpasar,
D0071,Dari,
D0071,12,
D0071,TKP,
D0071,yang,
D0071,diakui,
D0071,yang,
D0071,bersangkutan,
D0071,ratarata,
D0071,korbannya,
D0071,ibuibu,
D0071,Kemudian,
D0071,tempat,
D0071,yang,
D0071,dicari,
D0071,cenderung,
D0071,sepi,
D0071,sehingga,
D0071,ada,
D0071,keleluasaan,
D0071,pelaku,
D0071,melakukan,
D0071,aksinya,
D0071,ujar,
D0071,AKBP,
D0071,Gede,
D0071,Putra,
D0071,saat,
D0071,dihubungi,
D0071,detikBali,
D0071,Kamis,
D0071,1742025,
D0071,Ia,
D0071,menambahkan,
D0071,bahwa,
D0071,pelaku,
D0071,diduga,
D0071,memantau,
D0071,kondisi,
D0071,sekitar,
D0071,sebelum,
D0071,melancarkan,
D0071,aksinya,
D0071,Seperti,
D0071,yang,
D0071,di,
D0071,video,
D0071,itu,
D0071,mungkin,
D0071,dia,
D0071,tetap,
D0071,mobile,
D0071,memantau,
D0071,untuk,
D0071,targettargetnya,
D0071,Dia,
D0071,lihat,
D0071,sasarannya,
D0071,ada,
D0071,dia,
D0071,coba,
D0071,ikuti,
D0071,Kalau,
D0071,ada,
D0071,barang,
D0071,berharga,
D0071,dan,
D0071,situasi,
D0071,memungkinkan,
D0071,nah,
D0071,di,
D0071,situ,
D0071,mulai,
D0071,lakukan,
D0071,modusmodusnya,
D0071,tambahnya,
D0071,Modus,
D0071,penjambretan,
D0071,yang,
D0071,dilakukan,
D0071,Juniawan,
D0071,di,
D0071,Sengguan,
D0071,Gianyar,
D0071,serupa,
D0071,dengan,
D0071,kejadian,
D0071,pada,
D0071,2,
D0071,Oktober,
D0071,2024,
D0071,di,
D0071,Banjar,
D0071,Penglumbaran,
D0071,Kangin,
D0071,Desa,
D0071,Tiga,
D0071,Kecamatan,
D0071,Susut,
D0071,Bangli,
D0071,Dalam,
D0071,peristiwa,
D0071,itu,
D0071,pelaku,
D0071,menghampiri,
D0071,korban,
D0071,secara,
D0071,tibatiba,
D0071,dan,
D0071,berpurapura,
D0071,menanyakan,
D0071,arah,
D0071,jalan,
D0071,Saat,
D0071,korban,
D0071,terdistraksi,
D0071,Juniawan,
D0071,menggunakan,
D0071,tangan,
D0071,kirinya,
D0071,untuk,
D0071,menarik,
D0071,paksa,
D0071,kalung,
D0071,yang,
D0071,dikenakan,
D0071,korban,
D0071,Tidak,
D0071,pakai,
D0071,senjata,
D0071,tajam,
D0071,jambret,
D0071,saja,
D0071,Setelah,
D0071,dapat,
D0071,kalungnya,
D0071,dijual,
D0071,Untuk,
D0071,penjualannya,
D0071,dia,
D0071,mengiklankan,
D0071,di,
D0071,marketplace,
D0071,Tidak,
D0071,kenal,
D0071,pembelinya,
D0071,berdasarkan,
D0071,pengakuannya,
D0071,tapi,
D0071,masih,
D0071,kami,
D0071,kembangkan,
D0071,Dia,
D0071,iklankan,
D0071,dapat,
D0071,pembeli,
D0071,janjian,
D0071,ketemu,
D0071,sudah,
D0071,langsung,
D0071,transaksi,
D0071,Kenalnya,
D0071,pas,
D0071,transaksi,
D0071,saja,
D0071,bukan,
D0071,pelanggan,
D0071,tetap,
D0071,Kayak,
D0071,COD,
D0071,gitulah,
D0071,jelas,
D0071,AKBP,
D0071,Gede,
D0071,Putra,
D0071,Hasil,
D0071,penyelidikan,
D0071,menyebutkan,
D0071,total,
D0071,nilai,
D0071,kalung,
D0071,yang,
D0071,dijambret,
D0071,mencapai,
D0071,ratusan,
D0071,juta,
D0071,rupiah,
D0071,Juniawan,
D0071,disebut,
D0071,nekat,
D0071,melakukan,
D0071,aksi,
D0071,kriminal,
D0071,ini,
D0071,karena,
D0071,tekanan,
D0071,ekonomi,
D0071,Sehariharinya,
D0071,pelaku,
D0071,bekerja,
D0071,sebagai,
D0071,buruh,
D0071,ternak,
D0071,Atas,
D0071,perbuatannya,
D0071,dia,
D0071,dijerat,
D0071,Pasal,
D0071,365,
D0071,ayat,
D0071,1,
D0071,KUHP,
D0071,jo,
D0071,Pasal,
D0071,65,
D0071,ayat,
D0071,1,
D0071,KUHP,
D0071,subsidier,
D0071,Pasal,
D0071,362,
D0071,KUHP,
D0071,jo,
D0071,Pasal,
D0071,65,
D0071,ayat,
D0071,1,
D0071,KUHP,
D0071,dengan,
D0071,ancaman,
D0071,pidana,
D0071,maksimal,
D0071,sembilan,
D0071,tahun,
D0071,penjara,
D0072,Seorang,
D0072,anak,
D0072,lakilaki,
D0072,berumur,
D0072,12,
D0072,tahun,
D0072,di,
D0072,perumahan,
D0072,Bida,
D0072,Asri,
D0072,Batam,
D0072,Kota,
D0072,Batam,
D0072,Kepulauan,
D0072,Riau,
D0072,Kepri,
D0072,ditikam,
D0072,orang,
D0072,tak,
D0072,dikenal,
D0072,OTK,
D0072,saat,
D0072,pulang,
D0072,mengaji,
D0072,Akibat,
D0072,dari,
D0072,kejadian,
D0072,itu,
D0072,korban,
D0072,mengalami,
D0072,luka,
D0072,di,
D0072,bagian,
D0072,dada,
D0072,kanan,
D0072,Kejadiannya,
D0072,kemarin,
D0072,Rabu,
D0072,164,
D0072,sekitar,
D0072,pukul,
D0072,1930,
D0072,WIB,
D0072,Korban,
D0072,baru,
D0072,pulang,
D0072,mengaji,
D0072,kata,
D0072,Kapolsek,
D0072,Batam,
D0072,Kota,
D0072,Kompol,
D0072,Anak,
D0072,Agung,
D0072,Made,
D0072,Winarta,
D0072,Kamis,
D0072,1742025,
D0072,Agung,
D0072,mengatakan,
D0072,kasus,
D0072,penikaman,
D0072,itu,
D0072,telah,
D0072,dilaporkan,
D0072,ke,
D0072,Polsek,
D0072,Batam,
D0072,Kota,
D0072,untuk,
D0072,diselidiki,
D0072,Sementara,
D0072,untuk,
D0072,korban,
D0072,sendiri,
D0072,telah,
D0072,mendapatkan,
D0072,perawatan,
D0072,dan,
D0072,dalam,
D0072,proses,
D0072,pemulihan,
D0072,SCROLL,
D0072,TO,
D0072,CONTINUE,
D0072,WITH,
D0072,CONTENT,
D0072,Anak,
D0072,serta,
D0072,ibu,
D0072,dan,
D0072,keluarga,
D0072,sudah,
D0072,membuat,
D0072,laporan,
D0072,Saat,
D0072,ini,
D0072,proses,
D0072,penyelidikan,
D0072,oleh,
D0072,unit,
D0072,Reskrim,
D0072,Polsek,
D0072,Batam,
D0072,Kota,
D0072,ujarnya,
D0072,Agung,
D0072,menjelaskan,
D0072,penikaman,
D0072,itu,
D0072,terjadi,
D0072,berawal,
D0072,dari,
D0072,korban,
D0072,pulang,
D0072,mengaji,
D0072,Saat,
D0072,itu,
D0072,korban,
D0072,melintas,
D0072,di,
D0072,Jalan,
D0072,TK,
D0072,BKDI,
D0072,Bida,
D0072,Asri,
D0072,Korban,
D0072,saat,
D0072,itu,
D0072,ingin,
D0072,pulang,
D0072,ke,
D0072,rumahnya,
D0072,setelah,
D0072,siap,
D0072,mengaji,
D0072,tibatiba,
D0072,Korban,
D0072,didekati,
D0072,oleh,
D0072,seorang,
D0072,lelaki,
D0072,OTK,
D0072,menggunakan,
D0072,sepeda,
D0072,motor,
D0072,berwarna,
D0072,hitam,
D0072,ujarnya,
D0072,Pelaku,
D0072,yang,
D0072,mengendarai,
D0072,sepeda,
D0072,motor,
D0072,itu,
D0072,langsung,
D0072,menikam,
D0072,korban,
D0072,di,
D0072,bagian,
D0072,dada,
D0072,kanan,
D0072,Setelah,
D0072,melancarkan,
D0072,aksinya,
D0072,pelaku,
D0072,kemudian,
D0072,melarikan,
D0072,diri,
D0072,Saat,
D0072,sudah,
D0072,di,
D0072,dekat,
D0072,korban,
D0072,pelaku,
D0072,langsung,
D0072,menikam,
D0072,korban,
D0072,diduga,
D0072,menggunakan,
D0072,pisau,
D0072,ujarnya,
D0072,Setelah,
D0072,itu,
D0072,korban,
D0072,langsung,
D0072,meminta,
D0072,pertolongan,
D0072,kepada,
D0072,warga,
D0072,sekitar,
D0072,Dari,
D0072,keterangan,
D0072,korban,
D0072,ia,
D0072,tak,
D0072,mengenali,
D0072,pelaku,
D0072,Korban,
D0072,kemudian,
D0072,ditolong,
D0072,oleh,
D0072,warga,
D0072,sekitar,
D0072,Korban,
D0072,tidak,
D0072,mengenal,
D0072,pelaku,
D0072,ujarnya,
D0072,Agung,
D0072,menyebut,
D0072,saat,
D0072,ini,
D0072,pihaknya,
D0072,masih,
D0072,melakukan,
D0072,penyelidikan,
D0072,atas,
D0072,laporan,
D0072,tersebut,
D0072,Pihaknya,
D0072,juga,
D0072,tengah,
D0072,mendalami,
D0072,motif,
D0072,penikaman,
D0072,tersebut,
D0072,Tidak,
D0072,ada,
D0072,barang,
D0072,berharga,
D0072,yang,
D0072,diambil,
D0072,pelaku,
D0072,Saat,
D0072,ini,
D0072,kami,
D0072,lakukan,
D0072,proses,
D0072,penyelidikan,
D0072,dan,
D0072,pengejaran,
D0072,terhadap,
D0072,pelaku,
D0072,mudahmudahan,
D0072,bisa,
D0072,cepat,
D0072,terungkap,
D0072,ujarnya,
D0073,Seorang,
D0073,pria,
D0073,di,
D0073,Kabupaten,
D0073,Serdang,
D0073,Bedagai,
D0073,Sumatera,
D0073,Utara,
D0073,Sumut,
D0073,Nahor,
D0073,Sagala,
D0073,alias,
D0073,NS,
D0073,40,
D0073,membakar,
D0073,rumah,
D0073,adik,
D0073,kandungnya,
D0073,sendiri,
D0073,Suhardi,
D0073,Sagala,
D0073,35,
D0073,saat,
D0073,tengah,
D0073,malam,
D0073,Setelah,
D0073,melancarkan,
D0073,aksinya,
D0073,pelaku,
D0073,pergi,
D0073,melarikan,
D0073,diri,
D0073,Kanit,
D0073,Reskrim,
D0073,Polsek,
D0073,Teluk,
D0073,Mengkudu,
D0073,Ipda,
D0073,Taufik,
D0073,Nasution,
D0073,mengatakan,
D0073,peristiwa,
D0073,itu,
D0073,terjadi,
D0073,di,
D0073,Dusun,
D0073,VI,
D0073,Desa,
D0073,Sialang,
D0073,Buah,
D0073,Kecamatan,
D0073,Teluk,
D0073,Mengkudu,
D0073,Rabu,
D0073,1642025,
D0073,sekira,
D0073,pukul,
D0073,0100,
D0073,WIB,
D0073,Saat,
D0073,kejadian,
D0073,korban,
D0073,tengah,
D0073,tertidur,
D0073,di,
D0073,dalam,
D0073,rumah,
D0073,Pada,
D0073,saat,
D0073,itu,
D0073,korban,
D0073,sedang,
D0073,tidur,
D0073,di,
D0073,kamar,
D0073,kata,
D0073,Taufik,
D0073,Kamis,
D0073,174,
D0073,SCROLL,
D0073,TO,
D0073,CONTINUE,
D0073,WITH,
D0073,CONTENT,
D0073,Taufik,
D0073,menyebut,
D0073,kebakaran,
D0073,itu,
D0073,pertama,
D0073,kali,
D0073,diketahui,
D0073,oleh,
D0073,warga,
D0073,yang,
D0073,melihat,
D0073,asap,
D0073,keluar,
D0073,dari,
D0073,jendela,
D0073,rumah,
D0073,korban,
D0073,Sontak,
D0073,warga,
D0073,keluar,
D0073,dan,
D0073,langsung,
D0073,menuju,
D0073,rumah,
D0073,korban,
D0073,sambil,
D0073,berteriak,
D0073,Korban,
D0073,yang,
D0073,mendengar,
D0073,suara,
D0073,keributan,
D0073,itu,
D0073,langsung,
D0073,terbangun,
D0073,dan,
D0073,berupaya,
D0073,menyelamatkan,
D0073,diri,
D0073,Korban,
D0073,terbangun,
D0073,dikarenakan,
D0073,terdengar,
D0073,ada,
D0073,keributan,
D0073,dari,
D0073,para,
D0073,saksi,
D0073,Dibantu,
D0073,warga,
D0073,sekitar,
D0073,ikut,
D0073,memadamkan,
D0073,api,
D0073,selanjutnya,
D0073,api,
D0073,telah,
D0073,berhasil,
D0073,dipadamkan,
D0073,namun,
D0073,isi,
D0073,rumah,
D0073,seperti,
D0073,kayu,
D0073,barangbarang,
D0073,yang,
D0073,mudah,
D0073,terbakar,
D0073,milik,
D0073,korban,
D0073,telah,
D0073,hangus,
D0073,dilalap,
D0073,api,
D0073,jelasnya,
D0073,Dalam,
D0073,kebakaran,
D0073,itu,
D0073,sejumlah,
D0073,barang,
D0073,korban,
D0073,seperti,
D0073,becak,
D0073,motor,
D0073,kulkas,
D0073,TV,
D0073,mesin,
D0073,cuci,
D0073,lemari,
D0073,luder,
D0073,terbakar,
D0073,Akibatnya,
D0073,korban,
D0073,mengalami,
D0073,kerugian,
D0073,hingga,
D0073,Rp,
D0073,75,
D0073,juta,
D0073,Merasa,
D0073,curiga,
D0073,korban,
D0073,lalu,
D0073,membuat,
D0073,laporan,
D0073,ke,
D0073,Polsek,
D0073,Teluk,
D0073,Mengkudu,
D0073,Pihak,
D0073,kepolisian,
D0073,pun,
D0073,menyelidiki,
D0073,peristiwa,
D0073,kebakaran,
D0073,itu,
D0073,Setelah,
D0073,diselidiki,
D0073,pelaku,
D0073,pembakaran,
D0073,rumah,
D0073,korban,
D0073,adalah,
D0073,abang,
D0073,kandungnya,
D0073,Petugas,
D0073,pun,
D0073,mencari,
D0073,keberadaan,
D0073,pelaku,
D0073,dan,
D0073,menangkapnya,
D0073,tak,
D0073,lama,
D0073,setelah,
D0073,kejadian,
D0073,Pelaku,
D0073,NS,
D0073,setelah,
D0073,melakukan,
D0073,pembakaran,
D0073,rumah,
D0073,dia,
D0073,pergi,
D0073,dengan,
D0073,berjalan,
D0073,kaki,
D0073,dengan,
D0073,terburuburu,
D0073,dari,
D0073,Dusun,
D0073,VI,
D0073,Desa,
D0073,Sialang,
D0073,Buah,
D0073,menuju,
D0073,arah,
D0073,keluar,
D0073,sambil,
D0073,membawa,
D0073,sebuah,
D0073,plastik,
D0073,warna,
D0073,merah,
D0073,yang,
D0073,berisikan,
D0073,pakaian,
D0073,untuk,
D0073,melarikan,
D0073,diri,
D0073,Pelaku,
D0073,mengakui,
D0073,telah,
D0073,membakar,
D0073,korban,
D0073,yang,
D0073,adalah,
D0073,milik,
D0073,adik,
D0073,kandungnya,
D0073,sendiri,
D0073,ujarnya,
D0073,Berdasarkan,
D0073,pengakuan,
D0073,pelaku,
D0073,dirinya,
D0073,membakar,
D0073,rumah,
D0073,korban,
D0073,dengan,
D0073,cara,
D0073,menyiramkan,
D0073,solar,
D0073,ke,
D0073,karung,
D0073,goni,
D0073,Lalu,
D0073,karung,
D0073,goni,
D0073,itu,
D0073,diselipkan,
D0073,pelaku,
D0073,di,
D0073,dinding,
D0073,rumah,
D0073,korban,
D0073,Saat,
D0073,ini,
D0073,kata,
D0073,Taufik,
D0073,korban,
D0073,telah,
D0073,diamankan,
D0073,di,
D0073,kantor,
D0073,polisi,
D0073,Atas,
D0073,perbuatannya,
D0073,pelaku,
D0073,dijerat,
D0073,Pasal,
D0073,187,
D0073,KUHPidana,
D0073,dengan,
D0073,ancaman,
D0073,hukuman,
D0073,maksimal,
D0073,12,
D0073,tahun,
D0073,penjara,
D0073,Pelaku,
D0073,membakar,
D0073,rumah,
D0073,tersebut,
D0073,dengan,
D0073,cara,
D0073,menggunakan,
D0073,sebuah,
D0073,karung,
D0073,goni,
D0073,yang,
D0073,disiram,
D0073,menggunakan,
D0073,cairan,
D0073,solar,
D0073,dan,
D0073,diselipkan,
D0073,di,
D0073,dinding,
D0073,belakang,
D0073,rumah,
D0073,pelapor,
D0073,Lalu,
D0073,dibakar,
D0073,pelaku,
D0073,menggunakan,
D0073,mancis,
D0073,pungkasnya,
D0074,Udara,
D0074,malam,
D0074,itu,
D0074,masih,
D0074,menyisakan,
D0074,hawa,
D0074,panas,
D0074,meski,
D0074,waktu,
D0074,telah,
D0074,menunjuk,
D0074,pukul,
D0074,delapan,
D0074,Di,
D0074,sebuah,
D0074,salon,
D0074,kecil,
D0074,di,
D0074,Sumberjaya,
D0074,Kabupaten,
D0074,Majalengka,
D0074,seorang,
D0074,perempuan,
D0074,muda,
D0074,asal,
D0074,Cianjur,
D0074,menanti,
D0074,dengan,
D0074,penuh,
D0074,harap,
D0074,Ia,
D0074,baru,
D0074,merantau,
D0074,menumpang,
D0074,hidup,
D0074,bersama,
D0074,kakaknya,
D0074,mencari,
D0074,peruntungan,
D0074,di,
D0074,tanah,
D0074,orang,
D0074,Malam,
D0074,itu,
D0074,ia,
D0074,dijanjikan,
D0074,kencan,
D0074,Pria,
D0074,yang,
D0074,akan,
D0074,menjemputnya,
D0074,adalah,
D0074,kenalan,
D0074,baru,
D0074,diperkenalkan,
D0074,langsung,
D0074,oleh,
D0074,sang,
D0074,kakak,
D0074,Ia,
D0074,datang,
D0074,menjemput,
D0074,dengan,
D0074,janji,
D0074,membawa,
D0074,ke,
D0074,tempat,
D0074,kos,
D0074,untuk,
D0074,berbincang,
D0074,lebih,
D0074,dekat,
D0074,SCROLL,
D0074,TO,
D0074,CONTINUE,
D0074,WITH,
D0074,CONTENT,
D0074,Namun,
D0074,arah,
D0074,perjalanan,
D0074,berubah,
D0074,Di,
D0074,tengah,
D0074,gelap,
D0074,malam,
D0074,langkah,
D0074,mereka,
D0074,menjauh,
D0074,dari,
D0074,keramaian,
D0074,Yang,
D0074,awalnya,
D0074,berniat,
D0074,menuju,
D0074,kos,
D0074,malah,
D0074,dibelokkan,
D0074,ke,
D0074,arah,
D0074,semak,
D0074,belukar,
D0074,Korban,
D0074,menunggu,
D0074,tersangka,
D0074,di,
D0074,sebuah,
D0074,salon,
D0074,di,
D0074,daerah,
D0074,Sumberjaya,
D0074,dan,
D0074,mengajak,
D0074,untuk,
D0074,berkencan,
D0074,Tersangka,
D0074,ini,
D0074,berjanjian,
D0074,dengan,
D0074,korban,
D0074,untuk,
D0074,kencan,
D0074,tutur,
D0074,Kepala,
D0074,Satuan,
D0074,Reserse,
D0074,Kriminal,
D0074,Polres,
D0074,Majalengka,
D0074,AKP,
D0074,Ari,
D0074,Rinaldo,
D0074,Selasa,
D0074,1542025,
D0074,Nah,
D0074,dari,
D0074,situ,
D0074,si,
D0074,korban,
D0074,dibawa,
D0074,ke,
D0074,satu,
D0074,tempat,
D0074,yang,
D0074,dijanjikan,
D0074,tempatnya,
D0074,itu,
D0074,ke,
D0074,koskosan,
D0074,Tapi,
D0074,di,
D0074,pertengahan,
D0074,jalan,
D0074,si,
D0074,tersangka,
D0074,membawanya,
D0074,ke,
D0074,semaksemak,
D0074,sambungnya,
D0074,Ketika,
D0074,mulai,
D0074,menyadari,
D0074,situasi,
D0074,janggal,
D0074,korban,
D0074,pun,
D0074,memprotes,
D0074,Tapi,
D0074,sang,
D0074,pria,
D0074,justru,
D0074,tersulut,
D0074,emosi,
D0074,Kekerasan,
D0074,pun,
D0074,terjadi,
D0074,di,
D0074,balik,
D0074,rimbun,
D0074,ilalang,
D0074,dan,
D0074,bayang,
D0074,gelap,
D0074,pepohonan,
D0074,Karena,
D0074,dibawa,
D0074,ke,
D0074,semaksemak,
D0074,si,
D0074,korban,
D0074,merasa,
D0074,protes,
D0074,tidak,
D0074,berkenan,
D0074,Akhirnya,
D0074,tersangka,
D0074,emosi,
D0074,tersangka,
D0074,emosi,
D0074,mengikat,
D0074,tangan,
D0074,korban,
D0074,dan,
D0074,juga,
D0074,langsung,
D0074,memasukkan,
D0074,tangannya,
D0074,tersangka,
D0074,ke,
D0074,dalam,
D0074,mulut,
D0074,korban,
D0074,supaya,
D0074,korban,
D0074,tidak,
D0074,bersuara,
D0074,Pada,
D0074,saat,
D0074,itulah,
D0074,tersangka,
D0074,mengambil,
D0074,tas,
D0074,yang,
D0074,berisi,
D0074,uang,
D0074,Rp35,
D0074,juta,
D0074,dan,
D0074,dua,
D0074,HP,
D0074,jelas,
D0074,Ari,
D0074,Korban,
D0074,dalam,
D0074,kondisi,
D0074,terikat,
D0074,dan,
D0074,ketakutan,
D0074,akhirnya,
D0074,berhasil,
D0074,melepaskan,
D0074,diri,
D0074,saat,
D0074,pelaku,
D0074,lengah,
D0074,Ia,
D0074,lari,
D0074,menyusuri,
D0074,gelap,
D0074,hingga,
D0074,menemukan,
D0074,permukiman,
D0074,warga,
D0074,dan,
D0074,meminta,
D0074,bantuan,
D0074,Sementara,
D0074,itu,
D0074,pelaku,
D0074,kabur,
D0074,Namun,
D0074,tidak,
D0074,lama,
D0074,Penyelidikan,
D0074,polisi,
D0074,yang,
D0074,dimulai,
D0074,sejak,
D0074,laporan,
D0074,diterima,
D0074,membuahkan,
D0074,hasil,
D0074,dua,
D0074,pekan,
D0074,kemudian,
D0074,Tersangka,
D0074,berinisial,
D0074,R,
D0074,30,
D0074,warga,
D0074,Majalengka,
D0074,ditangkap,
D0074,tanpa,
D0074,perlawanan,
D0074,Dari,
D0074,situ,
D0074,kita,
D0074,melakukan,
D0074,penyelidikan,
D0074,dan,
D0074,kita,
D0074,sudah,
D0074,mengetahui,
D0074,dari,
D0074,penyelidikan,
D0074,kita,
D0074,mengetahui,
D0074,tersangka,
D0074,orang,
D0074,asli,
D0074,Majalengka,
D0074,dan,
D0074,akhirnya,
D0074,kita,
D0074,cari,
D0074,dan,
D0074,alhamdulillah,
D0074,bisa,
D0074,kita,
D0074,tangkap,
D0074,ujar,
D0074,Ari,
D0074,Kini,
D0074,pelaku,
D0074,mendekam,
D0074,di,
D0074,balik,
D0074,jeruji,
D0074,Ia,
D0074,dijerat,
D0074,Pasal,
D0074,365,
D0074,KUHP,
D0074,tentang,
D0074,pencurian,
D0074,dengan,
D0074,kekerasan,
D0074,dengan,
D0074,ancaman,
D0074,hukuman,
D0074,lebih,
D0074,dari,
D0074,10,
D0074,tahun,
D0074,penjara,
D0075,Polsek,
D0075,Medan,
D0075,Area,
D0075,menangkap,
D0075,Adelan,
D0075,Perdana,
D0075,37,
D0075,pria,
D0075,berlagak,
D0075,preman,
D0075,yang,
D0075,viral,
D0075,karena,
D0075,mengamuk,
D0075,dan,
D0075,menganiaya,
D0075,penjaga,
D0075,konter,
D0075,bernama,
D0075,M,
D0075,Khadafi,
D0075,Chaniago,
D0075,20,
D0075,Akibat,
D0075,ulah,
D0075,pelaku,
D0075,korban,
D0075,mengalami,
D0075,luka,
D0075,di,
D0075,bagian,
D0075,punggung,
D0075,dan,
D0075,siku,
D0075,Korban,
D0075,mengalami,
D0075,beberapa,
D0075,luka,
D0075,di,
D0075,punggungnya,
D0075,siku,
D0075,dan,
D0075,sempat,
D0075,dilempar,
D0075,juga,
D0075,pakai,
D0075,kursi,
D0075,kata,
D0075,Kapolsek,
D0075,Medan,
D0075,Area,
D0075,AKP,
D0075,Dwi,
D0075,Himawan,
D0075,Chandra,
D0075,saat,
D0075,memberikan,
D0075,keterangan,
D0075,di,
D0075,Polsek,
D0075,Medan,
D0075,Area,
D0075,Selasa,
D0075,1542025,
D0075,malam,
D0075,Dwi,
D0075,mengatakan,
D0075,peristiwa,
D0075,itu,
D0075,terjadi,
D0075,di,
D0075,Jalam,
D0075,Tuba,
D0075,II,
D0075,Kecamatan,
D0075,Medan,
D0075,Denai,
D0075,Minggu,
D0075,134,
D0075,sekira,
D0075,pukul,
D0075,0200,
D0075,WIB,
D0075,Sementara,
D0075,kasus,
D0075,itu,
D0075,dilaporkan,
D0075,korban,
D0075,pada,
D0075,Senin,
D0075,144,
D0075,sekira,
D0075,pukul,
D0075,2300,
D0075,WIB,
D0075,SCROLL,
D0075,TO,
D0075,CONTINUE,
D0075,WITH,
D0075,CONTENT,
D0075,Motif,
D0075,pelaku,
D0075,menganiaya,
D0075,korban,
D0075,karena,
D0075,kesal,
D0075,usai,
D0075,merasa,
D0075,saldo,
D0075,DANA,
D0075,sebesar,
D0075,Rp,
D0075,100,
D0075,ribu,
D0075,yang,
D0075,diisinya,
D0075,di,
D0075,konter,
D0075,korban,
D0075,tidak,
D0075,masuk,
D0075,Sementara,
D0075,korban,
D0075,mengaku,
D0075,telah,
D0075,menerima,
D0075,bukti,
D0075,pengiriman,
D0075,bahwa,
D0075,saldo,
D0075,DANA,
D0075,itu,
D0075,telah,
D0075,berhasil,
D0075,terkirim,
D0075,Terduga,
D0075,pelaku,
D0075,inisial,
D0075,AP,
D0075,berusaha,
D0075,membeli,
D0075,top,
D0075,up,
D0075,melalui,
D0075,DANA,
D0075,Namun,
D0075,pelaku,
D0075,ini,
D0075,mengakui,
D0075,belum,
D0075,menerima,
D0075,sehingga,
D0075,emosi,
D0075,dan,
D0075,marah,
D0075,kepada,
D0075,penjual,
D0075,selaku,
D0075,korban,
D0075,dan,
D0075,melakukan,
D0075,pemukulan,
D0075,menggunakan,
D0075,kayu,
D0075,jelasnya,
D0075,Usai,
D0075,menerima,
D0075,laporan,
D0075,korban,
D0075,pihaknya,
D0075,pun,
D0075,langsung,
D0075,menyelidiki,
D0075,kasus,
D0075,tersebut,
D0075,dan,
D0075,menangkap,
D0075,pelaku,
D0075,di,
D0075,tempat,
D0075,persembunyiannya,
D0075,di,
D0075,Jalan,
D0075,Denai,
D0075,pada,
D0075,sore,
D0075,tadi,
D0075,Usai,
D0075,ditangkap,
D0075,pelaku,
D0075,diboyong,
D0075,ke,
D0075,Polsek,
D0075,Medan,
D0075,Area,
D0075,Kurang,
D0075,dari,
D0075,24,
D0075,jam,
D0075,kita,
D0075,telah,
D0075,mengamankan,
D0075,pelaku,
D0075,Tadi,
D0075,sore,
D0075,kita,
D0075,lakukan,
D0075,uji,
D0075,tes,
D0075,urine,
D0075,sementrara,
D0075,kita,
D0075,masih,
D0075,menunggu,
D0075,hasilnya,
D0075,kata,
D0075,Dwi,
D0075,Terkait,
D0075,apakah,
D0075,saldo,
D0075,DANA,
D0075,tersebut,
D0075,digunakan,
D0075,pelaku,
D0075,untuk,
D0075,bermain,
D0075,judi,
D0075,online,
D0075,judol,
D0075,Dwi,
D0075,mengaku,
D0075,pihaknya,
D0075,masih,
D0075,mendalaminya,
D0075,Masih,
D0075,kita,
D0075,selidiki,
D0075,lebih,
D0075,lanjut,
D0075,sebutnya,
D0075,Korban,
D0075,Khadafi,
D0075,yang,
D0075,turut,
D0075,hadir,
D0075,di,
D0075,Polsek,
D0075,Medan,
D0075,Area,
D0075,mengatakan,
D0075,bahwa,
D0075,pelaku,
D0075,merupakan,
D0075,pelanggan,
D0075,mereka,
D0075,Dia,
D0075,mengaku,
D0075,dipukul,
D0075,pelaku,
D0075,sebanyak,
D0075,tiga,
D0075,kali,
D0075,menggunakan,
D0075,kayu,
D0075,Tersangka,
D0075,merupakan,
D0075,pelanggan,
D0075,kami,
D0075,yang,
D0075,mengisi,
D0075,DANA,
D0075,Saya,
D0075,dipukuli,
D0075,tiga,
D0075,kali,
D0075,pakai,
D0075,kayu,
D0075,broti,
D0075,satu,
D0075,kali,
D0075,pakai,
D0075,kursi,
D0075,ujarnya,
D0075,Khadafi,
D0075,menyebut,
D0075,bahwa,
D0075,setelah,
D0075,penganiayaan,
D0075,itu,
D0075,pelaku,
D0075,pergi,
D0075,begitu,
D0075,saja,
D0075,Saat,
D0075,itu,
D0075,memang,
D0075,ada,
D0075,warga,
D0075,yang,
D0075,melihat,
D0075,kejadian,
D0075,tersebut,
D0075,namun,
D0075,tidak,
D0075,berani,
D0075,untuk,
D0075,menghentikan,
D0075,aksi,
D0075,pelaku,
D0075,Pas,
D0075,kejadian,
D0075,ada,
D0075,yang,
D0075,melihat,
D0075,tapi,
D0075,nggak,
D0075,berani,
D0075,untuk,
D0075,melerainya,
D0075,Alhasil,
D0075,begitu,
D0075,saya,
D0075,nangis,
D0075,dia,
D0075,pelaku,
D0075,pergi,
D0075,saja,
D0075,katanya,
D0075,Sebelumnya,
D0075,diberitakan,
D0075,satu,
D0075,video,
D0075,yang,
D0075,menunjukkan,
D0075,seorang,
D0075,pria,
D0075,berlaga,
D0075,preman,
D0075,mengamuk,
D0075,dan,
D0075,menganiaya,
D0075,penjaga,
D0075,konter,
D0075,hp,
D0075,viral,
D0075,di,
D0075,medsos,
D0075,Berdasarkan,
D0075,video,
D0075,yang,
D0075,dilihat,
D0075,detikSumut,
D0075,tampak,
D0075,awalnya,
D0075,ada,
D0075,pria,
D0075,berbaju,
D0075,kaos,
D0075,warna,
D0075,hijau,
D0075,datang,
D0075,sambil,
D0075,membawa,
D0075,kayu,
D0075,Pria,
D0075,itu,
D0075,mengamuk,
D0075,sambil,
D0075,memukulkan,
D0075,kayu,
D0075,tersebut,
D0075,ke,
D0075,penjaga,
D0075,konter,
D0075,hp,
D0075,itu,
D0075,Keduanya,
D0075,terdengar,
D0075,terlibat,
D0075,cekcok,
D0075,Pria,
D0075,berlaga,
D0075,preman,
D0075,itu,
D0075,beberapa,
D0075,kali,
D0075,memukul,
D0075,penjaga,
D0075,konter,
D0075,tersebut,
D0075,menggunakan,
D0075,kayu,
D0075,Penjaga,
D0075,konter,
D0075,itu,
D0075,meraung,
D0075,kesakitan,
D0075,Setelah,
D0075,beberapa,
D0075,kali,
D0075,memukul,
D0075,penjaga,
D0075,konter,
D0075,tersebut,
D0075,pria,
D0075,itu,
D0075,melempar,
D0075,kursi,
D0075,plastik,
D0075,ke,
D0075,korban,
D0076,Seorang,
D0076,pria,
D0076,bernama,
D0076,Nali,
D0076,ditangkap,
D0076,polisi,
D0076,usai,
D0076,membunuh,
D0076,istrinya,
D0076,Susilawati,
D0076,34,
D0076,dengan,
D0076,kapak,
D0076,hingga,
D0076,tewas,
D0076,Kejadian,
D0076,itu,
D0076,terjadi,
D0076,di,
D0076,Desa,
D0076,Bantan,
D0076,Tengah,
D0076,Kabupaten,
D0076,Bengkalis,
D0076,Provinsi,
D0076,Riau,
D0076,Kapolres,
D0076,Bengkalis,
D0076,AKBP,
D0076,Budi,
D0076,Setiawan,
D0076,menjelaskan,
D0076,pembunuhan,
D0076,sadis,
D0076,itu,
D0076,terjadi,
D0076,Minggu,
D0076,134,
D0076,kemarin,
D0076,di,
D0076,rumah,
D0076,pasangan,
D0076,suami,
D0076,istri,
D0076,itu,
D0076,di,
D0076,Jalan,
D0076,Gajah,
D0076,Mada,
D0076,Bantan,
D0076,Tengah,
D0076,Nali,
D0076,membunuh,
D0076,istrinya,
D0076,usai,
D0076,cekcok,
D0076,Kejadian,
D0076,kemarin,
D0076,sekitar,
D0076,pukul,
D0076,1630,
D0076,WIB,
D0076,tepat,
D0076,di,
D0076,rumah,
D0076,pelaku,
D0076,atau,
D0076,korban,
D0076,Jalan,
D0076,Gajah,
D0076,Mada,
D0076,Saat,
D0076,itu,
D0076,terjadi,
D0076,cekcok,
D0076,antara,
D0076,korban,
D0076,dan,
D0076,pelaku,
D0076,kata,
D0076,Budi,
D0076,saat,
D0076,dimintai,
D0076,konfirmasi,
D0076,Senin,
D0076,1452025,
D0076,SCROLL,
D0076,TO,
D0076,CONTINUE,
D0076,WITH,
D0076,CONTENT,
D0076,Mulanya,
D0076,keduanya,
D0076,terlibat,
D0076,cekcok,
D0076,perkara,
D0076,handphone,
D0076,yang,
D0076,digadaikan,
D0076,Cekcok,
D0076,tersebut,
D0076,berujung,
D0076,pada,
D0076,pembunuhan,
D0076,sadis,
D0076,Pelaku,
D0076,menghantamkan,
D0076,kapak,
D0076,yang,
D0076,diambil,
D0076,di,
D0076,bawah,
D0076,lemari,
D0076,ke,
D0076,korban,
D0076,dua,
D0076,kali,
D0076,Akibat,
D0076,gadai,
D0076,handphone,
D0076,jadi,
D0076,cekcok,
D0076,mulut,
D0076,berujung,
D0076,pembunuhan,
D0076,Pelaku,
D0076,mengambil,
D0076,kapak,
D0076,di,
D0076,bawah,
D0076,lemari,
D0076,dan,
D0076,langsung,
D0076,diarahkan,
D0076,ke,
D0076,korban,
D0076,2,
D0076,kali,
D0076,kena,
D0076,leher,
D0076,dan,
D0076,tumbang,
D0076,di,
D0076,tempat,
D0076,kata,
D0076,Kapolres,
D0076,Kanit,
D0076,Pidum,
D0076,Satreskrim,
D0076,Polres,
D0076,Bengkalis,
D0076,Ipda,
D0076,Kainhard,
D0076,Akbar,
D0076,mengatakan,
D0076,korban,
D0076,tak,
D0076,terima,
D0076,handphone,
D0076,miliknya,
D0076,digadaikan,
D0076,pelaku,
D0076,tanpa,
D0076,izin,
D0076,Jadi,
D0076,pelaku,
D0076,ini,
D0076,awalnya,
D0076,mengadaikan,
D0076,handphone,
D0076,dia,
D0076,3,
D0076,hari,
D0076,kemudian,
D0076,handphone,
D0076,istrinya,
D0076,ini,
D0076,digadai,
D0076,juga,
D0076,Tapi,
D0076,tanpa,
D0076,izin,
D0076,istri,
D0076,dan,
D0076,itulah,
D0076,terjadi,
D0076,cekcok,
D0076,kata,
D0076,Keinhard,
D0076,Selain,
D0076,persoalan,
D0076,handphone,
D0076,tersebut,
D0076,pelaku,
D0076,juga,
D0076,curiga,
D0076,istrinya,
D0076,berselingkuh,
D0076,dengan,
D0076,pria,
D0076,lain,
D0076,Hal,
D0076,itu,
D0076,juga,
D0076,menjadi,
D0076,pemicu,
D0076,meledaknya,
D0076,amarah,
D0076,pelaku,
D0076,hingga,
D0076,membunuh,
D0076,korban,
D0076,Pengakuan,
D0076,pelaku,
D0076,ada,
D0076,kecurigaan,
D0076,juga,
D0076,sama,
D0076,istrinya,
D0076,Katanya,
D0076,dia,
D0076,mencurigai,
D0076,si,
D0076,korban,
D0076,ini,
D0076,ada,
D0076,dekat,
D0076,dengan,
D0076,pria,
D0076,lain,
D0076,kata,
D0076,Keinhard,
D0076,Usai,
D0076,membacok,
D0076,korban,
D0076,pelaku,
D0076,keluar,
D0076,rumah,
D0076,dan,
D0076,menghampiri,
D0076,rumah,
D0076,tetangganya,
D0076,Kepada,
D0076,tetangganya,
D0076,tersebut,
D0076,dia,
D0076,mengaku,
D0076,telah,
D0076,membunuh,
D0076,istrinya,
D0076,dengan,
D0076,kapak,
D0076,yang,
D0076,dibuangnya,
D0076,ke,
D0076,halaman,
D0076,rumah,
D0076,Tidak,
D0076,lama,
D0076,setelah,
D0076,adik,
D0076,korban,
D0076,melapor,
D0076,pelaku,
D0076,kami,
D0076,amankan,
D0076,Termasuk,
D0076,barang,
D0076,bukti,
D0076,juga,
D0076,sudah,
D0076,diamankan,
D0076,katanya,
D0077,Personel,
D0077,Satresnarkoba,
D0077,Polres,
D0077,Pelabuhan,
D0077,Belawan,
D0077,diserang,
D0077,saat,
D0077,menggerebek,
D0077,sarang,
D0077,narkoba,
D0077,di,
D0077,Kelurahan,
D0077,Bagan,
D0077,Deli,
D0077,Kecamatan,
D0077,Medan,
D0077,Belawan,
D0077,Kapolda,
D0077,Sumut,
D0077,Irjen,
D0077,Whisnu,
D0077,Hermawan,
D0077,Februanto,
D0077,meminta,
D0077,warga,
D0077,untuk,
D0077,tidak,
D0077,menghalanghalangi,
D0077,dan,
D0077,harusnya,
D0077,membantu,
D0077,pihak,
D0077,kepolisian,
D0077,Kami,
D0077,berpesan,
D0077,kepada,
D0077,masyarakat,
D0077,untuk,
D0077,terus,
D0077,membantu,
D0077,pihak,
D0077,kepolisian,
D0077,dan,
D0077,pihak,
D0077,Pemda,
D0077,untuk,
D0077,samasama,
D0077,memberantas,
D0077,narkoba,
D0077,Jangan,
D0077,tergalang,
D0077,jangan,
D0077,masyarakat,
D0077,tidak,
D0077,tahu,
D0077,isunya,
D0077,sehingga,
D0077,anggota,
D0077,kami,
D0077,yang,
D0077,menjadi,
D0077,korban,
D0077,kata,
D0077,Whisnu,
D0077,saat,
D0077,konferensi,
D0077,pers,
D0077,di,
D0077,Polda,
D0077,Sumut,
D0077,Senin,
D0077,1442025,
D0077,Whisnu,
D0077,menyebut,
D0077,pihaknya,
D0077,akan,
D0077,terus,
D0077,mengungkap,
D0077,kasus,
D0077,narkoba,
D0077,di,
D0077,Sumut,
D0077,Jenderal,
D0077,bintang,
D0077,dua,
D0077,itu,
D0077,menegaskan,
D0077,pihak,
D0077,kepolisian,
D0077,akan,
D0077,menindaknya,
D0077,SCROLL,
D0077,TO,
D0077,CONTINUE,
D0077,WITH,
D0077,CONTENT,
D0077,Kami,
D0077,akan,
D0077,melakukan,
D0077,berbagai,
D0077,jenis,
D0077,penanganan,
D0077,narkoba,
D0077,di,
D0077,mana,
D0077,pun,
D0077,berada,
D0077,Ini,
D0077,dalam,
D0077,rangka,
D0077,penegakan,
D0077,hukum,
D0077,jelasnya,
D0077,Dirresnarkoba,
D0077,Polda,
D0077,Sumut,
D0077,Kombes,
D0077,Jean,
D0077,Calvijn,
D0077,Simanjuntak,
D0077,meminta,
D0077,tidak,
D0077,ada,
D0077,lagi,
D0077,perlawanan,
D0077,dari,
D0077,pihak,
D0077,manapun,
D0077,terkait,
D0077,pengungkapan,
D0077,kasus,
D0077,narkoba,
D0077,Di,
D0077,samping,
D0077,itu,
D0077,Jeam,
D0077,menyampaikan,
D0077,bahwa,
D0077,edukasi,
D0077,kepada,
D0077,masyarakat,
D0077,juga,
D0077,penting,
D0077,Edukasi,
D0077,itu,
D0077,penting,
D0077,untuk,
D0077,masyarakat,
D0077,tidak,
D0077,ada,
D0077,lagi,
D0077,perlawanan,
D0077,oleh,
D0077,oknum,
D0077,apapun,
D0077,terhadap,
D0077,petugas,
D0077,yang,
D0077,merupakan,
D0077,representasi,
D0077,negara,
D0077,tetapi,
D0077,tindakan,
D0077,itu,
D0077,dilakukan,
D0077,dengan,
D0077,humanis,
D0077,jelasnya,
D0077,Sebelumnya,
D0077,diberitakan,
D0077,penyerangan,
D0077,terjadi,
D0077,saat,
D0077,polisi,
D0077,melakukan,
D0077,penggerebekan,
D0077,di,
D0077,Kelurahan,
D0077,Bagan,
D0077,Deli,
D0077,Kecamatan,
D0077,Medan,
D0077,Belawan,
D0077,Rabu,
D0077,94,
D0077,sekira,
D0077,pukul,
D0077,1930,
D0077,WIB,
D0077,Awalnya,
D0077,petugas,
D0077,kepolisian,
D0077,menangkap,
D0077,lima,
D0077,orang,
D0077,pelaku,
D0077,Namun,
D0077,dua,
D0077,di,
D0077,antaranya,
D0077,terpaksa,
D0077,dilepas,
D0077,usai,
D0077,petugas,
D0077,diserang,
D0077,sekelompok,
D0077,OTK,
D0077,Lalu,
D0077,pada,
D0077,Jumat,
D0077,114,
D0077,petugas,
D0077,menangkap,
D0077,tujuh,
D0077,orang,
D0077,Kemudian,
D0077,pada,
D0077,Minggu,
D0077,134,
D0077,petugas,
D0077,kepolisian,
D0077,menangkap,
D0077,pelaku,
D0077,I,
D0077,yang,
D0077,sempat,
D0077,dilepaskan,
D0077,Akibat,
D0077,kejadian,
D0077,itu,
D0077,dua,
D0077,sepeda,
D0077,motor,
D0077,petugas,
D0077,dibakar,
D0077,para,
D0077,OTK,
D0077,tersebut,
D0078,Dua,
D0078,sepeda,
D0078,motor,
D0078,petugas,
D0078,Satresnarkoba,
D0078,Polres,
D0078,Pelabuhan,
D0078,Belawan,
D0078,dibakar,
D0078,sekelompok,
D0078,OTK,
D0078,saat,
D0078,penggerebekan,
D0078,sarang,
D0078,narkoba,
D0078,Begini,
D0078,penampakan,
D0078,motor,
D0078,tersebut,
D0078,Pantauan,
D0078,detikSumut,
D0078,Senin,
D0078,1442025,
D0078,kedua,
D0078,sepeda,
D0078,motor,
D0078,itu,
D0078,dihadirkan,
D0078,saat,
D0078,konferensi,
D0078,pers,
D0078,di,
D0078,Polda,
D0078,Sumut,
D0078,Kedua,
D0078,motor,
D0078,tersebut,
D0078,diletakkan,
D0078,di,
D0078,atas,
D0078,mobil,
D0078,patroli,
D0078,polisi,
D0078,Kondisi,
D0078,kedua,
D0078,motor,
D0078,itu,
D0078,sudah,
D0078,hangus,
D0078,terbakar,
D0078,hanya,
D0078,tersisa,
D0078,rangka,
D0078,motor,
D0078,Kapolres,
D0078,Pelabuhan,
D0078,Belawan,
D0078,AKBP,
D0078,Oloan,
D0078,Siahaan,
D0078,mengatakan,
D0078,sepeda,
D0078,motor,
D0078,itu,
D0078,dibakar,
D0078,menggunakan,
D0078,bensin,
D0078,Pakai,
D0078,bensin,
D0078,kata,
D0078,Oloan,
D0078,di,
D0078,Polda,
D0078,Sumut,
D0078,SCROLL,
D0078,TO,
D0078,CONTINUE,
D0078,WITH,
D0078,CONTENT,
D0078,Oloan,
D0078,mengatakan,
D0078,awal,
D0078,mulanya,
D0078,ada,
D0078,sembilan,
D0078,personel,
D0078,melakukan,
D0078,penggerebekan,
D0078,sarang,
D0078,narkoba,
D0078,di,
D0078,Kelurahan,
D0078,Bagan,
D0078,Deli,
D0078,Kecamatan,
D0078,Medan,
D0078,Belawan,
D0078,Rabu,
D0078,94,
D0078,Menurut,
D0078,Oloan,
D0078,sembilan,
D0078,personel,
D0078,itu,
D0078,diperkirakan,
D0078,mampu,
D0078,untuk,
D0078,melakukan,
D0078,penangkapan,
D0078,para,
D0078,pelaku,
D0078,narkoba,
D0078,tersebut,
D0078,Nahas,
D0078,saat,
D0078,proses,
D0078,penangkapan,
D0078,itu,
D0078,ada,
D0078,sekelompok,
D0078,OTK,
D0078,yang,
D0078,menyerang,
D0078,petugas,
D0078,kepolisian,
D0078,Saat,
D0078,itu,
D0078,sebenarnya,
D0078,cukup,
D0078,personel,
D0078,untuk,
D0078,melakukan,
D0078,penangkapan,
D0078,tapi,
D0078,kami,
D0078,tidak,
D0078,menduga,
D0078,adanya,
D0078,perlawanan,
D0078,memang,
D0078,jelasnya,
D0078,Ia,
D0078,menyebut,
D0078,saat,
D0078,proses,
D0078,penggerebekan,
D0078,itu,
D0078,ada,
D0078,seorang,
D0078,pelaku,
D0078,berinisial,
D0078,A,
D0078,yang,
D0078,melompat,
D0078,dari,
D0078,ruko,
D0078,sarang,
D0078,narkoba,
D0078,tersebut,
D0078,Pada,
D0078,saat,
D0078,kejadian,
D0078,petugas,
D0078,kepolisian,
D0078,masuk,
D0078,ke,
D0078,dalam,
D0078,ruko,
D0078,tersebut,
D0078,untuk,
D0078,menyelamatkan,
D0078,diri,
D0078,sementara,
D0078,para,
D0078,pelaku,
D0078,telah,
D0078,berada,
D0078,di,
D0078,luar,
D0078,Lalu,
D0078,A,
D0078,memanggil,
D0078,para,
D0078,pelaku,
D0078,penyerangan,
D0078,itu,
D0078,dan,
D0078,memprovokasi,
D0078,agar,
D0078,meminta,
D0078,pelaku,
D0078,I,
D0078,dan,
D0078,T,
D0078,dilepaskan,
D0078,Pada,
D0078,saat,
D0078,yang,
D0078,bersamaan,
D0078,pelaku,
D0078,A,
D0078,bersama,
D0078,pelaku,
D0078,lainnya,
D0078,membakar,
D0078,dua,
D0078,sepeda,
D0078,motor,
D0078,petugas,
D0078,kepolisian,
D0078,Jadi,
D0078,anggota,
D0078,yang,
D0078,berjaga,
D0078,di,
D0078,luar,
D0078,TKP,
D0078,itu,
D0078,langsung,
D0078,masuk,
D0078,ke,
D0078,dalam,
D0078,dan,
D0078,menutup,
D0078,pintu,
D0078,Di,
D0078,situlah,
D0078,kendaraan,
D0078,yang,
D0078,digunakan,
D0078,anggota,
D0078,tidak,
D0078,ada,
D0078,yang,
D0078,jaga,
D0078,dan,
D0078,mereka,
D0078,merusak,
D0078,Ada,
D0078,dua,
D0078,kendaraan,
D0078,pribadi,
D0078,dan,
D0078,dua,
D0078,kendaraan,
D0078,dinas,
D0078,yang,
D0078,dirusak,
D0078,nah,
D0078,kendaraan,
D0078,pribadi,
D0078,yang,
D0078,dibakar,
D0078,jelasnya,
D0078,Saat,
D0078,itu,
D0078,tak,
D0078,ada,
D0078,anggota,
D0078,yang,
D0078,jaga,
D0078,motor,
D0078,semuanya,
D0078,di,
D0078,dalam,
D0078,bertahan,
D0078,di,
D0078,balik,
D0078,pintu,
D0078,besi,
D0078,dilempari,
D0078,dipukul,
D0078,Kemudian,
D0078,dipaksa,
D0078,untuk,
D0078,melepaskan,
D0078,dua,
D0078,tersangka,
D0078,tersebut,
D0078,atas,
D0078,nama,
D0078,I,
D0078,Kemudian,
D0078,A,
D0078,yang,
D0078,berhasil,
D0078,kabur,
D0078,itu,
D0078,melakukan,
D0078,pembakaran,
D0078,itu,
D0078,ada,
D0078,videonya,
D0078,rekamannya,
D0078,ada,
D0078,beberapa,
D0078,yang,
D0078,membantu,
D0078,untuk,
D0078,menarik,
D0078,sepeda,
D0078,motornya,
D0078,supaya,
D0078,terbakar,
D0078,sambung,
D0078,Oloan,
D0078,Oloan,
D0078,menyebut,
D0078,ada,
D0078,tujuh,
D0078,terduga,
D0078,pelaku,
D0078,pembakaran,
D0078,yang,
D0078,awalnya,
D0078,diamankan,
D0078,oleh,
D0078,pihaknya,
D0078,Namun,
D0078,setelah,
D0078,diselidiki,
D0078,hanya,
D0078,empat,
D0078,orang,
D0078,terbukti,
D0078,terlibat,
D0078,sementara,
D0078,tiga,
D0078,orang,
D0078,lainnya,
D0078,ditahan,
D0078,karena,
D0078,positif,
D0078,menggunakan,
D0078,narkoba,
D0078,Saat,
D0078,ini,
D0078,kata,
D0078,Oloan,
D0078,ada,
D0078,satu,
D0078,pelaku,
D0078,penyerangan,
D0078,yang,
D0078,masih,
D0078,dalam,
D0078,pengejaran,
D0078,inisial,
D0078,A,
D0078,Empat,
D0078,pelaku,
D0078,penyerangan,
D0078,tiga,
D0078,pengguna,
D0078,narkoba,
D0078,yang,
D0078,diburu,
D0078,tinggal,
D0078,satu,
D0078,lagi,
D0078,ujarnya,
D0078,Selengkapnya,
D0078,di,
D0078,Halaman,
D0078,Berikutnya,
D0078,Oloan,
D0078,mengatakan,
D0078,bahwa,
D0078,sarang,
D0078,narkoba,
D0078,tersebut,
D0078,berada,
D0078,di,
D0078,salah,
D0078,satu,
D0078,ruko,
D0078,di,
D0078,Kelurahan,
D0078,Bagan,
D0078,Deli,
D0078,Kecamatan,
D0078,Medan,
D0078,Belawan,
D0078,Lalu,
D0078,di,
D0078,pintu,
D0078,besi,
D0078,ruko,
D0078,tersebut,
D0078,ada,
D0078,lubang,
D0078,sebagai,
D0078,media,
D0078,transaksi,
D0078,Ruko,
D0078,itu,
D0078,rumah,
D0078,satu,
D0078,petak,
D0078,cuman,
D0078,dikasih,
D0078,pintu,
D0078,besi,
D0078,ruko,
D0078,petak,
D0078,itu,
D0078,ada,
D0078,lobangnya,
D0078,lubang,
D0078,angin,
D0078,transaksi,
D0078,dari,
D0078,situ,
D0078,Kaya,
D0078,pintu,
D0078,biasa,
D0078,kaya,
D0078,lubang,
D0078,angin,
D0078,aja,
D0078,ada,
D0078,dua,
D0078,lubang,
D0078,kata,
D0078,Oloan,
D0078,Oloan,
D0078,menyebut,
D0078,ruko,
D0078,itu,
D0078,sudah,
D0078,beroperasi,
D0078,sekitar,
D0078,satu,
D0078,tahun,
D0078,Mantan,
D0078,Kapolres,
D0078,Pakpak,
D0078,Bharat,
D0078,itu,
D0078,menyebut,
D0078,setiap,
D0078,orang,
D0078,yang,
D0078,hendak,
D0078,membeli,
D0078,narkoba,
D0078,di,
D0078,tempat,
D0078,itu,
D0078,akan,
D0078,terlebih,
D0078,dahulu,
D0078,diidentifikasi,
D0078,oleh,
D0078,para,
D0078,pelaku,
D0078,Dari,
D0078,hasil,
D0078,pendalaman,
D0078,kami,
D0078,kurang,
D0078,lebih,
D0078,setahun,
D0078,beroperasi,
D0078,mereka,
D0078,pintar,
D0078,mengelabui,
D0078,ruko,
D0078,itu,
D0078,seperti,
D0078,ada,
D0078,lubang,
D0078,kecil,
D0078,siapa,
D0078,yang,
D0078,mau,
D0078,beli,
D0078,lewat,
D0078,lubang,
D0078,menyampaikan,
D0078,uang,
D0078,diberikan,
D0078,barang,
D0078,diberikan,
D0078,jelasnya,
D0078,Perwira,
D0078,menengah,
D0078,Polri,
D0078,itu,
D0078,menyampaikan,
D0078,bahwa,
D0078,dalam,
D0078,sehari,
D0078,dapat,
D0078,menjual,
D0078,hingga,
D0078,20,
D0078,gram,
D0078,sabusabu,
D0078,Para,
D0078,pelaku,
D0078,menyiapkan,
D0078,paket,
D0078,hemat,
D0078,dengan,
D0078,harga,
D0078,Rp,
D0078,20,
D0078,ribuRp,
D0078,50,
D0078,ribu,
D0078,Sebelumnya,
D0078,diberitakan,
D0078,penyerangan,
D0078,terjadi,
D0078,saat,
D0078,polisi,
D0078,melakukan,
D0078,penggerebekan,
D0078,di,
D0078,Kelurahan,
D0078,Bagan,
D0078,Deli,
D0078,Kecamatan,
D0078,Medan,
D0078,Belawan,
D0078,Rabu,
D0078,94,
D0078,sekira,
D0078,pukul,
D0078,1930,
D0078,WIB,
D0078,Awalnya,
D0078,petugas,
D0078,kepolisian,
D0078,menangkap,
D0078,lima,
D0078,orang,
D0078,pelaku,
D0078,Namun,
D0078,dua,
D0078,di,
D0078,antaranya,
D0078,terpaksa,
D0078,dilepas,
D0078,usai,
D0078,petugas,
D0078,diserang,
D0078,sekelompok,
D0078,OTK,
D0078,Lalu,
D0078,pada,
D0078,Jumat,
D0078,114,
D0078,petugas,
D0078,menangkap,
D0078,tujuh,
D0078,orang,
D0078,Kemudian,
D0078,pada,
D0078,Minggu,
D0078,134,
D0078,petugas,
D0078,kepolisian,
D0078,menangkap,
D0078,pelaku,
D0078,I,
D0078,yang,
D0078,sempat,
D0078,dilepaskan,
D0079,Seorang,
D0079,pria,
D0079,warga,
D0079,Kelurahan,
D0079,Sei,
D0079,Berombang,
D0079,Kecamatan,
D0079,Panai,
D0079,Hilir,
D0079,Kabupaten,
D0079,Labuhanbatu,
D0079,Sumatera,
D0079,Utara,
D0079,H,
D0079,25,
D0079,dirampok,
D0079,dua,
D0079,pria,
D0079,saat,
D0079,sedang,
D0079,membuang,
D0079,sampah,
D0079,Akibatnya,
D0079,korban,
D0079,kehilangan,
D0079,hp,
D0079,dan,
D0079,uang,
D0079,Rp,
D0079,22,
D0079,juta,
D0079,Kasi,
D0079,Humas,
D0079,Polres,
D0079,Labuhanbatu,
D0079,Kompol,
D0079,Syafrudin,
D0079,mengatakan,
D0079,peristiwa,
D0079,itu,
D0079,terjadi,
D0079,Senin,
D0079,742025,
D0079,sekira,
D0079,pukul,
D0079,0005,
D0079,WIB,
D0079,Saat,
D0079,ini,
D0079,satu,
D0079,dari,
D0079,dua,
D0079,pelaku,
D0079,telah,
D0079,ditangkap,
D0079,Saat,
D0079,itu,
D0079,korban,
D0079,tengah,
D0079,membuang,
D0079,sampah,
D0079,di,
D0079,sekitar,
D0079,jembatan,
D0079,di,
D0079,kawasan,
D0079,tersebut,
D0079,Tanpa,
D0079,diduga,
D0079,seorang,
D0079,pria,
D0079,tak,
D0079,dikenal,
D0079,mendekatinya,
D0079,dan,
D0079,langsung,
D0079,berusaha,
D0079,merampas,
D0079,tas,
D0079,selempang,
D0079,milik,
D0079,korban,
D0079,kata,
D0079,Syafrudin,
D0079,Minggu,
D0079,134,
D0079,SCROLL,
D0079,TO,
D0079,CONTINUE,
D0079,WITH,
D0079,CONTENT,
D0079,Syafrudin,
D0079,menyebut,
D0079,korban,
D0079,sempat,
D0079,berupaya,
D0079,mempertahankan,
D0079,tasnya,
D0079,tetapi,
D0079,gagal,
D0079,Para,
D0079,pelaku,
D0079,yang,
D0079,berjumlah,
D0079,dua,
D0079,orang,
D0079,membuat,
D0079,korban,
D0079,tak,
D0079,kuasa,
D0079,melawannya,
D0079,Dia,
D0079,menyebut,
D0079,di,
D0079,dalam,
D0079,tas,
D0079,tersebut,
D0079,ada,
D0079,hp,
D0079,dan,
D0079,uang,
D0079,sekitar,
D0079,Rp,
D0079,22,
D0079,juta,
D0079,Setelah,
D0079,merampok,
D0079,korban,
D0079,para,
D0079,pelaku,
D0079,pergi,
D0079,melarikan,
D0079,diri,
D0079,Pelaku,
D0079,berhasil,
D0079,merebut,
D0079,tas,
D0079,yang,
D0079,berisi,
D0079,uang,
D0079,tunai,
D0079,Rp,
D0079,22,
D0079,juta,
D0079,dan,
D0079,satu,
D0079,unit,
D0079,handphone,
D0079,Vivo,
D0079,Y12,
D0079,warna,
D0079,merah,
D0079,Setelah,
D0079,berhasil,
D0079,membawa,
D0079,tas,
D0079,tersebut,
D0079,pelaku,
D0079,langsung,
D0079,kabur,
D0079,menuju,
D0079,arah,
D0079,Lingkungan,
D0079,VI,
D0079,Sei,
D0079,Berombang,
D0079,ujarnya,
D0079,Lalu,
D0079,korban,
D0079,pulang,
D0079,ke,
D0079,rumahnya,
D0079,dan,
D0079,meminta,
D0079,bantuan,
D0079,sepupunya,
D0079,untuk,
D0079,mencari,
D0079,para,
D0079,pelaku,
D0079,Setelah,
D0079,menyisir,
D0079,di,
D0079,sekitaran,
D0079,lokasi,
D0079,korban,
D0079,tak,
D0079,kunjung,
D0079,menemukan,
D0079,para,
D0079,pencuri,
D0079,yang,
D0079,tidak,
D0079,dikenalnya,
D0079,itu,
D0079,Alhasil,
D0079,korban,
D0079,melaporkan,
D0079,peristiwa,
D0079,itu,
D0079,ke,
D0079,Polsek,
D0079,Panai,
D0079,Hilir,
D0079,Pihak,
D0079,kepolisian,
D0079,pun,
D0079,menyelidiki,
D0079,kasus,
D0079,tersebut,
D0079,dan,
D0079,menangkap,
D0079,seorang,
D0079,pelaku,
D0079,inisial,
D0079,BC,
D0079,26,
D0079,di,
D0079,Desa,
D0079,Sei,
D0079,Sakat,
D0079,Kecamatan,
D0079,Panai,
D0079,Hilir,
D0079,Jumat,
D0079,114,
D0079,Tim,
D0079,berhasil,
D0079,mengamankan,
D0079,seorang,
D0079,pria,
D0079,berinisial,
D0079,BC,
D0079,warga,
D0079,Dusun,
D0079,VII,
D0079,Sei,
D0079,Berombang,
D0079,Dalam,
D0079,pemeriksaan,
D0079,awal,
D0079,pelaku,
D0079,mengakui,
D0079,perbuatannya,
D0079,jelasnya,
D0079,Berdasarkan,
D0079,pengakuan,
D0079,pelaku,
D0079,aksi,
D0079,tersebut,
D0079,dilakukannya,
D0079,bersama,
D0079,seorang,
D0079,temannya,
D0079,inisial,
D0079,H,
D0079,Saat,
D0079,ini,
D0079,petugas,
D0079,kepolisian,
D0079,tengah,
D0079,memburu,
D0079,pelaku,
D0079,H,
D0079,Usai,
D0079,ditangkap,
D0079,pelaku,
D0079,diboyong,
D0079,ke,
D0079,polsek,
D0079,untuk,
D0079,proses,
D0079,pemeriksaan,
D0079,lebih,
D0079,lanjut,
D0079,Saat,
D0079,ini,
D0079,pelaku,
D0079,telah,
D0079,diamankan,
D0079,di,
D0079,Polsek,
D0079,Panai,
D0079,Hilir,
D0079,dan,
D0079,masih,
D0079,menjalani,
D0079,pemeriksaan,
D0079,lebih,
D0079,lanjut,
D0079,Sementara,
D0079,itu,
D0079,tim,
D0079,masih,
D0079,melakukan,
D0079,pengejaran,
D0079,terhadap,
D0079,pelaku,
D0079,lainnya,
D0079,pungkasnya,
D0080,Berbagai,
D0080,peristiwa,
D0080,dan,
D0080,kasus,
D0080,kriminal,
D0080,terjadi,
D0080,di,
D0080,wilayah,
D0080,Sumatera,
D0080,Utara,
D0080,Sumut,
D0080,dalam,
D0080,sepekan,
D0080,terakhir,
D0080,Misalnya,
D0080,soal,
D0080,sekretaris,
D0080,desa,
D0080,sekdes,
D0080,yang,
D0080,membakar,
D0080,pacarnya,
D0080,karena,
D0080,cemburu,
D0080,dan,
D0080,mayat,
D0080,membusuk,
D0080,di,
D0080,sumur,
D0080,ternyata,
D0080,dibunuh,
D0080,oleh,
D0080,pacarnya,
D0080,Kasuskasus,
D0080,tersebut,
D0080,cukup,
D0080,menarik,
D0080,perhatian,
D0080,masyarakat,
D0080,Berikut,
D0080,detikSumut,
D0080,rangkum,
D0080,beberapa,
D0080,peristiwa,
D0080,dan,
D0080,kasus,
D0080,menarik,
D0080,yang,
D0080,terjadi,
D0080,di,
D0080,Sumut,
D0080,1,
D0080,Sekdes,
D0080,Bakar,
D0080,Pacar,
D0080,Pakai,
D0080,Bensin,
D0080,gegara,
D0080,Cemburu,
D0080,SCROLL,
D0080,TO,
D0080,CONTINUE,
D0080,WITH,
D0080,CONTENT,
D0080,Seorang,
D0080,pria,
D0080,yang,
D0080,berprofesi,
D0080,sebagai,
D0080,sekretaris,
D0080,desa,
D0080,sekdes,
D0080,di,
D0080,Kota,
D0080,Padangsidimpuan,
D0080,JS,
D0080,46,
D0080,membakar,
D0080,pacarnya,
D0080,DSR,
D0080,27,
D0080,Hal,
D0080,itu,
D0080,dipicu,
D0080,karena,
D0080,JS,
D0080,cemburu,
D0080,usai,
D0080,menduga,
D0080,korban,
D0080,mempunyai,
D0080,pacar,
D0080,lain,
D0080,Terlapor,
D0080,Sekdes,
D0080,Ujung,
D0080,Gurap,
D0080,Modusnya,
D0080,ini,
D0080,ada,
D0080,kecemburuan,
D0080,terhadap,
D0080,pacarnya,
D0080,yang,
D0080,pacaran,
D0080,lagi,
D0080,kata,
D0080,Kasat,
D0080,Reskrim,
D0080,Polres,
D0080,Padangsidimpuan,
D0080,AKP,
D0080,Hasiholan,
D0080,Naibaho,
D0080,Rabu,
D0080,942025,
D0080,Hasiholan,
D0080,mengatakan,
D0080,peristiwa,
D0080,itu,
D0080,terjadi,
D0080,Jalan,
D0080,Baru,
D0080,Kecamatan,
D0080,Padangsidimpuan,
D0080,Batunadua,
D0080,Senin,
D0080,74,
D0080,sekira,
D0080,pukul,
D0080,2300,
D0080,WIB,
D0080,Pelaku,
D0080,awalnya,
D0080,menjemput,
D0080,korban,
D0080,ke,
D0080,rumahnya,
D0080,untuk,
D0080,membuka,
D0080,warung,
D0080,milik,
D0080,korban,
D0080,Setibanya,
D0080,di,
D0080,warung,
D0080,itu,
D0080,korban,
D0080,dan,
D0080,pelaku,
D0080,terlibat,
D0080,cekcok,
D0080,Pertikaian,
D0080,itu,
D0080,dipicu,
D0080,karena,
D0080,pelaku,
D0080,menduga,
D0080,korban,
D0080,memiliki,
D0080,pacar,
D0080,baru,
D0080,Namun,
D0080,saat,
D0080,itu,
D0080,korban,
D0080,terus,
D0080,membantah,
D0080,hal,
D0080,tersebut,
D0080,Pelaku,
D0080,pun,
D0080,terus,
D0080,marah,
D0080,sedangkan,
D0080,korban,
D0080,tetap,
D0080,diam,
D0080,Lalu,
D0080,korban,
D0080,pergi,
D0080,ke,
D0080,kamar,
D0080,mandi,
D0080,Usai,
D0080,keluar,
D0080,dari,
D0080,kamar,
D0080,mandui,
D0080,pelaku,
D0080,langsung,
D0080,menyiramkan,
D0080,bensin,
D0080,dalam,
D0080,botol,
D0080,plastik,
D0080,ke,
D0080,korban,
D0080,Kemudian,
D0080,pelaku,
D0080,menyulut,
D0080,korban,
D0080,menggunakan,
D0080,api,
D0080,hingga,
D0080,tubuhnya,
D0080,terbakar,
D0080,Setelah,
D0080,membakar,
D0080,pacarnya,
D0080,pelaku,
D0080,menyiramkan,
D0080,bensin,
D0080,ke,
D0080,tubuhnya,
D0080,Nahasnya,
D0080,api,
D0080,yang,
D0080,membakar,
D0080,tubuh,
D0080,korban,
D0080,juga,
D0080,mengenai,
D0080,tubuh,
D0080,pelaku,
D0080,Setelah,
D0080,itu,
D0080,pelaku,
D0080,memadamkan,
D0080,api,
D0080,yang,
D0080,menyulut,
D0080,tubuhnya,
D0080,dan,
D0080,pacarnya,
D0080,lalu,
D0080,membawanya,
D0080,ke,
D0080,rumah,
D0080,sakit,
D0080,Akibat,
D0080,kejadian,
D0080,tersebut,
D0080,korban,
D0080,dan,
D0080,terlapor,
D0080,mengalami,
D0080,luka,
D0080,bakar,
D0080,mulai,
D0080,dari,
D0080,leher,
D0080,dada,
D0080,punggung,
D0080,dan,
D0080,kaki,
D0080,Mungkin,
D0080,dia,
D0080,cinta,
D0080,mati,
D0080,makanya,
D0080,nyiram,
D0080,diri,
D0080,sendiri,
D0080,karena,
D0080,cemburu,
D0080,dia,
D0080,pun,
D0080,disiramnya,
D0080,juga,
D0080,ke,
D0080,badannya,
D0080,dikiranya,
D0080,nggak,
D0080,terbakar,
D0080,karena,
D0080,dekat,
D0080,dengan,
D0080,api,
D0080,perempuan,
D0080,itu,
D0080,dia,
D0080,kena,
D0080,tapi,
D0080,pada,
D0080,saat,
D0080,itu,
D0080,langsung,
D0080,padam,
D0080,dia,
D0080,juga,
D0080,yang,
D0080,bawa,
D0080,ke,
D0080,rumah,
D0080,sakit,
D0080,jelasnya,
D0080,2,
D0080,Pemuda,
D0080,Bakar,
D0080,Rumah,
D0080,Ortu,
D0080,Pria,
D0080,bernama,
D0080,Pajar,
D0080,Sodik,
D0080,19,
D0080,diduga,
D0080,membakar,
D0080,rumah,
D0080,orangtuanya,
D0080,di,
D0080,Kabupaten,
D0080,Mandailing,
D0080,Natal,
D0080,Madina,
D0080,karena,
D0080,tak,
D0080,dikasih,
D0080,uang,
D0080,Sebelum,
D0080,kejadian,
D0080,itu,
D0080,Pajar,
D0080,memang,
D0080,kerap,
D0080,terlibat,
D0080,cekcok,
D0080,dengan,
D0080,ibunya,
D0080,karena,
D0080,tak,
D0080,dikasih,
D0080,uang,
D0080,untuk,
D0080,membeli,
D0080,ganja,
D0080,Terduga,
D0080,pelaku,
D0080,sering,
D0080,terlibat,
D0080,pertengkaran,
D0080,karena,
D0080,dia,
D0080,kesehariannya,
D0080,sering,
D0080,meminta,
D0080,uang,
D0080,kepada,
D0080,ibunya,
D0080,untuk,
D0080,membeli,
D0080,ganja,
D0080,kata,
D0080,Plh,
D0080,Kasi,
D0080,Humas,
D0080,Polres,
D0080,Madina,
D0080,Ipda,
D0080,Bagus,
D0080,Seto,
D0080,Selasa,
D0080,84,
D0080,Bagus,
D0080,menyebut,
D0080,bahwa,
D0080,sebelum,
D0080,kebakaran,
D0080,itu,
D0080,Pajar,
D0080,juga,
D0080,cekcok,
D0080,dengan,
D0080,ibunya,
D0080,Aisah,
D0080,pada,
D0080,Minggu,
D0080,64,
D0080,di,
D0080,rumah,
D0080,mereka,
D0080,di,
D0080,Desa,
D0080,Panyabungan,
D0080,Jae,
D0080,Kecamatan,
D0080,Panyabungan,
D0080,Sebab,
D0080,Pajar,
D0080,meminta,
D0080,sejumlah,
D0080,uang,
D0080,kepada,
D0080,ibunya,
D0080,Namun,
D0080,saat,
D0080,itu,
D0080,Aisah,
D0080,tidak,
D0080,memberikan,
D0080,uang,
D0080,yang,
D0080,diminta,
D0080,Pajar,
D0080,itu,
D0080,Akibatnya,
D0080,terduga,
D0080,pelaku,
D0080,emosi,
D0080,dan,
D0080,merusak,
D0080,perabotan,
D0080,yang,
D0080,ada,
D0080,di,
D0080,rumahnya,
D0080,Untuk,
D0080,menghindari,
D0080,keributan,
D0080,Aisah,
D0080,pun,
D0080,pergi,
D0080,keluar,
D0080,rumah,
D0080,Lalu,
D0080,sekira,
D0080,pukul,
D0080,1200,
D0080,WIB,
D0080,rumah,
D0080,miliknya,
D0080,terbakar,
D0080,Kebakaran,
D0080,itu,
D0080,pertama,
D0080,kali,
D0080,diketahui,
D0080,oleh,
D0080,warga,
D0080,yang,
D0080,mencium,
D0080,adanya,
D0080,bau,
D0080,terbakar,
D0080,Saat,
D0080,ini,
D0080,Pajar,
D0080,telah,
D0080,diamankan,
D0080,di,
D0080,Polsek,
D0080,Panyabungan,
D0080,untuk,
D0080,menghindari,
D0080,amukan,
D0080,massa,
D0080,3,
D0080,Polisi,
D0080,Tewas,
D0080,Usai,
D0080,saat,
D0080,Cari,
D0080,Cacing,
D0080,di,
D0080,Sungai,
D0080,Seorang,
D0080,personel,
D0080,polisi,
D0080,bernama,
D0080,Bripka,
D0080,Adil,
D0080,Tambunan,
D0080,hilang,
D0080,saat,
D0080,tengah,
D0080,mencari,
D0080,cacing,
D0080,di,
D0080,Sungai,
D0080,Padang,
D0080,Kota,
D0080,Tebing,
D0080,Tinggi,
D0080,Setelah,
D0080,dicari,
D0080,Bripka,
D0080,Adil,
D0080,ditemukan,
D0080,dalam,
D0080,keadaan,
D0080,meninggal,
D0080,dunia,
D0080,Bripka,
D0080,Adil,
D0080,merupakan,
D0080,personel,
D0080,polisi,
D0080,yang,
D0080,bertugas,
D0080,di,
D0080,Polsek,
D0080,Padang,
D0080,Hilir,
D0080,Polres,
D0080,Tebing,
D0080,Tinggi,
D0080,Bripka,
D0080,Adil,
D0080,Tampubolon,
D0080,ditemukan,
D0080,dalam,
D0080,keadaan,
D0080,sudah,
D0080,meninggal,
D0080,dunia,
D0080,kata,
D0080,Kasi,
D0080,Humas,
D0080,Polres,
D0080,Tebing,
D0080,Tinggi,
D0080,AKP,
D0080,Mulyono,
D0080,saat,
D0080,dikonfirmasi,
D0080,detikSumut,
D0080,Selasa,
D0080,84,
D0080,Dia,
D0080,menyebut,
D0080,peristiwa,
D0080,itu,
D0080,terjadi,
D0080,di,
D0080,Sungai,
D0080,Padang,
D0080,tepatnya,
D0080,di,
D0080,Jalan,
D0080,Prof,
D0080,HM,
D0080,Yamin,
D0080,Lingkungan,
D0080,II,
D0080,Kecamatan,
D0080,Padang,
D0080,Hilir,
D0080,Senin,
D0080,74,
D0080,sekira,
D0080,pukul,
D0080,0830,
D0080,WIB,
D0080,Saat,
D0080,kejadian,
D0080,korban,
D0080,tengah,
D0080,mencari,
D0080,cacing,
D0080,Usai,
D0080,dicari,
D0080,jasad,
D0080,kroban,
D0080,ditemukan,
D0080,pada,
D0080,Selasa,
D0080,pagi,
D0080,di,
D0080,Desa,
D0080,Kuta,
D0080,Baru,
D0080,Kecamatan,
D0080,Tebing,
D0080,Tinggi,
D0080,Kabupaten,
D0080,Serdang,
D0080,Bedagai,
D0080,Sergai,
D0080,4,
D0080,Buat,
D0080,Laporan,
D0080,Palsu,
D0080,Demi,
D0080,Bisa,
D0080,Bayar,
D0080,Pinjol,
D0080,Seorang,
D0080,pria,
D0080,bernama,
D0080,Boy,
D0080,Sandi,
D0080,26,
D0080,membuat,
D0080,laporan,
D0080,palsu,
D0080,ke,
D0080,Polsek,
D0080,Binjai,
D0080,dengan,
D0080,mengaku,
D0080,sebagai,
D0080,korban,
D0080,begal,
D0080,dan,
D0080,kehilangan,
D0080,sepeda,
D0080,motor,
D0080,Setelah,
D0080,diselidiki,
D0080,motor,
D0080,itu,
D0080,ternyata,
D0080,dijualnya,
D0080,untuk,
D0080,membayar,
D0080,utang,
D0080,pinjaman,
D0080,online,
D0080,pinjol,
D0080,Kasat,
D0080,Reskrim,
D0080,Polres,
D0080,Binjai,
D0080,Iptu,
D0080,Rino,
D0080,Heriyanto,
D0080,mengatakan,
D0080,awalnya,
D0080,Boy,
D0080,datang,
D0080,ke,
D0080,Polsek,
D0080,Binjai,
D0080,bersama,
D0080,orangtuanya,
D0080,pada,
D0080,Minggu,
D0080,64,
D0080,pagi,
D0080,Saat,
D0080,itu,
D0080,Boy,
D0080,mengaku,
D0080,dibegal,
D0080,di,
D0080,Jalan,
D0080,Tandem,
D0080,HilirBulu,
D0080,Cina,
D0080,Dusun,
D0080,8,
D0080,Desa,
D0080,Tandem,
D0080,Hilir,
D0080,I,
D0080,Kecamatan,
D0080,Hamparan,
D0080,Perak,
D0080,Kabupaten,
D0080,Deli,
D0080,Serdang,
D0080,Sabtu,
D0080,54,
D0080,sekira,
D0080,pukul,
D0080,2320,
D0080,WIB,
D0080,Boy,
D0080,mengaku,
D0080,sepeda,
D0080,motor,
D0080,Honda,
D0080,CBRnya,
D0080,turut,
D0080,dirampas,
D0080,Boy,
D0080,mengaku,
D0080,terjadi,
D0080,begal,
D0080,terhadap,
D0080,dirinya,
D0080,pada,
D0080,saat,
D0080,dia,
D0080,pulang,
D0080,dari,
D0080,Binjai,
D0080,Sesampainya,
D0080,di,
D0080,TKP,
D0080,datang,
D0080,dari,
D0080,arah,
D0080,belakang,
D0080,tiga,
D0080,sepeda,
D0080,motor,
D0080,memepet,
D0080,dan,
D0080,membuat,
D0080,dia,
D0080,langsung,
D0080,berhenti,
D0080,kata,
D0080,Rino,
D0080,Selasa,
D0080,84,
D0080,Boy,
D0080,menyebut,
D0080,orangorang,
D0080,tersebut,
D0080,mengambil,
D0080,dompet,
D0080,dan,
D0080,motornya,
D0080,Pihak,
D0080,kepolisian,
D0080,pun,
D0080,melakukan,
D0080,konseling,
D0080,terkait,
D0080,laporan,
D0080,Boy,
D0080,tersebut,
D0080,Namun,
D0080,saat,
D0080,konseling,
D0080,ditemukan,
D0080,banyak,
D0080,kejanggalan,
D0080,dari,
D0080,keterangan,
D0080,Boy,
D0080,Lalu,
D0080,petugas,
D0080,pun,
D0080,mengecek,
D0080,ke,
D0080,TKP,
D0080,Lalu,
D0080,petugas,
D0080,kembali,
D0080,curiga,
D0080,karena,
D0080,reka,
D0080,ulang,
D0080,yang,
D0080,diperagakan,
D0080,Boy,
D0080,banyak,
D0080,kejanggalan,
D0080,Petugas,
D0080,sempat,
D0080,menanyakan,
D0080,soal,
D0080,kejanggalankejanggalan,
D0080,itu,
D0080,kepada,
D0080,Boy,
D0080,tetapi,
D0080,dia,
D0080,tetap,
D0080,bersikeras,
D0080,menjadi,
D0080,korban,
D0080,begal,
D0080,Kemudian,
D0080,petugas,
D0080,melakukan,
D0080,pendalaman,
D0080,dan,
D0080,menemukan,
D0080,transaksi,
D0080,pembayaran,
D0080,tunggakan,
D0080,sepeda,
D0080,motor,
D0080,Nmax,
D0080,ke,
D0080,leasing,
D0080,BAF,
D0080,sebesar,
D0080,Rp,
D0080,1969000,
D0080,Transaksi,
D0080,pembayaran,
D0080,tersebut,
D0080,dilakukan,
D0080,pada,
D0080,Sabtu,
D0080,54,
D0080,sekira,
D0080,pukul,
D0080,2130,
D0080,WIB,
D0080,Usai,
D0080,mendapatkan,
D0080,bukti,
D0080,tersebut,
D0080,Boy,
D0080,tidak,
D0080,lagi,
D0080,bisa,
D0080,mengelak,
D0080,Pada,
D0080,akhirnya,
D0080,dia,
D0080,mengakui,
D0080,bahwa,
D0080,pembegalan,
D0080,tersebut,
D0080,tidak,
D0080,ada,
D0080,Dari,
D0080,hasil,
D0080,pemeriksaan,
D0080,kata,
D0080,Rino,
D0080,motor,
D0080,tersebut,
D0080,telah,
D0080,dijual,
D0080,Boy,
D0080,lewat,
D0080,marketplace,
D0080,Lalu,
D0080,Boy,
D0080,bertemu,
D0080,pembelinya,
D0080,di,
D0080,Warkop,
D0080,Cakra,
D0080,depan,
D0080,Toko,
D0080,Mahkota,
D0080,Binjai,
D0080,pada,
D0080,Sabtu,
D0080,sekira,
D0080,pukul,
D0080,2030,
D0080,WIB,
D0080,Motor,
D0080,itu,
D0080,dijual,
D0080,seharga,
D0080,Rp,
D0080,87,
D0080,juta,
D0080,Sepeda,
D0080,motor,
D0080,tersebut,
D0080,dijual,
D0080,dengan,
D0080,Harga,
D0080,Rp,
D0080,87,
D0080,juta,
D0080,Uang,
D0080,hasil,
D0080,penjualan,
D0080,sepeda,
D0080,motor,
D0080,tersebut,
D0080,digunakannya,
D0080,untuk,
D0080,membayar,
D0080,leasing,
D0080,sepeda,
D0080,motor,
D0080,Nmax,
D0080,sebesar,
D0080,Rp,
D0080,1969000,
D0080,sisanya,
D0080,untuk,
D0080,bayar,
D0080,pinjol,
D0080,sebutnya,
D0080,Baca,
D0080,selengkapnya,
D0080,di,
D0080,halaman,
D0080,berikut,
D0080,5,
D0080,Camat,
D0080,Digerebek,
D0080,Polisi,
D0080,Usai,
D0080,Pesta,
D0080,Sabu,
D0080,Polisi,
D0080,menangkap,
D0080,Plt,
D0080,Camat,
D0080,Nibung,
D0080,Hangus,
D0080,Kabupaten,
D0080,Batu,
D0080,Bara,
D0080,inisial,
D0080,AP,
D0080,usai,
D0080,berpesta,
D0080,sabusabu,
D0080,di,
D0080,salah,
D0080,satu,
D0080,rumah,
D0080,di,
D0080,Kabupaten,
D0080,Asahan,
D0080,Selain,
D0080,AP,
D0080,ada,
D0080,dua,
D0080,orang,
D0080,lainnya,
D0080,yang,
D0080,turut,
D0080,ditangkap,
D0080,Benar,
D0080,memang,
D0080,Satresnarkoba,
D0080,Polres,
D0080,Asahan,
D0080,ada,
D0080,mengamankan,
D0080,tiga,
D0080,orang,
D0080,diduga,
D0080,pengguna,
D0080,narkotika,
D0080,berdasarkan,
D0080,informasi,
D0080,masyarakat,
D0080,AP,
D0080,ini,
D0080,mengaku,
D0080,sebagai,
D0080,Plt,
D0080,camat,
D0080,di,
D0080,Kabupaten,
D0080,Batu,
D0080,Bara,
D0080,Iya,
D0080,Plt,
D0080,Camat,
D0080,Nibung,
D0080,Hangus,
D0080,kata,
D0080,Kasat,
D0080,Narkoba,
D0080,Polres,
D0080,Asahan,
D0080,AKP,
D0080,Mulyoto,
D0080,saat,
D0080,dikonfirmasi,
D0080,detikSumut,
D0080,Rabu,
D0080,94,
D0080,Mulyoto,
D0080,menyebut,
D0080,ketiganya,
D0080,ditangkap,
D0080,di,
D0080,salah,
D0080,satu,
D0080,rumah,
D0080,di,
D0080,Jalan,
D0080,Bakti,
D0080,Lingkungan,
D0080,9,
D0080,Kecamatan,
D0080,Kisaran,
D0080,Timur,
D0080,Sabtu,
D0080,54,
D0080,Saat,
D0080,itu,
D0080,ketiganya,
D0080,baru,
D0080,selesai,
D0080,mengonsumsi,
D0080,sabusabu,
D0080,Adapun,
D0080,dua,
D0080,pelaku,
D0080,lainnya,
D0080,adalah,
D0080,HP,
D0080,dan,
D0080,S,
D0080,Perwira,
D0080,pertama,
D0080,polri,
D0080,itu,
D0080,menyebut,
D0080,tidak,
D0080,ada,
D0080,barang,
D0080,bukti,
D0080,narkoba,
D0080,yang,
D0080,ditemukan,
D0080,saat,
D0080,penggerebekan,
D0080,itu,
D0080,karena,
D0080,telah,
D0080,habis,
D0080,dikonsumsi,
D0080,para,
D0080,pelaku,
D0080,Berdasarkan,
D0080,hasil,
D0080,tes,
D0080,urine,
D0080,ketiganya,
D0080,positif,
D0080,narkoba,
D0080,Alhasil,
D0080,setelah,
D0080,diamankan,
D0080,ketiganya,
D0080,diserahkan,
D0080,ke,
D0080,panti,
D0080,rehab,
D0080,untuk,
D0080,direhabilitasi,
D0080,6,
D0080,Mayat,
D0080,Membusuk,
D0080,di,
D0080,Sumur,
D0080,Ternyata,
D0080,Dibunuh,
D0080,Pacar,
D0080,Mayat,
D0080,wanita,
D0080,yang,
D0080,ditemukan,
D0080,membusuk,
D0080,dan,
D0080,telah,
D0080,menjadi,
D0080,tulang,
D0080,belulang,
D0080,di,
D0080,Sumur,
D0080,di,
D0080,Deli,
D0080,Serdang,
D0080,ternyata,
D0080,dibunuh,
D0080,pacarnya,
D0080,Freddi,
D0080,Erikson,
D0080,Sagala,
D0080,35,
D0080,Motif,
D0080,pembunuhan,
D0080,itu,
D0080,karena,
D0080,faktor,
D0080,kecemburuan,
D0080,Setelah,
D0080,diidentifikasi,
D0080,melalui,
D0080,tes,
D0080,DNA,
D0080,korban,
D0080,bernama,
D0080,Santi,
D0080,Mataniari,
D0080,33,
D0080,Motifnya,
D0080,cemburu,
D0080,karena,
D0080,cinta,
D0080,korban,
D0080,ini,
D0080,kan,
D0080,karyawan,
D0080,di,
D0080,satu,
D0080,tempat,
D0080,diduga,
D0080,ada,
D0080,orang,
D0080,ketiga,
D0080,kata,
D0080,Kapolrestabes,
D0080,Medan,
D0080,Kombes,
D0080,Gidion,
D0080,Arif,
D0080,Setyawan,
D0080,saat,
D0080,konferensi,
D0080,pers,
D0080,di,
D0080,lokasi,
D0080,penemuan,
D0080,mayat,
D0080,korban,
D0080,di,
D0080,salah,
D0080,satu,
D0080,perumahan,
D0080,di,
D0080,Desa,
D0080,Tanjung,
D0080,Selamat,
D0080,Kecamatan,
D0080,Sunggal,
D0080,Rabu,
D0080,94,
D0080,Gidion,
D0080,menjelaskan,
D0080,bahwa,
D0080,pembunuhan,
D0080,itu,
D0080,terjadi,
D0080,di,
D0080,rumah,
D0080,tersebut,
D0080,Rabu,
D0080,30102024,
D0080,sekira,
D0080,pukul,
D0080,1930,
D0080,WIB,
D0080,Antara,
D0080,korban,
D0080,dan,
D0080,pelaku,
D0080,tinggal,
D0080,bersama,
D0080,di,
D0080,rumah,
D0080,tersebut,
D0080,sejak,
D0080,dua,
D0080,bulan,
D0080,sebelum,
D0080,pembunuhan,
D0080,itu,
D0080,Pada,
D0080,saat,
D0080,kejadian,
D0080,korban,
D0080,tengah,
D0080,mencuci,
D0080,pakaian,
D0080,di,
D0080,kamar,
D0080,mandi,
D0080,Lalu,
D0080,pelaku,
D0080,datang,
D0080,ke,
D0080,rumah,
D0080,dan,
D0080,terjadi,
D0080,cekcok,
D0080,antara,
D0080,keduanya,
D0080,Kemudian,
D0080,muncul,
D0080,niat,
D0080,pelaku,
D0080,untuk,
D0080,menghabisi,
D0080,nyawa,
D0080,korban,
D0080,saat,
D0080,itu,
D0080,Alhasil,
D0080,pelaku,
D0080,mendekati,
D0080,korban,
D0080,dan,
D0080,langsung,
D0080,memiting,
D0080,leher,
D0080,korban,
D0080,selama,
D0080,lima,
D0080,menit,
D0080,hingga,
D0080,korban,
D0080,tak,
D0080,sadarkan,
D0080,diri,
D0080,Lalu,
D0080,pelaku,
D0080,mengangkat,
D0080,tubuh,
D0080,korban,
D0080,dan,
D0080,membuangnya,
D0080,ke,
D0080,sumur,
D0080,yang,
D0080,berada,
D0080,di,
D0080,belakang,
D0080,rumah,
D0080,mereka,
D0080,Dua,
D0080,hari,
D0080,setelah,
D0080,membunuh,
D0080,korban,
D0080,pelaku,
D0080,melarikan,
D0080,diri,
D0080,Lalu,
D0080,jasad,
D0080,korban,
D0080,ditemukan,
D0080,oleh,
D0080,calon,
D0080,penghuni,
D0080,baru,
D0080,rumah,
D0080,tersebut,
D0080,pada,
D0080,31,
D0080,Desember,
D0080,2024,
D0080,Saat,
D0080,itu,
D0080,penghuni,
D0080,rumah,
D0080,tersebut,
D0080,hendak,
D0080,membersihkan,
D0080,sumur,
D0080,mereka,
D0080,menemukan,
D0080,rambut,
D0080,dan,
D0080,tulang,
D0080,belulang,
D0080,di,
D0080,sumur,
D0080,itu,
D0080,Lalu,
D0080,pihak,
D0080,rumah,
D0080,melaporkan,
D0080,soal,
D0080,penemuan,
D0080,itu,
D0080,ke,
D0080,Polsek,
D0080,Sunggal,
D0080,Pihak,
D0080,kepolisian,
D0080,pun,
D0080,menyelidiki,
D0080,penemuan,
D0080,itu,
D0080,dengan,
D0080,melakukan,
D0080,scientific,
D0080,crime,
D0080,investigation,
D0080,dan,
D0080,menangkap,
D0080,pelaku,
D0080,Freddi,
D0080,di,
D0080,Kota,
D0080,Medan,
D0080,pada,
D0080,Minggu,
D0080,64,
D0080,7,
D0080,Eks,
D0080,Ketua,
D0080,Ormas,
D0080,Bersenpi,
D0080,Begal,
D0080,Petani,
D0080,Hingga,
D0080,Terima,
D0080,25,
D0080,Jahitan,
D0080,Mantan,
D0080,Ketua,
D0080,Organiasisi,
D0080,Kemasyarakatan,
D0080,ormas,
D0080,di,
D0080,Kabupaten,
D0080,Serdang,
D0080,Bedagai,
D0080,Sergai,
D0080,Ilham,
D0080,Batubara,
D0080,58,
D0080,membegal,
D0080,seorang,
D0080,petani,
D0080,hingga,
D0080,harus,
D0080,mendapatkan,
D0080,jahitan,
D0080,sebanyak,
D0080,25,
D0080,jahitan,
D0080,Misnuriono,
D0080,58,
D0080,Saat,
D0080,beraksi,
D0080,pelaku,
D0080,membawa,
D0080,parang,
D0080,dan,
D0080,senjata,
D0080,api,
D0080,jenis,
D0080,FN,
D0080,Dirreskrimum,
D0080,Polda,
D0080,Sumut,
D0080,Kombes,
D0080,Sumaryono,
D0080,mengatakan,
D0080,peristiwa,
D0080,itu,
D0080,terjadi,
D0080,di,
D0080,Blok,
D0080,58,
D0080,Perkebunan,
D0080,PT,
D0080,Socfindo,
D0080,Bangun,
D0080,Bandar,
D0080,Desa,
D0080,Dolok,
D0080,Sagala,
D0080,Kecamatan,
D0080,Dolok,
D0080,Masihul,
D0080,Senin,
D0080,74,
D0080,sekira,
D0080,pukul,
D0080,2030,
D0080,WIB,
D0080,Saat,
D0080,kejadian,
D0080,korban,
D0080,hendak,
D0080,pulang,
D0080,ke,
D0080,rumahnya,
D0080,di,
D0080,Tebing,
D0080,Tinggi,
D0080,Kami,
D0080,dari,
D0080,Dirreskrimum,
D0080,Polda,
D0080,Sumut,
D0080,dan,
D0080,Polres,
D0080,Serdang,
D0080,Bedagai,
D0080,dalam,
D0080,melaksanakan,
D0080,pengungkapan,
D0080,kasus,
D0080,tindak,
D0080,pidana,
D0080,pencurian,
D0080,dengan,
D0080,kekerasan,
D0080,yang,
D0080,disertai,
D0080,senjata,
D0080,tajam,
D0080,dan,
D0080,senjata,
D0080,api,
D0080,kata,
D0080,Sumaryono,
D0080,saat,
D0080,konferensi,
D0080,pers,
D0080,di,
D0080,Polda,
D0080,Sumut,
D0080,Kamis,
D0080,104,
D0080,Sumaryono,
D0080,menyebut,
D0080,korban,
D0080,saat,
D0080,itu,
D0080,tengah,
D0080,mengendarai,
D0080,sepeda,
D0080,motor,
D0080,Honda,
D0080,Supra,
D0080,X,
D0080,miliknya,
D0080,Setibanya,
D0080,di,
D0080,lokasi,
D0080,kejadian,
D0080,korban,
D0080,diadang,
D0080,pelaku,
D0080,Pada,
D0080,saat,
D0080,yang,
D0080,bersamaan,
D0080,pelaku,
D0080,mengeluarkan,
D0080,parang,
D0080,dan,
D0080,membacok,
D0080,korban,
D0080,dengan,
D0080,tujuan,
D0080,untuk,
D0080,merebut,
D0080,motor,
D0080,korban,
D0080,Namun,
D0080,saat,
D0080,itu,
D0080,korban,
D0080,melakukan,
D0080,perlawanan,
D0080,sehingga,
D0080,terjadi,
D0080,pergumulan,
D0080,antara,
D0080,korban,
D0080,dan,
D0080,pelaku,
D0080,Pada,
D0080,saat,
D0080,kejadian,
D0080,tangan,
D0080,korban,
D0080,terluka,
D0080,saat,
D0080,berupaya,
D0080,merebut,
D0080,parang,
D0080,itu,
D0080,Parang,
D0080,itu,
D0080,pun,
D0080,bisa,
D0080,dirampas,
D0080,oleh,
D0080,korban,
D0080,Lalu,
D0080,pelaku,
D0080,mengambil,
D0080,senjata,
D0080,api,
D0080,dari,
D0080,pinggangnya,
D0080,dan,
D0080,mengancam,
D0080,akan,
D0080,menembak,
D0080,korban,
D0080,Melihat,
D0080,hal,
D0080,itu,
D0080,korban,
D0080,melakukan,
D0080,pemukulan,
D0080,ke,
D0080,arah,
D0080,pinggang,
D0080,pelaku,
D0080,menggunakan,
D0080,parang,
D0080,sehingga,
D0080,pistol,
D0080,tersebut,
D0080,jatuh,
D0080,Alhasil,
D0080,pistol,
D0080,itu,
D0080,diambil,
D0080,korban,
D0080,dan,
D0080,pelaku,
D0080,pergi,
D0080,melarikan,
D0080,diri,
D0080,karena,
D0080,ketakutan,
D0080,Motif,
D0080,pelaku,
D0080,nekat,
D0080,membegal,
D0080,korban,
D0080,karena,
D0080,butuh,
D0080,uang,
D0080,untuk,
D0080,pelariannya,
D0080,Sebab,
D0080,pelaku,
D0080,tengah,
D0080,menjadi,
D0080,buronan,
D0080,Polres,
D0080,Sergai,
D0080,dalam,
D0080,kasus,
D0080,pencabulan,
D0081,Pengemudi,
D0081,taksi,
D0081,online,
D0081,taksol,
D0081,bernama,
D0081,Michael,
D0081,F,
D0081,Pakpahan,
D0081,25,
D0081,dilaporkan,
D0081,hilang,
D0081,oleh,
D0081,pihak,
D0081,keluarganya,
D0081,Setelah,
D0081,dicari,
D0081,jasad,
D0081,korban,
D0081,ditemukan,
D0081,membusuk,
D0081,dalam,
D0081,karung,
D0081,goni,
D0081,di,
D0081,paluh,
D0081,Kabupaten,
D0081,Langkat,
D0081,Sumatera,
D0081,Utara,
D0081,Sumut,
D0081,Penemuan,
D0081,jasad,
D0081,korban,
D0081,diketahui,
D0081,berdasarkan,
D0081,pengakuan,
D0081,kedua,
D0081,pelaku,
D0081,pembunuhan,
D0081,yang,
D0081,merupakan,
D0081,bapak,
D0081,dan,
D0081,anak,
D0081,Keduanya,
D0081,yakni,
D0081,K,
D0081,50,
D0081,dan,
D0081,AP,
D0081,24,
D0081,Begini,
D0081,kronologi,
D0081,awal,
D0081,mula,
D0081,kasus,
D0081,tersebut,
D0081,terungkap,
D0081,SCROLL,
D0081,TO,
D0081,CONTINUE,
D0081,WITH,
D0081,CONTENT,
D0081,Awalnya,
D0081,jasad,
D0081,korban,
D0081,ditemukan,
D0081,di,
D0081,paluh,
D0081,Dusun,
D0081,8,
D0081,Desa,
D0081,Klantan,
D0081,Luar,
D0081,Desa,
D0081,Pasar,
D0081,Rawa,
D0081,Kecamatan,
D0081,Gebang,
D0081,Rabu,
D0081,942024,
D0081,malam,
D0081,Mayat,
D0081,ditemukan,
D0081,dalam,
D0081,karung,
D0081,goni,
D0081,Ya,
D0081,dalam,
D0081,karung,
D0081,goni,
D0081,ditemukan,
D0081,kemarin,
D0081,Kondisi,
D0081,jasadnya,
D0081,memang,
D0081,sudah,
D0081,membusuk,
D0081,sudah,
D0081,dikerubungi,
D0081,lalat,
D0081,kata,
D0081,Kapolres,
D0081,Langkat,
D0081,AKBP,
D0081,David,
D0081,Triyo,
D0081,Prasojo,
D0081,Kamis,
D0081,104,
D0081,David,
D0081,menyebut,
D0081,jasad,
D0081,tersebut,
D0081,merupakan,
D0081,korban,
D0081,pencurian,
D0081,dengan,
D0081,kekerasan,
D0081,curas,
D0081,di,
D0081,Kota,
D0081,Medan,
D0081,Dia,
D0081,mengatakan,
D0081,kasus,
D0081,itu,
D0081,ditangani,
D0081,oleh,
D0081,Polrestabes,
D0081,Medan,
D0081,Berdasarkan,
D0081,keterangan,
D0081,pelaku,
D0081,mayat,
D0081,korban,
D0081,dibuangnya,
D0081,ke,
D0081,daerah,
D0081,Kabupaten,
D0081,Langkat,
D0081,Alhasil,
D0081,penyidik,
D0081,Polrestabes,
D0081,Medan,
D0081,bekerjasama,
D0081,dengan,
D0081,Polres,
D0081,Langkat,
D0081,untuk,
D0081,mencari,
D0081,lokasi,
D0081,jasad,
D0081,korban,
D0081,dibuang,
D0081,Itu,
D0081,TKPnya,
D0081,di,
D0081,Medan,
D0081,ya,
D0081,kejadiannya,
D0081,berawal,
D0081,dari,
D0081,laporan,
D0081,orang,
D0081,hilang,
D0081,Ternyata,
D0081,itu,
D0081,korban,
D0081,pelaku,
D0081,tindak,
D0081,pidana,
D0081,curas,
D0081,tapi,
D0081,kejadiannya,
D0081,di,
D0081,Medan,
D0081,Alhamdulillah,
D0081,kawan,
D0081,penyidik,
D0081,Polrestabes,
D0081,Medan,
D0081,berhasil,
D0081,mengungkap,
D0081,melakukan,
D0081,pemeriksaan,
D0081,terhadap,
D0081,tersangka,
D0081,Kemudian,
D0081,tersangka,
D0081,mengaku,
D0081,bahwa,
D0081,membuang,
D0081,mayat,
D0081,tersebut,
D0081,korban,
D0081,ke,
D0081,daerah,
D0081,Gebang,
D0081,Lalu,
D0081,koordinasi,
D0081,dengan,
D0081,kami,
D0081,kemudian,
D0081,kami,
D0081,bantu,
D0081,pencarian,
D0081,dan,
D0081,benar,
D0081,ditemukan,
D0081,ada,
D0081,di,
D0081,wilayah,
D0081,kami,
D0081,tapi,
D0081,seluruh,
D0081,penanganannya,
D0081,di,
D0081,Polrestabes,
D0081,Medan,
D0081,jelasnya,
D0081,Kapolrestabes,
D0081,Medan,
D0081,Kombes,
D0081,Gidion,
D0081,Arif,
D0081,Setyawan,
D0081,mengatakan,
D0081,peristiwa,
D0081,itu,
D0081,berawal,
D0081,pada,
D0081,Senin,
D0081,64,
D0081,sekira,
D0081,pukul,
D0081,1900,
D0081,WIB,
D0081,Saat,
D0081,itu,
D0081,kedua,
D0081,pelaku,
D0081,bertemu,
D0081,di,
D0081,Jalan,
D0081,Pinang,
D0081,Baris,
D0081,Kecamatan,
D0081,Medan,
D0081,Sunggal,
D0081,untuk,
D0081,melakukan,
D0081,aksi,
D0081,perampokan,
D0081,Setelah,
D0081,bertemu,
D0081,AP,
D0081,memesan,
D0081,taksi,
D0081,online,
D0081,melalui,
D0081,aplikasi,
D0081,indriver,
D0081,dari,
D0081,hp,
D0081,ayahnya,
D0081,Lalu,
D0081,sekira,
D0081,pukul,
D0081,0000,
D0081,WIB,
D0081,korban,
D0081,datang,
D0081,dengan,
D0081,mengemudikan,
D0081,mobil,
D0081,Toyota,
D0081,Rush,
D0081,miliknya,
D0081,dan,
D0081,mengangkut,
D0081,kedua,
D0081,pelaku,
D0081,Posisinya,
D0081,pelaku,
D0081,K,
D0081,duduk,
D0081,di,
D0081,kursi,
D0081,samping,
D0081,sopir,
D0081,sedangkan,
D0081,AP,
D0081,di,
D0081,belakang,
D0081,sopir,
D0081,Mereka,
D0081,pun,
D0081,berjalan,
D0081,menuju,
D0081,arah,
D0081,Tanjung,
D0081,Anom,
D0081,Di,
D0081,tengah,
D0081,perjalanan,
D0081,pelaku,
D0081,AP,
D0081,meminta,
D0081,berhenti,
D0081,dengan,
D0081,alasan,
D0081,menunggu,
D0081,temannya,
D0081,sambil,
D0081,berpurapura,
D0081,tengah,
D0081,menelepon,
D0081,Namun,
D0081,ternyata,
D0081,kedua,
D0081,pelaku,
D0081,langsung,
D0081,membekap,
D0081,korban,
D0081,dan,
D0081,memukulnya,
D0081,menggunakan,
D0081,martil,
D0081,Lalu,
D0081,korban,
D0081,dibekap,
D0081,menggunakan,
D0081,sarung,
D0081,dari,
D0081,belakang,
D0081,oleh,
D0081,AP,
D0081,karena,
D0081,masih,
D0081,meronta,
D0081,maka,
D0081,kemudian,
D0081,dipukul,
D0081,pakai,
D0081,palu,
D0081,Diseret,
D0081,ke,
D0081,jok,
D0081,belakang,
D0081,di,
D0081,jok,
D0081,belakang,
D0081,lah,
D0081,kemudian,
D0081,dipastikan,
D0081,untuk,
D0081,meregang,
D0081,nyawa,
D0081,dipukul,
D0081,dibekap,
D0081,dicekik,
D0081,dan,
D0081,itu,
D0081,semua,
D0081,sinkron,
D0081,dengan,
D0081,hasil,
D0081,autopsi,
D0081,kata,
D0081,Gidion,
D0081,saat,
D0081,konferensi,
D0081,pers,
D0081,Jumat,
D0081,114,
D0081,Gidion,
D0081,menyebut,
D0081,martil,
D0081,dan,
D0081,sarung,
D0081,itu,
D0081,memang,
D0081,sudah,
D0081,disiapkan,
D0081,oleh,
D0081,para,
D0081,pelaku,
D0081,sejak,
D0081,tanggal,
D0081,2,
D0081,April,
D0081,2025,
D0081,Setelah,
D0081,korban,
D0081,tidak,
D0081,bernyawa,
D0081,para,
D0081,pelaku,
D0081,memasukkan,
D0081,tubuh,
D0081,korban,
D0081,ke,
D0081,dalam,
D0081,karung,
D0081,goni,
D0081,dan,
D0081,diberi,
D0081,dua,
D0081,batu,
D0081,besar,
D0081,sebagai,
D0081,pemberat,
D0081,Lalu,
D0081,jasad,
D0081,korban,
D0081,dibawa,
D0081,ke,
D0081,arah,
D0081,Gebang,
D0081,Kabupaten,
D0081,Langkat,
D0081,dan,
D0081,dibuang,
D0081,ke,
D0081,paluh,
D0081,Kemudian,
D0081,para,
D0081,pelaku,
D0081,membawa,
D0081,kabur,
D0081,mobil,
D0081,korban,
D0081,Usai,
D0081,membuang,
D0081,jasad,
D0081,korban,
D0081,keduanya,
D0081,pergi,
D0081,ke,
D0081,daerah,
D0081,Kuala,
D0081,Gumit,
D0081,ke,
D0081,rumah,
D0081,adik,
D0081,pelaku,
D0081,K,
D0081,Pada,
D0081,Senin,
D0081,7,
D0081,April,
D0081,sekira,
D0081,pukul,
D0081,1600,
D0081,WIB,
D0081,tersangka,
D0081,K,
D0081,pulang,
D0081,ke,
D0081,rumah,
D0081,yang,
D0081,berada,
D0081,di,
D0081,Marelan,
D0081,menggunakan,
D0081,angkot,
D0081,Lalu,
D0081,pada,
D0081,Selasa,
D0081,sekira,
D0081,pukul,
D0081,2000,
D0081,WIB,
D0081,tersangka,
D0081,AP,
D0081,menjemput,
D0081,K,
D0081,untuk,
D0081,berangkat,
D0081,ke,
D0081,Kabanjahe,
D0081,menggunakan,
D0081,mobil,
D0081,korban,
D0081,tersebut,
D0081,jelasnya,
D0081,Keluarga,
D0081,korban,
D0081,yang,
D0081,merasa,
D0081,kehilangan,
D0081,lalu,
D0081,membuat,
D0081,laporan,
D0081,ke,
D0081,Polsek,
D0081,Medan,
D0081,Helvetia,
D0081,pada,
D0081,Selasa,
D0081,74,
D0081,Pihak,
D0081,kepolisian,
D0081,pun,
D0081,melakukan,
D0081,penyelidikan,
D0081,untuk,
D0081,mencari,
D0081,keberadaan,
D0081,para,
D0081,korban,
D0081,Setelah,
D0081,ditelusuri,
D0081,mobil,
D0081,milik,
D0081,korban,
D0081,terdeteksi,
D0081,berada,
D0081,di,
D0081,Kabupaten,
D0081,Karo,
D0081,Pihak,
D0081,kepolisian,
D0081,pun,
D0081,melakukan,
D0081,pengejaran,
D0081,dan,
D0081,mengamankan,
D0081,kedua,
D0081,pelaku,
D0081,pada,
D0081,Rabu,
D0081,94,
D0081,Saat,
D0081,diinterogasi,
D0081,keduanya,
D0081,mengaku,
D0081,telah,
D0081,merampok,
D0081,mobil,
D0081,tersebut,
D0081,dan,
D0081,membuang,
D0081,jasad,
D0081,korban,
D0081,ke,
D0081,Dusun,
D0081,8,
D0081,Desa,
D0081,Klantan,
D0081,Luar,
D0081,Pelaku,
D0081,mengakui,
D0081,nekat,
D0081,melakukan,
D0081,perampokan,
D0081,itu,
D0081,karena,
D0081,ingin,
D0081,memberikan,
D0081,mobil,
D0081,korban,
D0081,ke,
D0081,AP,
D0081,Motif,
D0081,ingin,
D0081,menguasai,
D0081,kendaraan,
D0081,korban,
D0081,yang,
D0081,nantinya,
D0081,akan,
D0081,dijadikan,
D0081,kendaraan,
D0081,kepada,
D0081,AP,
D0081,untuk,
D0081,bekerja,
D0081,Ini,
D0081,keterangan,
D0081,subyektifnya,
D0081,mereka,
D0081,kata,
D0081,Gidion,
D0081,Gidion,
D0081,menyebut,
D0081,AP,
D0081,ini,
D0081,dulunya,
D0081,bekerja,
D0081,sebagai,
D0081,driver,
D0081,salah,
D0081,satu,
D0081,aplikasi,
D0081,transportasi,
D0081,online,
D0081,Dulu,
D0081,driver,
D0081,salah,
D0081,satu,
D0081,aplikasi,
D0081,online,
D0081,juga,
D0081,makanya,
D0081,kemudian,
D0081,kendaraannya,
D0081,mau,
D0081,diambil,
D0081,dan,
D0081,dikasihkan,
D0081,ke,
D0081,AP,
D0081,untuk,
D0081,dikuasai,
D0081,dan,
D0081,digunakan,
D0081,jelasnya,
D0082,Pencuri,
D0082,motor,
D0082,berinisial,
D0082,RM,
D0082,24,
D0082,tewas,
D0082,akibat,
D0082,diamuk,
D0082,warga,
D0082,di,
D0082,Desa,
D0082,Weninggalih,
D0082,Jonggol,
D0082,Bogor,
D0082,pada,
D0082,Jumat,
D0082,1142025,
D0082,RM,
D0082,mencuri,
D0082,petani,
D0082,yang,
D0082,tengah,
D0082,mengecek,
D0082,sawah,
D0082,di,
D0082,Kampung,
D0082,Rawabogo,
D0082,Korban,
D0082,memarkir,
D0082,kendaraan,
D0082,sepeda,
D0082,motor,
D0082,sekitar,
D0082,pukul,
D0082,1445,
D0082,WIB,
D0082,Dari,
D0082,kejauhan,
D0082,pelapor,
D0082,melihat,
D0082,dua,
D0082,orang,
D0082,tidak,
D0082,dikenal,
D0082,membawa,
D0082,kabur,
D0082,sepeda,
D0082,motor,
D0082,miliknya,
D0082,ungkap,
D0082,Kapolsek,
D0082,Jonggol,
D0082,Kompol,
D0082,Hida,
D0082,Tjahjono,
D0082,Sabtu,
D0082,1242025,
D0082,seperti,
D0082,dikutip,
D0082,dari,
D0082,detikNews,
D0082,Korban,
D0082,langsung,
D0082,berteriak,
D0082,minta,
D0082,tolong,
D0082,saat,
D0082,melihat,
D0082,dua,
D0082,pelaku,
D0082,mencuri,
D0082,motornya,
D0082,Teriakan,
D0082,korban,
D0082,itu,
D0082,langsung,
D0082,disambar,
D0082,telinga,
D0082,warga,
D0082,dan,
D0082,bergegas,
D0082,mengejar,
D0082,pelaku,
D0082,SCROLL,
D0082,TO,
D0082,CONTINUE,
D0082,WITH,
D0082,CONTENT,
D0082,Kemudian,
D0082,berusaha,
D0082,mengejar,
D0082,kedua,
D0082,pelaku,
D0082,yang,
D0082,melarikan,
D0082,diri,
D0082,ke,
D0082,arah,
D0082,Desa,
D0082,Karang,
D0082,Indah,
D0082,Kecamatan,
D0082,Bojong,
D0082,Manggu,
D0082,Kabupaten,
D0082,Bekasi,
D0082,tuturnya,
D0082,Pelaku,
D0082,kemudian,
D0082,ditangkap,
D0082,oleh,
D0082,korban,
D0082,dan,
D0082,warga,
D0082,Hida,
D0082,mengatakan,
D0082,pelaku,
D0082,sempat,
D0082,memberi,
D0082,perlawanan,
D0082,dan,
D0082,akan,
D0082,melarikan,
D0082,diri,
D0082,Hida,
D0082,menjelaskan,
D0082,warga,
D0082,yang,
D0082,tersulut,
D0082,emosi,
D0082,pun,
D0082,lalu,
D0082,menghajar,
D0082,kedua,
D0082,pelaku,
D0082,Sepeda,
D0082,motor,
D0082,pelaku,
D0082,juga,
D0082,dibakar,
D0082,warga,
D0082,Warga,
D0082,yang,
D0082,telah,
D0082,tersulut,
D0082,emosinya,
D0082,akhirnya,
D0082,menghajar,
D0082,kedua,
D0082,orang,
D0082,pelaku,
D0082,dan,
D0082,membakar,
D0082,sepeda,
D0082,motor,
D0082,milik,
D0082,pelaku,
D0082,sehingga,
D0082,salah,
D0082,satu,
D0082,pelaku,
D0082,meninggal,
D0082,di,
D0082,lokasi,
D0082,ungkapnya,
D0082,Hida,
D0082,mengatakan,
D0082,salah,
D0082,satu,
D0082,pelaku,
D0082,tewas,
D0082,diduga,
D0082,akibat,
D0082,pukulan,
D0082,benda,
D0082,tumpul,
D0082,di,
D0082,kepala,
D0082,Hida,
D0082,pun,
D0082,mengimbau,
D0082,kepada,
D0082,masyarakat,
D0082,untuk,
D0082,tidak,
D0082,main,
D0082,hakim,
D0082,sendiri,
D0082,dan,
D0082,menyerahkan,
D0082,tindak,
D0082,kriminal,
D0082,kepada,
D0082,penegak,
D0082,hukum,
D0082,Lebih,
D0082,baik,
D0082,menyerahkan,
D0082,pelaku,
D0082,kepada,
D0082,aparat,
D0082,penegak,
D0082,hukum,
D0082,setempat,
D0082,guna,
D0082,dilakukan,
D0082,penegakan,
D0082,hukum,
D0082,terhadap,
D0082,yang,
D0082,bersangkutan,
D0082,pungkasnya,
D0082,Artikel,
D0082,ini,
D0082,telah,
D0082,tayang,
D0082,di,
D0082,detikNews,
D0082,Silakan,
D0082,baca,
D0082,selengkapnya,
D0082,di,
D0082,sini,
D0083,Vitalis,
D0083,Goko,
D0083,Rato,
D0083,45,
D0083,tewas,
D0083,dibacok,
D0083,oleh,
D0083,rekannya,
D0083,Yohanis,
D0083,Nani,
D0083,Bata,
D0083,35,
D0083,saat,
D0083,sedang,
D0083,pesta,
D0083,minuman,
D0083,keras,
D0083,miras,
D0083,jenis,
D0083,peci,
D0083,di,
D0083,atas,
D0083,rumah,
D0083,panggung,
D0083,Pembacokan,
D0083,itu,
D0083,terjadi,
D0083,di,
D0083,Kampung,
D0083,Wano,
D0083,Kalla,
D0083,Desa,
D0083,Mareda,
D0083,Wunni,
D0083,Kecamatan,
D0083,Wewewa,
D0083,Tengah,
D0083,Kabupaten,
D0083,Sumba,
D0083,Barat,
D0083,Daya,
D0083,Nusa,
D0083,Tenggara,
D0083,Timur,
D0083,NTT,
D0083,Jumat,
D0083,1142025,
D0083,sekitar,
D0083,pukul,
D0083,1400,
D0083,Wita,
D0083,Iya,
D0083,korban,
D0083,meninggal,
D0083,di,
D0083,TKP,
D0083,tempat,
D0083,kejadian,
D0083,perkara,
D0083,sesuai,
D0083,dengan,
D0083,informasi,
D0083,yang,
D0083,beredar,
D0083,ujar,
D0083,Kapolres,
D0083,Sumba,
D0083,Barat,
D0083,Daya,
D0083,AKBP,
D0083,Harianto,
D0083,Rantesalu,
D0083,kepada,
D0083,detikBali,
D0083,Sabtu,
D0083,1242025Harianto,
D0083,menuturkan,
D0083,pembacokan,
D0083,itu,
D0083,berawal,
D0083,saat,
D0083,Vitalis,
D0083,dan,
D0083,Yohanis,
D0083,serta,
D0083,sejumlah,
D0083,rekannya,
D0083,terlibat,
D0083,pesta,
D0083,miras,
D0083,jenis,
D0083,peci,
D0083,di,
D0083,rumah,
D0083,warga,
D0083,Tomas,
D0083,Bora,
D0083,Duka,
D0083,Setelah,
D0083,itu,
D0083,mereka,
D0083,berpatungan,
D0083,untuk,
D0083,membeli,
D0083,peci,
D0083,sebanyak,
D0083,5,
D0083,liter,
D0083,Tak,
D0083,lama,
D0083,kemudian,
D0083,Daud,
D0083,Hengki,
D0083,Kadu,
D0083,Kamuri,
D0083,yang,
D0083,juga,
D0083,terlibat,
D0083,dalam,
D0083,pesta,
D0083,miras,
D0083,mendengar,
D0083,bunyi,
D0083,bacokan,
D0083,parang,
D0083,di,
D0083,lokasi,
D0083,saat,
D0083,hendak,
D0083,membuang,
D0083,air,
D0083,kecil,
D0083,SCROLL,
D0083,TO,
D0083,CONTINUE,
D0083,WITH,
D0083,CONTENT,
D0083,Betapa,
D0083,kagetnya,
D0083,Daud,
D0083,saat,
D0083,mengecek,
D0083,lokasi,
D0083,mendapati,
D0083,Yohanis,
D0083,sedang,
D0083,membacok,
D0083,Vitalis,
D0083,di,
D0083,bagian,
D0083,punggung,
D0083,dan,
D0083,bagian,
D0083,belakangnya,
D0083,berulang,
D0083,kali,
D0083,Daud,
D0083,lantas,
D0083,menegur,
D0083,Yohanis,
D0083,terkait,
D0083,aksi,
D0083,kejinya,
D0083,itu,
D0083,Namun,
D0083,Yohanis,
D0083,langsung,
D0083,menyerangnya,
D0083,dengan,
D0083,parang,
D0083,Daud,
D0083,yang,
D0083,merasa,
D0083,terancam,
D0083,lantas,
D0083,mencabut,
D0083,parangnya,
D0083,untuk,
D0083,menyerang,
D0083,balik,
D0083,Yohanis,
D0083,kemudian,
D0083,kabur,
D0083,melarikan,
D0083,diri,
D0083,Daud,
D0083,kemudian,
D0083,berteriak,
D0083,meminta,
D0083,pertolongan,
D0083,kepada,
D0083,keluarga,
D0083,dan,
D0083,selanjutnya,
D0083,melaporkan,
D0083,kejadian,
D0083,tersebut,
D0083,ke,
D0083,Polsek,
D0083,Wewewa,
D0083,Timur,
D0083,Saat,
D0083,pembacokan,
D0083,ada,
D0083,sejumlah,
D0083,saksi,
D0083,yang,
D0083,terlibat,
D0083,pesta,
D0083,miras,
D0083,sedang,
D0083,duduk,
D0083,menyaksikan,
D0083,kejadian,
D0083,tersebut,
D0083,tutur,
D0083,Harianto,
D0083,Kini,
D0083,Yohanis,
D0083,telah,
D0083,diamankan,
D0083,berselang,
D0083,beberapa,
D0083,saat,
D0083,setelah,
D0083,kejadian,
D0083,tersebut,
D0083,Selain,
D0083,itu,
D0083,juga,
D0083,sudah,
D0083,ditahan,
D0083,di,
D0083,Polres,
D0083,Sumba,
D0083,Barat,
D0083,DayaNamun,
D0083,Harianto,
D0083,enggan,
D0083,menjelaskan,
D0083,status,
D0083,hukum,
D0083,dan,
D0083,motif,
D0083,pembacokannya,
D0083,Untuk,
D0083,teknisnya,
D0083,tanya,
D0083,ke,
D0083,Kasat,
D0083,Reskrim,
D0083,ya,
D0083,pungkas,
D0083,Harianto,
D0084,Aksi,
D0084,keji,
D0084,dilakukan,
D0084,oleh,
D0084,seorang,
D0084,pria,
D0084,inisial,
D0084,K,
D0084,50,
D0084,dan,
D0084,anaknya,
D0084,AP,
D0084,24,
D0084,di,
D0084,Medan,
D0084,Sumatera,
D0084,Utara,
D0084,Sumut,
D0084,Mereka,
D0084,tega,
D0084,merampok,
D0084,dan,
D0084,membunuh,
D0084,sopir,
D0084,taksi,
D0084,online,
D0084,taksol,
D0084,bernama,
D0084,Michael,
D0084,F,
D0084,Pakpahan,
D0084,25,
D0084,karena,
D0084,ingin,
D0084,menguasai,
D0084,kendaraan,
D0084,milik,
D0084,korban,
D0084,Motif,
D0084,ingin,
D0084,menguasai,
D0084,kendaraan,
D0084,korban,
D0084,yang,
D0084,nantinya,
D0084,akan,
D0084,dijadikan,
D0084,kendaraan,
D0084,kepada,
D0084,AP,
D0084,untuk,
D0084,bekerja,
D0084,Ini,
D0084,keterangan,
D0084,subyektifnya,
D0084,mereka,
D0084,kata,
D0084,Kapolrestabes,
D0084,Medan,
D0084,Kombes,
D0084,Gidion,
D0084,Arif,
D0084,Setyawan,
D0084,saat,
D0084,konferensi,
D0084,pers,
D0084,Jumat,
D0084,1142025,
D0084,Gidion,
D0084,menjelaskan,
D0084,AP,
D0084,diketahui,
D0084,dulunya,
D0084,bekerja,
D0084,sebagai,
D0084,driver,
D0084,salah,
D0084,satu,
D0084,aplikasi,
D0084,transportasi,
D0084,online,
D0084,Dulu,
D0084,driver,
D0084,salah,
D0084,satu,
D0084,aplikasi,
D0084,online,
D0084,juga,
D0084,makanya,
D0084,kemudian,
D0084,kendaraannya,
D0084,mau,
D0084,diambil,
D0084,dan,
D0084,dikasihkan,
D0084,ke,
D0084,AP,
D0084,untuk,
D0084,dikuasai,
D0084,dan,
D0084,digunakan,
D0084,jelasnya,
D0084,SCROLL,
D0084,TO,
D0084,CONTINUE,
D0084,WITH,
D0084,CONTENT,
D0084,Gidion,
D0084,mengatakan,
D0084,peristiwa,
D0084,itu,
D0084,bermula,
D0084,pada,
D0084,Senin,
D0084,64,
D0084,sekitar,
D0084,pukul,
D0084,1900,
D0084,WIB,
D0084,Saat,
D0084,itu,
D0084,kedua,
D0084,pelaku,
D0084,bertemu,
D0084,di,
D0084,Jalan,
D0084,Pinang,
D0084,Baris,
D0084,Kecamatan,
D0084,Medan,
D0084,Sunggal,
D0084,untuk,
D0084,melakukan,
D0084,aksi,
D0084,perampokan,
D0084,Setelah,
D0084,bertemu,
D0084,AP,
D0084,memesan,
D0084,taksi,
D0084,online,
D0084,melalui,
D0084,aplikasi,
D0084,indriver,
D0084,di,
D0084,hp,
D0084,ayahnya,
D0084,Kemudian,
D0084,sekitar,
D0084,pukul,
D0084,0000,
D0084,WIB,
D0084,korban,
D0084,datang,
D0084,dengan,
D0084,mengemudikan,
D0084,mobil,
D0084,Toyota,
D0084,Rush,
D0084,miliknya,
D0084,dan,
D0084,mengangkut,
D0084,kedua,
D0084,pelaku,
D0084,Posisinya,
D0084,pelaku,
D0084,K,
D0084,duduk,
D0084,di,
D0084,kursi,
D0084,samping,
D0084,sopir,
D0084,sementara,
D0084,AP,
D0084,di,
D0084,belakang,
D0084,sopir,
D0084,Mereka,
D0084,pun,
D0084,berjalan,
D0084,menuju,
D0084,ke,
D0084,arah,
D0084,Tanjung,
D0084,Anom,
D0084,Di,
D0084,tengah,
D0084,perjalanan,
D0084,pelaku,
D0084,AP,
D0084,meminta,
D0084,berhenti,
D0084,dengan,
D0084,alasan,
D0084,menunggu,
D0084,temannya,
D0084,sambil,
D0084,berpurapura,
D0084,sedang,
D0084,menelepon,
D0084,Tapi,
D0084,ternyata,
D0084,kedua,
D0084,pelaku,
D0084,langsung,
D0084,membekap,
D0084,korban,
D0084,dan,
D0084,memukulnya,
D0084,menggunakan,
D0084,martil,
D0084,Lalu,
D0084,korbab,
D0084,dibekap,
D0084,menggunakan,
D0084,sarung,
D0084,dari,
D0084,belakang,
D0084,oleh,
D0084,AP,
D0084,karena,
D0084,masih,
D0084,meronta,
D0084,maka,
D0084,kemudian,
D0084,dipukul,
D0084,pakai,
D0084,palu,
D0084,Diseret,
D0084,ke,
D0084,jok,
D0084,belakang,
D0084,di,
D0084,jok,
D0084,belakang,
D0084,lah,
D0084,kemudian,
D0084,dipastikan,
D0084,untuk,
D0084,meregang,
D0084,nyawa,
D0084,dipukul,
D0084,dibekap,
D0084,dicekik,
D0084,dan,
D0084,itu,
D0084,semua,
D0084,sinkron,
D0084,dengan,
D0084,hasil,
D0084,autopsi,
D0084,jelasnya,
D0084,Gidion,
D0084,menyebut,
D0084,martil,
D0084,dan,
D0084,sarung,
D0084,tersebut,
D0084,memang,
D0084,sudah,
D0084,disiapkan,
D0084,oleh,
D0084,para,
D0084,pelaku,
D0084,sejak,
D0084,tanggal,
D0084,2,
D0084,April,
D0084,2025,
D0084,Setelah,
D0084,korban,
D0084,tak,
D0084,bernyawa,
D0084,para,
D0084,pelaku,
D0084,memasukkan,
D0084,tubuh,
D0084,korban,
D0084,ke,
D0084,dalam,
D0084,karung,
D0084,goni,
D0084,dan,
D0084,diberi,
D0084,dua,
D0084,batu,
D0084,besar,
D0084,sebagai,
D0084,pemberat,
D0084,Jasad,
D0084,korban,
D0084,lalu,
D0084,dibawa,
D0084,ke,
D0084,arah,
D0084,Gebang,
D0084,Kabupaten,
D0084,Langkat,
D0084,dan,
D0084,dibuang,
D0084,ke,
D0084,paluh,
D0084,Kemudian,
D0084,para,
D0084,pelaku,
D0084,membawa,
D0084,kabur,
D0084,mobil,
D0084,korban,
D0084,Usai,
D0084,membuang,
D0084,jasad,
D0084,korban,
D0084,keduanya,
D0084,pergi,
D0084,ke,
D0084,daerah,
D0084,Kuala,
D0084,Gumit,
D0084,ke,
D0084,rumah,
D0084,adik,
D0084,pelaku,
D0084,K,
D0084,Pada,
D0084,Senin,
D0084,7,
D0084,April,
D0084,sekira,
D0084,pukul,
D0084,1600,
D0084,WIB,
D0084,tersangka,
D0084,K,
D0084,pulang,
D0084,ke,
D0084,rumah,
D0084,yang,
D0084,berada,
D0084,di,
D0084,Marelan,
D0084,menggunakan,
D0084,angkot,
D0084,Lalu,
D0084,pada,
D0084,Selasa,
D0084,sekira,
D0084,pukul,
D0084,2000,
D0084,WIB,
D0084,tersangka,
D0084,AP,
D0084,menjemput,
D0084,K,
D0084,untuk,
D0084,berangkat,
D0084,ke,
D0084,Kabanjahe,
D0084,menggunakan,
D0084,mobil,
D0084,korban,
D0084,tersebut,
D0084,jelasnya,
D0084,Keluarga,
D0084,korban,
D0084,yang,
D0084,merasa,
D0084,kehilangan,
D0084,lalu,
D0084,membuat,
D0084,laporan,
D0084,ke,
D0084,Polsek,
D0084,Medan,
D0084,Helvetia,
D0084,pada,
D0084,Selasa,
D0084,74,
D0084,Pihak,
D0084,kepolisian,
D0084,pun,
D0084,melakukan,
D0084,penyelidikan,
D0084,untuk,
D0084,mencari,
D0084,keberadaan,
D0084,para,
D0084,korban,
D0084,Setelah,
D0084,ditelusuri,
D0084,mobil,
D0084,milik,
D0084,korban,
D0084,terdeteksi,
D0084,berada,
D0084,di,
D0084,Kabupaten,
D0084,Karo,
D0084,Petugas,
D0084,lalu,
D0084,melakukan,
D0084,pengejaran,
D0084,dan,
D0084,mengamankan,
D0084,kedua,
D0084,pelaku,
D0084,pada,
D0084,Rabu,
D0084,94,
D0084,Saat,
D0084,diinterogasi,
D0084,keduanya,
D0084,mengaku,
D0084,telah,
D0084,merampok,
D0084,mobil,
D0084,tersebut,
D0084,dan,
D0084,membuang,
D0084,jasad,
D0084,korban,
D0084,ke,
D0084,Dusun,
D0084,8,
D0084,Desa,
D0084,Klantan,
D0084,Luar,
D0084,Desa,
D0084,Pasar,
D0084,Rawa,
D0084,Kecamatan,
D0084,Gebang,
D0084,Petugas,
D0084,pun,
D0084,menuju,
D0084,lokasi,
D0084,dan,
D0084,mengevakuasi,
D0084,jasad,
D0084,korban,
D0084,Tanggal,
D0084,9,
D0084,april,
D0084,kedua,
D0084,pelaku,
D0084,tertangkap,
D0084,tangan,
D0084,menguasai,
D0084,kendaraan,
D0084,korban,
D0084,di,
D0084,Tanah,
D0084,Karo,
D0084,Lalu,
D0084,dari,
D0084,interogasi,
D0084,benar,
D0084,bahwa,
D0084,dia,
D0084,melakukan,
D0084,tindak,
D0084,pidana,
D0084,pembunuhan,
D0084,yang,
D0084,sebelumnya,
D0084,sudah,
D0084,direncanakan,
D0084,Mereka,
D0084,menyampaikan,
D0084,bahwa,
D0084,korban,
D0084,dibuang,
D0084,di,
D0084,daerah,
D0084,Langkat,
D0084,jelasnya,
D0085,Gerombolan,
D0085,pemotor,
D0085,yang,
D0085,mengeroyok,
D0085,seorang,
D0085,pemuda,
D0085,di,
D0085,Jalan,
D0085,Patimura,
D0085,Jombang,
D0085,diringkus,
D0085,polisi,
D0085,Dari,
D0085,7,
D0085,orang,
D0085,yang,
D0085,ditangkap,
D0085,4,
D0085,orang,
D0085,ditetapkan,
D0085,sebagai,
D0085,tersangka,
D0085,dan,
D0085,ditahan,
D0085,Gerombolan,
D0085,pemotor,
D0085,yang,
D0085,ditangkap,
D0085,adalah,
D0085,BA,
D0085,18,
D0085,DJ,
D0085,19,
D0085,dan,
D0085,NR,
D0085,22,
D0085,ketiganya,
D0085,warga,
D0085,Jatikalen,
D0085,Nganjuk,
D0085,Lainnya,
D0085,Fajar,
D0085,Wahyu,
D0085,Wiguna,
D0085,23,
D0085,dan,
D0085,Dewa,
D0085,Gilang,
D0085,Pamungkas,
D0085,21,
D0085,warga,
D0085,Desa,
D0085,Karangmojo,
D0085,Plandaan,
D0085,Jombang,
D0085,lalu,
D0085,Farreal,
D0085,Anargiya,
D0085,19,
D0085,warga,
D0085,Desa,
D0085,Purisemanding,
D0085,Plandaan,
D0085,Jombang,
D0085,serta,
D0085,M,
D0085,Iqbal,
D0085,Maulana,
D0085,21,
D0085,warga,
D0085,Desa,
D0085,Dawuhan,
D0085,Jatikalen,
D0085,Nganjuk,
D0085,Kapolres,
D0085,Jombang,
D0085,AKBP,
D0085,Ardi,
D0085,Kurniawan,
D0085,menjelaskan,
D0085,dari,
D0085,7,
D0085,orang,
D0085,yang,
D0085,ditangkap,
D0085,4,
D0085,orang,
D0085,di,
D0085,antara,
D0085,mereka,
D0085,ditetapkan,
D0085,sebagai,
D0085,tersangka,
D0085,dan,
D0085,ditahan,
D0085,Khusus,
D0085,untuk,
D0085,BA,
D0085,DJ,
D0085,dan,
D0085,NR,
D0085,berstatus,
D0085,saksi,
D0085,dan,
D0085,hanya,
D0085,dikenakan,
D0085,wajib,
D0085,lapor,
D0085,sebab,
D0085,ketiganya,
D0085,tidak,
D0085,ikut,
D0085,menganiaya,
D0085,korban,
D0085,SCROLL,
D0085,TO,
D0085,CONTINUE,
D0085,WITH,
D0085,CONTENT,
D0085,Tiga,
D0085,orang,
D0085,kami,
D0085,kenakan,
D0085,wajib,
D0085,lapor,
D0085,sebagai,
D0085,saksi,
D0085,karena,
D0085,tidak,
D0085,melakukan,
D0085,pemukulan,
D0085,tapi,
D0085,berada,
D0085,di,
D0085,lokasi,
D0085,dan,
D0085,mengetahui,
D0085,peristiwa,
D0085,tersebut,
D0085,jelasnya,
D0085,kepada,
D0085,wartawan,
D0085,saat,
D0085,jumpa,
D0085,pers,
D0085,di,
D0085,Mapolres,
D0085,Jombang,
D0085,Jalan,
D0085,KH,
D0085,Wahid,
D0085,Hasyim,
D0085,Kamis,
D0085,1042025,
D0085,Aksi,
D0085,kekerasan,
D0085,gerombolan,
D0085,pemotor,
D0085,ini,
D0085,terjadi,
D0085,di,
D0085,Jalan,
D0085,Patimura,
D0085,Desa,
D0085,Sengon,
D0085,KecamatanKabupaten,
D0085,Jombang,
D0085,pada,
D0085,Minggu,
D0085,233,
D0085,sekitar,
D0085,pukul,
D0085,0330,
D0085,WIB,
D0085,Awalnya,
D0085,mereka,
D0085,menendang,
D0085,korban,
D0085,Ferdy,
D0085,Rangga,
D0085,Saputra,
D0085,19,
D0085,sampai,
D0085,terjatuh,
D0085,dari,
D0085,sepeda,
D0085,motornya,
D0085,Saat,
D0085,itu,
D0085,Ferdy,
D0085,berboncengan,
D0085,dengan,
D0085,Anjariel,
D0085,Mulyarosyid,
D0085,20,
D0085,Kedua,
D0085,pemuda,
D0085,ini,
D0085,warga,
D0085,Desa,
D0085,Sengon,
D0085,Namun,
D0085,Anjariel,
D0085,berhasil,
D0085,melarikan,
D0085,diri,
D0085,Sehingga,
D0085,Ferdy,
D0085,yang,
D0085,dikeroyok,
D0085,para,
D0085,pelaku,
D0085,Pukulan,
D0085,para,
D0085,pelaku,
D0085,menyebabkan,
D0085,sejumlah,
D0085,luka,
D0085,memar,
D0085,di,
D0085,tubuh,
D0085,korban,
D0085,Kami,
D0085,berupaya,
D0085,sesungguh,
D0085,hati,
D0085,mengungkap,
D0085,setiap,
D0085,tindak,
D0085,pidana,
D0085,untuk,
D0085,memberi,
D0085,keadilan,
D0085,kepada,
D0085,korban,
D0085,dan,
D0085,memberi,
D0085,rasa,
D0085,aman,
D0085,kepada,
D0085,masyarakat,
D0085,Jombang,
D0085,terang,
D0085,Ardi,
D0085,Kasat,
D0085,Reskrim,
D0085,Polres,
D0085,Jombang,
D0085,AKP,
D0085,Margono,
D0085,Suhendra,
D0085,menuturkan,
D0085,aksi,
D0085,kekerasan,
D0085,yang,
D0085,dilakukan,
D0085,Fajar,
D0085,dan,
D0085,kawankawan,
D0085,bentuk,
D0085,balas,
D0085,dendam,
D0085,Sebab,
D0085,salah,
D0085,satu,
D0085,pelaku,
D0085,pernah,
D0085,dikeroyok,
D0085,orang,
D0085,tak,
D0085,dikenal,
D0085,Hanya,
D0085,saja,
D0085,gerombolan,
D0085,pelaku,
D0085,mencari,
D0085,sasaran,
D0085,secara,
D0085,acak,
D0085,untuk,
D0085,melampiaskan,
D0085,dendamnya,
D0085,Mereka,
D0085,remaja,
D0085,yang,
D0085,pernah,
D0085,dipukul,
D0085,tapi,
D0085,tak,
D0085,tahu,
D0085,oleh,
D0085,siapa,
D0085,Saat,
D0085,mereka,
D0085,punya,
D0085,teman,
D0085,mengajak,
D0085,temannya,
D0085,untuk,
D0085,balas,
D0085,dendam,
D0085,Mereka,
D0085,keliling,
D0085,dari,
D0085,Plandaan,
D0085,sampai,
D0085,Jombang,
D0085,kota,
D0085,mencari,
D0085,sasaran,
D0085,ungkapnya,
D0085,Akibat,
D0085,perbuatannya,
D0085,Fajar,
D0085,Dewa,
D0085,Farreal,
D0085,dan,
D0085,Iqbal,
D0085,harus,
D0085,mendekam,
D0085,di,
D0085,Rutan,
D0085,Polres,
D0085,Jombang,
D0085,Mereka,
D0085,dijerat,
D0085,dengan,
D0085,Pasal,
D0085,170,
D0085,KUHP,
D0085,tentang,
D0085,Pengeroyokan,
D0085,Ancaman,
D0085,hukumannya,
D0085,5,
D0085,tahun,
D0085,penjara,
D0085,tandas,
D0085,Margono,
D0086,Mantan,
D0086,Ketua,
D0086,Organiasisi,
D0086,Kemasyarakatan,
D0086,ormas,
D0086,di,
D0086,Kabupaten,
D0086,Serdang,
D0086,Bedagai,
D0086,Sergai,
D0086,Sumatera,
D0086,Utara,
D0086,Sumut,
D0086,Ilham,
D0086,Batubara,
D0086,58,
D0086,membegal,
D0086,seorang,
D0086,petani,
D0086,hingga,
D0086,harus,
D0086,mendapatkan,
D0086,jahitan,
D0086,sebanyak,
D0086,25,
D0086,jahitan,
D0086,Misnuriono,
D0086,58,
D0086,Saat,
D0086,beraksi,
D0086,pelaku,
D0086,membawa,
D0086,parang,
D0086,dan,
D0086,senjata,
D0086,api,
D0086,jenis,
D0086,FN,
D0086,Dirreskrimum,
D0086,Polda,
D0086,Sumut,
D0086,Kombes,
D0086,Sumaryono,
D0086,mengatakan,
D0086,peristiwa,
D0086,itu,
D0086,terjadi,
D0086,di,
D0086,Blok,
D0086,58,
D0086,Perkebunan,
D0086,PT,
D0086,Socfindo,
D0086,Bangun,
D0086,Bandar,
D0086,Desa,
D0086,Dolok,
D0086,Sagala,
D0086,Kecamatan,
D0086,Dolok,
D0086,Masihul,
D0086,Senin,
D0086,742025,
D0086,sekitar,
D0086,pukul,
D0086,2030,
D0086,WIB,
D0086,Saat,
D0086,kejadian,
D0086,korban,
D0086,hendak,
D0086,pulang,
D0086,ke,
D0086,rumahnya,
D0086,di,
D0086,Tebing,
D0086,Tinggi,
D0086,Kami,
D0086,dari,
D0086,Dirreskrimum,
D0086,Polda,
D0086,Sumut,
D0086,dan,
D0086,Polres,
D0086,Serdang,
D0086,Bedagai,
D0086,dalam,
D0086,melaksanakan,
D0086,pengungkapan,
D0086,kasus,
D0086,tindak,
D0086,pidana,
D0086,pencurian,
D0086,dengan,
D0086,kekerasan,
D0086,yang,
D0086,disertai,
D0086,senjata,
D0086,tajam,
D0086,dan,
D0086,senjata,
D0086,api,
D0086,kata,
D0086,Sumaryono,
D0086,saat,
D0086,konferensi,
D0086,pers,
D0086,di,
D0086,Polda,
D0086,Sumut,
D0086,Kamis,
D0086,104,
D0086,SCROLL,
D0086,TO,
D0086,CONTINUE,
D0086,WITH,
D0086,CONTENT,
D0086,Sumaryono,
D0086,menyebut,
D0086,korban,
D0086,saat,
D0086,itu,
D0086,tengah,
D0086,mengendarai,
D0086,sepeda,
D0086,motor,
D0086,Honda,
D0086,Supra,
D0086,X,
D0086,miliknya,
D0086,Setibanya,
D0086,di,
D0086,lokasi,
D0086,kejadian,
D0086,korban,
D0086,diadang,
D0086,pelaku,
D0086,Pada,
D0086,saat,
D0086,yang,
D0086,bersamaan,
D0086,pelaku,
D0086,mengeluarkan,
D0086,parang,
D0086,dan,
D0086,membacok,
D0086,korban,
D0086,dengan,
D0086,tujuan,
D0086,untuk,
D0086,merebut,
D0086,motor,
D0086,korban,
D0086,Namun,
D0086,saat,
D0086,itu,
D0086,korban,
D0086,melakukan,
D0086,perlawanan,
D0086,sehingga,
D0086,terjadi,
D0086,pergumulan,
D0086,antara,
D0086,korban,
D0086,dan,
D0086,pelaku,
D0086,Pada,
D0086,saat,
D0086,kejadian,
D0086,tangan,
D0086,korban,
D0086,terluka,
D0086,saat,
D0086,berupaya,
D0086,merebut,
D0086,parang,
D0086,itu,
D0086,Ketika,
D0086,tersangka,
D0086,mengayunkan,
D0086,parang,
D0086,ke,
D0086,arah,
D0086,kepala,
D0086,korban,
D0086,korban,
D0086,menangkis,
D0086,dengan,
D0086,tangan,
D0086,kirinya,
D0086,dan,
D0086,merebut,
D0086,parang,
D0086,milik,
D0086,tersangka,
D0086,Keduanya,
D0086,saling,
D0086,berebut,
D0086,hingga,
D0086,akhirnya,
D0086,motor,
D0086,korban,
D0086,dan,
D0086,tersangka,
D0086,terjatuh,
D0086,jelasnya,
D0086,Parang,
D0086,itu,
D0086,pun,
D0086,bisa,
D0086,dirampas,
D0086,oleh,
D0086,korban,
D0086,Lalu,
D0086,pelaku,
D0086,mengambil,
D0086,senjata,
D0086,api,
D0086,dari,
D0086,pinggangnya,
D0086,dan,
D0086,mengancam,
D0086,akan,
D0086,menembak,
D0086,korban,
D0086,Melihat,
D0086,hal,
D0086,itu,
D0086,korban,
D0086,melakukan,
D0086,pemukulan,
D0086,ke,
D0086,arah,
D0086,pinggang,
D0086,pelaku,
D0086,menggunakan,
D0086,parang,
D0086,sehingga,
D0086,pistol,
D0086,tersebut,
D0086,jatuh,
D0086,Alhasil,
D0086,pistol,
D0086,itu,
D0086,diambil,
D0086,korban,
D0086,dan,
D0086,pelaku,
D0086,pergi,
D0086,melarikan,
D0086,diri,
D0086,karena,
D0086,ketakutan,
D0086,Korban,
D0086,mengambil,
D0086,pistol,
D0086,yang,
D0086,terjatuh,
D0086,dari,
D0086,pinggang,
D0086,pelaku,
D0086,tersebut,
D0086,Kemudian,
D0086,korban,
D0086,melaporkan,
D0086,ke,
D0086,Polsek,
D0086,Dolok,
D0086,Masihul,
D0086,karena,
D0086,menemukan,
D0086,senjata,
D0086,api,
D0086,ujarnya,
D0086,Pihak,
D0086,kepolisian,
D0086,pun,
D0086,menyelidiki,
D0086,kasus,
D0086,tersebut,
D0086,dan,
D0086,menangkap,
D0086,pelaku,
D0086,di,
D0086,salah,
D0086,satu,
D0086,rawarawa,
D0086,di,
D0086,Kota,
D0086,Tebing,
D0086,Tinggi,
D0086,Berdasarkan,
D0086,hasil,
D0086,penyelidikan,
D0086,pelaku,
D0086,merupakan,
D0086,residivis,
D0086,kasus,
D0086,pencurian,
D0086,dan,
D0086,narkoba,
D0086,Motif,
D0086,pelaku,
D0086,nekat,
D0086,membegal,
D0086,korban,
D0086,karena,
D0086,butuh,
D0086,uang,
D0086,untuk,
D0086,pelariannya,
D0086,Sebab,
D0086,pelaku,
D0086,tengah,
D0086,menjadi,
D0086,buronan,
D0086,Polres,
D0086,Sergai,
D0086,dalam,
D0086,kasus,
D0086,pencabulan,
D0086,Saat,
D0086,ditangkap,
D0086,pelaku,
D0086,bersembunyi,
D0086,di,
D0086,rawarawa,
D0086,berusaha,
D0086,untuk,
D0086,melarikan,
D0086,diri,
D0086,sehingga,
D0086,kami,
D0086,melakukan,
D0086,tindakan,
D0086,tegas,
D0086,terukur,
D0086,Motif,
D0086,tersangka,
D0086,melakukan,
D0086,kekerasan,
D0086,karena,
D0086,dia,
D0086,kekurangan,
D0086,uang,
D0086,sedang,
D0086,dikejar,
D0086,oleh,
D0086,Polres,
D0086,Sergai,
D0086,sebagai,
D0086,tersangka,
D0086,pencabulan,
D0086,Di,
D0086,masa,
D0086,pelarian,
D0086,dan,
D0086,nggak,
D0086,punya,
D0086,uang,
D0086,sehingga,
D0086,dia,
D0086,mencoba,
D0086,merampas,
D0086,sepeda,
D0086,motor,
D0086,yang,
D0086,akan,
D0086,dijual,
D0086,dan,
D0086,uangnya,
D0086,akan,
D0086,digunakan,
D0086,untuk,
D0086,pelarian,
D0086,ujar,
D0086,Sumaryono,
D0086,Tersangka,
D0086,merupakan,
D0086,residivis,
D0086,dengan,
D0086,empat,
D0086,kejadian,
D0086,Dua,
D0086,kasus,
D0086,narkoba,
D0086,dan,
D0086,dua,
D0086,lainnya,
D0086,kasus,
D0086,pencurian,
D0086,Dari,
D0086,4,
D0086,kasus,
D0086,tersebut,
D0086,belum,
D0086,pernah,
D0086,menggunakan,
D0086,senjata,
D0086,api,
D0086,sebagai,
D0086,alat,
D0086,sambungnya,
D0086,Perwira,
D0086,menengah,
D0086,Polri,
D0086,itu,
D0086,membenarkan,
D0086,bahwa,
D0086,pelaku,
D0086,merupakan,
D0086,mantan,
D0086,ketua,
D0086,salah,
D0086,satu,
D0086,ormas,
D0086,Saat,
D0086,ini,
D0086,pihak,
D0086,kepolisian,
D0086,tengah,
D0086,menyelidiki,
D0086,asal,
D0086,usul,
D0086,senjata,
D0086,api,
D0086,yang,
D0086,dipakai,
D0086,pelaku,
D0086,Masih,
D0086,kita,
D0086,dalami,
D0086,akan,
D0086,kita,
D0086,proses,
D0086,terhadap,
D0086,penyedianya,
D0086,Iya,
D0086,betul,
D0086,mantan,
D0086,ketua,
D0086,ormas,
D0086,pungkasnya,
D0086,Misnuriono,
D0086,yang,
D0086,juga,
D0086,hadir,
D0086,saat,
D0086,konferensi,
D0086,pers,
D0086,itu,
D0086,mengatakan,
D0086,bahwa,
D0086,saat,
D0086,itu,
D0086,dirinya,
D0086,baru,
D0086,pulang,
D0086,dari,
D0086,kebun,
D0086,Sebelum,
D0086,pulang,
D0086,dirinya,
D0086,lebih,
D0086,dulu,
D0086,singgah,
D0086,di,
D0086,rumah,
D0086,anaknya,
D0086,yang,
D0086,tak,
D0086,jauh,
D0086,dari,
D0086,lokasi,
D0086,kejadian,
D0086,Motor,
D0086,ke,
D0086,ladang,
D0086,Di,
D0086,sana,
D0086,kan,
D0086,ada,
D0086,rumah,
D0086,anak,
D0086,singgah,
D0086,dulu,
D0086,mandi,
D0086,baru,
D0086,pulang,
D0086,ujarnya,
D0086,Dia,
D0086,mengatakan,
D0086,kejadian,
D0086,itu,
D0086,membuat,
D0086,tangannya,
D0086,harus,
D0086,menerima,
D0086,25,
D0086,jahitan,
D0086,Kena,
D0086,25,
D0086,jahitan,
D0086,jelasnya,
D0087,Seorang,
D0087,buruh,
D0087,bernama,
D0087,Darman,
D0087,34,
D0087,dikeroyok,
D0087,oleh,
D0087,dua,
D0087,orang,
D0087,yang,
D0087,merupakan,
D0087,tetangganya,
D0087,pakai,
D0087,senjata,
D0087,tajam,
D0087,sajam,
D0087,hingga,
D0087,tewas,
D0087,Usai,
D0087,kejadian,
D0087,kedua,
D0087,pelaku,
D0087,pun,
D0087,telah,
D0087,ditangkap,
D0087,Kapolsek,
D0087,Kertapati,
D0087,Iptu,
D0087,Angga,
D0087,Kurniawan,
D0087,membenarkan,
D0087,adanya,
D0087,kejadian,
D0087,tersebut,
D0087,Menurutnya,
D0087,peristiwa,
D0087,ini,
D0087,terjadi,
D0087,di,
D0087,Jalan,
D0087,Mataram,
D0087,Kelurahan,
D0087,Kemas,
D0087,Rindo,
D0087,Kecamatan,
D0087,Kertapati,
D0087,Palembang,
D0087,pada,
D0087,Senin,
D0087,742025,
D0087,sekitar,
D0087,pukul,
D0087,1800,
D0087,WIB,
D0087,Benar,
D0087,terjadi,
D0087,pengeroyokan,
D0087,dengan,
D0087,sajam,
D0087,oleh,
D0087,2,
D0087,orang,
D0087,Pelaku,
D0087,berstatus,
D0087,ayah,
D0087,dan,
D0087,anak,
D0087,tetangga,
D0087,korban,
D0087,kata,
D0087,Angga,
D0087,saat,
D0087,dikonfirmasi,
D0087,Selasa,
D0087,84,
D0087,melansir,
D0087,detikSumbagsel,
D0087,SCROLL,
D0087,TO,
D0087,CONTINUE,
D0087,WITH,
D0087,CONTENT,
D0087,Angga,
D0087,mengatakan,
D0087,peristiwa,
D0087,tersebut,
D0087,berawal,
D0087,saat,
D0087,Darman,
D0087,mendatangi,
D0087,rumah,
D0087,para,
D0087,pelaku,
D0087,Mendra,
D0087,40,
D0087,dan,
D0087,RO,
D0087,20,
D0087,yang,
D0087,merupakan,
D0087,tetangganya,
D0087,Saat,
D0087,itu,
D0087,korban,
D0087,hendak,
D0087,menanyakan,
D0087,baikbaik,
D0087,mengapa,
D0087,kepala,
D0087,anaknya,
D0087,dijitak,
D0087,oleh,
D0087,pelaku,
D0087,RO,
D0087,Tapi,
D0087,Mendra,
D0087,merasa,
D0087,tak,
D0087,senang,
D0087,atas,
D0087,kedatangan,
D0087,korban,
D0087,Pelaku,
D0087,tersebut,
D0087,pun,
D0087,langsung,
D0087,mengambil,
D0087,sajam,
D0087,dari,
D0087,balik,
D0087,pintu,
D0087,dan,
D0087,mengayunkannya,
D0087,ke,
D0087,arah,
D0087,Darman,
D0087,Korban,
D0087,kemudian,
D0087,melarikan,
D0087,diri,
D0087,ke,
D0087,arah,
D0087,persawahan,
D0087,Di,
D0087,sanalah,
D0087,para,
D0087,pelaku,
D0087,mengeroyok,
D0087,korban,
D0087,dengan,
D0087,sajamnya,
D0087,jelasnya,
D0087,Peristiwa,
D0087,tersebut,
D0087,lalu,
D0087,dilihat,
D0087,oleh,
D0087,saksi,
D0087,yang,
D0087,merupakan,
D0087,warga,
D0087,sekitar,
D0087,Setelah,
D0087,didatangi,
D0087,saksi,
D0087,kedua,
D0087,pelaku,
D0087,kabur,
D0087,dan,
D0087,meninggalkan,
D0087,Darman,
D0087,dengan,
D0087,keadaan,
D0087,tergeletak,
D0087,tak,
D0087,berdaya,
D0087,Darman,
D0087,selanjutnya,
D0087,dilarikan,
D0087,ke,
D0087,RS,
D0087,Bari,
D0087,untuk,
D0087,diberi,
D0087,perawatan,
D0087,medis,
D0087,Namun,
D0087,nyawanya,
D0087,tidak,
D0087,tertolong,
D0087,dalam,
D0087,perjalanan,
D0087,Korban,
D0087,mengalami,
D0087,3,
D0087,luka,
D0087,tusuk,
D0087,yaitu,
D0087,1,
D0087,di,
D0087,dada,
D0087,bagian,
D0087,tengah,
D0087,dan,
D0087,2,
D0087,di,
D0087,punggung,
D0087,Selain,
D0087,itu,
D0087,terdapat,
D0087,juga,
D0087,3,
D0087,luka,
D0087,robek,
D0087,di,
D0087,tangan,
D0087,kanan,
D0087,tangan,
D0087,kiri,
D0087,dan,
D0087,kepala,
D0087,rincinya,
D0087,Pelaku,
D0087,langsung,
D0087,kami,
D0087,amankan,
D0087,kemarin,
D0087,74,
D0087,Termasuk,
D0087,barang,
D0087,bukti,
D0087,berupa,
D0087,parang,
D0087,dan,
D0087,pedang,
D0087,katanya,
D0088,Motor,
D0088,seorang,
D0088,driver,
D0088,ojek,
D0088,online,
D0088,ojol,
D0088,di,
D0088,Batam,
D0088,Kepulauan,
D0088,Riau,
D0088,dibawa,
D0088,kabur,
D0088,penumpangnya,
D0088,inisial,
D0088,SM,
D0088,Pelaku,
D0088,menipu,
D0088,korban,
D0088,dengan,
D0088,cara,
D0088,memesan,
D0088,secara,
D0088,offline,
D0088,atau,
D0088,tanpa,
D0088,aplikasi,
D0088,Kapolresta,
D0088,Barelang,
D0088,Kombes,
D0088,Zainal,
D0088,Arifin,
D0088,mengatakan,
D0088,awalnya,
D0088,korban,
D0088,tengah,
D0088,mangkal,
D0088,di,
D0088,daerah,
D0088,Batu,
D0088,Aji,
D0088,Saat,
D0088,itu,
D0088,korban,
D0088,didatangi,
D0088,pelaku,
D0088,dan,
D0088,minta,
D0088,diantarkan,
D0088,ke,
D0088,beberapa,
D0088,lokasi,
D0088,Pelaku,
D0088,memesan,
D0088,secara,
D0088,offline,
D0088,kepada,
D0088,korban,
D0088,pelaku,
D0088,menjanjikan,
D0088,akan,
D0088,membayar,
D0088,biaya,
D0088,Rp,
D0088,150,
D0088,ribu,
D0088,jika,
D0088,mengantarnya,
D0088,ujarnya,
D0088,Senin,
D0088,742025,
D0088,SCROLL,
D0088,TO,
D0088,CONTINUE,
D0088,WITH,
D0088,CONTENT,
D0088,Pelaku,
D0088,meminta,
D0088,korban,
D0088,mengantarkan,
D0088,ke,
D0088,arah,
D0088,masjid,
D0088,Muhammad,
D0088,Riayat,
D0088,Syah,
D0088,Setelah,
D0088,itu,
D0088,pelaku,
D0088,minta,
D0088,diantar,
D0088,ke,
D0088,Masjid,
D0088,Agung,
D0088,Batam,
D0088,Center,
D0088,Saat,
D0088,diperjalanan,
D0088,pelaku,
D0088,mengajak,
D0088,korban,
D0088,untuk,
D0088,makan,
D0088,siang,
D0088,Pelaku,
D0088,mengajak,
D0088,korban,
D0088,ke,
D0088,Kawasan,
D0088,Legenda,
D0088,Saat,
D0088,di,
D0088,Legenda,
D0088,pelaku,
D0088,berpurapura,
D0088,meminjam,
D0088,motor,
D0088,korban,
D0088,untuk,
D0088,membeli,
D0088,bakso,
D0088,ujarnya,
D0088,Korban,
D0088,yang,
D0088,mengetahui,
D0088,pelaku,
D0088,tak,
D0088,kunjung,
D0088,kembali,
D0088,kemudian,
D0088,panik,
D0088,Kejadian,
D0088,itu,
D0088,akhirnya,
D0088,dilaporkan,
D0088,ke,
D0088,Polsek,
D0088,Batam,
D0088,Kota,
D0088,Dari,
D0088,laporan,
D0088,korban,
D0088,itu,
D0088,kemudian,
D0088,dilakukan,
D0088,penyelidikan,
D0088,dan,
D0088,penangkapan,
D0088,pelaku,
D0088,ujarnya,
D0088,Pelaku,
D0088,SM,
D0088,ditangkap,
D0088,tim,
D0088,gabungan,
D0088,Polresta,
D0088,dan,
D0088,Polsek,
D0088,Batam,
D0088,kota,
D0088,sekitar,
D0088,pukul,
D0088,0530,
D0088,WIB,
D0088,di,
D0088,kawasan,
D0088,Tiban,
D0088,Sekupang,
D0088,lanjut,
D0088,dia,
D0088,Dari,
D0088,pemeriksaan,
D0088,polisi,
D0088,pelaku,
D0088,SM,
D0088,mengaku,
D0088,alasannya,
D0088,membawa,
D0088,kabur,
D0088,motor,
D0088,korban,
D0088,karena,
D0088,terdesak,
D0088,ekonomi,
D0088,Motor,
D0088,itu,
D0088,rencananya,
D0088,akan,
D0088,digunakan,
D0088,pelaku,
D0088,untuk,
D0088,bekerja,
D0088,Motifnya,
D0088,ekonomi,
D0088,Motor,
D0088,yang,
D0088,dibawa,
D0088,kabur,
D0088,itu,
D0088,rencananya,
D0088,akan,
D0088,digunakan,
D0088,pelaku,
D0088,untuk,
D0088,bekerja,
D0088,ujarnya,
D0088,Atas,
D0088,perbuatannya,
D0088,pelaku,
D0088,dijerat,
D0088,dengan,
D0088,pasal,
D0088,penggelapan,
D0088,Pelaku,
D0088,terancam,
D0088,pidana,
D0088,kurungan,
D0088,penjara,
D0088,4,
D0088,tahun,
D0089,Pria,
D0089,lanjut,
D0089,usia,
D0089,lansia,
D0089,Mastur,
D0089,64,
D0089,ditangkap,
D0089,warga,
D0089,saat,
D0089,membeli,
D0089,cabai,
D0089,di,
D0089,Pasar,
D0089,Tradisional,
D0089,Terara,
D0089,Lombok,
D0089,Timur,
D0089,Nusa,
D0089,Tenggara,
D0089,Barat,
D0089,NTB,
D0089,Mastur,
D0089,ditangkap,
D0089,lantaran,
D0089,ketahuan,
D0089,berbelanja,
D0089,menggunakan,
D0089,uang,
D0089,palsu,
D0089,upal,
D0089,kepada,
D0089,pedagang,
D0089,bernama,
D0089,Sahmin,
D0089,80,
D0089,Terduga,
D0089,pelaku,
D0089,mendatangi,
D0089,korban,
D0089,Sahmin,
D0089,hendak,
D0089,membeli,
D0089,cabai,
D0089,seharga,
D0089,Rp,
D0089,20,
D0089,ribu,
D0089,menggunakan,
D0089,uang,
D0089,palsu,
D0089,pecahan,
D0089,seratus,
D0089,ribu,
D0089,Kemudian,
D0089,pelaku,
D0089,langsung,
D0089,meminta,
D0089,kembalian,
D0089,jelas,
D0089,Kepala,
D0089,Seksi,
D0089,Hubungan,
D0089,Masyarakat,
D0089,Kasi,
D0089,Humas,
D0089,Polres,
D0089,Lombok,
D0089,Timur,
D0089,AKP,
D0089,Nikolas,
D0089,Osman,
D0089,melalui,
D0089,keterangan,
D0089,tertulis,
D0089,Senin,
D0089,742025,
D0089,Tindakan,
D0089,kriminalitas,
D0089,Mastur,
D0089,diketahui,
D0089,saat,
D0089,mencoba,
D0089,menukarkan,
D0089,kembali,
D0089,uang,
D0089,pecahan,
D0089,Rp,
D0089,100,
D0089,ribu,
D0089,miliknya,
D0089,dengan,
D0089,Sahmin,
D0089,Beruntung,
D0089,uang,
D0089,yang,
D0089,hendak,
D0089,ditukarkan,
D0089,itu,
D0089,sempat,
D0089,diperiksa,
D0089,oleh,
D0089,pedagang,
D0089,lain,
D0089,sehingga,
D0089,diketahui,
D0089,palsu,
D0089,SCROLL,
D0089,TO,
D0089,CONTINUE,
D0089,WITH,
D0089,CONTENT,
D0089,Sahmin,
D0089,lantas,
D0089,meminta,
D0089,kembali,
D0089,uangnya,
D0089,kepada,
D0089,Mastur,
D0089,dan,
D0089,sempat,
D0089,menimbulkan,
D0089,keributan,
D0089,Setelah,
D0089,itu,
D0089,warga,
D0089,langsung,
D0089,membawa,
D0089,Mastur,
D0089,ke,
D0089,Kepolisian,
D0089,Sektor,
D0089,Polsek,
D0089,Terara,
D0089,untuk,
D0089,diperiksa,
D0089,Hasil,
D0089,pemeriksaan,
D0089,ditemukan,
D0089,barang,
D0089,bukti,
D0089,upal,
D0089,pecahan,
D0089,Rp,
D0089,50,
D0089,ribu,
D0089,senilai,
D0089,Rp,
D0089,250,
D0089,ribu,
D0089,pecahan,
D0089,Rp,
D0089,100,
D0089,ribu,
D0089,senilai,
D0089,Rp,
D0089,3100000,
D0089,serta,
D0089,mata,
D0089,uang,
D0089,asing,
D0089,di,
D0089,dalam,
D0089,dompet,
D0089,pelaku,
D0089,beber,
D0089,Nikolas,
D0089,Menurut,
D0089,Nikolas,
D0089,Mastur,
D0089,merupakan,
D0089,pelaku,
D0089,lama,
D0089,Sebab,
D0089,ia,
D0089,adalah,
D0089,residivis,
D0089,dalam,
D0089,kasus,
D0089,yang,
D0089,sama,
D0089,pada,
D0089,2020,
D0089,dan,
D0089,telah,
D0089,menjalani,
D0089,hukuman,
D0089,kurungan,
D0089,selama,
D0089,dua,
D0089,tahun,
D0089,Tidak,
D0089,menutup,
D0089,kemungkinan,
D0089,masih,
D0089,ada,
D0089,upal,
D0089,yang,
D0089,disimpan,
D0089,di,
D0089,tempat,
D0089,lain,
D0089,terang,
D0089,Nikolas,
D0090,Remaja,
D0090,berinisial,
D0090,IGYW,
D0090,16,
D0090,nekat,
D0090,memanjat,
D0090,tembok,
D0090,Pura,
D0090,Dalem,
D0090,Desa,
D0090,Adat,
D0090,Belong,
D0090,Kecamatan,
D0090,Tegallalang,
D0090,Gianyar,
D0090,Bali,
D0090,untuk,
D0090,mencuri,
D0090,sesari,
D0090,Sabtu,
D0090,542025,
D0090,sekitar,
D0090,pukul,
D0090,1930,
D0090,Wita,
D0090,Beruntung,
D0090,tindakan,
D0090,kriminalitas,
D0090,IGYW,
D0090,gagal,
D0090,dilakukan,
D0090,dan,
D0090,berujung,
D0090,ditangkap,
D0090,warga,
D0090,Betul,
D0090,ditangkap,
D0090,oleh,
D0090,warga,
D0090,Tetapi,
D0090,tidak,
D0090,ada,
D0090,pemukulan,
D0090,oleh,
D0090,warga,
D0090,Saat,
D0090,ini,
D0090,sudah,
D0090,diamankan,
D0090,di,
D0090,Unit,
D0090,Reskrim,
D0090,Polsek,
D0090,Tegallalang,
D0090,untuk,
D0090,dilakukan,
D0090,proses,
D0090,lebih,
D0090,lanjut,
D0090,kata,
D0090,Kapolsek,
D0090,Tegallalang,
D0090,AKP,
D0090,Ketut,
D0090,Wiwin,
D0090,Wirahadi,
D0090,saat,
D0090,dihubungi,
D0090,detikBali,
D0090,Senin,
D0090,742025,
D0090,IGYW,
D0090,mendatangi,
D0090,Pura,
D0090,Dalem,
D0090,Banjar,
D0090,Belong,
D0090,dengan,
D0090,mengendarai,
D0090,motor,
D0090,Filano,
D0090,perak,
D0090,Ia,
D0090,kemudian,
D0090,memarkirkan,
D0090,kendaraannya,
D0090,di,
D0090,dekat,
D0090,Posko,
D0090,Pecalang,
D0090,Pura,
D0090,Dalem,
D0090,Desa,
D0090,Adat,
D0090,Belong,
D0090,SCROLL,
D0090,TO,
D0090,CONTINUE,
D0090,WITH,
D0090,CONTENT,
D0090,Remaja,
D0090,itu,
D0090,lantas,
D0090,memanjat,
D0090,Pura,
D0090,Dalem,
D0090,Desa,
D0090,Adat,
D0090,Belong,
D0090,Namun,
D0090,tindakan,
D0090,IGYW,
D0090,ketahuan,
D0090,oleh,
D0090,seorang,
D0090,warga,
D0090,berinisial,
D0090,IWAS,
D0090,yang,
D0090,sedang,
D0090,berada,
D0090,di,
D0090,ladang,
D0090,sebelah,
D0090,utara,
D0090,Pura,
D0090,Dalem,
D0090,Desa,
D0090,Adat,
D0090,Belong,
D0090,Warga,
D0090,yang,
D0090,mendapati,
D0090,aksi,
D0090,itu,
D0090,langsung,
D0090,meneriaki,
D0090,IGYW,
D0090,maling,
D0090,Selain,
D0090,itu,
D0090,IWAS,
D0090,juga,
D0090,segera,
D0090,melaporkan,
D0090,kejadian,
D0090,itu,
D0090,ke,
D0090,Kelian,
D0090,Dinas,
D0090,Banjar,
D0090,Belong,
D0090,Informasi,
D0090,percobaan,
D0090,pencurian,
D0090,itu,
D0090,pun,
D0090,tersiar,
D0090,di,
D0090,Whatsapp,
D0090,Grup,
D0090,WAG,
D0090,Banjar,
D0090,Belong,
D0090,Warga,
D0090,kemudian,
D0090,siaga,
D0090,untuk,
D0090,memburu,
D0090,pelaku,
D0090,hingga,
D0090,akhirnya,
D0090,dapat,
D0090,ditangkap,
D0090,Wiwin,
D0090,mengungkapkan,
D0090,IGYW,
D0090,mencoba,
D0090,mencuri,
D0090,sesari,
D0090,di,
D0090,Pura,
D0090,Dalem,
D0090,Desa,
D0090,Adat,
D0090,Belong,
D0090,untuk,
D0090,memenuhi,
D0090,kebutuhan,
D0090,seharihari,
D0090,Tetapi,
D0090,belum,
D0090,diambil,
D0090,uangnya,
D0090,jelasnya,
D0090,Akibat,
D0090,perbuatan,
D0090,itu,
D0090,IGYW,
D0090,telah,
D0090,ditetapkan,
D0090,sebagai,
D0090,tersangka,
D0090,oleh,
D0090,Unit,
D0090,Reskrim,
D0090,Polsek,
D0090,Tegallalang,
D0090,Ia,
D0090,dijerat,
D0090,dengan,
D0090,Pasal,
D0090,362,
D0090,Kitab,
D0090,UndangUndang,
D0090,Hukum,
D0090,Pidana,
D0090,KUHP,
D0090,juncto,
D0090,Pasal,
D0090,53,
D0090,ayat,
D0090,1,
D0090,KUHP,
D0090,dengan,
D0090,ancaman,
D0090,penjara,
D0090,maksimal,
D0090,lima,
D0090,tahun,
D0091,Seorang,
D0091,pria,
D0091,paruh,
D0091,baya,
D0091,bernama,
D0091,Efendy,
D0091,Lamba,
D0091,59,
D0091,warga,
D0091,Makale,
D0091,Kabupaten,
D0091,Tana,
D0091,Toraja,
D0091,Provinsi,
D0091,Sulawesi,
D0091,Selatan,
D0091,ditangkap,
D0091,polisi,
D0091,di,
D0091,Jalan,
D0091,Bypass,
D0091,Ngurah,
D0091,Rai,
D0091,Kamis,
D0091,2732025,
D0091,Dia,
D0091,ditangkap,
D0091,polisi,
D0091,setelah,
D0091,membakar,
D0091,vila,
D0091,milik,
D0091,seorang,
D0091,warga,
D0091,negara,
D0091,WN,
D0091,Inggris,
D0091,Stephen,
D0091,Joseph,
D0091,Teasdal,
D0091,Setelah,
D0091,dilakukan,
D0091,penyelidikan,
D0091,tersangka,
D0091,kami,
D0091,tangkap,
D0091,di,
D0091,Jalan,
D0091,Bypass,
D0091,Ngurah,
D0091,Rai,
D0091,di,
D0091,sebuah,
D0091,proyek,
D0091,tempat,
D0091,kerjanya,
D0091,yang,
D0091,baru,
D0091,kata,
D0091,Kapolsek,
D0091,Kuta,
D0091,Selatan,
D0091,AKP,
D0091,I,
D0091,Komang,
D0091,Agus,
D0091,saat,
D0091,konferensi,
D0091,pers,
D0091,di,
D0091,kantornya,
D0091,Senin,
D0091,742025,
D0091,Aksi,
D0091,pembakaran,
D0091,itu,
D0091,terjadi,
D0091,di,
D0091,Vila,
D0091,Devalaya,
D0091,Jalan,
D0091,Anggrek,
D0091,Raya,
D0091,I,
D0091,Nomor,
D0091,6,
D0091,Desa,
D0091,Pecatu,
D0091,Kecamatan,
D0091,Kuta,
D0091,Selatan,
D0091,17,
D0091,Maret,
D0091,2025,
D0091,sekitar,
D0091,pukul,
D0091,0300,
D0091,Wita,
D0091,Efendy,
D0091,berniat,
D0091,membakar,
D0091,dan,
D0091,sekaligus,
D0091,membunuh,
D0091,Teasdal,
D0091,yang,
D0091,kebetulan,
D0091,sedang,
D0091,tidur,
D0091,di,
D0091,vila,
D0091,itu,
D0091,SCROLL,
D0091,TO,
D0091,CONTINUE,
D0091,WITH,
D0091,CONTENT,
D0091,Beberapa,
D0091,peralatan,
D0091,seperti,
D0091,botol,
D0091,kaca,
D0091,bensin,
D0091,dan,
D0091,kain,
D0091,sudah,
D0091,disiapkan,
D0091,Lalu,
D0091,satu,
D0091,botol,
D0091,berisi,
D0091,bensin,
D0091,dan,
D0091,lain,
D0091,yang,
D0091,terbakar,
D0091,dilempar,
D0091,Efendi,
D0091,ke,
D0091,vila,
D0091,itu,
D0091,Tak,
D0091,lama,
D0091,vila,
D0091,itu,
D0091,terbakar,
D0091,akibat,
D0091,ulah,
D0091,Efendy,
D0091,Beruntung,
D0091,Teasdal,
D0091,sempat,
D0091,terbangun,
D0091,karena,
D0091,mendengar,
D0091,pecahan,
D0091,botol,
D0091,usai,
D0091,dilempar,
D0091,Efendy,
D0091,Teasdal,
D0091,lalu,
D0091,menyelamatkan,
D0091,diri,
D0091,dan,
D0091,melaporkan,
D0091,peristiwa,
D0091,itu,
D0091,ke,
D0091,polisi,
D0091,Niatnya,
D0091,memang,
D0091,sekalian,
D0091,membakar,
D0091,korban,
D0091,Tapi,
D0091,untung,
D0091,korban,
D0091,Teasdal,
D0091,sempat,
D0091,bangun,
D0091,Kalau,
D0091,nggak,
D0091,kena,
D0091,pasal,
D0091,pembunuhan,
D0091,berencana,
D0091,dia,
D0091,kata,
D0091,Agus,
D0091,Agus,
D0091,mengatakan,
D0091,Efendy,
D0091,sempat,
D0091,diburu,
D0091,10,
D0091,hari,
D0091,hingga,
D0091,akhirnya,
D0091,tertangkap,
D0091,dan,
D0091,kini,
D0091,sudah,
D0091,ditahan,
D0091,Saat,
D0091,diinterogasi,
D0091,polisi,
D0091,Efendy,
D0091,mengaku,
D0091,nekat,
D0091,membakar,
D0091,vila,
D0091,itu,
D0091,karena,
D0091,sakit,
D0091,hati,
D0091,telah,
D0091,diberhentikan,
D0091,dari,
D0091,pekerjaannya,
D0091,oleh,
D0091,Teasdal,
D0091,Jadi,
D0091,Efendy,
D0091,ini,
D0091,baru,
D0091,bekerja,
D0091,sekitar,
D0091,tiga,
D0091,bulan,
D0091,Selama,
D0091,itu,
D0091,dia,
D0091,ngakunya,
D0091,sering,
D0091,mendapat,
D0091,perlakuan,
D0091,tidak,
D0091,mengenakkan,
D0091,katanya,
D0092,Rezky,
D0092,Fauzan,
D0092,Renajaya,
D0092,alias,
D0092,Eki,
D0092,28,
D0092,ditangkap,
D0092,polisi,
D0092,usai,
D0092,membunuh,
D0092,tantenya,
D0092,Evi,
D0092,Latifah,
D0092,Polisi,
D0092,pun,
D0092,mengungkap,
D0092,motif,
D0092,pelaku,
D0092,membunuh,
D0092,korban,
D0092,yang,
D0092,ternyata,
D0092,hanya,
D0092,karena,
D0092,kesal,
D0092,disuruh,
D0092,mencuci,
D0092,piring,
D0092,Awal,
D0092,kejadian,
D0092,atau,
D0092,kronologinya,
D0092,pelaku,
D0092,atau,
D0092,tersangka,
D0092,ini,
D0092,diminta,
D0092,untuk,
D0092,mencuci,
D0092,piring,
D0092,oleh,
D0092,tantenya,
D0092,Kemudian,
D0092,dengan,
D0092,ada,
D0092,sedikit,
D0092,percekcokan,
D0092,tantenya,
D0092,mencipratkan,
D0092,air,
D0092,ke,
D0092,muka,
D0092,tersangka,
D0092,sehingga,
D0092,tersangka,
D0092,tidak,
D0092,terima,
D0092,dan,
D0092,membalas,
D0092,melemparkan,
D0092,spons,
D0092,alat,
D0092,mencuci,
D0092,piring,
D0092,ke,
D0092,arah,
D0092,muka,
D0092,korban,
D0092,kata,
D0092,Kasat,
D0092,Reskrim,
D0092,Polresta,
D0092,Bogor,
D0092,Kota,
D0092,Kompol,
D0092,Aji,
D0092,Riznaldi,
D0092,dilansir,
D0092,detikNews,
D0092,Senin,
D0092,742025,
D0092,Cekcok,
D0092,mulut,
D0092,tersebut,
D0092,berujung,
D0092,pembunuhan,
D0092,Pelaku,
D0092,Eki,
D0092,memukuli,
D0092,korban,
D0092,secara,
D0092,brutal,
D0092,dan,
D0092,bertubitubi,
D0092,hingga,
D0092,korban,
D0092,tewas,
D0092,di,
D0092,TKP,
D0092,SCROLL,
D0092,TO,
D0092,CONTINUE,
D0092,WITH,
D0092,CONTENT,
D0092,Pada,
D0092,saat,
D0092,itu,
D0092,kemudian,
D0092,tersangka,
D0092,melakukan,
D0092,pemukulan,
D0092,secara,
D0092,brutal,
D0092,bertubitubi,
D0092,ke,
D0092,arah,
D0092,wajah,
D0092,korban,
D0092,sehingga,
D0092,mengakibatkan,
D0092,korban,
D0092,bercucuran,
D0092,darah,
D0092,mendapatkan,
D0092,luka,
D0092,serius,
D0092,di,
D0092,wajah,
D0092,dan,
D0092,akhirnya,
D0092,meninggal,
D0092,dunia,
D0092,ucap,
D0092,Aji,
D0092,Eki,
D0092,ternyata,
D0092,kesal,
D0092,karena,
D0092,ia,
D0092,sudah,
D0092,ada,
D0092,janji,
D0092,untuk,
D0092,nongkrong,
D0092,bersama,
D0092,temantemannya,
D0092,sore,
D0092,itu,
D0092,namun,
D0092,korban,
D0092,meminta,
D0092,pelaku,
D0092,mencuci,
D0092,piring,
D0092,Jadi,
D0092,memang,
D0092,tersangka,
D0092,ini,
D0092,sebelum,
D0092,kejadian,
D0092,pembunuhan,
D0092,janjian,
D0092,sama,
D0092,temantemannya,
D0092,untuk,
D0092,kumpulkumpul,
D0092,Nah,
D0092,karena,
D0092,dia,
D0092,disuruh,
D0092,dulu,
D0092,mencuci,
D0092,piring,
D0092,itu,
D0092,sehingga,
D0092,dia,
D0092,tidak,
D0092,bisa,
D0092,cepat,
D0092,kumpul,
D0092,sama,
D0092,temennya,
D0092,kata,
D0092,Aji,
D0092,Tersangka,
D0092,Eki,
D0092,seharihari,
D0092,diasuh,
D0092,dan,
D0092,dibiayai,
D0092,sekolahnya,
D0092,oleh,
D0092,korban,
D0092,sejak,
D0092,tersangka,
D0092,berusia,
D0092,15,
D0092,tahun,
D0092,Pasalnya,
D0092,tersangka,
D0092,merupakan,
D0092,anak,
D0092,yatim,
D0092,piatu,
D0092,Jadi,
D0092,yang,
D0092,bersangkutan,
D0092,ini,
D0092,anak,
D0092,yatim,
D0092,piatu,
D0092,yang,
D0092,diurus,
D0092,dan,
D0092,dibiayai,
D0092,oleh,
D0092,tantenya,
D0092,Profesi,
D0092,pelaku,
D0092,mahasiswa,
D0092,kampusnya,
D0092,di,
D0092,Jakarta,
D0092,Ketika,
D0092,pembunuhan,
D0092,hanya,
D0092,ada,
D0092,dua,
D0092,orang,
D0092,imbuhnya,
D0092,Polisi,
D0092,masih,
D0092,menunggu,
D0092,hasil,
D0092,autopsi,
D0092,terhadap,
D0092,tubuh,
D0092,korban,
D0092,Pelaku,
D0092,disebut,
D0092,membunuh,
D0092,korban,
D0092,dengan,
D0092,tangan,
D0092,kosong,
D0092,Korban,
D0092,mengalami,
D0092,luka,
D0092,di,
D0092,bagian,
D0092,wajah,
D0092,dagu,
D0092,dan,
D0092,mata,
D0092,Berdasarkan,
D0092,pengakuan,
D0092,dari,
D0092,tersangka,
D0092,tersangka,
D0092,ini,
D0092,tidak,
D0092,menggunakan,
D0092,alat,
D0092,ketika,
D0092,pembunuhan,
D0092,Tetapi,
D0092,kita,
D0092,coba,
D0092,lakukan,
D0092,autopsi,
D0092,apakah,
D0092,dari,
D0092,lukanya,
D0092,terdapat,
D0092,luka,
D0092,tusukan,
D0092,atau,
D0092,luka,
D0092,lain,
D0092,yang,
D0092,disebabkan,
D0092,benda,
D0092,tajam,
D0092,atau,
D0092,benda,
D0092,lain,
D0092,dan,
D0092,ini,
D0092,kita,
D0092,masih,
D0092,menunggu,
D0092,dari,
D0092,hasil,
D0092,autopsi,
D0092,kata,
D0092,Aji,
D0092,Untuk,
D0092,luka,
D0092,luka,
D0092,korban,
D0092,terdapat,
D0092,di,
D0092,pelipis,
D0092,sebelah,
D0092,kiri,
D0092,dan,
D0092,kanan,
D0092,kemudian,
D0092,di,
D0092,dahi,
D0092,kanan,
D0092,terdapat,
D0092,luka,
D0092,robek,
D0092,yang,
D0092,cukup,
D0092,besar,
D0092,kemudian,
D0092,di,
D0092,wilayah,
D0092,dagu,
D0092,mata,
D0092,terdapat,
D0092,memar,
D0092,tambahnya,
D0093,Pria,
D0093,bernama,
D0093,Edi,
D0093,27,
D0093,dikeroyok,
D0093,hingga,
D0093,tangan,
D0093,kirinya,
D0093,putus,
D0093,di,
D0093,lobby,
D0093,Hotel,
D0093,Bunga,
D0093,Youtefa,
D0093,Kota,
D0093,Jayapura,
D0093,Papua,
D0093,Edi,
D0093,dikeroyok,
D0093,gegara,
D0093,membantu,
D0093,karyawan,
D0093,hotel,
D0093,yang,
D0093,juga,
D0093,sepupunya,
D0093,bernama,
D0093,Dedi,
D0093,29,
D0093,ketika,
D0093,cekcok,
D0093,dengan,
D0093,salah,
D0093,satu,
D0093,pelaku,
D0093,Pengeroyokan,
D0093,itu,
D0093,terjadi,
D0093,pada,
D0093,Jumat,
D0093,44,
D0093,sekitar,
D0093,pukul,
D0093,0230,
D0093,WIT,
D0093,Korban,
D0093,kini,
D0093,menjalani,
D0093,perawatan,
D0093,di,
D0093,RSUD,
D0093,Jayapura,
D0093,Kasus,
D0093,pengeroyokan,
D0093,yang,
D0093,mengakibatkan,
D0093,korban,
D0093,bernama,
D0093,Edi,
D0093,harus,
D0093,mengalami,
D0093,putus,
D0093,tangan,
D0093,kiri,
D0093,dan,
D0093,luka,
D0093,potong,
D0093,pada,
D0093,siku,
D0093,bagian,
D0093,kanan,
D0093,akibat,
D0093,tebasan,
D0093,parang,
D0093,dari,
D0093,salah,
D0093,satu,
D0093,pelaku,
D0093,kata,
D0093,Kapolresta,
D0093,Jayapura,
D0093,Kota,
D0093,Kombes,
D0093,Victor,
D0093,D,
D0093,Mackbon,
D0093,Minggu,
D0093,642025,
D0093,melansir,
D0093,detikSulsel,
D0093,SCROLL,
D0093,TO,
D0093,CONTINUE,
D0093,WITH,
D0093,CONTENT,
D0093,Victor,
D0093,mengatakan,
D0093,mulanya,
D0093,pelaku,
D0093,berinisial,
D0093,IB,
D0093,alias,
D0093,Nakamici,
D0093,29,
D0093,datang,
D0093,ke,
D0093,hotel,
D0093,dalam,
D0093,keadaan,
D0093,mabuk,
D0093,IB,
D0093,lalu,
D0093,terlibat,
D0093,cekcok,
D0093,dengan,
D0093,Dedi,
D0093,Pengeroyokan,
D0093,tersebut,
D0093,berawal,
D0093,dari,
D0093,adu,
D0093,mulut,
D0093,antara,
D0093,saksi,
D0093,bernama,
D0093,Dedi,
D0093,yang,
D0093,merupakan,
D0093,karyawan,
D0093,Hotel,
D0093,Bunga,
D0093,Youtefa,
D0093,dengan,
D0093,pelaku,
D0093,IB,
D0093,yang,
D0093,saat,
D0093,itu,
D0093,dalam,
D0093,pengaruh,
D0093,miras,
D0093,datang,
D0093,ke,
D0093,hotel,
D0093,dan,
D0093,buat,
D0093,keributan,
D0093,kata,
D0093,Viktor,
D0093,Victor,
D0093,menjelaskan,
D0093,IB,
D0093,lalu,
D0093,memanggil,
D0093,temannya,
D0093,ke,
D0093,hotel,
D0093,hingga,
D0093,terjadi,
D0093,pengeroyokan,
D0093,Saat,
D0093,itu,
D0093,Edi,
D0093,terbangun,
D0093,karena,
D0093,terjadi,
D0093,keributan,
D0093,antara,
D0093,Dedi,
D0093,dan,
D0093,IB,
D0093,beserta,
D0093,temantemannya,
D0093,Jadi,
D0093,akibat,
D0093,debat,
D0093,mulut,
D0093,antara,
D0093,Dedi,
D0093,dan,
D0093,IB,
D0093,akhirnya,
D0093,membuat,
D0093,IB,
D0093,membawa,
D0093,temantemannya,
D0093,ke,
D0093,hotel,
D0093,dan,
D0093,melakukan,
D0093,pengeroyokan,
D0093,namun,
D0093,korban,
D0093,Edi,
D0093,yang,
D0093,merupakan,
D0093,sepupu,
D0093,Dedi,
D0093,terbangun,
D0093,kemudian,
D0093,membantu,
D0093,Dedi,
D0093,menghadapi,
D0093,IB,
D0093,dan,
D0093,temantemannya,
D0093,jelasnya,
D0093,Seusai,
D0093,melakukan,
D0093,pengeroyokan,
D0093,IB,
D0093,dan,
D0093,temannya,
D0093,langsung,
D0093,meninggalkan,
D0093,tempat,
D0093,kejadian,
D0093,perkara,
D0093,TKP,
D0093,Polisi,
D0093,yang,
D0093,melakukan,
D0093,penyelidikan,
D0093,menangkap,
D0093,IB,
D0093,dan,
D0093,pelaku,
D0093,lainnya,
D0093,inisial,
D0093,RB,
D0093,alias,
D0093,Cilang,
D0093,27,
D0093,ditangkap,
D0093,di,
D0093,Rumah,
D0093,Sakit,
D0093,Ramela,
D0093,Koya,
D0093,Barat,
D0093,Polisi,
D0093,berhasil,
D0093,menemukan,
D0093,dua,
D0093,pelaku,
D0093,yakni,
D0093,IB,
D0093,dan,
D0093,RB,
D0093,di,
D0093,Rumah,
D0093,Sakit,
D0093,Rameela,
D0093,Koya,
D0093,Barat,
D0093,saat,
D0093,usai,
D0093,mendapatkan,
D0093,perawatan,
D0093,medis,
D0093,di,
D0093,sana,
D0093,bebernya,
D0094,Warga,
D0094,Karangasem,
D0094,Bali,
D0094,I,
D0094,Kadek,
D0094,Gunawan,
D0094,nyaris,
D0094,dibegal,
D0094,saat,
D0094,melintas,
D0094,di,
D0094,Jalan,
D0094,Bypass,
D0094,Ida,
D0094,Bagus,
D0094,Mantra,
D0094,tepatnya,
D0094,di,
D0094,Simpang,
D0094,Watu,
D0094,Klotok,
D0094,menuju,
D0094,Desa,
D0094,Tojan,
D0094,Klungkung,
D0094,Kamis,
D0094,342025,
D0094,sekitar,
D0094,pukul,
D0094,1900,
D0094,Wita,
D0094,Insiden,
D0094,percobaan,
D0094,begal,
D0094,ini,
D0094,viral,
D0094,setelah,
D0094,Gunawan,
D0094,membagikan,
D0094,pengalamannya,
D0094,melalui,
D0094,akun,
D0094,Facebooknya,
D0094,Guz,
D0094,Reokdevil,
D0094,Kepala,
D0094,Seksi,
D0094,Hubungan,
D0094,Masyarakat,
D0094,Kasi,
D0094,Humas,
D0094,Polres,
D0094,Klungkung,
D0094,AKP,
D0094,Agus,
D0094,Widiono,
D0094,mengatakan,
D0094,Unit,
D0094,Reserse,
D0094,Kriminal,
D0094,Reskrim,
D0094,Polsek,
D0094,Klungkung,
D0094,sudah,
D0094,mendatangi,
D0094,rumah,
D0094,Gunawan,
D0094,di,
D0094,Banjar,
D0094,Dinas,
D0094,Jangu,
D0094,Desa,
D0094,Duda,
D0094,Kecamatan,
D0094,Selat,
D0094,Karangasem,
D0094,Jumat,
D0094,442025,
D0094,Kami,
D0094,mintai,
D0094,keterangan,
D0094,korban,
D0094,sekaligus,
D0094,cek,
D0094,rute,
D0094,jalurnya,
D0094,terang,
D0094,Agus,
D0094,saat,
D0094,dihubungi,
D0094,detikBali,
D0094,Sabtu,
D0094,542205,
D0094,SCROLL,
D0094,TO,
D0094,CONTINUE,
D0094,WITH,
D0094,CONTENT,
D0094,Menurut,
D0094,Agus,
D0094,Gunawan,
D0094,melintas,
D0094,di,
D0094,Jalan,
D0094,Bypass,
D0094,Ida,
D0094,Bagus,
D0094,Mantra,
D0094,menuju,
D0094,tempat,
D0094,kerjanya,
D0094,di,
D0094,Nusa,
D0094,Dua,
D0094,Ia,
D0094,kemudian,
D0094,diikuti,
D0094,oleh,
D0094,dua,
D0094,orang,
D0094,tak,
D0094,dikenal,
D0094,dengan,
D0094,berkendara,
D0094,motor,
D0094,setibanya,
D0094,di,
D0094,Jalan,
D0094,Raya,
D0094,Tojan,
D0094,menuju,
D0094,Klotok,
D0094,Setelah,
D0094,motor,
D0094,berhasil,
D0094,sejajar,
D0094,dengan,
D0094,Gunawan,
D0094,pelaku,
D0094,yang,
D0094,tengah,
D0094,berboncengan,
D0094,secara,
D0094,tibatiba,
D0094,mengeluarkan,
D0094,pisau,
D0094,dan,
D0094,mencoba,
D0094,menusuk,
D0094,pinggang,
D0094,Beruntung,
D0094,Gunawan,
D0094,dapat,
D0094,menghindar,
D0094,Namun,
D0094,sweater,
D0094,yang,
D0094,dipakai,
D0094,Gunawan,
D0094,berlubang,
D0094,sepanjang,
D0094,5,
D0094,sentimeter,
D0094,cm,
D0094,akibat,
D0094,penusukan,
D0094,Gunawan,
D0094,juga,
D0094,sempat,
D0094,menendang,
D0094,kendaraan,
D0094,pelaku,
D0094,sehingga,
D0094,oleng,
D0094,ke,
D0094,kanan,
D0094,Seusai,
D0094,itu,
D0094,karena,
D0094,merasa,
D0094,takut,
D0094,Gunawan,
D0094,langsung,
D0094,melanjutkan,
D0094,perjalanan,
D0094,Ia,
D0094,tidak,
D0094,melapor,
D0094,ke,
D0094,polisi,
D0094,seusai,
D0094,mengalami,
D0094,insiden,
D0094,itu,
D0094,Agus,
D0094,mengungkapkan,
D0094,masih,
D0094,mendalami,
D0094,percobaan,
D0094,begal,
D0094,tersebut,
D0094,Untuk,
D0094,hasil,
D0094,CCTVnya,
D0094,baru,
D0094,bisa,
D0094,diakses,
D0094,pada,
D0094,8,
D0094,April,
D0094,esok,
D0094,karena,
D0094,terkendala,
D0094,hari,
D0094,libur,
D0094,ungkapnya,
D0094,Sebagai,
D0094,informasi,
D0094,peristiwa,
D0094,pembegalan,
D0094,di,
D0094,Klungkung,
D0094,sudah,
D0094,kerap,
D0094,terjadi,
D0094,Aksi,
D0094,kriminal,
D0094,serupa,
D0094,sebelumnya,
D0094,menimpa,
D0094,pengendara,
D0094,driver,
D0094,ojek,
D0094,online,
D0094,ojol,
D0094,di,
D0094,wilayah,
D0094,Bukit,
D0094,Tengah,
D0094,Desa,
D0094,Pesinggahan,
D0094,Kecamatan,
D0094,Dawan,
D0094,Senin,
D0094,2432025,
D0094,yang,
D0094,dilakukan,
D0094,oleh,
D0094,penumpang,
D0094,sendiri,
D0094,menggunakan,
D0094,gunting,
D0094,Agus,
D0094,menegaskan,
D0094,tindakan,
D0094,kriminalitas,
D0094,di,
D0094,Klungkung,
D0094,sudah,
D0094,diantisipasi,
D0094,secara,
D0094,rutin,
D0094,dengan,
D0094,patroli,
D0094,blue,
D0094,light,
D0094,Namun,
D0094,menurutnya,
D0094,kejadian,
D0094,serupa,
D0094,memang,
D0094,bisa,
D0094,terjadi,
D0094,lagi,
D0094,Untuk,
D0094,itu,
D0094,meminta,
D0094,masyarakat,
D0094,juga,
D0094,segera,
D0094,melapor,
D0094,jika,
D0094,menemukan,
D0094,aktivitas,
D0094,kriminal,
D0094,atau,
D0094,call,
D0094,center,
D0094,110,
D0094,pinta,
D0094,Agus,
D0095,Kasus,
D0095,penusukan,
D0095,terhadap,
D0095,pria,
D0095,berinisial,
D0095,AS,
D0095,warga,
D0095,asal,
D0095,Boyolali,
D0095,Jawa,
D0095,Tengah,
D0095,yang,
D0095,terjadi,
D0095,di,
D0095,Jalan,
D0095,Raya,
D0095,Semebaung,
D0095,Banjar,
D0095,Tegallinggah,
D0095,Desa,
D0095,Bedulu,
D0095,Kecamatan,
D0095,Blahbatuh,
D0095,Gianyar,
D0095,Bali,
D0095,Kamis,
D0095,342025,
D0095,mulai,
D0095,menemui,
D0095,titik,
D0095,terang,
D0095,Terduga,
D0095,pelaku,
D0095,berinisial,
D0095,MN,
D0095,diketahui,
D0095,merupakan,
D0095,penghuni,
D0095,kos,
D0095,yang,
D0095,sama,
D0095,dengan,
D0095,korban,
D0095,Keduanya,
D0095,diduga,
D0095,sempat,
D0095,terlibat,
D0095,cekcok,
D0095,sebelum,
D0095,akhirnya,
D0095,terjadi,
D0095,penusukan,
D0095,di,
D0095,pekarangan,
D0095,kos,
D0095,sekitar,
D0095,pukul,
D0095,2200,
D0095,Wita,
D0095,Korban,
D0095,ditemukan,
D0095,kondisi,
D0095,tengkurap,
D0095,di,
D0095,pekarangan,
D0095,ungkap,
D0095,Bendesa,
D0095,Adat,
D0095,Tegallinggah,
D0095,Ketut,
D0095,Parta,
D0095,Asmara,
D0095,kepada,
D0095,detikBali,
D0095,Sabtu,
D0095,542025,
D0095,SCROLL,
D0095,TO,
D0095,CONTINUE,
D0095,WITH,
D0095,CONTENT,
D0095,Ia,
D0095,juga,
D0095,menjelaskan,
D0095,barang,
D0095,bukti,
D0095,berupa,
D0095,pisau,
D0095,telah,
D0095,ditemukan,
D0095,oleh,
D0095,aparat,
D0095,kepolisian,
D0095,pada,
D0095,malam,
D0095,kejadian,
D0095,Pisau,
D0095,yang,
D0095,dipakai,
D0095,nusuk,
D0095,itu,
D0095,juga,
D0095,sudah,
D0095,didapatkan,
D0095,malam,
D0095,itu,
D0095,Jenisnya,
D0095,pisau,
D0095,dapur,
D0095,dengan,
D0095,panjang,
D0095,kirakira,
D0095,25,
D0095,cm,
D0095,dan,
D0095,kondisinya,
D0095,bengkok,
D0095,Ketemu,
D0095,pisaunya,
D0095,di,
D0095,belakang,
D0095,pekarangan,
D0095,di,
D0095,antara,
D0095,tumpukan,
D0095,kayu,
D0095,bakar,
D0095,jelasnya,
D0095,Namun,
D0095,pengungkapan,
D0095,kasus,
D0095,sempat,
D0095,terkendala,
D0095,minimnya,
D0095,keterangan,
D0095,saksi,
D0095,Salah,
D0095,satu,
D0095,penghuni,
D0095,kamar,
D0095,terdekat,
D0095,dengan,
D0095,lokasi,
D0095,kejadian,
D0095,mengaku,
D0095,telah,
D0095,tertidur,
D0095,sejak,
D0095,pukul,
D0095,2000,
D0095,Wita,
D0095,karena,
D0095,mengonsumsi,
D0095,obat,
D0095,Masih,
D0095,menurut,
D0095,Ketut,
D0095,terduga,
D0095,pelaku,
D0095,MN,
D0095,menyerahkan,
D0095,diri,
D0095,tak,
D0095,lama,
D0095,setelah,
D0095,kejadian,
D0095,Ia,
D0095,langsung,
D0095,menghubungi,
D0095,polisi,
D0095,dan,
D0095,kemudian,
D0095,dijemput,
D0095,di,
D0095,kosnya,
D0095,Namun,
D0095,Ketut,
D0095,mengaku,
D0095,belum,
D0095,mengetahui,
D0095,motif,
D0095,pasti,
D0095,penusukan,
D0095,tersebut,
D0095,Kapolsek,
D0095,Blahbatuh,
D0095,Kompol,
D0095,Anak,
D0095,Agung,
D0095,Gede,
D0095,Arka,
D0095,membenarkan,
D0095,motif,
D0095,penusukan,
D0095,belum,
D0095,dapat,
D0095,dipastikan,
D0095,termasuk,
D0095,isu,
D0095,perselingkuhan,
D0095,yang,
D0095,beredar,
D0095,di,
D0095,masyarakat,
D0095,Masih,
D0095,didalami,
D0095,Ada,
D0095,dua,
D0095,saksi,
D0095,dari,
D0095,Jawa,
D0095,yang,
D0095,merupakan,
D0095,istri,
D0095,dan,
D0095,pelaku,
D0095,yang,
D0095,perlu,
D0095,diminta,
D0095,keterangan,
D0095,Karena,
D0095,kalau,
D0095,dari,
D0095,pernyataan,
D0095,pelaku,
D0095,saja,
D0095,kan,
D0095,belum,
D0095,cukup,
D0095,bukti,
D0095,ujarnya,
D0095,Pihaknya,
D0095,juga,
D0095,menyampaikan,
D0095,bahwa,
D0095,penyelidikan,
D0095,dilakukan,
D0095,bersama,
D0095,jajaran,
D0095,Polres,
D0095,Gianyar,
D0095,Terduga,
D0095,pelaku,
D0095,MN,
D0095,asal,
D0095,Lumajang,
D0095,Jawa,
D0095,Timur,
D0095,telah,
D0095,diamankan,
D0095,dan,
D0095,kini,
D0095,dititipkan,
D0095,di,
D0095,Polres,
D0095,Gianyar,
D0095,untuk,
D0095,proses,
D0095,lebih,
D0095,lanjut,
D0096,Pria,
D0096,inisial,
D0096,SK,
D0096,36,
D0096,di,
D0096,Pangkep,
D0096,Sulawesi,
D0096,Selatan,
D0096,Sulsel,
D0096,menikam,
D0096,temannya,
D0096,bernama,
D0096,Darwis,
D0096,29,
D0096,pakai,
D0096,pisau,
D0096,gegara,
D0096,tersinggung,
D0096,saat,
D0096,sedang,
D0096,pesta,
D0096,minuman,
D0096,keras,
D0096,miras,
D0096,jenis,
D0096,ballo,
D0096,Atas,
D0096,perbuatannya,
D0096,SK,
D0096,pun,
D0096,ditangkap,
D0096,polisi,
D0096,Benar,
D0096,ada,
D0096,penikaman,
D0096,Pelaku,
D0096,dan,
D0096,korban,
D0096,sedang,
D0096,minum,
D0096,ballo,
D0096,Pelaku,
D0096,sudah,
D0096,kita,
D0096,amankan,
D0096,kata,
D0096,Kasat,
D0096,Reskrim,
D0096,Polres,
D0096,Pangkep,
D0096,AKP,
D0096,Muhammad,
D0096,Saleh,
D0096,Jumat,
D0096,442025,
D0096,melansir,
D0096,detikSulsel,
D0096,Saleh,
D0096,mengatakan,
D0096,penikaman,
D0096,terjadi,
D0096,di,
D0096,salah,
D0096,satu,
D0096,rumah,
D0096,warga,
D0096,di,
D0096,Kampung,
D0096,Mabbalae,
D0096,Desa,
D0096,Kanaungan,
D0096,Kecamatan,
D0096,Labakkang,
D0096,Pangkep,
D0096,Kamis,
D0096,34,
D0096,sekitar,
D0096,pukul,
D0096,1930,
D0096,Wita,
D0096,Peristiwa,
D0096,itu,
D0096,terjadi,
D0096,berawal,
D0096,saat,
D0096,pelaku,
D0096,minum,
D0096,ballo,
D0096,bersama,
D0096,korban,
D0096,dan,
D0096,5,
D0096,orang,
D0096,lainnya,
D0096,sejak,
D0096,sore,
D0096,SCROLL,
D0096,TO,
D0096,CONTINUE,
D0096,WITH,
D0096,CONTENT,
D0096,Penikaman,
D0096,terjadi,
D0096,karena,
D0096,pelaku,
D0096,tersinggung,
D0096,dengan,
D0096,katakata,
D0096,korban,
D0096,Pelaku,
D0096,keluar,
D0096,kencing,
D0096,lalu,
D0096,kembali,
D0096,dan,
D0096,menikam,
D0096,korban,
D0096,2,
D0096,kali,
D0096,ucap,
D0096,Saleh,
D0096,Saleh,
D0096,mengatakan,
D0096,korban,
D0096,ditikam,
D0096,menggunakan,
D0096,pisau,
D0096,yang,
D0096,digunakan,
D0096,pelaku,
D0096,untuk,
D0096,memanen,
D0096,ballo,
D0096,dari,
D0096,pohon,
D0096,Usai,
D0096,menikam,
D0096,korban,
D0096,pelaku,
D0096,lalu,
D0096,meninggalkan,
D0096,TKP,
D0096,dan,
D0096,bersembunyi,
D0096,di,
D0096,salah,
D0096,satu,
D0096,rumah,
D0096,warga,
D0096,Setelah,
D0096,kejadian,
D0096,tersangka,
D0096,langsung,
D0096,pergi,
D0096,Kami,
D0096,yang,
D0096,mendapat,
D0096,laporan,
D0096,dari,
D0096,masyarakat,
D0096,tim,
D0096,Resmob,
D0096,langsung,
D0096,ke,
D0096,TKP,
D0096,mencari,
D0096,pelaku,
D0096,dan,
D0096,menemukan,
D0096,pelaku,
D0096,bersembunyi,
D0096,di,
D0096,rumah,
D0096,keluarga,
D0096,jelasnya,
D0096,Sementara,
D0096,korban,
D0096,dilarikan,
D0096,ke,
D0096,Puskesmas,
D0096,Labakkang,
D0096,oleh,
D0096,warga,
D0096,Karena,
D0096,luka,
D0096,yang,
D0096,cukup,
D0096,parah,
D0096,korban,
D0096,dirujuk,
D0096,ke,
D0096,RSUD,
D0096,Batara,
D0096,Siang,
D0096,Pangkep,
D0096,dan,
D0096,saat,
D0096,ini,
D0096,dirujuk,
D0096,ke,
D0096,RS,
D0096,Wahidin,
D0096,Makassar,
D0096,Korban,
D0096,menderita,
D0096,2,
D0096,luka,
D0096,tusukan,
D0096,di,
D0096,ketiak,
D0096,kanan,
D0096,dan,
D0096,perut,
D0096,sebelah,
D0096,kanan,
D0096,Saat,
D0096,ini,
D0096,dirujuk,
D0096,ke,
D0096,RS,
D0096,Wahidin,
D0096,Makassar,
D0096,untuk,
D0096,perawatan,
D0096,intensif,
D0096,ucapnya,
D0096,Selain,
D0096,menangkap,
D0096,pelaku,
D0096,polisi,
D0096,juga,
D0096,mengamankan,
D0096,barang,
D0096,bukti,
D0096,sebilah,
D0096,pisau,
D0096,beserta,
D0096,sarungnya,
D0096,Saleh,
D0096,mengatakan,
D0096,atas,
D0096,perbuatannya,
D0096,pelaku,
D0096,terancam,
D0096,hukuman,
D0096,5,
D0096,tahun,
D0096,penjara,
D0096,Kami,
D0096,amankan,
D0096,pisau,
D0096,yang,
D0096,digunakan,
D0096,pelaku,
D0096,Untuk,
D0096,pasal,
D0096,kita,
D0096,kenakan,
D0096,pasal,
D0096,351,
D0096,ayat,
D0096,2,
D0096,tentang,
D0096,penganiayaan,
D0096,berat,
D0096,dengan,
D0096,ancaman,
D0096,hukuman,
D0096,5,
D0096,tahun,
D0096,pungkasnya,
D0097,Seorang,
D0097,warga,
D0097,menjadi,
D0097,korban,
D0097,penusukan,
D0097,di,
D0097,Jalan,
D0097,Raya,
D0097,Semebaung,
D0097,Banjar,
D0097,Tegallinggah,
D0097,Desa,
D0097,Bedulu,
D0097,Kecamatan,
D0097,Blahbatuh,
D0097,Gianyar,
D0097,Bali,
D0097,Peristiwa,
D0097,ini,
D0097,heboh,
D0097,di,
D0097,media,
D0097,sosial,
D0097,medsos,
D0097,karena,
D0097,diduga,
D0097,adanya,
D0097,motif,
D0097,perselingkuhan,
D0097,Kepala,
D0097,Seksi,
D0097,Hubungan,
D0097,Masyarakat,
D0097,Kasi,
D0097,Humas,
D0097,Polres,
D0097,Gianyar,
D0097,Ipda,
D0097,Gusti,
D0097,Ngurah,
D0097,Suardita,
D0097,membenarkan,
D0097,peristiwa,
D0097,penusukan,
D0097,tersebut,
D0097,Namun,
D0097,Suardita,
D0097,belum,
D0097,bisa,
D0097,memastikan,
D0097,mengenai,
D0097,kabar,
D0097,perbuatan,
D0097,kriminal,
D0097,itu,
D0097,didasari,
D0097,perselingkuhan,
D0097,atau,
D0097,tidak,
D0097,Masih,
D0097,kami,
D0097,dalami,
D0097,motif,
D0097,dan,
D0097,kronologinya,
D0097,Beritanya,
D0097,memang,
D0097,masih,
D0097,simpang,
D0097,siur,
D0097,tetapi,
D0097,kami,
D0097,harus,
D0097,dalami,
D0097,di,
D0097,tahap,
D0097,penyelidikan,
D0097,ini,
D0097,terang,
D0097,Suardita,
D0097,saat,
D0097,dihubungi,
D0097,detikBali,
D0097,Jumat,
D0097,442025,
D0097,malam,
D0097,SCROLL,
D0097,TO,
D0097,CONTINUE,
D0097,WITH,
D0097,CONTENT,
D0097,Menurut,
D0097,Suardita,
D0097,korban,
D0097,tinggal,
D0097,di,
D0097,sebuah,
D0097,kos,
D0097,sekitar,
D0097,lokasi,
D0097,dan,
D0097,memang,
D0097,sudah,
D0097,ditemukan,
D0097,meninggal,
D0097,di,
D0097,tempat,
D0097,Pelaku,
D0097,sudah,
D0097,menyerahkan,
D0097,diri,
D0097,dan,
D0097,diamankan,
D0097,di,
D0097,Polsek,
D0097,Blahbatuh,
D0097,dengan,
D0097,barang,
D0097,bukti,
D0097,pisau,
D0097,Kalau,
D0097,sudah,
D0097,selesai,
D0097,proses,
D0097,olah,
D0097,TKP,
D0097,dan,
D0097,lainnya,
D0097,akan,
D0097,ada,
D0097,pers,
D0097,rilis,
D0097,segera,
D0097,jelas,
D0097,Suardita,
D0097,Polisi,
D0097,juga,
D0097,telah,
D0097,memasang,
D0097,police,
D0097,line,
D0097,di,
D0097,lokasi,
D0097,kejadian,
D0097,Sayangnya,
D0097,Suardita,
D0097,belum,
D0097,mengungkapkan,
D0097,identitas,
D0097,pelaku,
D0097,dan,
D0097,korban,
D0098,RP,
D0098,31,
D0098,seorang,
D0098,ibu,
D0098,rumah,
D0098,tangga,
D0098,asal,
D0098,Kecamatan,
D0098,Monta,
D0098,Kabupaten,
D0098,Bima,
D0098,Nusa,
D0098,Tenggara,
D0098,Barat,
D0098,NTB,
D0098,ditangkap,
D0098,Polisi,
D0098,RP,
D0098,bersama,
D0098,suaminya,
D0098,CW,
D0098,34,
D0098,adalah,
D0098,terduga,
D0098,pencuri,
D0098,sepeda,
D0098,motor,
D0098,di,
D0098,beberapa,
D0098,tempat,
D0098,yang,
D0098,hasilnya,
D0098,untuk,
D0098,membeli,
D0098,sabu,
D0098,CW,
D0098,saat,
D0098,ini,
D0098,masih,
D0098,diburu,
D0098,polisi,
D0098,Ditangkap,
D0098,semalam,
D0098,kata,
D0098,Kasi,
D0098,Humas,
D0098,Polres,
D0098,Bima,
D0098,Kota,
D0098,Ipda,
D0098,Baiq,
D0098,Fitria,
D0098,Ningsih,
D0098,dalam,
D0098,keterangannya,
D0098,Jumat,
D0098,442025,
D0098,Fitria,
D0098,mengungkapkan,
D0098,RP,
D0098,ditangkap,
D0098,oleh,
D0098,tim,
D0098,gabungan,
D0098,Polsek,
D0098,Asakota,
D0098,dan,
D0098,Polsek,
D0098,Rasanae,
D0098,Timur,
D0098,Rastim,
D0098,di,
D0098,Kelurahan,
D0098,Kolo,
D0098,Kecamatan,
D0098,Asakota,
D0098,Kota,
D0098,Bima,
D0098,pada,
D0098,Kamis,
D0098,342025,
D0098,sekitar,
D0098,pukul,
D0098,2030,
D0098,Wita,
D0098,SCROLL,
D0098,TO,
D0098,CONTINUE,
D0098,WITH,
D0098,CONTENT,
D0098,RP,
D0098,ditangkap,
D0098,menindaklanjuti,
D0098,laporan,
D0098,warga,
D0098,yang,
D0098,kehilangan,
D0098,sepeda,
D0098,motor,
D0098,ungkapnya,
D0098,Dari,
D0098,tangan,
D0098,RP,
D0098,tim,
D0098,gabungan,
D0098,menyita,
D0098,beberapa,
D0098,barang,
D0098,bukti,
D0098,BB,
D0098,Di,
D0098,antaranya,
D0098,tiga,
D0098,sepeda,
D0098,motor,
D0098,hasil,
D0098,pencurian,
D0098,di,
D0098,sejumlah,
D0098,lokasi,
D0098,berbeda,
D0098,di,
D0098,wilayah,
D0098,Kota,
D0098,Bima,
D0098,dan,
D0098,Kabupaten,
D0098,Bima,
D0098,BB,
D0098,lain,
D0098,yang,
D0098,turut,
D0098,disita,
D0098,yakni,
D0098,beberapa,
D0098,plastik,
D0098,klip,
D0098,kosong,
D0098,bekas,
D0098,sabu,
D0098,helm,
D0098,serta,
D0098,pakaian,
D0098,berupa,
D0098,baju,
D0098,dan,
D0098,celana,
D0098,ungkap,
D0098,Fitria,
D0098,Dari,
D0098,hasil,
D0098,interogasi,
D0098,awal,
D0098,RP,
D0098,mengakui,
D0098,telah,
D0098,melakukan,
D0098,pencurian,
D0098,sepeda,
D0098,motor,
D0098,bersama,
D0098,CW,
D0098,yang,
D0098,diketahui,
D0098,suaminya,
D0098,Pasutri,
D0098,itu,
D0098,bahkan,
D0098,sudah,
D0098,menjalankan,
D0098,aksinya,
D0098,di,
D0098,tujuh,
D0098,lokasi,
D0098,atau,
D0098,tempat,
D0098,yang,
D0098,berbeda,
D0098,di,
D0098,wilayah,
D0098,Kabupaten,
D0098,dan,
D0098,Kota,
D0098,Bima,
D0098,Hasil,
D0098,pencurian,
D0098,motor,
D0098,ini,
D0098,dipakai,
D0098,untuk,
D0098,kebutuhan,
D0098,seharihari,
D0098,Termasuk,
D0098,juga,
D0098,untuk,
D0098,membeli,
D0098,sabu,
D0098,ujar,
D0098,Fitria,
D0098,Fitria,
D0098,menambahkan,
D0098,pihaknya,
D0098,akan,
D0098,terus,
D0098,melakukan,
D0098,pengembangan,
D0098,kasus,
D0098,tersebut,
D0098,Termasuk,
D0098,menelusuri,
D0098,kemungkinan,
D0098,adanya,
D0098,keterlibatan,
D0098,pihak,
D0098,lain,
D0098,Kasusnya,
D0098,akan,
D0098,terus,
D0098,kami,
D0098,kembangkan,
D0098,Suami,
D0098,RP,
D0098,yakni,
D0098,CW,
D0098,juga,
D0098,masih,
D0098,dalam,
D0098,pengejaran,
D0098,tandasnya,
D0099,Dua,
D0099,waria,
D0099,Taufik,
D0099,Rahmat,
D0099,alias,
D0099,Tiara,
D0099,36,
D0099,dan,
D0099,Ferdinandus,
D0099,Tugal,
D0099,31,
D0099,alias,
D0099,Fecan,
D0099,ditangkap,
D0099,Satuan,
D0099,Reserse,
D0099,Kriminal,
D0099,Satreskrim,
D0099,Polresta,
D0099,Denpasar,
D0099,Keduanya,
D0099,ditangkap,
D0099,garagara,
D0099,mencuri,
D0099,kartu,
D0099,kredit,
D0099,warga,
D0099,negara,
D0099,WN,
D0099,Korea,
D0099,Selatan,
D0099,Korsel,
D0099,Kasat,
D0099,Reskrim,
D0099,Polresta,
D0099,Denpasar,
D0099,Kompol,
D0099,Laorens,
D0099,Rajamangapul,
D0099,Heselo,
D0099,mengatakan,
D0099,kedua,
D0099,pelaku,
D0099,menggasak,
D0099,kartu,
D0099,kredit,
D0099,WN,
D0099,Korsel,
D0099,saat,
D0099,berada,
D0099,di,
D0099,kamar,
D0099,hotel,
D0099,Jalan,
D0099,Laksamana,
D0099,Oberoi,
D0099,Kelurahan,
D0099,Seminyak,
D0099,Kecamatan,
D0099,Kuta,
D0099,Badung,
D0099,Bali,
D0099,Kejadian,
D0099,terjadi,
D0099,pada,
D0099,Senin,
D0099,142024,
D0099,dan,
D0099,kami,
D0099,amankan,
D0099,pada,
D0099,Sabtu,
D0099,kemarin,
D0099,langsung,
D0099,kami,
D0099,proses,
D0099,karena,
D0099,korbannya,
D0099,berasal,
D0099,dari,
D0099,Korea,
D0099,kata,
D0099,Laorens,
D0099,saat,
D0099,konferensi,
D0099,pers,
D0099,di,
D0099,Polresta,
D0099,Denpasar,
D0099,Senin,
D0099,842024,
D0099,SCROLL,
D0099,TO,
D0099,CONTINUE,
D0099,WITH,
D0099,CONTENT,
D0099,Laorens,
D0099,menjelaskan,
D0099,korban,
D0099,Chung,
D0099,Woosung,
D0099,awalnya,
D0099,datang,
D0099,ke,
D0099,tempat,
D0099,hiburan,
D0099,malam,
D0099,untuk,
D0099,menikmati,
D0099,liburannya,
D0099,selama,
D0099,di,
D0099,Bali,
D0099,Pada,
D0099,Senin,
D0099,142024,
D0099,pukul,
D0099,0015,
D0099,Wita,
D0099,kedua,
D0099,pelaku,
D0099,berkenalan,
D0099,dengan,
D0099,korban,
D0099,dan,
D0099,langsung,
D0099,mengajak,
D0099,ke,
D0099,hotel,
D0099,Pelaku,
D0099,kemudian,
D0099,mengambil,
D0099,kartu,
D0099,kredit,
D0099,milik,
D0099,Woosung,
D0099,Pelaku,
D0099,saat,
D0099,itu,
D0099,juga,
D0099,langsung,
D0099,membeli,
D0099,barangbarang,
D0099,diinginkan,
D0099,berupa,
D0099,handphone,
D0099,HP,
D0099,iPhone,
D0099,makanan,
D0099,dan,
D0099,lainnya,
D0099,Saat,
D0099,di,
D0099,hotel,
D0099,mereka,
D0099,berempat,
D0099,Dua,
D0099,tamu,
D0099,dan,
D0099,dua,
D0099,pelaku,
D0099,lanjutnya,
D0099,Laorens,
D0099,menjelaskan,
D0099,korban,
D0099,sebelumnya,
D0099,sempat,
D0099,pergi,
D0099,berbelanja,
D0099,di,
D0099,salah,
D0099,minimarket,
D0099,Korban,
D0099,saat,
D0099,itu,
D0099,menaruh,
D0099,kartu,
D0099,kreditnya,
D0099,di,
D0099,atas,
D0099,meja,
D0099,kamar,
D0099,hotel,
D0099,sehingga,
D0099,dapat,
D0099,digunakan,
D0099,oleh,
D0099,pelaku,
D0099,Fecan,
D0099,saat,
D0099,itu,
D0099,tengah,
D0099,berkencan,
D0099,dengan,
D0099,dua,
D0099,tamu,
D0099,Korsel,
D0099,tersebut,
D0099,Sementara,
D0099,Tiara,
D0099,yang,
D0099,melihat,
D0099,situasi,
D0099,aman,
D0099,langsung,
D0099,pergi,
D0099,berbelanja,
D0099,di,
D0099,salah,
D0099,satu,
D0099,supermarket,
D0099,untuk,
D0099,membeli,
D0099,iPhone,
D0099,menggunakan,
D0099,kartu,
D0099,kredit,
D0099,korban,
D0099,yang,
D0099,bisa,
D0099,digunakan,
D0099,hanya,
D0099,dengan,
D0099,menggesek,
D0099,saja,
D0099,Menurut,
D0099,Laorens,
D0099,aksi,
D0099,ini,
D0099,sudah,
D0099,direncanakan,
D0099,oleh,
D0099,kedua,
D0099,pelaku,
D0099,Tiara,
D0099,dan,
D0099,Fecan,
D0099,sepakat,
D0099,jika,
D0099,mendapatkan,
D0099,tamu,
D0099,yang,
D0099,tidak,
D0099,membayar,
D0099,maka,
D0099,nyinyong,
D0099,alias,
D0099,mencuri,
D0099,Saat,
D0099,itu,
D0099,belum,
D0099,sempat,
D0099,dibayar,
D0099,Hasil,
D0099,pencurian,
D0099,kartu,
D0099,kredit,
D0099,dan,
D0099,uang,
D0099,Rp,
D0099,27500000,
D0099,terangnya,
D0099,Tiara,
D0099,dan,
D0099,Fecan,
D0099,sendiri,
D0099,baru,
D0099,pertama,
D0099,kali,
D0099,melakukan,
D0099,aksinya,
D0099,Mereka,
D0099,sudah,
D0099,menguras,
D0099,harta,
D0099,korban,
D0099,sebanyak,
D0099,Rp,
D0099,60,
D0099,juta,
D0099,iPhone,
D0099,yang,
D0099,dibeli,
D0099,menggunakan,
D0099,kartu,
D0099,kredit,
D0099,korban,
D0099,juga,
D0099,dijual,
D0099,lagi,
D0099,oleh,
D0099,pelaku,
D0099,Uang,
D0099,hasil,
D0099,kriminalitas,
D0099,itu,
D0099,digunakan,
D0099,para,
D0099,pelaku,
D0099,untuk,
D0099,kebutuhan,
D0099,seharihari,
D0099,Korban,
D0099,baru,
D0099,menyadari,
D0099,kartu,
D0099,kreditnya,
D0099,hilang,
D0099,saat,
D0099,berada,
D0099,di,
D0099,tempat,
D0099,tinggalnya,
D0099,di,
D0099,Jalan,
D0099,Mataram,
D0099,Kuta,
D0099,Satreskrim,
D0099,Polresta,
D0099,Denpasar,
D0099,kemudian,
D0099,melakukan,
D0099,penyelidikan,
D0099,setelah,
D0099,mendapatkan,
D0099,laporan,
D0099,dari,
D0099,korban,
D0099,Polisi,
D0099,melakukan,
D0099,penyelidikan,
D0099,dilakukan,
D0099,di,
D0099,berbagai,
D0099,lokasi,
D0099,termasuk,
D0099,di,
D0099,tempat,
D0099,pelaku,
D0099,berbelanja,
D0099,Hasil,
D0099,rekaman,
D0099,CCTV,
D0099,membuat,
D0099,pelaku,
D0099,dapat,
D0099,diidentifikasi,
D0099,dan,
D0099,diketahui,
D0099,keberadaannya,
D0099,Kami,
D0099,proses,
D0099,bekasnya,
D0099,dengan,
D0099,cepat,
D0099,karena,
D0099,korbannya,
D0099,tanggal,
D0099,17,
D0099,April,
D0099,sudah,
D0099,berangkat,
D0099,ke,
D0099,negara,
D0099,asalnya,
D0099,Sehingga,
D0099,proses,
D0099,ini,
D0099,kami,
D0099,butuh,
D0099,cepat,
D0099,dan,
D0099,tidak,
D0099,ada,
D0099,kendala,
D0099,dalam,
D0099,pengungkapan,
D0099,ini,
D0099,jelas,
D0099,Laorens,
D0099,Tiara,
D0099,dan,
D0099,Fecan,
D0099,kini,
D0099,telah,
D0099,ditetapkan,
D0099,sebagai,
D0099,tersangka,
D0099,oleh,
D0099,polisi,
D0099,Keduanya,
D0099,dijerat,
D0099,dengan,
D0099,Pasal,
D0099,363,
D0099,Kitab,
D0099,UndangUndang,
D0099,Hukum,
D0099,Pidana,
D0099,KUHP,
D0099,dengan,
D0099,ancaman,
D0099,hukuman,
D0099,maksimal,
D0099,tujuh,
D0099,tahun,
D0099,penjara,
D0100,Premanisme,
D0100,mendominasi,
D0100,kasus,
D0100,kriminalitas,
D0100,di,
D0100,Kota,
D0100,Pasuruan,
D0100,Selama,
D0100,Operasi,
D0100,Pekat,
D0100,Semeru,
D0100,2024,
D0100,sebanyak,
D0100,8,
D0100,tersangka,
D0100,premanisme,
D0100,dibekuk,
D0100,Hal,
D0100,itu,
D0100,disampaikan,
D0100,Kapolres,
D0100,Pasuruan,
D0100,Kota,
D0100,AKBP,
D0100,Makung,
D0100,Ismoyo,
D0100,Jati,
D0100,saat,
D0100,pemusnahan,
D0100,barang,
D0100,bukti,
D0100,hasil,
D0100,Operasi,
D0100,Pekat,
D0100,Semeru,
D0100,2024,
D0100,di,
D0100,depan,
D0100,Gedung,
D0100,Wicaksana,
D0100,Laghawa,
D0100,Rabu,
D0100,342024,
D0100,Menurut,
D0100,Makung,
D0100,dalam,
D0100,operasi,
D0100,yang,
D0100,berlangsung,
D0100,selama,
D0100,12,
D0100,hari,
D0100,mulai,
D0100,tanggal,
D0100,19,
D0100,hingga,
D0100,30,
D0100,Maret,
D0100,ada,
D0100,8,
D0100,tersangka,
D0100,kasus,
D0100,premanisme,
D0100,ditangkap,
D0100,Kemudian,
D0100,2,
D0100,tersangka,
D0100,kasus,
D0100,prostitusi,
D0100,1,
D0100,tersangka,
D0100,perjudian,
D0100,2,
D0100,tersangka,
D0100,kasus,
D0100,bahan,
D0100,peledak,
D0100,6,
D0100,tersangka,
D0100,narkotika,
D0100,dan,
D0100,13,
D0100,tersangka,
D0100,miras,
D0100,SCROLL,
D0100,TO,
D0100,CONTINUE,
D0100,WITH,
D0100,CONTENT,
D0100,Ada,
D0100,8,
D0100,tersangka,
D0100,kasus,
D0100,premanisme,
D0100,yang,
D0100,ditangkap,
D0100,kata,
D0100,Makung,
D0100,Pihaknya,
D0100,juga,
D0100,menampilkan,
D0100,barang,
D0100,bukti,
D0100,aksi,
D0100,kriminalitas,
D0100,dan,
D0100,gangguan,
D0100,kamtibmas,
D0100,lainnya,
D0100,hasil,
D0100,Operasi,
D0100,Pekat,
D0100,Semeru,
D0100,2024,
D0100,Barang,
D0100,bukti,
D0100,itu,
D0100,dimusnahkan,
D0100,Kami,
D0100,memusnahkan,
D0100,barang,
D0100,bukti,
D0100,narkotika,
D0100,jenis,
D0100,sabu,
D0100,854,
D0100,gram,
D0100,obat,
D0100,keras,
D0100,2927,
D0100,butir,
D0100,miras,
D0100,yang,
D0100,terdiri,
D0100,dari,
D0100,berbagai,
D0100,merek,
D0100,4027,
D0100,botol,
D0100,jelasnya,
D0100,Barang,
D0100,bukti,
D0100,miras,
D0100,dimusnahkan,
D0100,dengan,
D0100,cara,
D0100,dilindas,
D0100,dengan,
D0100,alat,
D0100,berat,
D0100,Kegiatan,
D0100,pemusnahan,
D0100,dihadiri,
D0100,anggota,
D0100,Forkopimda,
D0100,Kota,
D0100,Pasuruan,
D0100,Banser,
D0100,dan,
D0100,anakanak,
D0100,pramuka,
D0101,Polres,
D0101,Jombang,
D0101,bekerja,
D0101,keras,
D0101,memberantas,
D0101,peredaran,
D0101,miras,
D0101,selama,
D0101,Ramadan,
D0101,Hanya,
D0101,dalam,
D0101,2,
D0101,hari,
D0101,terakhir,
D0101,mereka,
D0101,meringkus,
D0101,8,
D0101,pedagang,
D0101,dan,
D0101,menyita,
D0101,473,
D0101,botol,
D0101,miras,
D0101,berbagai,
D0101,jenis,
D0101,dan,
D0101,merek,
D0101,Salah,
D0101,satu,
D0101,pedagang,
D0101,yang,
D0101,ditangkap,
D0101,berinisial,
D0101,KMJ,
D0101,67,
D0101,warga,
D0101,Mojoagung,
D0101,Jombang,
D0101,Sebab,
D0101,ia,
D0101,kedapatan,
D0101,menjual,
D0101,miras,
D0101,tanpa,
D0101,izin,
D0101,Ketika,
D0101,menggeledah,
D0101,toko,
D0101,miliknya,
D0101,polisi,
D0101,menemukan,
D0101,197,
D0101,botol,
D0101,miras,
D0101,jenis,
D0101,arak,
D0101,bir,
D0101,anggur,
D0101,merah,
D0101,dan,
D0101,anggur,
D0101,hijau,
D0101,Ibu,
D0101,rumah,
D0101,tangga,
D0101,berinisial,
D0101,ANH,
D0101,29,
D0101,warga,
D0101,Mojowarno,
D0101,Jombang,
D0101,juga,
D0101,ditangkap,
D0101,garagara,
D0101,menjual,
D0101,miras,
D0101,tanpa,
D0101,izin,
D0101,Polisi,
D0101,menyita,
D0101,barang,
D0101,bukti,
D0101,91,
D0101,miras,
D0101,berbagai,
D0101,merek,
D0101,dan,
D0101,jenis,
D0101,dari,
D0101,rumahnya,
D0101,SCROLL,
D0101,TO,
D0101,CONTINUE,
D0101,WITH,
D0101,CONTENT,
D0101,Dua,
D0101,hari,
D0101,terakhir,
D0101,ini,
D0101,Polres,
D0101,Jombang,
D0101,mengamankan,
D0101,8,
D0101,penjual,
D0101,beserta,
D0101,ratusan,
D0101,botol,
D0101,minuman,
D0101,keras,
D0101,berbagai,
D0101,merek,
D0101,terang,
D0101,Kapolres,
D0101,Jombang,
D0101,AKBP,
D0101,Eko,
D0101,Bagus,
D0101,Riyadi,
D0101,Sabtu,
D0101,2332024,
D0101,Eko,
D0101,menjelaskan,
D0101,penangkapan,
D0101,para,
D0101,pedagang,
D0101,miras,
D0101,ilegal,
D0101,ini,
D0101,bagian,
D0101,dari,
D0101,Operasi,
D0101,Pekat,
D0101,Semeru,
D0101,2024,
D0101,Ia,
D0101,berharap,
D0101,pemberantasan,
D0101,peredaran,
D0101,miras,
D0101,ini,
D0101,membuat,
D0101,Kota,
D0101,Santri,
D0101,selalu,
D0101,kondusif,
D0101,Khususnya,
D0101,selama,
D0101,Ramadan,
D0101,sampai,
D0101,hari,
D0101,raya,
D0101,Idul,
D0101,Fitri,
D0101,Karena,
D0101,banyak,
D0101,kejadian,
D0101,kriminal,
D0101,yang,
D0101,berawal,
D0101,dari,
D0101,miras,
D0101,Jadi,
D0101,untuk,
D0101,menekan,
D0101,kriminalitas,
D0101,itu,
D0101,kami,
D0101,upayakan,
D0101,sedini,
D0101,mungkin,
D0101,tandasnya,
D0101,Para,
D0101,pedagang,
D0101,miras,
D0101,yang,
D0101,ditangkap,
D0101,diproses,
D0101,sesuai,
D0101,ketentuan,
D0101,tindak,
D0101,pidana,
D0101,ringan,
D0101,Tipiring,
D0101,Sedangkan,
D0101,barang,
D0101,bukti,
D0101,473,
D0101,botol,
D0101,miras,
D0101,akan,
D0101,dimusnahkan,
D0101,setelah,
D0101,proses,
D0101,hukumnya,
D0101,tuntas,
D0102,Maling,
D0102,berupaya,
D0102,membobol,
D0102,anjungan,
D0102,tunai,
D0102,mandiri,
D0102,ATM,
D0102,di,
D0102,areal,
D0102,toko,
D0102,modern,
D0102,Jalan,
D0102,Raya,
D0102,DenpasarGilimanuk,
D0102,Kecamatan,
D0102,Negara,
D0102,Kabupaten,
D0102,Jembrana,
D0102,Bali,
D0102,Tindakan,
D0102,kriminalitas,
D0102,itu,
D0102,terjadi,
D0102,pada,
D0102,Jumat,
D0102,2232024,
D0102,dini,
D0102,hari,
D0102,Beruntung,
D0102,si,
D0102,penjahat,
D0102,gagal,
D0102,menggasak,
D0102,sejumlah,
D0102,uang,
D0102,di,
D0102,dalam,
D0102,mesin,
D0102,ATM,
D0102,Meski,
D0102,demikian,
D0102,brankas,
D0102,pada,
D0102,mesin,
D0102,ATM,
D0102,itu,
D0102,rusak,
D0102,Ada,
D0102,bekas,
D0102,congkelan,
D0102,pada,
D0102,brankas,
D0102,ATM,
D0102,tersebut,
D0102,saat,
D0102,ini,
D0102,tidak,
D0102,dapat,
D0102,difungsikan,
D0102,Menurut,
D0102,informasi,
D0102,yang,
D0102,didapatkan,
D0102,detikBali,
D0102,peristiwa,
D0102,pembobolan,
D0102,ATM,
D0102,itu,
D0102,diduga,
D0102,terjadi,
D0102,sekitar,
D0102,pukul,
D0102,0030,
D0102,Wita,
D0102,Pelaku,
D0102,yang,
D0102,mengenakan,
D0102,jaket,
D0102,helm,
D0102,dan,
D0102,masker,
D0102,berusaha,
D0102,menyamarkan,
D0102,diri,
D0102,dan,
D0102,menutup,
D0102,kamera,
D0102,pengawas,
D0102,CCTV,
D0102,ATM,
D0102,dengan,
D0102,lakban,
D0102,SCROLL,
D0102,TO,
D0102,CONTINUE,
D0102,WITH,
D0102,CONTENT,
D0102,Pelaku,
D0102,merusak,
D0102,mesin,
D0102,ATM,
D0102,dengan,
D0102,maksud,
D0102,mengambil,
D0102,uang,
D0102,di,
D0102,dalamnya,
D0102,tapi,
D0102,tidak,
D0102,berhasil,
D0102,ungkap,
D0102,Kasat,
D0102,Reskrim,
D0102,Polres,
D0102,Jembrana,
D0102,AKP,
D0102,Agus,
D0102,Riwayanto,
D0102,Diputra,
D0102,saat,
D0102,dikonfirmasi,
D0102,detikBali,
D0102,Jumat,
D0102,2232024,
D0102,Riwayanto,
D0102,menjelaskan,
D0102,peristiwa,
D0102,ini,
D0102,belum,
D0102,bisa,
D0102,dikategorikan,
D0102,sebagai,
D0102,pembobolan,
D0102,karena,
D0102,pelaku,
D0102,tidak,
D0102,berhasil,
D0102,mengambil,
D0102,uang,
D0102,Petugas,
D0102,telah,
D0102,melakukan,
D0102,olah,
D0102,tempat,
D0102,kejadian,
D0102,perkara,
D0102,TKP,
D0102,di,
D0102,lokasi,
D0102,kejadian,
D0102,Bukan,
D0102,pembobolan,
D0102,ini,
D0102,baru,
D0102,perusakan,
D0102,ATM,
D0102,karena,
D0102,uang,
D0102,tidak,
D0102,berhasil,
D0102,dicuri,
D0102,Kami,
D0102,masih,
D0102,melakukan,
D0102,penyelidikan,
D0102,lebih,
D0102,lanjut,
D0102,untuk,
D0102,mengetahui,
D0102,identitas,
D0102,pelaku,
D0102,jelas,
D0102,Riwayanto,
D0103,Polisi,
D0103,memeriksa,
D0103,identitas,
D0103,warga,
D0103,atau,
D0103,penduduk,
D0103,pendatang,
D0103,duktang,
D0103,dengan,
D0103,mendatangi,
D0103,sejumlah,
D0103,koskosan,
D0103,di,
D0103,wilayah,
D0103,Denpasar,
D0103,Hal,
D0103,itu,
D0103,dilakukan,
D0103,saat,
D0103,patroli,
D0103,malam,
D0103,Satgas,
D0103,Operasi,
D0103,Cipta,
D0103,Kondisi,
D0103,Agung,
D0103,2024,
D0103,pada,
D0103,Senin,
D0103,1832024,
D0103,yang,
D0103,melibatkan,
D0103,Satpol,
D0103,PP,
D0103,dan,
D0103,Polda,
D0103,Bali,
D0103,Kegiatan,
D0103,ini,
D0103,kami,
D0103,lakukan,
D0103,untuk,
D0103,menghindari,
D0103,gangguan,
D0103,kamtibmas,
D0103,menjelang,
D0103,Hari,
D0103,Raya,
D0103,Idul,
D0103,Fitri,
D0103,Tidak,
D0103,hanya,
D0103,pemeriksaan,
D0103,identitas,
D0103,tapi,
D0103,juga,
D0103,mengontrol,
D0103,wilayah,
D0103,yang,
D0103,rawan,
D0103,gangguan,
D0103,ungkap,
D0103,Jansen,
D0103,Selasa,
D0103,1932024,
D0103,SCROLL,
D0103,TO,
D0103,CONTINUE,
D0103,WITH,
D0103,CONTENT,
D0103,Jansen,
D0103,menjelaskan,
D0103,Satgas,
D0103,Ops,
D0103,Cipta,
D0103,Kondisi,
D0103,Agung,
D0103,2024,
D0103,menelusuri,
D0103,ruas,
D0103,jalan,
D0103,dan,
D0103,tempattempat,
D0103,umum,
D0103,yang,
D0103,rawan,
D0103,dari,
D0103,gangguan,
D0103,kemanan,
D0103,dan,
D0103,ketetiban,
D0103,masyarakat,
D0103,kamtibmas,
D0103,hingga,
D0103,menjadikan,
D0103,titik,
D0103,kumpul,
D0103,bagi,
D0103,masyarakat,
D0103,Pengecekan,
D0103,identitas,
D0103,yang,
D0103,dilakukan,
D0103,di,
D0103,wilayah,
D0103,Denpasar,
D0103,tidak,
D0103,hanya,
D0103,menyasar,
D0103,warga,
D0103,pendatang,
D0103,dari,
D0103,Nusa,
D0103,Tenggara,
D0103,Timur,
D0103,NTT,
D0103,tapi,
D0103,juga,
D0103,wilayah,
D0103,lainnya,
D0103,seperti,
D0103,di,
D0103,Pulau,
D0103,Jawa,
D0103,hingga,
D0103,penduduk,
D0103,lokal,
D0103,dari,
D0103,wilayah,
D0103,Bali,
D0103,Dari,
D0103,pemeriksaan,
D0103,yang,
D0103,dilakukan,
D0103,petugas,
D0103,tidak,
D0103,menemukan,
D0103,barangbarang,
D0103,berbahaya,
D0103,seperti,
D0103,senjata,
D0103,tajam,
D0103,sajam,
D0103,narkoba,
D0103,maupun,
D0103,barang,
D0103,lainnya,
D0103,yang,
D0103,mencurigakan,
D0103,Sidak,
D0103,Duktang,
D0103,di,
D0103,Tabanan,
D0103,Sementara,
D0103,itu,
D0103,inspeksi,
D0103,mendadak,
D0103,sidak,
D0103,duktang,
D0103,juga,
D0103,dilakukan,
D0103,di,
D0103,wilayah,
D0103,Tabanan,
D0103,Bali,
D0103,Salah,
D0103,satunya,
D0103,menyasar,
D0103,Desa,
D0103,Dauh,
D0103,Peken,
D0103,Kecamatan,
D0103,Tabanan,
D0103,Selama,
D0103,pemeriksaan,
D0103,berlangsung,
D0103,tidak,
D0103,ditemukan,
D0103,barangbarang,
D0103,maupun,
D0103,lainnya,
D0103,yang,
D0103,mencurigakan,
D0103,Di,
D0103,tempat,
D0103,lainnya,
D0103,di,
D0103,wilayah,
D0103,Tabanan,
D0103,petugas,
D0103,kepolisian,
D0103,juga,
D0103,menyidak,
D0103,minuman,
D0103,keras,
D0103,miras,
D0103,di,
D0103,wilayah,
D0103,Kecamatan,
D0103,Kediri,
D0103,Tabanan,
D0103,Bali,
D0103,Dipimipin,
D0103,Kanit,
D0103,1,
D0103,Satreskrim,
D0103,Polres,
D0103,Tabanan,
D0103,Ipda,
D0103,I,
D0103,Wayan,
D0103,Supartawan,
D0103,setidaknya,
D0103,ada,
D0103,sembilan,
D0103,botol,
D0103,berukuran,
D0103,600,
D0103,mililiter,
D0103,ml,
D0103,berisi,
D0103,arak,
D0103,yang,
D0103,diamankan,
D0103,polisi,
D0103,Sidak,
D0103,dilakukan,
D0103,agar,
D0103,mengantisipasi,
D0103,gangguan,
D0103,kamtibmas,
D0103,selama,
D0103,kegiatan,
D0103,bulan,
D0103,puasa,
D0103,dan,
D0103,menjelang,
D0103,Idul,
D0103,Fitri,
D0103,1445,
D0103,H,
D0103,Kegiatan,
D0103,kita,
D0103,lakukan,
D0103,untuk,
D0103,mengantisipasi,
D0103,gangguan,
D0103,kamtibmas,
D0103,dan,
D0103,tindak,
D0103,kriminalitas,
D0103,dari,
D0103,dampak,
D0103,negatif,
D0103,miras,
D0103,kata,
D0103,Supartawan,
D0104,Kepolisian,
D0104,Daerah,
D0104,Polda,
D0104,Bali,
D0104,dan,
D0104,jajaran,
D0104,menangani,
D0104,sebanyak,
D0104,509,
D0104,kasus,
D0104,pencurian,
D0104,pada,
D0104,awal,
D0104,2024,
D0104,Jumlah,
D0104,itu,
D0104,terdiri,
D0104,dari,
D0104,pencurian,
D0104,kendaraan,
D0104,bermotor,
D0104,curanmor,
D0104,pencurian,
D0104,dengan,
D0104,pemberatan,
D0104,curat,
D0104,dan,
D0104,pencurian,
D0104,dengan,
D0104,kekerasan,
D0104,curas,
D0104,Kepala,
D0104,Bidang,
D0104,Hubungan,
D0104,Masyarakat,
D0104,Kabid,
D0104,Humas,
D0104,Poda,
D0104,Bali,
D0104,Komber,
D0104,Jansen,
D0104,Avitus,
D0104,Panjaitan,
D0104,mengatakan,
D0104,80,
D0104,persen,
D0104,dari,
D0104,509,
D0104,kasus,
D0104,itu,
D0104,telah,
D0104,selesai,
D0104,ditangani,
D0104,Kasus,
D0104,didominasi,
D0104,curanmor,
D0104,Dari,
D0104,laporan,
D0104,yang,
D0104,diterima,
D0104,Polda,
D0104,Bali,
D0104,dan,
D0104,jajarannya,
D0104,kasus,
D0104,curanmor,
D0104,menjadi,
D0104,yang,
D0104,terbanyak,
D0104,Para,
D0104,pelaku,
D0104,kejahatan,
D0104,menyasar,
D0104,kendaraan,
D0104,yang,
D0104,terparkir,
D0104,di,
D0104,suatu,
D0104,tempat,
D0104,kata,
D0104,Jansen,
D0104,dalam,
D0104,siaran,
D0104,pers,
D0104,Selasa,
D0104,1832024,
D0104,SCROLL,
D0104,TO,
D0104,CONTINUE,
D0104,WITH,
D0104,CONTENT,
D0104,Wilayah,
D0104,hukum,
D0104,Polresta,
D0104,Denpasar,
D0104,menjadi,
D0104,lokasi,
D0104,pencurian,
D0104,paling,
D0104,banyak,
D0104,Penyebabnya,
D0104,populasi,
D0104,penduduk,
D0104,yang,
D0104,terpusat,
D0104,di,
D0104,Kota,
D0104,Denpasar,
D0104,Sayangnya,
D0104,Jansen,
D0104,tidak,
D0104,merinci,
D0104,masingmasing,
D0104,kasus,
D0104,yang,
D0104,ditangani,
D0104,PolresPolresta,
D0104,di,
D0104,Bali,
D0104,Perwira,
D0104,menengah,
D0104,pamen,
D0104,Polri,
D0104,berpangkat,
D0104,melati,
D0104,tiga,
D0104,itu,
D0104,mengimbau,
D0104,masyarakat,
D0104,agar,
D0104,memasang,
D0104,kunci,
D0104,ganda,
D0104,khususnya,
D0104,yang,
D0104,terpasang,
D0104,di,
D0104,bagian,
D0104,roda,
D0104,sepeda,
D0104,motor,
D0104,di,
D0104,tengah,
D0104,maraknya,
D0104,curanmor,
D0104,di,
D0104,Pulau,
D0104,Dewata,
D0104,Antisipasi,
D0104,adanya,
D0104,pencurian,
D0104,kami,
D0104,imbau,
D0104,pemilik,
D0104,sepeda,
D0104,motor,
D0104,bisa,
D0104,mengaktifkan,
D0104,kunci,
D0104,ganda,
D0104,pinta,
D0104,mantan,
D0104,Kapolresta,
D0104,Denpasar,
D0104,itu,
D0104,Menurut,
D0104,Jansen,
D0104,pemicu,
D0104,kejahatan,
D0104,di,
D0104,Bali,
D0104,bukan,
D0104,hanya,
D0104,dari,
D0104,penduduk,
D0104,asli,
D0104,Ia,
D0104,menyebut,
D0104,penduduk,
D0104,pendatang,
D0104,juga,
D0104,memicu,
D0104,terjadinya,
D0104,kejahatan,
D0104,terjadi,
D0104,Jansen,
D0104,pun,
D0104,mengimbau,
D0104,masyarakat,
D0104,agar,
D0104,lebih,
D0104,waspada,
D0104,mengenai,
D0104,gangguan,
D0104,kriminalitas,
D0104,Kami,
D0104,ingatkan,
D0104,untuk,
D0104,keamanan,
D0104,aktifkan,
D0104,kunci,
D0104,ganda,
D0104,pada,
D0104,sepeda,
D0104,motor,
D0104,saat,
D0104,terparkir,
D0104,dimanapun,
D0104,berada,
D0104,tambahnya,
D0104,Jansen,
D0104,juga,
D0104,meminta,
D0104,masyarakat,
D0104,meningkatkan,
D0104,kewaspadaan,
D0104,dan,
D0104,keamanan,
D0104,saat,
D0104,Ramadan,
D0104,Menurutnya,
D0104,kejahatan,
D0104,terjadi,
D0104,tidak,
D0104,jarang,
D0104,karena,
D0104,masalah,
D0104,ekonomi,
D0104,Polda,
D0104,Bali,
D0104,bersama,
D0104,jajaran,
D0104,melaksanakan,
D0104,Operasi,
D0104,Cipta,
D0104,Kondisi,
D0104,Agung,
D0104,2024,
D0104,guna,
D0104,mengantisipasi,
D0104,tindakan,
D0104,kriminalitas,
D0104,saat,
D0104,Ramadan,
D0104,Ia,
D0104,meminta,
D0104,semua,
D0104,pihak,
D0104,baik,
D0104,masyarakat,
D0104,maupun,
D0104,tokohtokohnya,
D0104,bisa,
D0104,saling,
D0104,menjaga,
D0104,dan,
D0104,memberikan,
D0104,kewaspadaan,
D0104,Tidak,
D0104,hanya,
D0104,soal,
D0104,kriminalitas,
D0104,tapi,
D0104,juga,
D0104,kerukunan,
D0104,beragama,
D0104,Mari,
D0104,kita,
D0104,saling,
D0104,saling,
D0104,menghargai,
D0104,menghormati,
D0104,dan,
D0104,selalu,
D0104,menjaga,
D0104,toleransi,
D0104,antarumat,
D0104,beragama,
D0104,Mari,
D0104,kita,
D0104,jaga,
D0104,Kamtibmas,
D0104,Bali,
D0104,agar,
D0104,tetap,
D0104,ajeg,
D0104,aman,
D0104,dan,
D0104,kondusif,
D0104,tegas,
D0104,Jansen,
D0105,Polrestabes,
D0105,Surabaya,
D0105,ungkap,
D0105,banyak,
D0105,kasus,
D0105,curanmor,
D0105,Sebanyak,
D0105,52,
D0105,kasus,
D0105,berhasil,
D0105,diungkap,
D0105,selama,
D0105,bulan,
D0105,Januari,
D0105,dan,
D0105,Februari,
D0105,2024,
D0105,dengan,
D0105,total,
D0105,tersangka,
D0105,50,
D0105,orang,
D0105,Kasat,
D0105,Reskrim,
D0105,Polrestabes,
D0105,Surabaya,
D0105,AKBP,
D0105,Hendro,
D0105,Sukmono,
D0105,mengatakan,
D0105,kasus,
D0105,kejahatan,
D0105,di,
D0105,Kota,
D0105,Pahlawan,
D0105,cenderung,
D0105,menurun,
D0105,selama,
D0105,2,
D0105,bulan,
D0105,terakhir,
D0105,Terutama,
D0105,kasus,
D0105,curanmor,
D0105,Untuk,
D0105,ungkap,
D0105,curanmor,
D0105,maupun,
D0105,tindak,
D0105,kejahatan,
D0105,lainnya,
D0105,pengungkapan,
D0105,kasus,
D0105,curanmor,
D0105,dari,
D0105,Januari,
D0105,2024,
D0105,hingga,
D0105,saat,
D0105,ini,
D0105,semakin,
D0105,menurun,
D0105,kata,
D0105,Hendro,
D0105,saat,
D0105,dikonfirmasi,
D0105,detikJatim,
D0105,Senin,
D0105,1132024,
D0105,SCROLL,
D0105,TO,
D0105,CONTINUE,
D0105,WITH,
D0105,CONTENT,
D0105,Meski,
D0105,ada,
D0105,penurunan,
D0105,lanjut,
D0105,Hendro,
D0105,pihaknya,
D0105,tetap,
D0105,gencar,
D0105,melakukan,
D0105,patroli,
D0105,Ini,
D0105,untuk,
D0105,terus,
D0105,menekan,
D0105,angka,
D0105,kejahatan,
D0105,yang,
D0105,terjadi,
D0105,Kegiatan,
D0105,pengungkapan,
D0105,terus,
D0105,dilakukan,
D0105,guna,
D0105,menekan,
D0105,angka,
D0105,kriminalitas,
D0105,Akumulasi,
D0105,data,
D0105,pengungkapan,
D0105,secara,
D0105,konsisten,
D0105,dilakukan,
D0105,untuk,
D0105,memberi,
D0105,kontrol,
D0105,dalam,
D0105,pelaksanaan,
D0105,kegiatan,
D0105,imbuhnya,
D0105,Hendro,
D0105,menambahkan,
D0105,selama,
D0105,Ramadan,
D0105,para,
D0105,personelnya,
D0105,bakal,
D0105,lebih,
D0105,aktif,
D0105,memonitoring,
D0105,seluruh,
D0105,ruas,
D0105,jalan,
D0105,dan,
D0105,rumahrumah,
D0105,warga,
D0105,yang,
D0105,selama,
D0105,ini,
D0105,rawan,
D0105,terjadi,
D0105,tindak,
D0105,kejahatan,
D0105,Tujuannya,
D0105,agar,
D0105,masyarakat,
D0105,bisa,
D0105,menjalankan,
D0105,ibadah,
D0105,puasa,
D0105,Ramadan,
D0105,secara,
D0105,tenang,
D0105,aman,
D0105,dan,
D0105,lancar,
D0105,Berdasarkan,
D0105,data,
D0105,yang,
D0105,diperoleh,
D0105,dari,
D0105,Satreskrim,
D0105,Polrestabes,
D0105,Surabaya,
D0105,ada,
D0105,36,
D0105,kasus,
D0105,curanmor,
D0105,yang,
D0105,telah,
D0105,diungkap,
D0105,selama,
D0105,Januari,
D0105,2024,
D0105,Dari,
D0105,jumlah,
D0105,itu,
D0105,ada,
D0105,34,
D0105,tersangka,
D0105,yang,
D0105,telah,
D0105,diamankan,
D0105,Sedangkan,
D0105,pada,
D0105,Februari,
D0105,2024,
D0105,ada,
D0105,16,
D0105,pengungkapan,
D0105,Dari,
D0105,jumlah,
D0105,itu,
D0105,ada,
D0105,16,
D0105,tersangka,
D0105,juga,
D0105,yang,
D0105,sudah,
D0105,kami,
D0105,amankan,
D0105,Kami,
D0105,berharap,
D0105,masyarakat,
D0105,segera,
D0105,melapor,
D0105,apabila,
D0105,menjadi,
D0105,korban,
D0105,atau,
D0105,mengetahui,
D0105,adanya,
D0105,kasus,
D0105,kriminalitas,
D0105,di,
D0105,Surabaya,
D0105,agar,
D0105,bisa,
D0105,segera,
D0105,kami,
D0105,respons,
D0105,secara,
D0105,maksimal,
D0105,tuturnya,
D0105,Hendro,
D0105,mengimbau,
D0105,kepada,
D0105,masyarakat,
D0105,agar,
D0105,tetap,
D0105,waspada,
D0105,terhadap,
D0105,tindak,
D0105,kriminalitas,
D0105,Menurutnya,
D0105,siapapun,
D0105,bisa,
D0105,menjadi,
D0105,korban,
D0105,Siapapun,
D0105,bisa,
D0105,menjadi,
D0105,korban,
D0105,Namun,
D0105,kami,
D0105,akan,
D0105,terus,
D0105,berupaya,
D0105,untuk,
D0105,menjaga,
D0105,kota,
D0105,Surabaya,
D0105,tetap,
D0105,aman,
D0105,dan,
D0105,kondusif,
D0105,tandas,
D0105,Hendro,
D0106,Kepolisian,
D0106,Resor,
D0106,Polres,
D0106,Kupang,
D0106,membekuk,
D0106,seorang,
D0106,pencuri,
D0106,sapi,
D0106,berinisial,
D0106,JR,
D0106,Ia,
D0106,ditangkap,
D0106,oleh,
D0106,polisi,
D0106,saat,
D0106,hendak,
D0106,kabur,
D0106,ke,
D0106,Papua,
D0106,melalui,
D0106,Bandara,
D0106,El,
D0106,Tari,
D0106,Kupang,
D0106,Nusa,
D0106,Tenggara,
D0106,Timur,
D0106,NTT,
D0106,Selasa,
D0106,532024,
D0106,Yang,
D0106,bersangkutan,
D0106,sudah,
D0106,kami,
D0106,amankan,
D0106,di,
D0106,ruang,
D0106,tunggu,
D0106,Bandara,
D0106,El,
D0106,Tari,
D0106,Kupang,
D0106,ujar,
D0106,Kepala,
D0106,Satuan,
D0106,Reserse,
D0106,Kriminal,
D0106,Kasat,
D0106,Reskrim,
D0106,Polres,
D0106,Kupang,
D0106,Iptu,
D0106,Elpidus,
D0106,Kono,
D0106,Feka,
D0106,kepada,
D0106,detikBali,
D0106,Rabu,
D0106,632024,
D0106,Pria,
D0106,berusia,
D0106,48,
D0106,tahun,
D0106,itu,
D0106,sebelumnya,
D0106,ditetapkan,
D0106,dalam,
D0106,daftar,
D0106,pencarian,
D0106,orang,
D0106,DPO,
D0106,pada,
D0106,kasus,
D0106,pencurian,
D0106,sapi,
D0106,di,
D0106,Desa,
D0106,Oelpuah,
D0106,Kecamatan,
D0106,Kupang,
D0106,Tengah,
D0106,Kabupaten,
D0106,Kupang,
D0106,NTT,
D0106,SCROLL,
D0106,TO,
D0106,CONTINUE,
D0106,WITH,
D0106,CONTENT,
D0106,Elpidus,
D0106,menjelaskan,
D0106,penangkapan,
D0106,JR,
D0106,bermula,
D0106,saat,
D0106,polisi,
D0106,mendapati,
D0106,informasi,
D0106,keberadaannya,
D0106,di,
D0106,Bandara,
D0106,El,
D0106,Tari,
D0106,Polisi,
D0106,kemudian,
D0106,berkoordinasi,
D0106,dengan,
D0106,maskapai,
D0106,Lion,
D0106,Air,
D0106,ternyata,
D0106,nama,
D0106,JR,
D0106,terdaftar,
D0106,di,
D0106,data,
D0106,manifest,
D0106,Sehingga,
D0106,langsung,
D0106,pergi,
D0106,menangkap,
D0106,bersama,
D0106,istrinya,
D0106,dan,
D0106,menyeret,
D0106,ke,
D0106,Mako,
D0106,Polres,
D0106,Kupang,
D0106,untuk,
D0106,menjalani,
D0106,proses,
D0106,penyidikan,
D0106,kata,
D0106,Elpidus,
D0106,Elpidus,
D0106,menuturkan,
D0106,JR,
D0106,mencuri,
D0106,sapi,
D0106,pada,
D0106,Selasa,
D0106,1192023,
D0106,JR,
D0106,saat,
D0106,itu,
D0106,bersama,
D0106,YSU,
D0106,MB,
D0106,dan,
D0106,EL,
D0106,menjerat,
D0106,seekor,
D0106,sapi,
D0106,betina,
D0106,milik,
D0106,Obet,
D0106,Haumeni,
D0106,di,
D0106,kebunnya,
D0106,Mereka,
D0106,langsung,
D0106,menyembelih,
D0106,sapi,
D0106,itu,
D0106,seusai,
D0106,melakukan,
D0106,pencurian,
D0106,Namun,
D0106,aksi,
D0106,kriminalitas,
D0106,mereka,
D0106,kepergok,
D0106,oleh,
D0106,pengembala,
D0106,sapi,
D0106,berinisial,
D0106,AB,
D0106,saat,
D0106,menyembelih,
D0106,JR,
D0106,bersama,
D0106,tiga,
D0106,rekannya,
D0106,langsung,
D0106,kabur,
D0106,dari,
D0106,tempat,
D0106,kejadian,
D0106,perkara,
D0106,TKP,
D0106,Kasus,
D0106,itu,
D0106,lalu,
D0106,dilaporkan,
D0106,ke,
D0106,Polres,
D0106,Kupang,
D0106,Polisi,
D0106,kemudian,
D0106,dapat,
D0106,menangkap,
D0106,YSU,
D0106,MB,
D0106,dan,
D0106,EL,
D0106,Sedangkan,
D0106,JR,
D0106,melarikan,
D0106,diri,
D0106,dan,
D0106,tidak,
D0106,kooperatif,
D0106,saat,
D0106,dilakukan,
D0106,pemanggilan,
D0106,Untuk,
D0106,status,
D0106,hukum,
D0106,YSU,
D0106,MB,
D0106,dan,
D0106,EL,
D0106,saat,
D0106,ini,
D0106,sudah,
D0106,tahap,
D0106,II,
D0106,ke,
D0106,Kejaksaan,
D0106,Negeri,
D0106,Kejari,
D0106,Oelamasi,
D0106,Kabupaten,
D0106,Kupang,
D0106,tutur,
D0106,Elpidus,
D0106,Elpidus,
D0106,mengungkap,
D0106,para,
D0106,tersangka,
D0106,dijerat,
D0106,dengan,
D0106,Pasal,
D0106,363,
D0106,Ayat,
D0106,1,
D0106,dan,
D0106,4,
D0106,juncto,
D0106,Pasal,
D0106,53,
D0106,Ayat,
D0106,1,
D0106,KUHP,
D0106,subsider,
D0106,Pasal,
D0106,302,
D0106,Ayat,
D0106,2,
D0106,KUHP,
D0106,juncto,
D0106,Pasal,
D0106,55,
D0106,Ayat,
D0106,1,
D0106,KUHP,
D0106,tentang,
D0106,Pencurian,
D0106,Ternak,
D0106,dan,
D0106,Penganiayaan,
D0106,Ternak,
D0106,Mereka,
D0106,terancam,
D0106,hukuman,
D0106,tujuh,
D0106,tahun,
D0106,penjara,
D0106,Saat,
D0106,ini,
D0106,tersangka,
D0106,JR,
D0106,sudah,
D0106,ditahan,
D0106,di,
D0106,rumah,
D0106,tahanan,
D0106,Polres,
D0106,Kupang,
D0106,terang,
D0106,Elpidus,
D0107,Dua,
D0107,pelaku,
D0107,spesialis,
D0107,pencurian,
D0107,rumah,
D0107,kosong,
D0107,ditangkap,
D0107,tim,
D0107,Tindak,
D0107,Pidana,
D0107,Kejahatan,
D0107,dan,
D0107,Kekerasan,
D0107,Jatanras,
D0107,Komodo,
D0107,Satuan,
D0107,Reserse,
D0107,Kriminal,
D0107,Satreskrim,
D0107,Polres,
D0107,Manggarai,
D0107,Barat,
D0107,Kedua,
D0107,pelaku,
D0107,berinisial,
D0107,RR,
D0107,alias,
D0107,Rodi,
D0107,26,
D0107,dan,
D0107,AJ,
D0107,alias,
D0107,Jonsi,
D0107,18,
D0107,Keduanya,
D0107,telah,
D0107,melakukan,
D0107,aksi,
D0107,kriminalitas,
D0107,pada,
D0107,sembilan,
D0107,tempat,
D0107,kejadian,
D0107,perkara,
D0107,TKP,
D0107,di,
D0107,Labuan,
D0107,Bajo,
D0107,Manggarai,
D0107,Barat,
D0107,Nusa,
D0107,Tenggara,
D0107,Timur,
D0107,NTT,
D0107,Dua,
D0107,pria,
D0107,itu,
D0107,ditangkap,
D0107,di,
D0107,tempat,
D0107,berbeda,
D0107,pada,
D0107,hari,
D0107,yang,
D0107,sama,
D0107,Polisi,
D0107,mengamankan,
D0107,laptop,
D0107,dan,
D0107,emas,
D0107,hasil,
D0107,curian,
D0107,mereka,
D0107,AJ,
D0107,adalah,
D0107,partner,
D0107,RR,
D0107,saat,
D0107,melakukan,
D0107,aksi,
D0107,pencurian,
D0107,pada,
D0107,sembilan,
D0107,lokasi,
D0107,yang,
D0107,ada,
D0107,di,
D0107,wilayah,
D0107,Kabupaten,
D0107,Manggarai,
D0107,Barat,
D0107,Terduga,
D0107,pelaku,
D0107,kedua,
D0107,kami,
D0107,amankan,
D0107,di,
D0107,rumahnya,
D0107,beberapa,
D0107,jam,
D0107,setelah,
D0107,membekuk,
D0107,terduga,
D0107,pelaku,
D0107,pertama,
D0107,kata,
D0107,Kasat,
D0107,Reskrim,
D0107,Polres,
D0107,Manggarai,
D0107,Barat,
D0107,AKP,
D0107,Angga,
D0107,Maulana,
D0107,dalam,
D0107,keterangannya,
D0107,Selasa,
D0107,532024,
D0107,SCROLL,
D0107,TO,
D0107,CONTINUE,
D0107,WITH,
D0107,CONTENT,
D0107,Angga,
D0107,mengatakan,
D0107,penangkapan,
D0107,Rodi,
D0107,dan,
D0107,Jonsi,
D0107,bermula,
D0107,dari,
D0107,laporan,
D0107,sejumlah,
D0107,pemilik,
D0107,rumah,
D0107,di,
D0107,Labuan,
D0107,Bajo,
D0107,yang,
D0107,kemalingan,
D0107,saat,
D0107,ditinggalkan,
D0107,Berdasarkan,
D0107,hasil,
D0107,penyelidikan,
D0107,dan,
D0107,informasi,
D0107,di,
D0107,lapangan,
D0107,kami,
D0107,berhasil,
D0107,menangkap,
D0107,dua,
D0107,terduga,
D0107,pelaku,
D0107,pencurian,
D0107,itu,
D0107,jelas,
D0107,Angga,
D0107,Angga,
D0107,menjelaskan,
D0107,Rodi,
D0107,ditangkap,
D0107,di,
D0107,Air,
D0107,Kemiri,
D0107,Desa,
D0107,Gorontalo,
D0107,Labuan,
D0107,Bajo,
D0107,pada,
D0107,25,
D0107,Februari,
D0107,2024,
D0107,Warga,
D0107,Desa,
D0107,Wae,
D0107,Moto,
D0107,Kecamatan,
D0107,Mbeliling,
D0107,Manggarai,
D0107,Barat,
D0107,itu,
D0107,merupakan,
D0107,residivis,
D0107,kasus,
D0107,yang,
D0107,sama,
D0107,Dia,
D0107,ditangkap,
D0107,saat,
D0107,mencoba,
D0107,mencuri,
D0107,di,
D0107,sebuah,
D0107,rumah,
D0107,yang,
D0107,sedang,
D0107,ditinggal,
D0107,penghuninya,
D0107,Saat,
D0107,itu,
D0107,Tim,
D0107,Jatanras,
D0107,Komodo,
D0107,sedang,
D0107,berpatroli,
D0107,dan,
D0107,mendapat,
D0107,laporan,
D0107,ada,
D0107,orang,
D0107,yang,
D0107,mencoba,
D0107,mencuri,
D0107,di,
D0107,rumah,
D0107,salah,
D0107,satu,
D0107,warga,
D0107,Saat,
D0107,tiba,
D0107,di,
D0107,TKP,
D0107,ternyata,
D0107,warga,
D0107,sudah,
D0107,ramai,
D0107,karena,
D0107,terduga,
D0107,pelaku,
D0107,telah,
D0107,berhasil,
D0107,diamankan,
D0107,Guna,
D0107,mencegah,
D0107,terjadinya,
D0107,halhal,
D0107,yang,
D0107,tidak,
D0107,diinginkan,
D0107,petugas,
D0107,langsung,
D0107,membawa,
D0107,terduga,
D0107,pelaku,
D0107,ke,
D0107,Mapolres,
D0107,Manggarai,
D0107,Barat,
D0107,terang,
D0107,Angga,
D0107,Hasil,
D0107,pengembangan,
D0107,terhadap,
D0107,Rodi,
D0107,Tim,
D0107,Jatanras,
D0107,Komodo,
D0107,kemudian,
D0107,menangkap,
D0107,Jonsi,
D0107,di,
D0107,rumahnya,
D0107,di,
D0107,Desa,
D0107,Wae,
D0107,Moto,
D0107,Polisi,
D0107,mengamankan,
D0107,empat,
D0107,laptop,
D0107,berbagai,
D0107,merk,
D0107,enam,
D0107,handphone,
D0107,satu,
D0107,kalung,
D0107,emas,
D0107,dan,
D0107,dua,
D0107,cincin,
D0107,emas,
D0107,dari,
D0107,tangan,
D0107,Rodi,
D0107,dan,
D0107,Jonsi,
D0107,Polisi,
D0107,juga,
D0107,menyita,
D0107,sebuah,
D0107,sepeda,
D0107,motor,
D0107,yang,
D0107,digunakan,
D0107,kedua,
D0107,Rodi,
D0107,dan,
D0107,Jonsi,
D0107,untuk,
D0107,menjalankan,
D0107,aksinya,
D0107,Sejumlah,
D0107,barang,
D0107,hasil,
D0107,pencurian,
D0107,seperti,
D0107,perhiasan,
D0107,emas,
D0107,laptop,
D0107,dan,
D0107,handphone,
D0107,telah,
D0107,dijual,
D0107,Di,
D0107,hadapan,
D0107,penyidik,
D0107,kedua,
D0107,terduga,
D0107,pelaku,
D0107,mengakui,
D0107,semua,
D0107,perbuatannya,
D0107,kata,
D0107,Angga,
D0107,Dalam,
D0107,melancarkan,
D0107,aksinya,
D0107,Rodi,
D0107,dan,
D0107,Jonsi,
D0107,terlebih,
D0107,dahulu,
D0107,berkeliling,
D0107,mencari,
D0107,rumah,
D0107,kosong,
D0107,yang,
D0107,ditinggalkan,
D0107,oleh,
D0107,penghuninya,
D0107,Kedua,
D0107,pelaku,
D0107,masuk,
D0107,ke,
D0107,dalam,
D0107,rumah,
D0107,dengan,
D0107,mencongkel,
D0107,pintu,
D0107,maupun,
D0107,jendela,
D0107,menggunakan,
D0107,alat,
D0107,yang,
D0107,telah,
D0107,disiapkan,
D0107,Sasaran,
D0107,dari,
D0107,terduga,
D0107,pelaku,
D0107,adalah,
D0107,barang,
D0107,yang,
D0107,mudah,
D0107,dijual,
D0107,seperti,
D0107,handphone,
D0107,laptop,
D0107,hingga,
D0107,perhiasan,
D0107,emas,
D0107,ujarnya,
D0107,Angga,
D0107,mengatakan,
D0107,Rodi,
D0107,dan,
D0107,Jonsi,
D0107,dijerat,
D0107,dengan,
D0107,pasal,
D0107,363,
D0107,KUHP,
D0107,tentang,
D0107,Pencurian,
D0107,dengan,
D0107,pemberatan,
D0107,Keduanya,
D0107,terancam,
D0107,hukuman,
D0107,penjara,
D0107,paling,
D0107,lama,
D0107,tujuh,
D0107,tahunPenyidik,
D0107,masih,
D0107,melakukan,
D0107,pemeriksaan,
D0107,secara,
D0107,intensif,
D0107,Smentara,
D0107,kita,
D0107,baru,
D0107,mendapatkan,
D0107,tiga,
D0107,laporan,
D0107,polisi,
D0107,dengan,
D0107,TKP,
D0107,berbeda,
D0107,tandas,
D0107,Angga,
D0108,Kejadian,
D0108,mengerikan,
D0108,menimpa,
D0108,seorang,
D0108,influencer,
D0108,wanita,
D0108,asal,
D0108,Spanyol,
D0108,dan,
D0108,suaminya,
D0108,saat,
D0108,berlibur,
D0108,ke,
D0108,India,
D0108,Sang,
D0108,suami,
D0108,dipukuli,
D0108,dan,
D0108,influencer,
D0108,tersebut,
D0108,diperkosa,
D0108,oleh,
D0108,7,
D0108,orang,
D0108,pria,
D0108,Dilansir,
D0108,detikNews,
D0108,dari,
D0108,Hindustan,
D0108,Times,
D0108,Senin,
D0108,432024,
D0108,kini,
D0108,pihak,
D0108,kepolisian,
D0108,Jharkhand,
D0108,yang,
D0108,menjadi,
D0108,lokasi,
D0108,pemerkosaan,
D0108,mengatakan,
D0108,telah,
D0108,menangkap,
D0108,tiga,
D0108,orang,
D0108,tersangka,
D0108,Ketiganya,
D0108,juga,
D0108,telah,
D0108,dikirim,
D0108,ke,
D0108,tahanan,
D0108,yudisial,
D0108,oleh,
D0108,pengadilan,
D0108,setempat,
D0108,Sementara,
D0108,itu,
D0108,menurut,
D0108,laporan,
D0108,Reuters,
D0108,empat,
D0108,tersangka,
D0108,lainnya,
D0108,masih,
D0108,diburu,
D0108,oleh,
D0108,polisi,
D0108,SCROLL,
D0108,TO,
D0108,CONTINUE,
D0108,WITH,
D0108,CONTENT,
D0108,Menurut,
D0108,pernyataan,
D0108,polisi,
D0108,setempat,
D0108,pada,
D0108,Minggu,
D0108,332024,
D0108,peristiwa,
D0108,itu,
D0108,terjadi,
D0108,saat,
D0108,keduanya,
D0108,bermalam,
D0108,di,
D0108,tenda,
D0108,di,
D0108,area,
D0108,Kurumahat,
D0108,distrik,
D0108,Dumka,
D0108,Jharkhand,
D0108,pada,
D0108,1,
D0108,Maret,
D0108,2024,
D0108,lalu,
D0108,Inspektur,
D0108,Polisi,
D0108,Pitamber,
D0108,Singh,
D0108,Kherwar,
D0108,dalam,
D0108,konferensi,
D0108,pers,
D0108,mengatakan,
D0108,keterangan,
D0108,influencer,
D0108,wanita,
D0108,itu,
D0108,telah,
D0108,dicatat,
D0108,oleh,
D0108,kepolisian,
D0108,berdasarkan,
D0108,pasal,
D0108,164,
D0108,Undangundang,
D0108,Pidana,
D0108,yang,
D0108,berlaku,
D0108,di,
D0108,India,
D0108,Tes,
D0108,medis,
D0108,juga,
D0108,telah,
D0108,dilakukan,
D0108,terhadap,
D0108,korban,
D0108,dan,
D0108,hasilnya,
D0108,mengonfirmasi,
D0108,adanya,
D0108,pemerkosaan,
D0108,Laporan,
D0108,Reuters,
D0108,juga,
D0108,menyebutkan,
D0108,bahwa,
D0108,keduanya,
D0108,ditemukan,
D0108,di,
D0108,pinggir,
D0108,jalan,
D0108,oleh,
D0108,polisi,
D0108,dengan,
D0108,kondisi,
D0108,seperti,
D0108,mengalami,
D0108,pemukulan,
D0108,Kherwar,
D0108,menyebut,
D0108,bahwa,
D0108,kedua,
D0108,turis,
D0108,asing,
D0108,yang,
D0108,berkewarganegaraan,
D0108,Spanyol,
D0108,itu,
D0108,menuturkan,
D0108,kehormatan,
D0108,mereka,
D0108,telah,
D0108,dihina,
D0108,dalam,
D0108,insiden,
D0108,yang,
D0108,melibatkan,
D0108,tujuh,
D0108,pria,
D0108,itu,
D0108,Pasangan,
D0108,tersebut,
D0108,mengatakan,
D0108,bahwa,
D0108,mereka,
D0108,memutuskan,
D0108,berkemah,
D0108,lantaran,
D0108,tidak,
D0108,menemukan,
D0108,hotel,
D0108,di,
D0108,dekat,
D0108,lokasi,
D0108,Ketujuh,
D0108,pelaku,
D0108,memukuli,
D0108,sang,
D0108,suami,
D0108,berulang,
D0108,kali,
D0108,dan,
D0108,memperkosa,
D0108,sang,
D0108,istri,
D0108,secara,
D0108,bergiliran,
D0108,Mereka,
D0108,memperkosa,
D0108,saya,
D0108,mereka,
D0108,melakukannya,
D0108,secara,
D0108,bergantian,
D0108,sementara,
D0108,yang,
D0108,lainnya,
D0108,menonton,
D0108,dan,
D0108,mereka,
D0108,melakukan,
D0108,itu,
D0108,selama,
D0108,sekitar,
D0108,dua,
D0108,jam,
D0108,tutur,
D0108,korban,
D0108,dalam,
D0108,wawancara,
D0108,via,
D0108,video,
D0108,dengan,
D0108,televisi,
D0108,Spanyol,
D0108,Antena,
D0108,3,
D0108,Sabtu,
D0108,23,
D0108,Diketahui,
D0108,korban,
D0108,memiliki,
D0108,kewarganegaraan,
D0108,ganda,
D0108,Brasil,
D0108,dan,
D0108,Spanyol,
D0108,sehingga,
D0108,kini,
D0108,kedua,
D0108,negara,
D0108,tersebut,
D0108,juga,
D0108,turut,
D0108,membantu,
D0108,Kementerian,
D0108,Luar,
D0108,Negeri,
D0108,Spanyol,
D0108,telah,
D0108,mengirimkan,
D0108,stafnya,
D0108,ke,
D0108,wilayah,
D0108,itu,
D0108,dan,
D0108,melakukan,
D0108,komunikasi,
D0108,dengan,
D0108,otoritas,
D0108,berwenang,
D0108,Sedangkan,
D0108,Kementerian,
D0108,Luar,
D0108,Negeri,
D0108,Brasil,
D0108,mengatakan,
D0108,pihaknya,
D0108,telah,
D0108,menghubungi,
D0108,warganya,
D0108,yang,
D0108,menjadi,
D0108,korban,
D0108,itu,
D0108,melalui,
D0108,kedutaannya,
D0108,di,
D0108,New,
D0108,Delhi,
D0108,dan,
D0108,bersiap,
D0108,memberikan,
D0108,bantuan,
D0108,Menurut,
D0108,laporan,
D0108,kantor,
D0108,berita,
D0108,AFP,
D0108,yang,
D0108,mengutip,
D0108,Biro,
D0108,Catatan,
D0108,Kejahatan,
D0108,Nasional,
D0108,ratarata,
D0108,hampir,
D0108,90,
D0108,kasus,
D0108,pemerkosaan,
D0108,dilaporkan,
D0108,di,
D0108,India,
D0108,setiap,
D0108,harinya,
D0108,sepanjang,
D0108,tahun,
D0108,2022,
D0108,lalu,
D0108,Namun,
D0108,banyak,
D0108,kasus,
D0108,yang,
D0108,tidak,
D0108,dilaporkan,
D0108,karena,
D0108,stigma,
D0108,buruk,
D0108,yang,
D0108,melekat,
D0108,pada,
D0108,korban,
D0108,dan,
D0108,kurangnya,
D0108,kepercayaan,
D0108,terhadap,
D0108,penyelidikan,
D0108,kepolisian,
D0109,Dua,
D0109,orang,
D0109,residivis,
D0109,spesialis,
D0109,pencurian,
D0109,kendaraan,
D0109,bermotor,
D0109,curanmor,
D0109,bernama,
D0109,Azwin,
D0109,24,
D0109,dan,
D0109,Edi,
D0109,Kurniawan,
D0109,28,
D0109,ditangkap,
D0109,dan,
D0109,ditembak,
D0109,oleh,
D0109,polisi,
D0109,Keduanya,
D0109,ditangkap,
D0109,dan,
D0109,dihadiahi,
D0109,peluru,
D0109,seusai,
D0109,mencuri,
D0109,sepeda,
D0109,motor,
D0109,mahasiswi,
D0109,di,
D0109,Mataram,
D0109,Nusa,
D0109,Tenggara,
D0109,Barat,
D0109,NTB,
D0109,Kasatreskrim,
D0109,Polresta,
D0109,Mataram,
D0109,Kompol,
D0109,I,
D0109,Made,
D0109,Yogi,
D0109,Purusa,
D0109,Utama,
D0109,mengatakan,
D0109,kedua,
D0109,pelaku,
D0109,diamankan,
D0109,seusai,
D0109,dilakukan,
D0109,pengejaran,
D0109,di,
D0109,Kecamatan,
D0109,Pemenang,
D0109,Kabupaten,
D0109,Lombok,
D0109,Utara,
D0109,Kamis,
D0109,2222024,
D0109,Keduanya,
D0109,diamankan,
D0109,saat,
D0109,akan,
D0109,menjual,
D0109,motor,
D0109,ke,
D0109,calon,
D0109,pembeli,
D0109,di,
D0109,Lombok,
D0109,Utara,
D0109,Jadi,
D0109,belum,
D0109,sempat,
D0109,bertemu,
D0109,calon,
D0109,pembeli,
D0109,tim,
D0109,berhasil,
D0109,menggagalkan,
D0109,transaksi,
D0109,keduanya,
D0109,ungkap,
D0109,Yogi,
D0109,ketika,
D0109,dimintai,
D0109,keterangan,
D0109,pada,
D0109,Jumat,
D0109,2322024,
D0109,SCROLL,
D0109,TO,
D0109,CONTINUE,
D0109,WITH,
D0109,CONTENT,
D0109,Yogi,
D0109,menjelaskan,
D0109,keduanya,
D0109,ditangkap,
D0109,seusai,
D0109,mencuri,
D0109,kendaraan,
D0109,mahasiswa,
D0109,di,
D0109,Mataram,
D0109,pada,
D0109,Senin,
D0109,1222024,
D0109,Modus,
D0109,pelaku,
D0109,melakukan,
D0109,pencurian,
D0109,dengan,
D0109,cara,
D0109,mendekati,
D0109,sepeda,
D0109,motor,
D0109,yang,
D0109,disasar,
D0109,dalam,
D0109,situasi,
D0109,sepi,
D0109,kemudian,
D0109,merusak,
D0109,kontak,
D0109,menggunakan,
D0109,kunci,
D0109,T,
D0109,Keduanya,
D0109,merupakan,
D0109,residivis,
D0109,kasus,
D0109,yang,
D0109,sama,
D0109,Mereka,
D0109,berdua,
D0109,ini,
D0109,menjalankan,
D0109,aksinya,
D0109,sendirisendiri,
D0109,dan,
D0109,sasaran,
D0109,yang,
D0109,berbeda,
D0109,ucap,
D0109,Yogi,
D0109,Yogi,
D0109,mengatakan,
D0109,pelaku,
D0109,yang,
D0109,berboncengan,
D0109,berusaha,
D0109,kabur,
D0109,dan,
D0109,melawan,
D0109,petugas,
D0109,saat,
D0109,hendak,
D0109,ditangkap,
D0109,Polisi,
D0109,kemudian,
D0109,menembak,
D0109,kaki,
D0109,kedua,
D0109,pelaku,
D0109,Keduanya,
D0109,kemudian,
D0109,berhasil,
D0109,ditangkap,
D0109,Polisi,
D0109,berhasil,
D0109,mengamankan,
D0109,tiga,
D0109,motor,
D0109,hasil,
D0109,curian,
D0109,seusai,
D0109,mengamankan,
D0109,kedua,
D0109,pelaku,
D0109,Polisi,
D0109,bakal,
D0109,melakukan,
D0109,pengembangan,
D0109,terhadap,
D0109,aksi,
D0109,kriminalitas,
D0109,yang,
D0109,dilakukan,
D0109,kedua,
D0109,residivis,
D0109,tersebut,
D0109,Kita,
D0109,akan,
D0109,adakan,
D0109,pengembangan,
D0109,karena,
D0109,kemungkinan,
D0109,adanya,
D0109,TKP,
D0109,lain,
D0109,jelas,
D0109,Yogi,
D0109,Kedua,
D0109,pelaku,
D0109,ditetapkan,
D0109,tersangka,
D0109,diancam,
D0109,Pasal,
D0109,363,
D0109,Kitab,
D0109,UndangUndang,
D0109,Hukum,
D0109,Pidana,
D0109,KUHP,
D0109,Sementara,
D0109,korbannya,
D0109,ada,
D0109,tiga,
D0109,orang,
D0109,yang,
D0109,melapor,
D0109,Jadi,
D0109,TKPnya,
D0109,berbedabeda,
D0109,tandas,
D0109,Yogi,
D0109,Rita,
D0109,Marlina,
D0109,22,
D0109,mahasiswi,
D0109,asal,
D0109,Lombok,
D0109,Timur,
D0109,korban,
D0109,pencurian,
D0109,sempat,
D0109,melaporkan,
D0109,kehilangan,
D0109,motor,
D0109,di,
D0109,Jalan,
D0109,Bung,
D0109,Karno,
D0109,Mataram,
D0109,Rita,
D0109,saat,
D0109,itu,
D0109,memarkir,
D0109,motornya,
D0109,di,
D0109,depan,
D0109,kafe,
D0109,Saat,
D0109,mau,
D0109,pulang,
D0109,kaget,
D0109,sepeda,
D0109,motor,
D0109,sudah,
D0109,tidak,
D0109,ada,
D0109,dan,
D0109,kemudian,
D0109,saya,
D0109,melapor,
D0109,ke,
D0109,Polresta,
D0109,Mataram,
D0109,ucapnya,
D0110,Dinas,
D0110,Pendidikan,
D0110,Kabupaten,
D0110,Sukabumi,
D0110,belum,
D0110,memberikan,
D0110,sanksi,
D0110,kepada,
D0110,oknum,
D0110,kepala,
D0110,sekolah,
D0110,kepsek,
D0110,pelaku,
D0110,cabul,
D0110,terhadap,
D0110,10,
D0110,orang,
D0110,siswinya,
D0110,Mereka,
D0110,masih,
D0110,menunggu,
D0110,hasil,
D0110,penyelidikan,
D0110,dari,
D0110,kepolisian,
D0110,Hal,
D0110,itu,
D0110,diungkap,
D0110,Kepala,
D0110,Dinas,
D0110,Pendidikan,
D0110,Kabupaten,
D0110,Sukabumi,
D0110,Eka,
D0110,Nandang,
D0110,Nugraha,
D0110,kepada,
D0110,detikJabar,
D0110,Jumat,
D0110,2322024,
D0110,Eka,
D0110,mengaku,
D0110,geram,
D0110,dengan,
D0110,aksi,
D0110,amoral,
D0110,oknum,
D0110,tersebut,
D0110,Apa,
D0110,yang,
D0110,dilakukan,
D0110,oknum,
D0110,kepala,
D0110,sekolah,
D0110,tersebut,
D0110,merupakan,
D0110,perbuatan,
D0110,yang,
D0110,tidak,
D0110,bisa,
D0110,ditolerir,
D0110,Hal,
D0110,itu,
D0110,juga,
D0110,telah,
D0110,mencoreng,
D0110,dunia,
D0110,pendidikan,
D0110,Kabupaten,
D0110,Sukabumi,
D0110,kata,
D0110,Eka,
D0110,SCROLL,
D0110,TO,
D0110,CONTINUE,
D0110,WITH,
D0110,CONTENT,
D0110,Eka,
D0110,kemudian,
D0110,menunjukkan,
D0110,surat,
D0110,yang,
D0110,dilayangkan,
D0110,pihaknya,
D0110,ke,
D0110,Kepala,
D0110,Badan,
D0110,Kepegawaian,
D0110,dan,
D0110,Pengembangan,
D0110,Sumber,
D0110,Daya,
D0110,Manusia,
D0110,BKPSDM,
D0110,Dalam,
D0110,isi,
D0110,surat,
D0110,itu,
D0110,diketahui,
D0110,oknum,
D0110,kepsek,
D0110,inisial,
D0110,E,
D0110,itu,
D0110,dicopot,
D0110,dari,
D0110,jabatannya,
D0110,dan,
D0110,untuk,
D0110,mengisi,
D0110,kekosongan,
D0110,akan,
D0110,diganti,
D0110,oleh,
D0110,pelaksana,
D0110,tugas,
D0110,Plt,
D0110,Ya,
D0110,kita,
D0110,sudah,
D0110,mengganti,
D0110,kepala,
D0110,sekolahnya,
D0110,sekarang,
D0110,Plt,
D0110,seorang,
D0110,guru,
D0110,yang,
D0110,perempuan,
D0110,sudah,
D0110,ada,
D0110,pengganti,
D0110,imbuh,
D0110,Eka,
D0110,Untuk,
D0110,sanksi,
D0110,ditegaskan,
D0110,Eka,
D0110,pihaknya,
D0110,akan,
D0110,terlebih,
D0110,dahulu,
D0110,menunggu,
D0110,hasil,
D0110,pemeriksan,
D0110,dari,
D0110,Aparat,
D0110,Penegak,
D0110,Hukum,
D0110,APH,
D0110,Kalau,
D0110,sanksinya,
D0110,itu,
D0110,kita,
D0110,menunggu,
D0110,dari,
D0110,APH,
D0110,hasil,
D0110,dari,
D0110,kepolisiannya,
D0110,kita,
D0110,tidak,
D0110,bisa,
D0110,dulu,
D0110,menjatuhkan,
D0110,sanksi,
D0110,sebelum,
D0110,hasil,
D0110,apakah,
D0110,ya,
D0110,tidaknya,
D0110,bagaimana,
D0110,nanti,
D0110,dari,
D0110,hasil,
D0110,pemeriksaan,
D0110,kepolisian,
D0110,ujar,
D0110,Eka,
D0110,Untuk,
D0110,anakanak,
D0110,yang,
D0110,menjadi,
D0110,korban,
D0110,Eka,
D0110,akan,
D0110,berkoordinasi,
D0110,dengan,
D0110,DP3A,
D0110,untuk,
D0110,penanganan,
D0110,dan,
D0110,pemulihan,
D0110,psikologis,
D0110,mereka,
D0110,Kami,
D0110,akan,
D0110,berkoordinasi,
D0110,dengan,
D0110,DP3A,
D0110,untuk,
D0110,pelajar,
D0110,yang,
D0110,diduga,
D0110,mengalami,
D0110,pencabulan,
D0110,dari,
D0110,pelaku,
D0110,Untuk,
D0110,kegiatan,
D0110,belajar,
D0110,mengajar,
D0110,di,
D0110,sekolah,
D0110,tersebut,
D0110,sampai,
D0110,hari,
D0110,ini,
D0110,masih,
D0110,berjalan,
D0110,seperti,
D0110,biasa,
D0110,tegasnya,
D0110,Diberitakan,
D0110,sebelumnya,
D0110,seorang,
D0110,Kepala,
D0110,Sekolah,
D0110,Kepsek,
D0110,SD,
D0110,di,
D0110,Kabupaten,
D0110,Sukabumi,
D0110,ditangkap,
D0110,polisi,
D0110,setelah,
D0110,melakukan,
D0110,perbuatan,
D0110,mesum,
D0110,kepada,
D0110,10,
D0110,siswinya,
D0110,Horornya,
D0110,aksi,
D0110,bejat,
D0110,itu,
D0110,dilakukan,
D0110,di,
D0110,dalam,
D0110,ruang,
D0110,kelas,
D0110,Kapolres,
D0110,Sukabumi,
D0110,AKBP,
D0110,Tony,
D0110,Prasetyo,
D0110,mengatakan,
D0110,para,
D0110,korban,
D0110,membuat,
D0110,laporan,
D0110,pada,
D0110,Februari,
D0110,2024,
D0110,perbuatan,
D0110,pelaku,
D0110,dilakukan,
D0110,sejak,
D0110,Januari,
D0110,2023,
D0110,silam,
D0110,Diketahui,
D0110,pelaku,
D0110,berusia,
D0110,53,
D0110,tahun,
D0110,dan,
D0110,berstatus,
D0110,sebagai,
D0110,ASN,
D0110,Kita,
D0110,telah,
D0110,menangani,
D0110,dugaan,
D0110,tidak,
D0110,pidana,
D0110,pencabulan,
D0110,anak,
D0110,di,
D0110,bawah,
D0110,umur,
D0110,laporan,
D0110,polisi,
D0110,pada,
D0110,7,
D0110,Februari,
D0110,2024,
D0110,Kita,
D0110,lakukan,
D0110,penyelidikan,
D0110,secara,
D0110,maraton,
D0110,akhirnya,
D0110,diperoleh,
D0110,data,
D0110,korban,
D0110,sebanyak,
D0110,10,
D0110,orang,
D0110,kata,
D0110,Tony,
D0110,kepada,
D0110,detikJabar,
D0110,Kamis,
D0110,2222024,
D0110,Sesuai,
D0110,aturan,
D0110,penanganan,
D0110,kasus,
D0110,kriminalitas,
D0110,yang,
D0110,berkaitan,
D0110,dengan,
D0110,korban,
D0110,anak,
D0110,Tony,
D0110,tidak,
D0110,menyebutkan,
D0110,secara,
D0110,detil,
D0110,lokasi,
D0110,kecamatan,
D0110,dan,
D0110,sekolah,
D0110,dasar,
D0110,tempat,
D0110,peristiwa,
D0110,itu,
D0110,berlangsung,
D0110,Karena,
D0110,sensitif,
D0110,kami,
D0110,tidak,
D0110,bisa,
D0110,menyampaikan,
D0110,lokasi,
D0110,kecamatan,
D0110,dan,
D0110,SD,
D0110,nya,
D0110,kejadian,
D0110,ini,
D0110,adalah,
D0110,pencabulan,
D0110,yang,
D0110,dilakukan,
D0110,oleh,
D0110,kepala,
D0110,sekolah,
D0110,kepada,
D0110,muridnya,
D0110,bahwa,
D0110,terkait,
D0110,kejadian,
D0110,ini,
D0110,ada,
D0110,10,
D0110,anak,
D0110,korban,
D0110,yang,
D0110,ratarata,
D0110,usianya,
D0110,antara,
D0110,10,
D0110,sampai,
D0110,12,
D0110,tahun,
D0110,ujar,
D0110,Tony,
D0110,Kejadian,
D0110,itu,
D0110,terungkap,
D0110,setelah,
D0110,orang,
D0110,tua,
D0110,salah,
D0110,satu,
D0110,korban,
D0110,melaporkan,
D0110,peristiwa,
D0110,yang,
D0110,menimpa,
D0110,salah,
D0110,satu,
D0110,putrinya,
D0110,ia,
D0110,mengadukan,
D0110,peristiwa,
D0110,itu,
D0110,terjadi,
D0110,sejak,
D0110,tahun,
D0110,2023,
D0110,silam,
D0111,Seorang,
D0111,Kepala,
D0111,Sekolah,
D0111,Kepsek,
D0111,SD,
D0111,di,
D0111,Kabupaten,
D0111,Sukabumi,
D0111,ditangkap,
D0111,polisi,
D0111,setelah,
D0111,melakukan,
D0111,perbuatan,
D0111,mesum,
D0111,kepada,
D0111,10,
D0111,siswinya,
D0111,Horornya,
D0111,aksi,
D0111,bejat,
D0111,itu,
D0111,dilakukan,
D0111,di,
D0111,dalam,
D0111,ruang,
D0111,kelas,
D0111,Kapolres,
D0111,Sukabumi,
D0111,AKBP,
D0111,Tony,
D0111,Prasetyo,
D0111,mengatakan,
D0111,para,
D0111,korban,
D0111,membuat,
D0111,laporan,
D0111,pada,
D0111,Februari,
D0111,2024,
D0111,perbuatan,
D0111,pelaku,
D0111,dilakukan,
D0111,sejak,
D0111,Januari,
D0111,2023,
D0111,silam,
D0111,Diketahui,
D0111,pelaku,
D0111,berusia,
D0111,53,
D0111,tahun,
D0111,dan,
D0111,berstatus,
D0111,sebagai,
D0111,ASN,
D0111,Kita,
D0111,telah,
D0111,menangani,
D0111,dugaan,
D0111,tidak,
D0111,pidana,
D0111,pencabulan,
D0111,anak,
D0111,di,
D0111,bawah,
D0111,umur,
D0111,laporan,
D0111,polisi,
D0111,pada,
D0111,7,
D0111,Februari,
D0111,2024,
D0111,Kita,
D0111,lakukan,
D0111,penyelidikan,
D0111,secara,
D0111,maraton,
D0111,akhirnya,
D0111,diperoleh,
D0111,data,
D0111,korban,
D0111,sebanyak,
D0111,10,
D0111,orang,
D0111,kata,
D0111,Tony,
D0111,kepada,
D0111,detikJabar,
D0111,Kamis,
D0111,2222024,
D0111,SCROLL,
D0111,TO,
D0111,CONTINUE,
D0111,WITH,
D0111,CONTENT,
D0111,Sesuai,
D0111,aturan,
D0111,penanganan,
D0111,kasus,
D0111,kriminalitas,
D0111,yang,
D0111,berkaitan,
D0111,dengan,
D0111,korban,
D0111,anak,
D0111,Tony,
D0111,tidak,
D0111,menyebutkan,
D0111,secara,
D0111,detil,
D0111,lokasi,
D0111,kecamatan,
D0111,dan,
D0111,sekolah,
D0111,dasar,
D0111,tempat,
D0111,peristiwa,
D0111,itu,
D0111,berlangsung,
D0111,Karena,
D0111,sensitif,
D0111,kami,
D0111,tidak,
D0111,bisa,
D0111,menyampaikan,
D0111,lokasi,
D0111,kecamatan,
D0111,dan,
D0111,SD,
D0111,nya,
D0111,kejadian,
D0111,ini,
D0111,adalah,
D0111,pencabulan,
D0111,yang,
D0111,dilakukan,
D0111,oleh,
D0111,kepala,
D0111,sekolah,
D0111,kepada,
D0111,muridnya,
D0111,bahwa,
D0111,terkait,
D0111,kejadian,
D0111,ini,
D0111,ada,
D0111,10,
D0111,anak,
D0111,korban,
D0111,yang,
D0111,ratarata,
D0111,usianya,
D0111,antara,
D0111,10,
D0111,sampai,
D0111,12,
D0111,tahun,
D0111,ujar,
D0111,Tony,
D0111,Kejadian,
D0111,itu,
D0111,terungkap,
D0111,setelah,
D0111,orang,
D0111,tua,
D0111,salah,
D0111,satu,
D0111,korban,
D0111,melaporkan,
D0111,peristiwa,
D0111,yang,
D0111,menimpa,
D0111,salah,
D0111,satu,
D0111,putrinya,
D0111,ia,
D0111,mengadukan,
D0111,peristiwa,
D0111,itu,
D0111,terjadi,
D0111,sejak,
D0111,tahun,
D0111,2023,
D0111,silam,
D0111,Yang,
D0111,bersangkutan,
D0111,tersangka,
D0111,ini,
D0111,berstatus,
D0111,sebagai,
D0111,ASN,
D0111,usia,
D0111,53,
D0111,tahun,
D0111,dan,
D0111,menjabat,
D0111,sebagai,
D0111,kepala,
D0111,sekolah,
D0111,Kejadian,
D0111,ini,
D0111,dari,
D0111,Januari,
D0111,2023,
D0111,sampai,
D0111,Februari,
D0111,2024,
D0111,Terungkap,
D0111,setelah,
D0111,orang,
D0111,tua,
D0111,korban,
D0111,melapor,
D0111,ungkap,
D0111,Tony,
D0111,Apa,
D0111,yang,
D0111,dilakukan,
D0111,kepala,
D0111,sekolah,
D0111,ini,
D0111,dengan,
D0111,cara,
D0111,memeluk,
D0111,kemudian,
D0111,mencium,
D0111,dan,
D0111,meraba,
D0111,bagian,
D0111,vital,
D0111,sensitif,
D0111,Ratarata,
D0111,perbuatan,
D0111,itu,
D0111,dilakukan,
D0111,pada,
D0111,jam,
D0111,sekolah,
D0111,saat,
D0111,istirahat,
D0111,tambah,
D0111,Tony,
D0111,Perbuatan,
D0111,itu,
D0111,dijelaskan,
D0111,Tony,
D0111,dilakukan,
D0111,tanpa,
D0111,ancaman,
D0111,hingga,
D0111,kini,
D0111,menurut,
D0111,Tony,
D0111,Unit,
D0111,Perlindungan,
D0111,Perempuan,
D0111,dan,
D0111,Anak,
D0111,PPA,
D0111,Satreskrim,
D0111,Polres,
D0111,Sukabumi,
D0111,masih,
D0111,melakukan,
D0111,pendalaman,
D0111,terkait,
D0111,apakah,
D0111,ada,
D0111,unsur,
D0111,yang,
D0111,dilakukan,
D0111,pelaku,
D0111,kepada,
D0111,korban,
D0111,Tidak,
D0111,ada,
D0111,ancaman,
D0111,kepada,
D0111,korban,
D0111,sementara,
D0111,masih,
D0111,kami,
D0111,dalami,
D0111,lebih,
D0111,lanjut,
D0111,caranya,
D0111,dia,
D0111,untuk,
D0111,melakukan,
D0111,apakah,
D0111,dengan,
D0111,imingiming,
D0111,atau,
D0111,ada,
D0111,paksaan,
D0111,ini,
D0111,masih,
D0111,proses,
D0111,lebih,
D0111,lanjut,
D0111,jelasnya,
D0111,Akibat,
D0111,perbuatannya,
D0111,pelaku,
D0111,dijerat,
D0111,pasal,
D0111,82,
D0111,UU,
D0111,Perlindungan,
D0111,Anak,
D0111,dengan,
D0111,ancaman,
D0111,pidana,
D0111,5,
D0111,hingga,
D0111,15,
D0111,tahun,
D0111,Ancaman,
D0111,pidana,
D0111,paling,
D0111,singkat,
D0111,5,
D0111,tahun,
D0111,dan,
D0111,paling,
D0111,lama,
D0111,15,
D0111,tahun,
D0111,penjara,
D0111,tersangka,
D0111,ini,
D0111,statusnya,
D0111,sudah,
D0111,berkeluarga,
D0111,Untuk,
D0111,korban,
D0111,kami,
D0111,sudah,
D0111,berkoordinasi,
D0111,dengan,
D0111,dinas,
D0111,terkait,
D0111,untuk,
D0111,menangani,
D0111,pascatrauma,
D0111,pungkas,
D0111,Tony,
D0112,Peredaran,
D0112,minuman,
D0112,keras,
D0112,miras,
D0112,ilegal,
D0112,di,
D0112,wilayah,
D0112,Kota,
D0112,Cimahi,
D0112,cukup,
D0112,sulit,
D0112,diberantas,
D0112,Penjualnya,
D0112,selalu,
D0112,bermunculan,
D0112,meskipun,
D0112,sudah,
D0112,ditindak,
D0112,polisi,
D0112,dan,
D0112,Satpol,
D0112,PP,
D0112,Terbaru,
D0112,Sat,
D0112,Sabhara,
D0112,Polres,
D0112,Cimahi,
D0112,menggerebek,
D0112,sebuah,
D0112,warung,
D0112,yang,
D0112,menjual,
D0112,miras,
D0112,di,
D0112,Jalan,
D0112,Amir,
D0112,Machmud,
D0112,Kelurahan,
D0112,Padasuka,
D0112,Kecamatan,
D0112,Cimahi,
D0112,Tengah,
D0112,Kota,
D0112,Cimahi,
D0112,Rabu,
D0112,3112024,
D0112,Penggerebekan,
D0112,pada,
D0112,Rabu,
D0112,sekitar,
D0112,pukul,
D0112,0300,
D0112,WIB,
D0112,itu,
D0112,mengagetkan,
D0112,penjual,
D0112,dan,
D0112,beberapa,
D0112,orang,
D0112,pembeli,
D0112,Mereka,
D0112,hanya,
D0112,bisa,
D0112,pasrah,
D0112,kala,
D0112,polisi,
D0112,menyita,
D0112,barang,
D0112,bukti,
D0112,puluhan,
D0112,dus,
D0112,miras,
D0112,SCROLL,
D0112,TO,
D0112,CONTINUE,
D0112,WITH,
D0112,CONTENT,
D0112,Kami,
D0112,gerebek,
D0112,warung,
D0112,yang,
D0112,menjual,
D0112,miras,
D0112,di,
D0112,wilayah,
D0112,Kota,
D0112,Cimahi,
D0112,Kami,
D0112,menyita,
D0112,709,
D0112,botol,
D0112,miras,
D0112,berbagai,
D0112,merek,
D0112,yang,
D0112,dijual,
D0112,di,
D0112,warung,
D0112,tersebut,
D0112,kata,
D0112,Kasat,
D0112,Sabhara,
D0112,Polres,
D0112,Cimahi,
D0112,AKP,
D0112,Duddy,
D0112,Iskandar,
D0112,saat,
D0112,dikonfirmasi,
D0112,Modus,
D0112,penjualan,
D0112,miras,
D0112,ilegal,
D0112,itu,
D0112,memanfaatkan,
D0112,media,
D0112,sosial,
D0112,dan,
D0112,penjualan,
D0112,online,
D0112,Hal,
D0112,itu,
D0112,dilakukan,
D0112,untuk,
D0112,menghindari,
D0112,kecurigaan,
D0112,polisi,
D0112,dan,
D0112,pemerintah,
D0112,Memang,
D0112,modus,
D0112,utamanya,
D0112,secara,
D0112,online,
D0112,jadi,
D0112,disamarkan,
D0112,seperti,
D0112,itu,
D0112,Tapi,
D0112,tetap,
D0112,ada,
D0112,juga,
D0112,yang,
D0112,datang,
D0112,langsung,
D0112,atau,
D0112,penjualan,
D0112,offline,
D0112,katanya,
D0112,Pemilik,
D0112,warung,
D0112,itu,
D0112,kemudian,
D0112,diperiksa,
D0112,dan,
D0112,bakal,
D0112,dijerat,
D0112,sanksi,
D0112,Tindak,
D0112,Pidana,
D0112,Ringan,
D0112,tipiring,
D0112,oleh,
D0112,Satpol,
D0112,PP,
D0112,Kota,
D0112,Cimahi,
D0112,Sementara,
D0112,para,
D0112,pembelinya,
D0112,juga,
D0112,diedukasi,
D0112,agar,
D0112,tidak,
D0112,mengonsumsi,
D0112,miras,
D0112,Penjualnya,
D0112,dikenakan,
D0112,sanksi,
D0112,Tipiring,
D0112,nanti,
D0112,oleh,
D0112,Satpol,
D0112,PP,
D0112,yang,
D0112,mengeksekusi,
D0112,Kita,
D0112,edukasi,
D0112,masyarakat,
D0112,supaya,
D0112,tidak,
D0112,mengonsumsi,
D0112,miras,
D0112,juga,
D0112,karena,
D0112,berpotensi,
D0112,menimbulkan,
D0112,kriminalitas,
D0112,tuturnya,
D0113,Kelompok,
D0113,kriminal,
D0113,bersenjata,
D0113,KKB,
D0113,di,
D0113,Kabupaten,
D0113,Intan,
D0113,Jaya,
D0113,Papua,
D0113,Tengah,
D0113,menyerang,
D0113,aparat,
D0113,hingga,
D0113,membuat,
D0113,anggota,
D0113,Polri,
D0113,bernama,
D0113,Bripda,
D0113,Alfandi,
D0113,gugur,
D0113,KKB,
D0113,juga,
D0113,membakar,
D0113,rumah,
D0113,dinas,
D0113,anggota,
D0113,DPRD,
D0113,Intan,
D0113,Jaya,
D0113,Aksi,
D0113,ini,
D0113,berawal,
D0113,ketika,
D0113,KKB,
D0113,menyerang,
D0113,Satgas,
D0113,Damai,
D0113,Cartenz,
D0113,di,
D0113,Kampung,
D0113,Bilogai,
D0113,Distrik,
D0113,Sugapa,
D0113,Intan,
D0113,Jaya,
D0113,Jumat,
D0113,191,
D0113,Seorang,
D0113,polisi,
D0113,bernama,
D0113,Bripda,
D0113,Alfandi,
D0113,Steve,
D0113,Karamoy,
D0113,gugur,
D0113,1,
D0113,personel,
D0113,Operasi,
D0113,Damai,
D0113,Cartenz,
D0113,terkena,
D0113,tembakan,
D0113,ujar,
D0113,Kasatgas,
D0113,Humas,
D0113,Damai,
D0113,Cartenz,
D0113,AKBP,
D0113,Bayu,
D0113,Suseno,
D0113,dalam,
D0113,keterangannya,
D0113,Jumat,
D0113,1912024,
D0113,SCROLL,
D0113,TO,
D0113,CONTINUE,
D0113,WITH,
D0113,CONTENT,
D0113,Bayu,
D0113,menuturkan,
D0113,aksi,
D0113,tersebut,
D0113,dilakukan,
D0113,oleh,
D0113,KKB,
D0113,pimpinan,
D0113,Apen,
D0113,Kobogau,
D0113,Apen,
D0113,Kobogau,
D0113,merupakan,
D0113,Wakil,
D0113,Pangkodap,
D0113,VIII,
D0113,yang,
D0113,biasa,
D0113,beroperasi,
D0113,di,
D0113,wilayah,
D0113,Intan,
D0113,Jaya,
D0113,Aksi,
D0113,tersebut,
D0113,dilakukan,
D0113,di,
D0113,Kabupaten,
D0113,Intan,
D0113,Jaya,
D0113,pimpinan,
D0113,Apen,
D0113,Kobogau,
D0113,Wakil,
D0113,Pangkodap,
D0113,VIII,
D0113,jelasnya,
D0113,Dia,
D0113,mengungkap,
D0113,sebelum,
D0113,gugur,
D0113,anggota,
D0113,polisi,
D0113,tersebut,
D0113,sempat,
D0113,dilarikan,
D0113,ke,
D0113,puskesmas,
D0113,untuk,
D0113,mendapatkan,
D0113,pertolongan,
D0113,pertama,
D0113,Sayangnya,
D0113,nyawa,
D0113,korban,
D0113,tidak,
D0113,dapat,
D0113,diselamatkan,
D0113,Namun,
D0113,oleh,
D0113,dokter,
D0113,Piter,
D0113,bahwa,
D0113,personel,
D0113,tersebut,
D0113,dinyatakan,
D0113,gugur,
D0113,imbuhnya,
D0113,Setelah,
D0113,serangan,
D0113,tersebut,
D0113,KKB,
D0113,kembali,
D0113,melakukan,
D0113,aksi,
D0113,kriminalnya,
D0113,Kali,
D0113,ini,
D0113,KKB,
D0113,membakar,
D0113,rumah,
D0113,dinas,
D0113,anggota,
D0113,DPRD,
D0113,Intan,
D0113,Jaya,
D0113,hingga,
D0113,meneror,
D0113,warga,
D0113,sipil,
D0113,Aksi,
D0113,pembakaran,
D0113,tersebut,
D0113,dilakukan,
D0113,di,
D0113,Kampung,
D0113,Mamba,
D0113,Distrik,
D0113,Sugapa,
D0113,Intan,
D0113,Jaya,
D0113,Sabtu,
D0113,201,
D0113,KKB,
D0113,juga,
D0113,meneror,
D0113,warga,
D0113,sipil,
D0113,hingga,
D0113,membuat,
D0113,mereka,
D0113,ketakutan,
D0113,dan,
D0113,mengungsi,
D0113,Aksi,
D0113,pembakaran,
D0113,rumah,
D0113,dinas,
D0113,anggota,
D0113,DPRD,
D0113,Kabupaten,
D0113,Intan,
D0113,Jaya,
D0113,ujar,
D0113,Dansatgas,
D0113,Yonif,
D0113,300TD,
D0113,Mayor,
D0113,Inf,
D0113,Dedy,
D0113,Pungky,
D0113,Irawanto,
D0113,dalam,
D0113,keterangannya,
D0113,Sabtu,
D0113,201,
D0113,malam,
D0113,Dedy,
D0113,menuturkan,
D0113,aksi,
D0113,pembakaran,
D0113,dan,
D0113,teror,
D0113,ini,
D0113,membuat,
D0113,warga,
D0113,sipil,
D0113,menjadi,
D0113,ketakutan,
D0113,Warga,
D0113,sipil,
D0113,itu,
D0113,akhirnya,
D0113,diungsikan,
D0113,ke,
D0113,rumah,
D0113,tokoh,
D0113,masyarakat,
D0113,yang,
D0113,berada,
D0113,di,
D0113,kampung,
D0113,tersebut,
D0113,Mengungsikan,
D0113,warga,
D0113,di,
D0113,rumah,
D0113,salah,
D0113,satu,
D0113,tokoh,
D0113,masyarakat,
D0113,di,
D0113,Kampung,
D0113,Mamba,
D0113,bebernya,
D0113,Dedy,
D0113,menegaskan,
D0113,aparat,
D0113,bakal,
D0113,menindak,
D0113,tegas,
D0113,KKB,
D0113,yang,
D0113,terlibat,
D0113,dalam,
D0113,rangkaian,
D0113,aksi,
D0113,kriminalitas,
D0113,ini,
D0113,Dia,
D0113,menambahkan,
D0113,saat,
D0113,ini,
D0113,aparat,
D0113,sedang,
D0113,menghalau,
D0113,KKB,
D0113,tersebut,
D0113,agar,
D0113,tidak,
D0113,masuk,
D0113,ke,
D0113,Distrik,
D0113,Sugapa,
D0113,Tak,
D0113,mau,
D0113,tinggal,
D0113,diam,
D0113,Satgas,
D0113,330,
D0113,Tri,
D0113,Dharma,
D0113,segera,
D0113,melakukan,
D0113,penindakan,
D0113,untuk,
D0113,menghalau,
D0113,KKB,
D0113,masuk,
D0113,lebih,
D0113,jauh,
D0113,ke,
D0113,jantun,
D0113,kota,
D0113,Sugapa,
D0113,pungkasnya,
D0114,Kelompok,
D0114,kriminal,
D0114,bersenjata,
D0114,KKB,
D0114,kembali,
D0114,berulah,
D0114,di,
D0114,Kabupaten,
D0114,Intan,
D0114,Jaya,
D0114,Papua,
D0114,Tengah,
D0114,KKB,
D0114,membakar,
D0114,rumah,
D0114,dinas,
D0114,milik,
D0114,anggota,
D0114,DPRD,
D0114,Intan,
D0114,Jaya,
D0114,hingga,
D0114,meneror,
D0114,warga,
D0114,sipil,
D0114,Aksi,
D0114,pembakaran,
D0114,rumah,
D0114,dinas,
D0114,anggota,
D0114,DPRD,
D0114,Kabupaten,
D0114,Intan,
D0114,Jaya,
D0114,ujar,
D0114,Dansatgas,
D0114,Yonif,
D0114,300TD,
D0114,Mayor,
D0114,Inf,
D0114,Dedy,
D0114,Pungky,
D0114,Irawanto,
D0114,dalam,
D0114,keterangannya,
D0114,Sabtu,
D0114,2012024,
D0114,malam,
D0114,Pembakaran,
D0114,tersebut,
D0114,dilakukan,
D0114,di,
D0114,Kampung,
D0114,Mamba,
D0114,Distrik,
D0114,Sugapa,
D0114,Intan,
D0114,Jaya,
D0114,Sabtu,
D0114,201,
D0114,siang,
D0114,tadi,
D0114,Selain,
D0114,membakar,
D0114,KKB,
D0114,juga,
D0114,meneror,
D0114,masyarakat,
D0114,setempat,
D0114,SCROLL,
D0114,TO,
D0114,CONTINUE,
D0114,WITH,
D0114,CONTENT,
D0114,KKB,
D0114,juga,
D0114,merusak,
D0114,fasilitas,
D0114,yang,
D0114,dibangun,
D0114,pemerintah,
D0114,dan,
D0114,melakukan,
D0114,teror,
D0114,yang,
D0114,menyebabkan,
D0114,situasi,
D0114,keamanan,
D0114,menjadi,
D0114,tidak,
D0114,kondusif,
D0114,ungkap,
D0114,Dedy,
D0114,Dedy,
D0114,menuturkan,
D0114,aksi,
D0114,pembakaran,
D0114,dan,
D0114,teror,
D0114,ini,
D0114,membuat,
D0114,warga,
D0114,sipil,
D0114,setempat,
D0114,menjadi,
D0114,ketakutan,
D0114,Warga,
D0114,sipil,
D0114,itu,
D0114,akhirnya,
D0114,diungsikan,
D0114,ke,
D0114,rumah,
D0114,tokoh,
D0114,masyarakat,
D0114,yang,
D0114,berada,
D0114,di,
D0114,kampung,
D0114,tersebut,
D0114,Mengungsikan,
D0114,warga,
D0114,di,
D0114,rumah,
D0114,salah,
D0114,satu,
D0114,tokoh,
D0114,masyarakat,
D0114,di,
D0114,Kampung,
D0114,Mamba,
D0114,bebernya,
D0114,Dia,
D0114,menjelaskan,
D0114,aksi,
D0114,ini,
D0114,dilakukan,
D0114,KKB,
D0114,terjadi,
D0114,usai,
D0114,penyerangan,
D0114,terhadap,
D0114,Satgas,
D0114,Damai,
D0114,Cartenz,
D0114,di,
D0114,Kampung,
D0114,Bilogai,
D0114,yang,
D0114,juga,
D0114,berada,
D0114,dalam,
D0114,area,
D0114,Distrik,
D0114,Sugapa,
D0114,pada,
D0114,Jumat,
D0114,191,
D0114,kemarin,
D0114,Serangan,
D0114,itu,
D0114,mengakibatkan,
D0114,seorang,
D0114,anggota,
D0114,Polri,
D0114,atas,
D0114,nama,
D0114,Bripda,
D0114,Alfandi,
D0114,Steve,
D0114,Karamoy,
D0114,gugur,
D0114,Setelah,
D0114,sehari,
D0114,sebelumnya,
D0114,aksi,
D0114,yang,
D0114,dilakukan,
D0114,KKB,
D0114,menyebabkan,
D0114,gugurnya,
D0114,personel,
D0114,Brimob,
D0114,Satgas,
D0114,Damai,
D0114,Cartenz,
D0114,katanya,
D0114,Dedy,
D0114,menegaskan,
D0114,aparat,
D0114,bakal,
D0114,menindak,
D0114,tegas,
D0114,KKB,
D0114,yang,
D0114,terlibat,
D0114,dalam,
D0114,rangkaian,
D0114,aksi,
D0114,kriminalitas,
D0114,ini,
D0114,Dia,
D0114,menambahkan,
D0114,saat,
D0114,ini,
D0114,aparat,
D0114,sedang,
D0114,menghalau,
D0114,KKB,
D0114,tersebut,
D0114,agar,
D0114,tidak,
D0114,masuk,
D0114,ke,
D0114,Distrik,
D0114,Sugapa,
D0114,Tak,
D0114,mau,
D0114,tinggal,
D0114,diam,
D0114,Satgas,
D0114,330,
D0114,Tri,
D0114,Dharma,
D0114,segera,
D0114,melakukan,
D0114,penindakan,
D0114,untuk,
D0114,menghalau,
D0114,KKB,
D0114,masuk,
D0114,lebih,
D0114,jauh,
D0114,ke,
D0114,jantung,
D0114,kota,
D0114,Sugapa,
D0114,pungkasnya,
D0115,Potongan,
D0115,video,
D0115,yang,
D0115,menunjukkan,
D0115,aksi,
D0115,pengeroyokan,
D0115,di,
D0115,Jalan,
D0115,Asia,
D0115,Afrika,
D0115,Kota,
D0115,Bandung,
D0115,viral,
D0115,di,
D0115,media,
D0115,sosial,
D0115,Dalam,
D0115,narasi,
D0115,yang,
D0115,beredar,
D0115,disebutkan,
D0115,korban,
D0115,adalah,
D0115,seorang,
D0115,pengunjung,
D0115,dan,
D0115,pelakunya,
D0115,para,
D0115,juru,
D0115,foto,
D0115,jalanan,
D0115,Salah,
D0115,satu,
D0115,akun,
D0115,Instagram,
D0115,yang,
D0115,mengunggah,
D0115,cuplikan,
D0115,pengeroyokan,
D0115,tersebut,
D0115,yaitu,
D0115,kitasemuaadalahpenolong,
D0115,Dilihat,
D0115,detikJabar,
D0115,Jumat,
D0115,1912024,
D0115,akun,
D0115,itu,
D0115,menulis,
D0115,keterangan,
D0115,bahwa,
D0115,pelaku,
D0115,pengeroyokan,
D0115,adalah,
D0115,fotografer,
D0115,Bandung,
D0115,pariwisatanya,
D0115,dibikin,
D0115,ga,
D0115,kondusif,
D0115,gara,
D0115,gara,
D0115,ulah,
D0115,fotografer,
D0115,yang,
D0115,mengeroyok,
D0115,pengunjung,
D0115,di,
D0115,jalan,
D0115,Braga,
D0115,Jalan,
D0115,Asia,
D0115,Afrika,
D0115,Alun,
D0115,Alun,
D0115,Bandung,
D0115,demikian,
D0115,bunyi,
D0115,keterangan,
D0115,dalam,
D0115,unggahan,
D0115,akun,
D0115,tersebut,
D0115,SCROLL,
D0115,TO,
D0115,CONTINUE,
D0115,WITH,
D0115,CONTENT,
D0115,Dalam,
D0115,penelusuran,
D0115,detikJabar,
D0115,pengeroyokan,
D0115,ini,
D0115,terjadi,
D0115,di,
D0115,Jalan,
D0115,Asia,
D0115,Afrika,
D0115,tepatnya,
D0115,di,
D0115,depan,
D0115,Gedung,
D0115,Merdeka,
D0115,Kota,
D0115,Bandung,
D0115,Saat,
D0115,dimintai,
D0115,konfirmasi,
D0115,Kapolsek,
D0115,Sumur,
D0115,Bandung,
D0115,Kompol,
D0115,Siswo,
D0115,Tarigan,
D0115,turut,
D0115,membenarkan,
D0115,insiden,
D0115,tersebut,
D0115,Betul,
D0115,Kejadiannya,
D0115,diketahui,
D0115,terjadi,
D0115,pada,
D0115,Selasa,
D0115,16,
D0115,Januari,
D0115,2024,
D0115,pukul,
D0115,0200,
D0115,WIB,
D0115,di,
D0115,Jalan,
D0115,Asia,
D0115,Afrika,
D0115,katanya,
D0115,melalui,
D0115,sambungan,
D0115,telepon,
D0115,seluler,
D0115,Ia,
D0115,menjelaskan,
D0115,setelah,
D0115,menerima,
D0115,laporan,
D0115,pengeroyokan,
D0115,petugasnya,
D0115,langsung,
D0115,dikerahkan,
D0115,ke,
D0115,lokasi,
D0115,kejadian,
D0115,Korban,
D0115,dan,
D0115,para,
D0115,pelakunya,
D0115,kemudian,
D0115,diamankan,
D0115,ke,
D0115,Polsek,
D0115,Sumur,
D0115,Bandung,
D0115,untuk,
D0115,dimintai,
D0115,keterangan,
D0115,Dari,
D0115,hasil,
D0115,penyelidikan,
D0115,insiden,
D0115,ini,
D0115,ternyata,
D0115,dipicu,
D0115,kesalahpahaman,
D0115,Korban,
D0115,yang,
D0115,saat,
D0115,itu,
D0115,berkunjung,
D0115,ke,
D0115,Jalan,
D0115,Asia,
D0115,Afrika,
D0115,tibatiba,
D0115,dipotret,
D0115,oleh,
D0115,seorang,
D0115,juru,
D0115,foto,
D0115,tanpa,
D0115,meminta,
D0115,izin,
D0115,kepadanya,
D0115,Mereka,
D0115,mengakui,
D0115,adanya,
D0115,kesalahpahaman,
D0115,di,
D0115,antara,
D0115,para,
D0115,pihak,
D0115,ini,
D0115,ucap,
D0115,Siswo,
D0115,Sebelum,
D0115,dikeroyok,
D0115,korban,
D0115,yang,
D0115,tak,
D0115,terima,
D0115,difoto,
D0115,tanpa,
D0115,izin,
D0115,itu,
D0115,terlibat,
D0115,cekcok,
D0115,dengan,
D0115,salah,
D0115,satu,
D0115,juru,
D0115,foto,
D0115,Siswo,
D0115,mengatakan,
D0115,korban,
D0115,sempat,
D0115,mencekik,
D0115,dan,
D0115,mendorong,
D0115,juru,
D0115,foto,
D0115,itu,
D0115,ke,
D0115,tembok,
D0115,hingga,
D0115,mengundang,
D0115,kawan,
D0115,sesama,
D0115,juru,
D0115,foto,
D0115,lainnya,
D0115,hingga,
D0115,terjadilah,
D0115,pengeroyokan,
D0115,tersebut,
D0115,Karena,
D0115,dicekik,
D0115,dan,
D0115,didorong,
D0115,ke,
D0115,tembok,
D0115,teman,
D0115,sesama,
D0115,juru,
D0115,foto,
D0115,yang,
D0115,lain,
D0115,merespons,
D0115,Akhirnya,
D0115,temanteman,
D0115,juru,
D0115,foto,
D0115,itu,
D0115,melakukanlah,
D0115,penganiayaan,
D0115,terhadap,
D0115,pengunjung,
D0115,terangnya,
D0115,Para,
D0115,pelaku,
D0115,pengeroyokan,
D0115,itu,
D0115,menurut,
D0115,Siswo,
D0115,berjumlah,
D0115,34,
D0115,orang,
D0115,Mereka,
D0115,kemudian,
D0115,diamankan,
D0115,ke,
D0115,Mapolsek,
D0115,Sumur,
D0115,Bandung,
D0115,dan,
D0115,akhirnya,
D0115,korban,
D0115,dan,
D0115,pelaku,
D0115,bersepakat,
D0115,damai,
D0115,Makanya,
D0115,ketika,
D0115,kami,
D0115,lakukan,
D0115,penyelidikan,
D0115,dan,
D0115,pendalaman,
D0115,di,
D0115,Polsek,
D0115,para,
D0115,pihak,
D0115,menyadari,
D0115,kesalahannya,
D0115,dan,
D0115,akhirnya,
D0115,mereka,
D0115,bersepakat,
D0115,damai,
D0115,tuturnya,
D0115,Atas,
D0115,kejadian,
D0115,tersebut,
D0115,Siswo,
D0115,mengimbau,
D0115,kepada,
D0115,masyarakat,
D0115,untuk,
D0115,bisa,
D0115,menjaga,
D0115,situasi,
D0115,kondusif,
D0115,di,
D0115,Kota,
D0115,Bandung,
D0115,Jika,
D0115,mendapat,
D0115,tindakan,
D0115,kejahatan,
D0115,masyarakat,
D0115,diminta,
D0115,bisa,
D0115,langsung,
D0115,melapor,
D0115,ke,
D0115,kantor,
D0115,polisi,
D0115,supaya,
D0115,bisa,
D0115,segera,
D0115,ditangani,
D0115,Kami,
D0115,tentu,
D0115,mengimbau,
D0115,kepada,
D0115,masyarakat,
D0115,jika,
D0115,memang,
D0115,ada,
D0115,tindakan,
D0115,kriminalitas,
D0115,yang,
D0115,dialami,
D0115,segera,
D0115,melaporkan,
D0115,ke,
D0115,kepolisian,
D0115,Kalau,
D0115,ada,
D0115,keluhan,
D0115,terkait,
D0115,perlakuan,
D0115,oknum,
D0115,juru,
D0115,foto,
D0115,tentunya,
D0115,kami,
D0115,akan,
D0115,berkolaborasi,
D0115,dengan,
D0115,stakeholder,
D0115,terkait,
D0115,untuk,
D0115,keamanan,
D0115,dan,
D0115,kenyamanan,
D0115,wisata,
D0115,di,
D0115,Jalan,
D0115,Asia,
D0115,Afrika,
D0115,pungkasnya,
D0116,Polisi,
D0116,membongkar,
D0116,peredaran,
D0116,minuman,
D0116,keras,
D0116,miras,
D0116,ilegal,
D0116,di,
D0116,Cimahi,
D0116,Miras,
D0116,itu,
D0116,dijual,
D0116,di,
D0116,sebuah,
D0116,warung,
D0116,token,
D0116,listrik,
D0116,Miras,
D0116,ilegal,
D0116,itu,
D0116,disita,
D0116,dari,
D0116,warung,
D0116,di,
D0116,wilayah,
D0116,Kelurahan,
D0116,Melong,
D0116,Kecamatan,
D0116,Cimahi,
D0116,Selatan,
D0116,Total,
D0116,ada,
D0116,240,
D0116,botol,
D0116,miras,
D0116,yang,
D0116,diamankan,
D0116,saat,
D0116,Sat,
D0116,Sabhara,
D0116,Polres,
D0116,Cimahi,
D0116,melakukan,
D0116,penggerebekan,
D0116,Kita,
D0116,gerebek,
D0116,sebuah,
D0116,tempat,
D0116,penjualan,
D0116,miras,
D0116,ilegal,
D0116,Total,
D0116,240,
D0116,botol,
D0116,miras,
D0116,yang,
D0116,dikemas,
D0116,dalam,
D0116,dus,
D0116,kita,
D0116,sita,
D0116,kata,
D0116,Kasat,
D0116,Sabhara,
D0116,Polres,
D0116,Cimahi,
D0116,AKP,
D0116,Duddy,
D0116,Iskandar,
D0116,saat,
D0116,ditemui,
D0116,di,
D0116,Mapolres,
D0116,Cimahi,
D0116,Minggu,
D0116,31122023,
D0116,SCROLL,
D0116,TO,
D0116,CONTINUE,
D0116,WITH,
D0116,CONTENT,
D0116,Pemilik,
D0116,barang,
D0116,haram,
D0116,itu,
D0116,menjual,
D0116,miras,
D0116,ilegal,
D0116,tersebut,
D0116,secara,
D0116,sembunyisembunyi,
D0116,dengan,
D0116,menyamarkan,
D0116,tempatnya,
D0116,menjadi,
D0116,kios,
D0116,yang,
D0116,menjual,
D0116,token,
D0116,listrik,
D0116,dan,
D0116,tarik,
D0116,tunai,
D0116,Jadi,
D0116,tempatnya,
D0116,disamarkan,
D0116,sebagai,
D0116,kios,
D0116,yang,
D0116,menjual,
D0116,token,
D0116,listrik,
D0116,Tapi,
D0116,tetao,
D0116,mencurigakan,
D0116,dan,
D0116,akhirnya,
D0116,digerebek,
D0116,karena,
D0116,banyak,
D0116,pemuda,
D0116,yang,
D0116,bolakbalik,
D0116,kesitu,
D0116,kata,
D0116,Duddy,
D0116,Menjelang,
D0116,perayaan,
D0116,pergantian,
D0116,tahun,
D0116,baru,
D0116,Duddy,
D0116,mengatakan,
D0116,potensi,
D0116,peredaran,
D0116,miras,
D0116,kemungkinan,
D0116,meningkat,
D0116,Untuk,
D0116,itu,
D0116,pihaknya,
D0116,menerjunkan,
D0116,tim,
D0116,menyisir,
D0116,tempattempat,
D0116,yang,
D0116,dicurigai,
D0116,sebagai,
D0116,tempat,
D0116,penjualan,
D0116,miras,
D0116,ilegal,
D0116,Kita,
D0116,antisipasi,
D0116,dengan,
D0116,penyisiran,
D0116,sekaligus,
D0116,menjaga,
D0116,kondusifitas,
D0116,menjelang,
D0116,pergantian,
D0116,tahun,
D0116,kata,
D0116,Duddy,
D0116,Selain,
D0116,itu,
D0116,pihaknya,
D0116,juga,
D0116,mengawasi,
D0116,titiktitik,
D0116,yang,
D0116,dicurigai,
D0116,sebagai,
D0116,tempat,
D0116,anakanak,
D0116,muda,
D0116,berkumpul,
D0116,sebagai,
D0116,pencegahan,
D0116,terjadinya,
D0116,pesta,
D0116,miras,
D0116,dan,
D0116,aksi,
D0116,kriminalitas,
D0116,lainnya,
D0116,Kita,
D0116,patroli,
D0116,keliling,
D0116,wilayah,
D0116,Kota,
D0116,Cimahi,
D0116,dan,
D0116,KBB,
D0116,juga,
D0116,sampai,
D0116,setelah,
D0116,tahun,
D0116,baru,
D0116,untuk,
D0116,mengantisipasi,
D0116,kerawanan,
D0116,saat,
D0116,malam,
D0116,pergantian,
D0116,tahun,
D0116,ujar,
D0116,Duddy,
D0117,Jumlah,
D0117,kasus,
D0117,kejahatan,
D0117,dan,
D0117,gangguan,
D0117,keamanan,
D0117,di,
D0117,Kota,
D0117,Pekanbaru,
D0117,Riau,
D0117,sepanjang,
D0117,tahun,
D0117,2023,
D0117,terkendali,
D0117,Ini,
D0117,terlihat,
D0117,dari,
D0117,jumlah,
D0117,kasus,
D0117,kejahatan,
D0117,yang,
D0117,turun,
D0117,dibandingkan,
D0117,pada,
D0117,tahun,
D0117,2022,
D0117,lalu,
D0117,Penurunan,
D0117,jumlah,
D0117,kasus,
D0117,tersebut,
D0117,disampaikan,
D0117,langsung,
D0117,Kapolresta,
D0117,Pekanbaru,
D0117,Kombes,
D0117,Jeki,
D0117,Rahmat,
D0117,Mustika,
D0117,Jeki,
D0117,mencatat,
D0117,ada,
D0117,penurunan,
D0117,sekitar,
D0117,5,
D0117,persen,
D0117,dari,
D0117,tahun,
D0117,lalu,
D0117,Pada,
D0117,tahun,
D0117,2023,
D0117,kasus,
D0117,tindak,
D0117,pidana,
D0117,di,
D0117,wilayah,
D0117,hukum,
D0117,Polresta,
D0117,Pekanbaru,
D0117,1324,
D0117,kasus,
D0117,Menurun,
D0117,5,
D0117,persen,
D0117,atau,
D0117,sekitar,
D0117,65,
D0117,kasus,
D0117,tegas,
D0117,Jeki,
D0117,saat,
D0117,rilis,
D0117,akhir,
D0117,tahun,
D0117,di,
D0117,Pekanbaru,
D0117,Minggu,
D0117,31122023,
D0117,SCROLL,
D0117,TO,
D0117,CONTINUE,
D0117,WITH,
D0117,CONTENT,
D0117,Untuk,
D0117,jumlah,
D0117,penyelesaian,
D0117,tindak,
D0117,pidana,
D0117,di,
D0117,wilayah,
D0117,Polresta,
D0117,Pekanbaru,
D0117,sebanyak,
D0117,952,
D0117,kasus,
D0117,Jumlah,
D0117,ini,
D0117,menurun,
D0117,19,
D0117,persen,
D0117,dibandingkan,
D0117,tahun,
D0117,2022,
D0117,lalu,
D0117,Penyelesaian,
D0117,kasus,
D0117,turun,
D0117,19,
D0117,persen,
D0117,Tentu,
D0117,saja,
D0117,hal,
D0117,ini,
D0117,berbanding,
D0117,lurus,
D0117,dengan,
D0117,jumlah,
D0117,tindak,
D0117,pidana,
D0117,yang,
D0117,terjadi,
D0117,di,
D0117,wilayah,
D0117,Polresta,
D0117,Pekanbaru,
D0117,kata,
D0117,Jeki,
D0117,Adapun,
D0117,kasus,
D0117,menonjol,
D0117,yang,
D0117,ditangani,
D0117,jajaran,
D0117,Satreskrim,
D0117,Polresta,
D0117,Pekanbaru,
D0117,adalah,
D0117,soal,
D0117,pegawai,
D0117,kerohanian,
D0117,yang,
D0117,melakukan,
D0117,pencabulan,
D0117,terhadap,
D0117,pasien,
D0117,pria,
D0117,di,
D0117,RS,
D0117,Ibnu,
D0117,Sina,
D0117,Aksi,
D0117,cabul,
D0117,dilakukan,
D0117,pegawai,
D0117,bernama,
D0117,M,
D0117,Salim,
D0117,24,
D0117,Tidak,
D0117,hanya,
D0117,kasus,
D0117,cabul,
D0117,kasus,
D0117,menonjol,
D0117,lain,
D0117,yang,
D0117,terungkap,
D0117,yakni,
D0117,kasus,
D0117,hipnotis,
D0117,oleh,
D0117,empat,
D0117,pelaku,
D0117,Anwar,
D0117,48,
D0117,Melya,
D0117,Marwati,
D0117,36,
D0117,Armadi,
D0117,47,
D0117,dan,
D0117,Ary,
D0117,Wijaya,
D0117,38,
D0117,Pelaku,
D0117,beraksi,
D0117,pada,
D0117,20,
D0117,Juli,
D0117,di,
D0117,Jalan,
D0117,Tuanku,
D0117,Tambusai,
D0117,dan,
D0117,Jalan,
D0117,Ahmad,
D0117,Yani,
D0117,Para,
D0117,pelaku,
D0117,beraksi,
D0117,di,
D0117,sejumlah,
D0117,daerah,
D0117,di,
D0117,Sumatera,
D0117,dan,
D0117,Pulau,
D0117,Jawa,
D0117,Bahkan,
D0117,nilai,
D0117,kerugian,
D0117,tercatat,
D0117,mencapai,
D0117,miliaran,
D0117,rupiah,
D0117,dan,
D0117,modusnya,
D0117,berupa,
D0117,penukaran,
D0117,uang,
D0117,asing,
D0117,Pengungkapan,
D0117,kasus,
D0117,lain,
D0117,adalah,
D0117,terkait,
D0117,pencurian,
D0117,dan,
D0117,kekerasan,
D0117,dengan,
D0117,pelaku,
D0117,antar,
D0117,provinsi,
D0117,Termasuk,
D0117,aksi,
D0117,kawanan,
D0117,jambret,
D0117,yang,
D0117,korbannya,
D0117,meninggal,
D0117,dunia,
D0117,Sedangkan,
D0117,kasus,
D0117,peredaran,
D0117,narkotika,
D0117,di,
D0117,Pekanbaru,
D0117,Jeki,
D0117,mengungkap,
D0117,ada,
D0117,154,
D0117,laporan,
D0117,polisi,
D0117,atau,
D0117,turun,
D0117,28,
D0117,persen,
D0117,dari,
D0117,tahun,
D0117,2022,
D0117,Untuk,
D0117,jumlah,
D0117,tersangka,
D0117,pun,
D0117,tak,
D0117,sedikit,
D0117,tercatat,
D0117,ada,
D0117,244,
D0117,tersangka,
D0117,di,
D0117,kasus,
D0117,tersebut,
D0117,dijerat,
D0117,pidana,
D0117,Khusus,
D0117,barang,
D0117,bukti,
D0117,ada,
D0117,79,
D0117,Kg,
D0117,sabu,
D0117,yang,
D0117,disita,
D0117,Termasuk,
D0117,ganja,
D0117,115,
D0117,gram,
D0117,ekstasi,
D0117,14,
D0117,ribu,
D0117,butir,
D0117,lebih,
D0117,dan,
D0117,happy,
D0117,five,
D0117,190,
D0117,butir,
D0117,kata,
D0117,Jeki,
D0117,Terakhir,
D0117,sepanjang,
D0117,tahun,
D0117,2023,
D0117,Polresta,
D0117,Pekanbaru,
D0117,juga,
D0117,mendapat,
D0117,2,
D0117,penghargaan,
D0117,dari,
D0117,Kapolda,
D0117,Riau,
D0117,dan,
D0117,Kapolri,
D0117,Penghargaan,
D0117,pertama,
D0117,Juara,
D0117,1,
D0117,Lomba,
D0117,Layanan,
D0117,Polisi,
D0117,110,
D0117,Polres,
D0117,Jajaran,
D0117,Polda,
D0117,Riau,
D0117,Tahun,
D0117,2023,
D0117,Selanjutnya,
D0117,penghargaan,
D0117,dari,
D0117,Kapolri,
D0117,Jenderal,
D0117,Listyo,
D0117,Sigit,
D0117,Prabowo,
D0117,Penghargaan,
D0117,diberikan,
D0117,sebagai,
D0117,Kategori,
D0117,Pelayanan,
D0117,Prima,
D0117,dari,
D0117,Kementerian,
D0117,PANRB,
D0117,RI,
D0117,Penghargaan,
D0117,dari,
D0117,Kapolda,
D0117,kita,
D0117,dapatkan,
D0117,pada,
D0117,Juni,
D0117,2023,
D0117,Sementara,
D0117,dari,
D0117,bapak,
D0117,Kapolri,
D0117,pada,
D0117,Februari,
D0117,lalu,
D0117,artinya,
D0117,2,
D0117,penghargaan,
D0117,kita,
D0117,dapatkan,
D0117,selama,
D0117,2023,
D0117,kata,
D0117,Jeki,
D0118,Kasus,
D0118,anggota,
D0118,geng,
D0118,motor,
D0118,yang,
D0118,berbuat,
D0118,keonaran,
D0118,di,
D0118,wilayah,
D0118,Kota,
D0118,Cimahi,
D0118,dan,
D0118,Kabupaten,
D0118,Bandung,
D0118,Barat,
D0118,KBB,
D0118,menjadi,
D0118,salah,
D0118,satu,
D0118,fokus,
D0118,penanganan,
D0118,pihak,
D0118,kepolisian,
D0118,Sepanjang,
D0118,tahun,
D0118,2023,
D0118,Polres,
D0118,Cimahi,
D0118,menangani,
D0118,kasus,
D0118,gangguan,
D0118,keamanan,
D0118,dan,
D0118,ketertiban,
D0118,masyarakat,
D0118,disebabkan,
D0118,geng,
D0118,motor,
D0118,sebanyak,
D0118,18,
D0118,kasus,
D0118,Jauh,
D0118,menurun,
D0118,ketimbang,
D0118,yang,
D0118,ditangani,
D0118,di,
D0118,tahun,
D0118,sebelumnya,
D0118,Kasus,
D0118,geng,
D0118,motor,
D0118,tahun,
D0118,ini,
D0118,menurun,
D0118,sekitar,
D0118,42,
D0118,persen,
D0118,Tahun,
D0118,lalu,
D0118,kalau,
D0118,tidak,
D0118,salah,
D0118,ada,
D0118,34,
D0118,kasus,
D0118,tahun,
D0118,ini,
D0118,18,
D0118,kasus,
D0118,Itu,
D0118,menjadi,
D0118,konsen,
D0118,kita,
D0118,karena,
D0118,di,
D0118,Bandung,
D0118,Raya,
D0118,yang,
D0118,selalu,
D0118,dikeluhkan,
D0118,itu,
D0118,soal,
D0118,geng,
D0118,motor,
D0118,ujar,
D0118,Kapolres,
D0118,Cimahi,
D0118,AKBP,
D0118,Aldi,
D0118,Subartono,
D0118,saat,
D0118,rilis,
D0118,akhir,
D0118,tahun,
D0118,di,
D0118,Mapolres,
D0118,Cimahi,
D0118,Minggu,
D0118,31122023,
D0118,SCROLL,
D0118,TO,
D0118,CONTINUE,
D0118,WITH,
D0118,CONTENT,
D0118,Kasus,
D0118,terakhir,
D0118,yang,
D0118,ditangani,
D0118,yakni,
D0118,penangkapan,
D0118,27,
D0118,anggota,
D0118,geng,
D0118,motor,
D0118,yang,
D0118,berbuat,
D0118,onar,
D0118,di,
D0118,wilayah,
D0118,Parongpong,
D0118,Kabupaten,
D0118,Bandung,
D0118,Barat,
D0118,pada,
D0118,23,
D0118,Desember,
D0118,lalu,
D0118,Terakhir,
D0118,seperti,
D0118,itu,
D0118,kita,
D0118,tahu,
D0118,kasus,
D0118,di,
D0118,Parongpong,
D0118,Memang,
D0118,sejauh,
D0118,ini,
D0118,sangat,
D0118,berkurang,
D0118,dan,
D0118,kita,
D0118,tahu,
D0118,juga,
D0118,dari,
D0118,pengungkapan,
D0118,itu,
D0118,banyak,
D0118,warga,
D0118,dari,
D0118,luar,
D0118,Cimahi,
D0118,dan,
D0118,KBB,
D0118,yang,
D0118,bergabung,
D0118,kata,
D0118,Aldi,
D0118,Sementara,
D0118,itu,
D0118,di,
D0118,sepanjang,
D0118,tahun,
D0118,2023,
D0118,pihaknya,
D0118,memusnahkan,
D0118,minuman,
D0118,keras,
D0118,miras,
D0118,ilegal,
D0118,yang,
D0118,diamankan,
D0118,dari,
D0118,berbagai,
D0118,tempat,
D0118,di,
D0118,Cimahi,
D0118,dan,
D0118,KBB,
D0118,sebanyak,
D0118,19510,
D0118,botol,
D0118,Meningkat,
D0118,470,
D0118,persen,
D0118,dari,
D0118,tahun,
D0118,sebelumnya,
D0118,artinya,
D0118,ini,
D0118,sudah,
D0118,banyak,
D0118,yang,
D0118,kita,
D0118,sita,
D0118,Kemudian,
D0118,narkoba,
D0118,obat,
D0118,keras,
D0118,terbatas,
D0118,tramadol,
D0118,dan,
D0118,excymer,
D0118,ini,
D0118,yang,
D0118,terus,
D0118,kita,
D0118,tekankan,
D0118,ucap,
D0118,Aldi,
D0118,Sepanjang,
D0118,tahun,
D0118,2023,
D0118,juga,
D0118,penyelesaian,
D0118,perkara,
D0118,menyentuh,
D0118,angka,
D0118,97,
D0118,persen,
D0118,Jauh,
D0118,meningkat,
D0118,ketimbang,
D0118,tahun,
D0118,2022,
D0118,yang,
D0118,hanya,
D0118,menyentuh,
D0118,angka,
D0118,45,
D0118,persen,
D0118,Sementara,
D0118,angka,
D0118,gangguan,
D0118,kamtibmas,
D0118,menurun,
D0118,ratarata,
D0118,56,
D0118,persen,
D0118,Mengacu,
D0118,pada,
D0118,data,
D0118,semua,
D0118,menurun,
D0118,berdasarkan,
D0118,data,
D0118,yang,
D0118,masuk,
D0118,Jadi,
D0118,mitigasi,
D0118,kita,
D0118,lakukan,
D0118,mulai,
D0118,preventif,
D0118,hingga,
D0118,represif,
D0118,ucap,
D0118,Aldi,
D0118,Namun,
D0118,masyarakat,
D0118,juga,
D0118,masih,
D0118,mengeluhkan,
D0118,maraknya,
D0118,pencurian,
D0118,yang,
D0118,terjadi,
D0118,di,
D0118,permukiman,
D0118,Di,
D0118,tahun,
D0118,mendatang,
D0118,hal,
D0118,itu,
D0118,yang,
D0118,menjadi,
D0118,konsen,
D0118,pihak,
D0118,kepolisian,
D0118,Hasil,
D0118,analisis,
D0118,kita,
D0118,masih,
D0118,soal,
D0118,pencurian,
D0118,khususnya,
D0118,di,
D0118,permukiman,
D0118,dan,
D0118,kos,
D0118,kosan,
D0118,Mitigasi,
D0118,ke,
D0118,depan,
D0118,harus,
D0118,dikuatkan,
D0118,calling,
D0118,system,
D0118,proteksi,
D0118,di,
D0118,kewilayahan,
D0118,diperkuat,
D0118,Linmas,
D0118,ke,
D0118,depannya,
D0118,kita,
D0118,gandeng,
D0118,menciptakan,
D0118,ruang,
D0118,keamanan,
D0118,kata,
D0118,Aldi,
D0119,Polres,
D0119,Sukoharjo,
D0119,masih,
D0119,memiliki,
D0119,pekerjaan,
D0119,rumah,
D0119,alias,
D0119,PR,
D0119,dua,
D0119,kasus,
D0119,pemerkosaan,
D0119,Kasus,
D0119,itu,
D0119,hingga,
D0119,kini,
D0119,belum,
D0119,terselesaikan,
D0119,Kasus,
D0119,pertama,
D0119,ada,
D0119,pencabulan,
D0119,anak,
D0119,di,
D0119,bawah,
D0119,umur,
D0119,terhadap,
D0119,dua,
D0119,anak,
D0119,lakilaki,
D0119,Mereka,
D0119,diduga,
D0119,disodomi,
D0119,oleh,
D0119,lakilaki,
D0119,pada,
D0119,Mei,
D0119,2023,
D0119,lalu,
D0119,Kasus,
D0119,kedua,
D0119,adalah,
D0119,seorang,
D0119,ayah,
D0119,diduga,
D0119,memperkosa,
D0119,putri,
D0119,kandungnya,
D0119,hingga,
D0119,hamil,
D0119,Aksi,
D0119,bejat,
D0119,ini,
D0119,sudah,
D0119,dilakukan,
D0119,sejak,
D0119,2016,
D0119,lalu,
D0119,saat,
D0119,korban,
D0119,masih,
D0119,berusia,
D0119,di,
D0119,bawah,
D0119,umur,
D0119,SCROLL,
D0119,TO,
D0119,CONTINUE,
D0119,WITH,
D0119,CONTENT,
D0119,Kapolres,
D0119,Sukoharjo,
D0119,AKBP,
D0119,Sigit,
D0119,mengatakan,
D0119,pihaknya,
D0119,selalu,
D0119,menindaklanjuti,
D0119,bila,
D0119,ada,
D0119,laporan,
D0119,yang,
D0119,masuk,
D0119,Kita,
D0119,dalam,
D0119,menindaklanjuti,
D0119,kita,
D0119,tetap,
D0119,melakukan,
D0119,penyelidikan,
D0119,Mana,
D0119,kala,
D0119,ada,
D0119,bukti,
D0119,baru,
D0119,atau,
D0119,informasi,
D0119,baru,
D0119,itu,
D0119,yang,
D0119,perlu,
D0119,dikasih,
D0119,masukan,
D0119,kepada,
D0119,kita,
D0119,Tentu,
D0119,dari,
D0119,kepolisian,
D0119,baik,
D0119,Reskrim,
D0119,Buser,
D0119,maupun,
D0119,Polsek,
D0119,kita,
D0119,tetap,
D0119,selalu,
D0119,berusaha,
D0119,menangani,
D0119,kasus,
D0119,kata,
D0119,Sigit,
D0119,kepada,
D0119,awak,
D0119,media,
D0119,di,
D0119,Mapolres,
D0119,Sukoharjo,
D0119,Sabtu,
D0119,30122023,
D0119,Sampai,
D0119,saat,
D0119,ini,
D0119,ada,
D0119,halhal,
D0119,yang,
D0119,mungkin,
D0119,kita,
D0119,akan,
D0119,tindaklanjuti,
D0119,dan,
D0119,selalu,
D0119,kita,
D0119,tingkatkan,
D0119,penyelidikan,
D0119,lebih,
D0119,dalam,
D0119,lagi,
D0119,Setiap,
D0119,ada,
D0119,bukti,
D0119,dan,
D0119,informasi,
D0119,baru,
D0119,kita,
D0119,siap,
D0119,terima,
D0119,ujarnya,
D0119,Sementara,
D0119,penanganan,
D0119,kasus,
D0119,ayah,
D0119,hamili,
D0119,putrinya,
D0119,Sigit,
D0119,mengatakan,
D0119,proses,
D0119,penyelidikan,
D0119,sangat,
D0119,terbuka,
D0119,Kasus,
D0119,yang,
D0119,sampai,
D0119,memiliki,
D0119,anak,
D0119,kita,
D0119,berupaya,
D0119,menindaklanjuti,
D0119,Dari,
D0119,kedua,
D0119,belah,
D0119,pihak,
D0119,sering,
D0119,kita,
D0119,ajak,
D0119,gelar,
D0119,perkara,
D0119,mungkin,
D0119,lebih,
D0119,dari,
D0119,2,
D0119,3,
D0119,kali,
D0119,kita,
D0119,ajak,
D0119,gelar,
D0119,perkara,
D0119,jelas,
D0119,Sigit,
D0119,Polres,
D0119,Sukoharjo,
D0119,memaparkan,
D0119,indeks,
D0119,kriminalitas,
D0119,yang,
D0119,terjadi,
D0119,di,
D0119,Kabupaten,
D0119,Sukoharjo,
D0119,sepanjang,
D0119,tahun,
D0119,2023,
D0119,Jika,
D0119,dibandingkan,
D0119,pada,
D0119,tahun,
D0119,2022,
D0119,ada,
D0119,kenaikan,
D0119,indeks,
D0119,kejahatan,
D0119,yang,
D0119,terjadi,
D0119,Sigit,
D0119,memaparkan,
D0119,tren,
D0119,kejahatan,
D0119,mengalami,
D0119,kenaikan,
D0119,11,
D0119,persen,
D0119,dari,
D0119,1528,
D0119,kasus,
D0119,di,
D0119,tahun,
D0119,2022,
D0119,menjadi,
D0119,1710,
D0119,kasus,
D0119,di,
D0119,tahun,
D0119,2023,
D0119,1710,
D0119,kasus,
D0119,itu,
D0119,terdiri,
D0119,dari,
D0119,kejahatan,
D0119,konvensional,
D0119,1681,
D0119,kasus,
D0119,trans,
D0119,nasional,
D0119,27,
D0119,kasus,
D0119,dan,
D0119,kekayaan,
D0119,negara,
D0119,2,
D0119,kasus,
D0119,Dari,
D0119,ribuan,
D0119,kasus,
D0119,itu,
D0119,ada,
D0119,tiga,
D0119,kasus,
D0119,menonjol,
D0119,yakni,
D0119,pembunuhan,
D0119,siswi,
D0119,SMP,
D0119,open,
D0119,BO,
D0119,pada,
D0119,Januari,
D0119,2023,
D0119,kasus,
D0119,mutilasi,
D0119,pria,
D0119,bertato,
D0119,naga,
D0119,pada,
D0119,Mei,
D0119,2023,
D0119,dan,
D0119,pembunuhan,
D0119,dosen,
D0119,IAIN,
D0119,Raden,
D0119,Mas,
D0119,Said,
D0119,Solo,
D0119,pada,
D0119,April,
D0119,2023,
D0119,Penyelesaian,
D0119,perkara,
D0119,menaiki,
D0119,kenaikan,
D0119,17,
D0119,persen,
D0119,sebesar,
D0119,230,
D0119,kasus,
D0119,Yang,
D0119,mana,
D0119,di,
D0119,tahun,
D0119,2022,
D0119,1378,
D0119,kasus,
D0119,sementara,
D0119,di,
D0119,tahun,
D0119,2023,
D0119,menjadi,
D0119,1608,
D0119,kata,
D0119,Sigit,
D0119,Angka,
D0119,kecelakaan,
D0119,lalu,
D0119,lintas,
D0119,meski,
D0119,mengalami,
D0119,penurunan,
D0119,namun,
D0119,jumlahnya,
D0119,masih,
D0119,cukup,
D0119,tinggi,
D0119,Pada,
D0119,2022,
D0119,ada,
D0119,1503,
D0119,kejadian,
D0119,kecelakaan,
D0119,dan,
D0119,tahun,
D0119,2023,
D0119,menjadi,
D0119,1481,
D0119,kasus,
D0119,dengan,
D0119,100,
D0119,korban,
D0119,meninggal,
D0119,dunia,
D0119,1,
D0119,luka,
D0119,berat,
D0119,2006,
D0119,korban,
D0119,luka,
D0119,ringan,
D0120,Kepolisian,
D0120,Resor,
D0120,Kota,
D0120,Polresta,
D0120,Denpasar,
D0120,menyelesaikan,
D0120,lima,
D0120,kasus,
D0120,viral,
D0120,selama,
D0120,2023,
D0120,Mayoritas,
D0120,kasus,
D0120,melibatkan,
D0120,warga,
D0120,negara,
D0120,asing,
D0120,WNA,
D0120,Selama,
D0120,kurun,
D0120,waktu,
D0120,2023,
D0120,kasuskasus,
D0120,viral,
D0120,pada,
D0120,tahun,
D0120,2023,
D0120,Polresta,
D0120,Denpasar,
D0120,berhasil,
D0120,menangani,
D0120,lima,
D0120,kasus,
D0120,viral,
D0120,kata,
D0120,Kapolresta,
D0120,Denpasar,
D0120,Kombes,
D0120,Wisnu,
D0120,Prabowo,
D0120,saat,
D0120,konferensi,
D0120,pers,
D0120,akhir,
D0120,tahun,
D0120,di,
D0120,kantornya,
D0120,Sabtu,
D0120,30122023,
D0120,Salah,
D0120,satu,
D0120,kasus,
D0120,tersebut,
D0120,adalah,
D0120,bule,
D0120,Rusia,
D0120,yang,
D0120,mengaku,
D0120,dikriminalisasi,
D0120,pemberitaan,
D0120,media,
D0120,Kasus,
D0120,ini,
D0120,selesai,
D0120,dan,
D0120,bule,
D0120,Rusia,
D0120,telah,
D0120,dideportasi,
D0120,ke,
D0120,negara,
D0120,asalnya,
D0120,SCROLL,
D0120,TO,
D0120,CONTINUE,
D0120,WITH,
D0120,CONTENT,
D0120,Kasus,
D0120,selanjutnya,
D0120,juga,
D0120,melibatkan,
D0120,WNA,
D0120,Rusia,
D0120,yang,
D0120,ditemukan,
D0120,tergeletak,
D0120,di,
D0120,sebelah,
D0120,utara,
D0120,pengabenan,
D0120,Desa,
D0120,Adat,
D0120,Kuta,
D0120,Bule,
D0120,itu,
D0120,ditemukan,
D0120,dengan,
D0120,luka,
D0120,sayatan,
D0120,pada,
D0120,lengan,
D0120,Kiri,
D0120,Viralnya,
D0120,bule,
D0120,itu,
D0120,dapat,
D0120,diselesaikan,
D0120,setelah,
D0120,polisi,
D0120,mendatangi,
D0120,tempat,
D0120,kejadian,
D0120,perkara,
D0120,TKP,
D0120,dan,
D0120,merujuk,
D0120,WNA,
D0120,itu,
D0120,ke,
D0120,rumah,
D0120,sakit,
D0120,terdekat,
D0120,Kasus,
D0120,berikutnya,
D0120,yang,
D0120,ditangani,
D0120,oleh,
D0120,Polresta,
D0120,Denpasar,
D0120,yakni,
D0120,viralnya,
D0120,kelompok,
D0120,Bajing,
D0120,Kids,
D0120,Kelompok,
D0120,ini,
D0120,melibatkan,
D0120,para,
D0120,remaja,
D0120,di,
D0120,bawah,
D0120,umur,
D0120,yang,
D0120,viral,
D0120,akibat,
D0120,menggelar,
D0120,pesta,
D0120,minuman,
D0120,keras,
D0120,miras,
D0120,Polresta,
D0120,Denpasar,
D0120,dapat,
D0120,menyelesaikan,
D0120,kasus,
D0120,tersebut,
D0120,Para,
D0120,orang,
D0120,tua,
D0120,dan,
D0120,para,
D0120,remaja,
D0120,di,
D0120,bawah,
D0120,umur,
D0120,yang,
D0120,yang,
D0120,tergabung,
D0120,dalam,
D0120,kelompok,
D0120,Bajing,
D0120,Kids,
D0120,dipanggil,
D0120,oleh,
D0120,polisi,
D0120,dengan,
D0120,melibatkan,
D0120,Dinas,
D0120,Pendidikan,
D0120,Kepemudaan,
D0120,dan,
D0120,Olahraga,
D0120,Disdikpora,
D0120,Kota,
D0120,Denpasar,
D0120,dan,
D0120,Majelis,
D0120,Desa,
D0120,Adat,
D0120,MDA,
D0120,Kota,
D0120,Denpasar,
D0120,Perkara,
D0120,viral,
D0120,berikutnya,
D0120,yang,
D0120,diselesaikan,
D0120,oleh,
D0120,Polresta,
D0120,Denpasar,
D0120,pada,
D0120,2023,
D0120,yakni,
D0120,adanya,
D0120,penganiayaan,
D0120,oleh,
D0120,WNA,
D0120,Perancis,
D0120,Kasus,
D0120,itu,
D0120,diselesaikan,
D0120,dengan,
D0120,berkoordinasi,
D0120,dan,
D0120,melaporkan,
D0120,perkara,
D0120,tersebut,
D0120,kepada,
D0120,Satuan,
D0120,Tugas,
D0120,Satgas,
D0120,Bali,
D0120,Becik,
D0120,yang,
D0120,dibentuk,
D0120,oleh,
D0120,Direktorat,
D0120,Jenderal,
D0120,Ditjen,
D0120,Imigrasi,
D0120,Kementerian,
D0120,Hukum,
D0120,dan,
D0120,Hak,
D0120,Asasi,
D0120,Manusia,
D0120,Kemenkumham,
D0120,Kasus,
D0120,terakhir,
D0120,viral,
D0120,terakhir,
D0120,yang,
D0120,diselesaikan,
D0120,oleh,
D0120,Polresta,
D0120,Denpasar,
D0120,yakni,
D0120,bule,
D0120,Irlandia,
D0120,yang,
D0120,menabrak,
D0120,pengemudi,
D0120,sepeda,
D0120,motor,
D0120,hingga,
D0120,tewas,
D0120,Kasus,
D0120,itu,
D0120,diselesaikan,
D0120,setelah,
D0120,polisi,
D0120,dapat,
D0120,melakukan,
D0120,penangkapan,
D0120,dan,
D0120,melakukan,
D0120,penyidikan,
D0120,terhadap,
D0120,bule,
D0120,Irlandia,
D0120,tersebut,
D0120,Jadi,
D0120,kasuskasus,
D0120,viral,
D0120,itu,
D0120,sudah,
D0120,diselesaikan,
D0120,ungkap,
D0120,mantan,
D0120,Direktur,
D0120,Samapta,
D0120,Polda,
D0120,Daerah,
D0120,Istimewa,
D0120,Yogyakarta,
D0120,DIY,
D0120,itu,
D0120,Wisnu,
D0120,menjelaskan,
D0120,bahwa,
D0120,penanganan,
D0120,kasus,
D0120,kriminalitas,
D0120,di,
D0120,Polresta,
D0120,Denpasar,
D0120,selama,
D0120,2023,
D0120,mengalami,
D0120,penurunan,
D0120,dibandingkan,
D0120,dengan,
D0120,tahun,
D0120,sebelumnya,
D0120,Penurunan,
D0120,penanganan,
D0120,kasus,
D0120,mencapai,
D0120,12,
D0120,persen,
D0120,Polresta,
D0120,Denpasar,
D0120,pada,
D0120,2022,
D0120,menangani,
D0120,sebanyak,
D0120,1134,
D0120,kasus,
D0120,kemudian,
D0120,turun,
D0120,menjadi,
D0120,999,
D0120,kasus,
D0120,pada,
D0120,2023,
D0120,Kasus,
D0120,yang,
D0120,diselesaikan,
D0120,pada,
D0120,pada,
D0120,2022,
D0120,mencapai,
D0120,869,
D0120,dan,
D0120,turun,
D0120,menjadi,
D0120,780,
D0120,Secara,
D0120,persentase,
D0120,penurunan,
D0120,kasus,
D0120,yang,
D0120,diselesaikan,
D0120,mencapai,
D0120,10,
D0120,persen,
D0120,Pencurian,
D0120,menjadi,
D0120,kasus,
D0120,yang,
D0120,paling,
D0120,banyak,
D0120,ditangani,
D0120,oleh,
D0120,Polresta,
D0120,Denpasar,
D0120,pada,
D0120,2022,
D0120,dan,
D0120,2023,
D0120,Jenis,
D0120,pencurian,
D0120,yang,
D0120,ditangani,
D0120,mulai,
D0120,dari,
D0120,pencurian,
D0120,biasa,
D0120,cusa,
D0120,pencurian,
D0120,sepeda,
D0120,motor,
D0120,curanmor,
D0120,dan,
D0120,pencurian,
D0120,dengan,
D0120,pemberatan,
D0120,curat,
D0120,Di,
D0120,mana,
D0120,perbandingan,
D0120,periode,
D0120,tahun,
D0120,2022,
D0120,ada,
D0120,pencurian,
D0120,biasa,
D0120,224,
D0120,kasus,
D0120,curanmor,
D0120,104,
D0120,kasus,
D0120,curat,
D0120,71,
D0120,kasus,
D0120,Untuk,
D0120,tahun,
D0120,2023,
D0120,cusa,
D0120,178,
D0120,kasus,
D0120,curanmor,
D0120,91,
D0120,kasus,
D0120,dan,
D0120,curat,
D0120,71,
D0120,kasus,
D0120,Ini,
D0120,kriminalitas,
D0120,sepanjang,
D0120,tahun,
D0120,2023,
D0120,kami,
D0120,bandingan,
D0120,dengan,
D0120,tahun,
D0120,2022,
D0120,jelas,
D0120,Wisnu,
D0121,Kriminalitas,
D0121,di,
D0121,Kabupaten,
D0121,Gianyar,
D0121,Bali,
D0121,melonjak,
D0121,drastis,
D0121,sepanjang,
D0121,2023,
D0121,Total,
D0121,ada,
D0121,1362,
D0121,kasus,
D0121,yang,
D0121,ditangani,
D0121,Polres,
D0121,Gianyar,
D0121,Jumlah,
D0121,ini,
D0121,meningkat,
D0121,4934,
D0121,persen,
D0121,dibanding,
D0121,2022,
D0121,yakni,
D0121,912,
D0121,kasus,
D0121,Kapolres,
D0121,Gianyar,
D0121,AKBP,
D0121,Ketut,
D0121,Widiada,
D0121,menyebut,
D0121,peningkatan,
D0121,kasus,
D0121,dipengaruhi,
D0121,oleh,
D0121,pandemi,
D0121,COVID19,
D0121,yang,
D0121,sudah,
D0121,berakhir,
D0121,Menurutnya,
D0121,banyak,
D0121,muncul,
D0121,pengangguran,
D0121,baru,
D0121,sehingga,
D0121,nekat,
D0121,berbuat,
D0121,kriminal,
D0121,Kejahatan,
D0121,konvensional,
D0121,tercatat,
D0121,laporannya,
D0121,1313,
D0121,kasus,
D0121,dengan,
D0121,penyelesaian,
D0121,1034,
D0121,kasus,
D0121,kemudian,
D0121,ada,
D0121,kejahatan,
D0121,transaksional,
D0121,sebanyak,
D0121,48,
D0121,kasus,
D0121,kekayaan,
D0121,negara,
D0121,satu,
D0121,kasus,
D0121,gangguangangguan,
D0121,juga,
D0121,ada,
D0121,sebanyak,
D0121,123,
D0121,kasus,
D0121,jelas,
D0121,Widiada,
D0121,dalam,
D0121,rilis,
D0121,akhir,
D0121,tahun,
D0121,di,
D0121,aula,
D0121,Polres,
D0121,Gianyar,
D0121,Sabtu,
D0121,30122023,
D0121,SCROLL,
D0121,TO,
D0121,CONTINUE,
D0121,WITH,
D0121,CONTENT,
D0121,Kasus,
D0121,yang,
D0121,paling,
D0121,menonjol,
D0121,pada,
D0121,2023,
D0121,adalah,
D0121,peristiwa,
D0121,jatuhnya,
D0121,tram,
D0121,lift,
D0121,Ayu,
D0121,Terra,
D0121,Resort,
D0121,di,
D0121,Ubud,
D0121,pada,
D0121,1,
D0121,September,
D0121,2023,
D0121,dengan,
D0121,lima,
D0121,karyawan,
D0121,meninggal,
D0121,dunia,
D0121,Kasus,
D0121,itu,
D0121,segera,
D0121,masuk,
D0121,persidangan,
D0121,Kasus,
D0121,Ayu,
D0121,Terra,
D0121,Resort,
D0121,sudah,
D0121,P21,
D0121,dan,
D0121,dilimpahkan,
D0121,ke,
D0121,Kejaksaan,
D0121,Negeri,
D0121,Gianyar,
D0121,dengan,
D0121,dua,
D0121,tersangka,
D0121,yakni,
D0121,owner,
D0121,pemilik,
D0121,dan,
D0121,penyedia,
D0121,lift,
D0121,Widiada,
D0121,Untuk,
D0121,kasus,
D0121,narkoba,
D0121,Polres,
D0121,Gianyar,
D0121,mencatat,
D0121,ada,
D0121,43,
D0121,kasus,
D0121,yang,
D0121,ditangani,
D0121,dengan,
D0121,63,
D0121,tersangka,
D0121,Termasuk,
D0121,satu,
D0121,tersangka,
D0121,warga,
D0121,negara,
D0121,asing,
D0121,WNA,
D0121,Upaya,
D0121,harkamtimbas,
D0121,yang,
D0121,kami,
D0121,laksanakan,
D0121,selama,
D0121,ini,
D0121,adalah,
D0121,preemtif,
D0121,prefentif,
D0121,dan,
D0121,represif,
D0121,yang,
D0121,di,
D0121,antaranya,
D0121,ada,
D0121,kegiatan,
D0121,imbauan,
D0121,sidak,
D0121,razia,
D0121,preman,
D0121,dan,
D0121,penindakan,
D0121,tilang,
D0121,terhadap,
D0121,pelanggar,
D0121,berpotensi,
D0121,mengakibatkan,
D0121,kecelakaan,
D0121,lalu,
D0121,lintas,
D0121,pengendara,
D0121,ugalugalan,
D0121,dan,
D0121,balapan,
D0121,liar,
D0121,beber,
D0121,Widiada,
D0121,Maraknya,
D0121,knalpot,
D0121,brong,
D0121,juga,
D0121,diatensi,
D0121,oleh,
D0121,Polres,
D0121,Gianyar,
D0121,Terlebih,
D0121,menjelang,
D0121,hajatan,
D0121,besar,
D0121,Pemilu,
D0121,2024,
D0121,Total,
D0121,pada,
D0121,November,
D0121,hingga,
D0121,Desember,
D0121,ada,
D0121,150,
D0121,kendaraan,
D0121,berknalpot,
D0121,brong,
D0121,yang,
D0121,diamankan,
D0121,November,
D0121,ada,
D0121,46,
D0121,dan,
D0121,Desember,
D0121,104,
D0121,itu,
D0121,termasuk,
D0121,mobil,
D0121,pikap,
D0121,yang,
D0121,pagipagi,
D0121,angkut,
D0121,sayur,
D0121,dengan,
D0121,suara,
D0121,bising,
D0121,keras,
D0121,kami,
D0121,amankan,
D0121,juga,
D0121,tandas,
D0121,Widiada,
D0122,Puluhan,
D0122,polisi,
D0122,di,
D0122,Bangka,
D0122,Belitung,
D0122,Babel,
D0122,dipecat,
D0122,dengan,
D0122,tidak,
D0122,hormat,
D0122,atau,
D0122,PTDH,
D0122,Total,
D0122,ada,
D0122,31,
D0122,polisi,
D0122,yang,
D0122,dipecat,
D0122,karena,
D0122,pelanggaran,
D0122,kode,
D0122,etik,
D0122,profesi,
D0122,polisi,
D0122,KEPP,
D0122,Tahun,
D0122,2023,
D0122,jenis,
D0122,pelanggaran,
D0122,KEPP,
D0122,di,
D0122,Polda,
D0122,Bangka,
D0122,Belitung,
D0122,terbanyak,
D0122,adalah,
D0122,penyalahgunaan,
D0122,narkoba,
D0122,yakni,
D0122,22,
D0122,kasus,
D0122,ungkap,
D0122,Kapolda,
D0122,Babel,
D0122,Irjen,
D0122,Tornagogo,
D0122,Sihombing,
D0122,di,
D0122,Gedung,
D0122,Tribrata,
D0122,Jumat,
D0122,29122023,
D0122,Sedangkan,
D0122,kasus,
D0122,kedua,
D0122,KEPP,
D0122,terbanyak,
D0122,yakni,
D0122,kasus,
D0122,asusila,
D0122,terdapat,
D0122,10,
D0122,pelanggaran,
D0122,Kemudian,
D0122,di,
D0122,urutan,
D0122,ketiga,
D0122,kasus,
D0122,pungutan,
D0122,liar,
D0122,pungli,
D0122,terdapat,
D0122,9,
D0122,pelanggaran,
D0122,SCROLL,
D0122,TO,
D0122,CONTINUE,
D0122,WITH,
D0122,CONTENT,
D0122,Terpisah,
D0122,Kabid,
D0122,Humas,
D0122,Polda,
D0122,Babel,
D0122,Kombes,
D0122,Jojo,
D0122,Sutarjo,
D0122,menjelaskan,
D0122,terkait,
D0122,dengan,
D0122,pemberhentian,
D0122,tidak,
D0122,dengan,
D0122,hormat,
D0122,PTDH,
D0122,31,
D0122,polisi,
D0122,merupakan,
D0122,sikap,
D0122,tegas,
D0122,dari,
D0122,Polda,
D0122,Babel,
D0122,Terkait,
D0122,31,
D0122,personel,
D0122,yang,
D0122,di,
D0122,PTDH,
D0122,perlu,
D0122,saya,
D0122,sampaikan,
D0122,ke,
D0122,pada,
D0122,rekanrekan,
D0122,media,
D0122,Bahwa,
D0122,ini,
D0122,menujukan,
D0122,masalah,
D0122,penegasan,
D0122,dari,
D0122,institusi,
D0122,kepolisian,
D0122,Polda,
D0122,Babel,
D0122,terhadap,
D0122,anggota,
D0122,yang,
D0122,melakukan,
D0122,pelanggaran,
D0122,dan,
D0122,tidak,
D0122,mentolerirnya,
D0122,kata,
D0122,Jojo,
D0122,usai,
D0122,rilis,
D0122,akhir,
D0122,tahun,
D0122,di,
D0122,Mapolda,
D0122,Babel,
D0122,Jojo,
D0122,menjelaskan,
D0122,pelanggaran,
D0122,yang,
D0122,dilakukan,
D0122,puluhan,
D0122,polisi,
D0122,Polda,
D0122,Babel,
D0122,itu,
D0122,hingga,
D0122,mendapat,
D0122,sanksi,
D0122,PTDH,
D0122,Kata,
D0122,dia,
D0122,para,
D0122,polisi,
D0122,itu,
D0122,tidak,
D0122,masuk,
D0122,dinas,
D0122,hingga,
D0122,melakukan,
D0122,penyalahgunaan,
D0122,narkoba,
D0122,Mayoritas,
D0122,yang,
D0122,bersangkutan,
D0122,desersi,
D0122,tidak,
D0122,melaksanakan,
D0122,tugas,
D0122,secara,
D0122,berturutturut,
D0122,di,
D0122,atas,
D0122,30,
D0122,hari,
D0122,Dilatarbelakangi,
D0122,oleh,
D0122,penyalahgunaan,
D0122,narkoba,
D0122,jelas,
D0122,Jojo,
D0122,Oknumoknum,
D0122,polisi,
D0122,itu,
D0122,lanjut,
D0122,Jojo,
D0122,telah,
D0122,mendapat,
D0122,peringatan,
D0122,Namun,
D0122,mereka,
D0122,masih,
D0122,kembali,
D0122,mengulangi,
D0122,perbuatan,
D0122,atau,
D0122,pelanggaran,
D0122,tersebut,
D0122,Ketika,
D0122,dia,
D0122,oknum,
D0122,polisi,
D0122,sudah,
D0122,diperingatkan,
D0122,dan,
D0122,diberitahukan,
D0122,kemudian,
D0122,masih,
D0122,mengulang,
D0122,perlanggaran,
D0122,itu,
D0122,jadi,
D0122,dilakukan,
D0122,tindakan,
D0122,tegas,
D0122,Lanjutnya,
D0122,Kalau,
D0122,tidak,
D0122,bisa,
D0122,melaksanakan,
D0122,tugas,
D0122,dengan,
D0122,baik,
D0122,supaya,
D0122,dia,
D0122,tidak,
D0122,jadi,
D0122,benalu,
D0122,bagus,
D0122,untuk,
D0122,diberhentikan,
D0122,tegasnya,
D0122,kembali,
D0122,Dari,
D0122,31,
D0122,personel,
D0122,yang,
D0122,ada,
D0122,ada,
D0122,seorang,
D0122,perwira,
D0122,berpangkat,
D0122,Ajun,
D0122,Komisaris,
D0122,Polisi,
D0122,AKP,
D0122,juga,
D0122,turut,
D0122,dipecat,
D0122,AKP,
D0122,ini,
D0122,tak,
D0122,masuk,
D0122,kerja,
D0122,karena,
D0122,ketergantungan,
D0122,dengan,
D0122,narkoba,
D0122,Perwira,
D0122,paling,
D0122,tinggi,
D0122,pangkatnya,
D0122,AKP,
D0122,dilatarbelakangi,
D0122,tidak,
D0122,masuk,
D0122,kerja,
D0122,dan,
D0122,narkoba,
D0122,Dengan,
D0122,adanya,
D0122,tindakan,
D0122,ini,
D0122,pemecatan,
D0122,ke,
D0122,depannya,
D0122,personel,
D0122,Polda,
D0122,Babel,
D0122,dapat,
D0122,melaksanakan,
D0122,tugas,
D0122,dengan,
D0122,baik,
D0122,tambahnya,
D0122,Diketahui,
D0122,kasus,
D0122,pemecatan,
D0122,polisi,
D0122,di,
D0122,Polda,
D0122,Babel,
D0122,disepanjang,
D0122,tahun,
D0122,2023,
D0122,mengalami,
D0122,peningkatan,
D0122,dibandingkan,
D0122,tahuntahun,
D0122,sebelumnya,
D0122,Di,
D0122,tahun,
D0122,2021,
D0122,ada,
D0122,15,
D0122,personel,
D0122,di,
D0122,PTDH,
D0122,sedangkan,
D0122,di,
D0122,tahun,
D0122,2022,
D0122,ada,
D0122,16,
D0122,polisi,
D0122,Polda,
D0122,Babel,
D0122,dipecat,
D0123,Kapolda,
D0123,Sumut,
D0123,Irjen,
D0123,Agung,
D0123,Setya,
D0123,Imam,
D0123,Effendi,
D0123,telah,
D0123,menganalisis,
D0123,pemicu,
D0123,kejahatan,
D0123,yang,
D0123,kerap,
D0123,terjadi,
D0123,di,
D0123,Sumut,
D0123,Hasilnya,
D0123,menunjukkan,
D0123,bahwa,
D0123,salah,
D0123,satu,
D0123,pemicunya,
D0123,adalah,
D0123,narkoba,
D0123,Selain,
D0123,itu,
D0123,faktor,
D0123,latar,
D0123,belakang,
D0123,pendidikan,
D0123,juga,
D0123,menjadi,
D0123,penyebab,
D0123,seseorang,
D0123,nekat,
D0123,melakukan,
D0123,aksi,
D0123,kejahatan,
D0123,Kita,
D0123,bisa,
D0123,lihat,
D0123,bahwa,
D0123,pelaku,
D0123,kejahatan,
D0123,yang,
D0123,kita,
D0123,identifikasi,
D0123,berdasarkan,
D0123,pendidikannya,
D0123,yang,
D0123,paling,
D0123,sedikit,
D0123,adalah,
D0123,yang,
D0123,sudah,
D0123,kuliah,
D0123,Artinya,
D0123,masyarakat,
D0123,yang,
D0123,terdidik,
D0123,itu,
D0123,sedikit,
D0123,melakukan,
D0123,kejahatan,
D0123,dari,
D0123,pada,
D0123,masyarakat,
D0123,yang,
D0123,kurang,
D0123,terdidik,
D0123,kata,
D0123,Agung,
D0123,saat,
D0123,rilis,
D0123,akhir,
D0123,tahun,
D0123,di,
D0123,Polda,
D0123,Sumut,
D0123,Jumat,
D0123,29122023,
D0123,SCROLL,
D0123,TO,
D0123,CONTINUE,
D0123,WITH,
D0123,CONTENT,
D0123,Sementara,
D0123,itu,
D0123,di,
D0123,wilayah,
D0123,hukum,
D0123,Polda,
D0123,Sumut,
D0123,sepanjang,
D0123,tahun,
D0123,2023,
D0123,tercatat,
D0123,ada,
D0123,sebanyak,
D0123,45413,
D0123,laporan,
D0123,aksi,
D0123,kejahatan,
D0123,Bila,
D0123,dirataratakan,
D0123,maka,
D0123,kejahatan,
D0123,di,
D0123,Sumut,
D0123,terjadi,
D0123,setiap,
D0123,8,
D0123,menit,
D0123,30,
D0123,detik,
D0123,sekali,
D0123,Angka,
D0123,kejahatan,
D0123,yang,
D0123,kami,
D0123,terima,
D0123,laporannya,
D0123,adalah,
D0123,45413,
D0123,Maka,
D0123,kemudian,
D0123,kita,
D0123,bisa,
D0123,lihat,
D0123,bagaimana,
D0123,statistik,
D0123,kriminalitas,
D0123,di,
D0123,Sumut,
D0123,seperti,
D0123,yang,
D0123,sudah,
D0123,kita,
D0123,sampaikan,
D0123,di,
D0123,sini,
D0123,bahwa,
D0123,selang,
D0123,waktu,
D0123,kejahatan,
D0123,kita,
D0123,8,
D0123,menit,
D0123,30,
D0123,detik,
D0123,Artinya,
D0123,setiap,
D0123,8,
D0123,menit,
D0123,30,
D0123,detik,
D0123,ada,
D0123,satu,
D0123,hal,
D0123,yang,
D0123,bisa,
D0123,menggangu,
D0123,kamtibnas,
D0123,di,
D0123,Sumut,
D0123,ini,
D0123,kata,
D0123,Kapolda,
D0123,Sumut,
D0123,Irjen,
D0123,Agung,
D0123,Setya,
D0123,Imam,
D0123,Effendi,
D0123,saat,
D0123,rilis,
D0123,akhir,
D0123,tahun,
D0123,di,
D0123,Polda,
D0123,Sumut,
D0123,Jumat,
D0123,29122023,
D0123,Agung,
D0123,mengatakan,
D0123,dari,
D0123,total,
D0123,laporan,
D0123,tersebut,
D0123,706,
D0123,persen,
D0123,atau,
D0123,sekitar,
D0123,32074,
D0123,di,
D0123,antaranya,
D0123,telah,
D0123,berhasil,
D0123,diselesaikan,
D0123,Sementara,
D0123,pelaku,
D0123,yang,
D0123,ditahan,
D0123,atas,
D0123,aksi,
D0123,kejahatan,
D0123,itu,
D0123,sebanyak,
D0123,11251,
D0123,Lalu,
D0123,mantan,
D0123,Kapolda,
D0123,Riau,
D0123,itu,
D0123,memerinci,
D0123,ada,
D0123,50836,
D0123,korban,
D0123,kejahatan,
D0123,di,
D0123,Sumut,
D0123,sepanjang,
D0123,2023,
D0123,Mayoritas,
D0123,korban,
D0123,itu,
D0123,terdiri,
D0123,dari,
D0123,lakilaki,
D0123,yakni,
D0123,sebanyak,
D0123,6336,
D0123,persen,
D0123,sedangkan,
D0123,perempuan,
D0123,di,
D0123,angka,
D0123,3664,
D0123,persen,
D0123,Korban,
D0123,kejahatan,
D0123,ini,
D0123,kita,
D0123,bisa,
D0123,dilihat,
D0123,bahwa,
D0123,lakilaki,
D0123,menjadi,
D0123,punya,
D0123,potensi,
D0123,korban,
D0123,kejahatan,
D0123,lebih,
D0123,tinggi,
D0123,yakni,
D0123,6336,
D0123,persen,
D0123,dari,
D0123,pada,
D0123,perempuan,
D0123,3664,
D0123,persen,
D0123,sebutnya,
D0123,Jenderal,
D0123,bintang,
D0123,dua,
D0123,itu,
D0123,juga,
D0123,mengklaim,
D0123,dalam,
D0123,kurun,
D0123,waktu,
D0123,enam,
D0123,bulan,
D0123,terakhir,
D0123,tingkat,
D0123,kejahatan,
D0123,di,
D0123,Sumut,
D0123,turun,
D0123,hingga,
D0123,2237,
D0123,persen,
D0123,Agung,
D0123,menyebut,
D0123,kurun,
D0123,waktu,
D0123,itu,
D0123,merupakan,
D0123,proses,
D0123,masa,
D0123,tugasnya,
D0123,sebagai,
D0123,Kapolda,
D0123,Sumut,
D0123,Untuk,
D0123,diketahui,
D0123,Agung,
D0123,dilantik,
D0123,menjadi,
D0123,Kapolda,
D0123,Sumut,
D0123,pada,
D0123,Juli,
D0123,2023,
D0123,Kemudian,
D0123,selama,
D0123,enam,
D0123,bulan,
D0123,terakhir,
D0123,kita,
D0123,bisa,
D0123,melihat,
D0123,bagaimana,
D0123,kecenderungan,
D0123,kejahatan,
D0123,ada,
D0123,penurunan,
D0123,yang,
D0123,cukup,
D0123,signifikan,
D0123,yaitu,
D0123,2237,
D0123,persen,
D0123,Ini,
D0123,tentu,
D0123,dari,
D0123,satu,
D0123,proses,
D0123,di,
D0123,mana,
D0123,enam,
D0123,bulan,
D0123,terakhir,
D0123,masa,
D0123,tugas,
D0123,saya,
D0123,sebagai,
D0123,Kapolda,
D0123,yang,
D0123,mana,
D0123,kita,
D0123,bisa,
D0123,bersama,
D0123,PJU,
D0123,yang,
D0123,ada,
D0123,di,
D0123,Sumut,
D0123,ini,
D0123,dan,
D0123,jajaran,
D0123,merumuskan,
D0123,bagaimana,
D0123,kita,
D0123,mengendalikan,
D0123,satu,
D0123,kondisi,
D0123,keamanan,
D0123,kamtibmas,
D0123,yang,
D0123,lebih,
D0123,baik,
D0123,pungkasnya,
D0124,Angka,
D0124,kriminalitas,
D0124,di,
D0124,Jambi,
D0124,sepanjang,
D0124,tahun,
D0124,2023,
D0124,menurun,
D0124,dibandingkan,
D0124,tahun,
D0124,sebelumnya,
D0124,Hal,
D0124,ini,
D0124,menunjukkan,
D0124,pencegahan,
D0124,kejahatan,
D0124,berjalan,
D0124,opptimal,
D0124,Kapolda,
D0124,Jambi,
D0124,Irjen,
D0124,Rusdi,
D0124,Hartono,
D0124,mengatakan,
D0124,berdasarkan,
D0124,data,
D0124,Polda,
D0124,Jambi,
D0124,tercatat,
D0124,pada,
D0124,tahun,
D0124,2023,
D0124,ada,
D0124,5271,
D0124,kasus,
D0124,kriminalitas,
D0124,Jumlah,
D0124,tersebut,
D0124,turun,
D0124,jika,
D0124,dibandingkan,
D0124,tahun,
D0124,2022,
D0124,yang,
D0124,tercatat,
D0124,ada,
D0124,5384,
D0124,kasus,
D0124,Angka,
D0124,kriminalitasnya,
D0124,turun,
D0124,jika,
D0124,dibandingkan,
D0124,tahun,
D0124,2022,
D0124,Turun,
D0124,113,
D0124,kasus,
D0124,atau,
D0124,209,
D0124,persen,
D0124,kata,
D0124,Irjen,
D0124,Rusdi,
D0124,Jumat,
D0124,29122023,
D0124,SCROLL,
D0124,TO,
D0124,CONTINUE,
D0124,WITH,
D0124,CONTENT,
D0124,Rusdi,
D0124,memaparkan,
D0124,dari,
D0124,5271,
D0124,kasus,
D0124,yang,
D0124,ditangani,
D0124,sebanyak,
D0124,4099,
D0124,kasus,
D0124,berhasil,
D0124,diselesaikan,
D0124,Polda,
D0124,Jambi,
D0124,Jika,
D0124,dipersentasekan,
D0124,jumlah,
D0124,penyelesaian,
D0124,kasus,
D0124,di,
D0124,tahun,
D0124,2023,
D0124,di,
D0124,angka,
D0124,778,
D0124,persen,
D0124,atau,
D0124,turun,
D0124,16,
D0124,persen,
D0124,dibandingkan,
D0124,tahun,
D0124,2022,
D0124,Mudahmudahan,
D0124,di,
D0124,tahun,
D0124,2024,
D0124,tindak,
D0124,pidana,
D0124,yang,
D0124,kita,
D0124,tangani,
D0124,bisa,
D0124,kita,
D0124,tekan,
D0124,pada,
D0124,sisi,
D0124,lain,
D0124,penyelesaian,
D0124,tindak,
D0124,pidana,
D0124,kita,
D0124,naikkan,
D0124,ujarnya,
D0124,Kejahatan,
D0124,seperti,
D0124,pencurian,
D0124,dalam,
D0124,pemberatan,
D0124,seperti,
D0124,bobol,
D0124,rumah,
D0124,dan,
D0124,ruko,
D0124,hingga,
D0124,kasus,
D0124,penggelapan,
D0124,menjadi,
D0124,kasus,
D0124,yang,
D0124,menonjol,
D0124,dalam,
D0124,persentase,
D0124,kriminalitas,
D0124,tersebut,
D0124,Rusdi,
D0124,berharap,
D0124,tren,
D0124,penurunan,
D0124,kasus,
D0124,kriminalitas,
D0124,terus,
D0124,dijaga,
D0124,Dia,
D0124,juga,
D0124,menuturkan,
D0124,bahwa,
D0124,ke,
D0124,depan,
D0124,Polda,
D0124,Jambi,
D0124,akan,
D0124,terus,
D0124,melakukan,
D0124,upaya,
D0124,pencegahan,
D0124,agar,
D0124,angka,
D0124,kriminalitas,
D0124,bisa,
D0124,terus,
D0124,menurun,
D0124,Kata,
D0124,Rusdi,
D0124,paradigma,
D0124,di,
D0124,era,
D0124,modern,
D0124,angka,
D0124,pengungkapan,
D0124,kasus,
D0124,tidak,
D0124,lagi,
D0124,menjadi,
D0124,parameter,
D0124,polisi,
D0124,dikatakan,
D0124,hebat,
D0124,Di,
D0124,era,
D0124,modern,
D0124,ini,
D0124,polisi,
D0124,hebat,
D0124,zaman,
D0124,sekarang,
D0124,bukan,
D0124,lagi,
D0124,yang,
D0124,banyak,
D0124,tangkap,
D0124,atau,
D0124,mengungkap,
D0124,kasus,
D0124,tapi,
D0124,bisa,
D0124,yang,
D0124,bisa,
D0124,mencegah,
D0124,kejahatan,
D0124,terjadi,
D0124,tandasnya,
D0125,Polda,
D0125,Sumut,
D0125,mencatat,
D0125,ada,
D0125,sebanyak,
D0125,45413,
D0125,laporan,
D0125,aksi,
D0125,kejahatan,
D0125,yang,
D0125,terjadi,
D0125,di,
D0125,seluruh,
D0125,wilayah,
D0125,Sumut,
D0125,sepanjang,
D0125,tahun,
D0125,2023,
D0125,Dari,
D0125,data,
D0125,tersebut,
D0125,diasumsikan,
D0125,bahwa,
D0125,tindak,
D0125,kejahatan,
D0125,itu,
D0125,terjadi,
D0125,setiap,
D0125,8,
D0125,menit,
D0125,30,
D0125,detik,
D0125,Angka,
D0125,kejahatan,
D0125,yang,
D0125,kami,
D0125,terima,
D0125,laporannya,
D0125,adalah,
D0125,45413,
D0125,Maka,
D0125,kemudian,
D0125,kita,
D0125,bisa,
D0125,lihat,
D0125,bagaimana,
D0125,statistik,
D0125,kriminalitas,
D0125,di,
D0125,Sumut,
D0125,seperti,
D0125,yang,
D0125,sudah,
D0125,kita,
D0125,sampaikan,
D0125,di,
D0125,sini,
D0125,bahwa,
D0125,selang,
D0125,waktu,
D0125,kejahatan,
D0125,kita,
D0125,8,
D0125,menit,
D0125,30,
D0125,detik,
D0125,Artinya,
D0125,setiap,
D0125,8,
D0125,menit,
D0125,30,
D0125,detik,
D0125,ada,
D0125,satu,
D0125,hal,
D0125,yang,
D0125,bisa,
D0125,menggangu,
D0125,kamtibnas,
D0125,di,
D0125,Sumut,
D0125,ini,
D0125,kata,
D0125,Kapolda,
D0125,Sumut,
D0125,Irjen,
D0125,Agung,
D0125,Setya,
D0125,Imam,
D0125,Effendi,
D0125,saat,
D0125,rilis,
D0125,akhir,
D0125,tahun,
D0125,di,
D0125,Polda,
D0125,Sumut,
D0125,Jumat,
D0125,29122023,
D0125,Agung,
D0125,mengatakan,
D0125,dari,
D0125,total,
D0125,laporan,
D0125,tersebut,
D0125,706,
D0125,persen,
D0125,atau,
D0125,sekitar,
D0125,32074,
D0125,di,
D0125,antaranya,
D0125,telah,
D0125,berhasil,
D0125,diselesaikan,
D0125,Sementara,
D0125,pelaku,
D0125,yang,
D0125,ditahan,
D0125,atas,
D0125,aksi,
D0125,kejahatan,
D0125,itu,
D0125,sebanyak,
D0125,11251,
D0125,orang,
D0125,SCROLL,
D0125,TO,
D0125,CONTINUE,
D0125,WITH,
D0125,CONTENT,
D0125,Lalu,
D0125,mantan,
D0125,Kapolda,
D0125,Riau,
D0125,itu,
D0125,memerinci,
D0125,ada,
D0125,50836,
D0125,korban,
D0125,kejahatan,
D0125,di,
D0125,Sumut,
D0125,sepanjang,
D0125,2023,
D0125,Mayoritas,
D0125,korban,
D0125,itu,
D0125,terdiri,
D0125,dari,
D0125,lakilaki,
D0125,yakni,
D0125,sebanyak,
D0125,6336,
D0125,persen,
D0125,sedangkan,
D0125,perempuan,
D0125,di,
D0125,angka,
D0125,3664,
D0125,persen,
D0125,Korban,
D0125,kejahatan,
D0125,ini,
D0125,kita,
D0125,bisa,
D0125,dilihat,
D0125,bahwa,
D0125,lakilaki,
D0125,menjadi,
D0125,punya,
D0125,potensi,
D0125,korban,
D0125,kejahatan,
D0125,lebih,
D0125,tinggi,
D0125,yakni,
D0125,6336,
D0125,persen,
D0125,dari,
D0125,pada,
D0125,perempuan,
D0125,3664,
D0125,persen,
D0125,sebutnya,
D0125,Agung,
D0125,menjelaskan,
D0125,bahwa,
D0125,pihaknya,
D0125,telah,
D0125,menganalisis,
D0125,pemicu,
D0125,kejahatan,
D0125,di,
D0125,Sumut,
D0125,Hasilnya,
D0125,menunjukkan,
D0125,bahwa,
D0125,salah,
D0125,satu,
D0125,pemicunya,
D0125,adalah,
D0125,narkoba,
D0125,Selain,
D0125,itu,
D0125,faktor,
D0125,latar,
D0125,belakang,
D0125,pendidikan,
D0125,masyarakat,
D0125,juga,
D0125,menjadi,
D0125,penyebabnya,
D0125,Kita,
D0125,bisa,
D0125,lihat,
D0125,bahwa,
D0125,pelaku,
D0125,kejahatan,
D0125,yang,
D0125,kita,
D0125,identifikasi,
D0125,berdasarkan,
D0125,pendidikannya,
D0125,yang,
D0125,paling,
D0125,sedikit,
D0125,adalah,
D0125,yang,
D0125,sudah,
D0125,kuliah,
D0125,Artinya,
D0125,masyarakat,
D0125,yang,
D0125,terdidik,
D0125,itu,
D0125,sedikit,
D0125,melakukan,
D0125,kejahatan,
D0125,dari,
D0125,pada,
D0125,masyarakat,
D0125,yang,
D0125,kurang,
D0125,terdidik,
D0125,kata,
D0125,Agung,
D0125,Jenderal,
D0125,bintang,
D0125,dua,
D0125,itu,
D0125,mengatakan,
D0125,dalam,
D0125,kurun,
D0125,waktu,
D0125,enam,
D0125,bulan,
D0125,terakhir,
D0125,tingkat,
D0125,kejahatan,
D0125,di,
D0125,Sumut,
D0125,itu,
D0125,turun,
D0125,hingga,
D0125,2237,
D0125,persen,
D0125,Agung,
D0125,menyebut,
D0125,kurun,
D0125,waktu,
D0125,itu,
D0125,merupakan,
D0125,proses,
D0125,masa,
D0125,tugasnya,
D0125,sebagai,
D0125,Kapolda,
D0125,Sumut,
D0125,Untuk,
D0125,diketahui,
D0125,Agung,
D0125,dilantik,
D0125,menjadi,
D0125,Kapolda,
D0125,Sumut,
D0125,pada,
D0125,Juli,
D0125,2023,
D0125,Kemudian,
D0125,selama,
D0125,enam,
D0125,bulan,
D0125,terakhir,
D0125,kita,
D0125,bisa,
D0125,melihat,
D0125,bagaimana,
D0125,kecenderungan,
D0125,kejahatan,
D0125,ada,
D0125,penurunan,
D0125,yang,
D0125,cukup,
D0125,signifikan,
D0125,yaitu,
D0125,2237,
D0125,persen,
D0125,Ini,
D0125,tentu,
D0125,dari,
D0125,satu,
D0125,proses,
D0125,di,
D0125,mana,
D0125,enam,
D0125,bulan,
D0125,terakhir,
D0125,masa,
D0125,tugas,
D0125,saya,
D0125,sebagai,
D0125,Kapolda,
D0125,yang,
D0125,mana,
D0125,kita,
D0125,bisa,
D0125,bersama,
D0125,PJU,
D0125,yang,
D0125,ada,
D0125,di,
D0125,Sumut,
D0125,ini,
D0125,dan,
D0125,jajaran,
D0125,merumuskan,
D0125,bagaimana,
D0125,kita,
D0125,mengendalikan,
D0125,satu,
D0125,kondisi,
D0125,keamanan,
D0125,kamtibmas,
D0125,yang,
D0125,lebih,
D0125,baik,
D0125,pungkasnya,
D0126,Angka,
D0126,kejahatan,
D0126,Kota,
D0126,Kediri,
D0126,di,
D0126,tahun,
D0126,2023,
D0126,mengalami,
D0126,peningkatan,
D0126,dibanding,
D0126,Tahun,
D0126,2022,
D0126,Kasus,
D0126,penipuan,
D0126,mendominasi,
D0126,kasus,
D0126,yang,
D0126,ada,
D0126,Kapolres,
D0126,Kediri,
D0126,Kota,
D0126,AKBP,
D0126,Teddy,
D0126,Chandra,
D0126,mengatakan,
D0126,angka,
D0126,kriminalitas,
D0126,di,
D0126,tahun,
D0126,2023,
D0126,sebanyak,
D0126,272,
D0126,kasus,
D0126,Sedangkan,
D0126,tahun,
D0126,2022,
D0126,sebanyak,
D0126,267,
D0126,kasus,
D0126,Data,
D0126,kriminalitas,
D0126,tahun,
D0126,2023,
D0126,sebanyak,
D0126,272,
D0126,kasus,
D0126,dan,
D0126,tahun,
D0126,2022,
D0126,terjadi,
D0126,267,
D0126,kasus,
D0126,mengalami,
D0126,kenaikan,
D0126,sebanyak,
D0126,5,
D0126,kasus,
D0126,atau,
D0126,18,
D0126,persen,
D0126,ujar,
D0126,Teddy,
D0126,dalam,
D0126,keterangan,
D0126,persnya,
D0126,Jumat,
D0126,29122023,
D0126,SCROLL,
D0126,TO,
D0126,CONTINUE,
D0126,WITH,
D0126,CONTENT,
D0126,Dari,
D0126,272,
D0126,kasus,
D0126,tersebut,
D0126,dominasinya,
D0126,adalah,
D0126,kasus,
D0126,penipuan,
D0126,sebanyak,
D0126,53,
D0126,kasus,
D0126,Disusul,
D0126,dengan,
D0126,pengeroyokan,
D0126,25,
D0126,kasus,
D0126,dan,
D0126,penganiayaan,
D0126,21,
D0126,kasus,
D0126,Meskipun,
D0126,angka,
D0126,kriminalitas,
D0126,tahun,
D0126,2023,
D0126,mengalami,
D0126,kenaikan,
D0126,lanjut,
D0126,Kapolres,
D0126,tapi,
D0126,penyelesaian,
D0126,kasus,
D0126,mengalami,
D0126,peningkatan,
D0126,Penyelesaian,
D0126,kasus,
D0126,tahun,
D0126,2023,
D0126,mengalami,
D0126,peningkatan,
D0126,sebanyak,
D0126,3,
D0126,kasus,
D0126,atau,
D0126,11,
D0126,persen,
D0126,dibanding,
D0126,tahun,
D0126,2022,
D0126,kata,
D0126,Teddy,
D0126,Sementara,
D0126,itu,
D0126,pengungkapan,
D0126,kasus,
D0126,narkoba,
D0126,tahun,
D0126,2023,
D0126,sebanyak,
D0126,86,
D0126,kasus,
D0126,Terdiri,
D0126,dari,
D0126,narkoba,
D0126,47,
D0126,kasus,
D0126,dan,
D0126,obat,
D0126,keras,
D0126,39,
D0126,kasus,
D0126,Kemudian,
D0126,pengungkapan,
D0126,tindak,
D0126,pidana,
D0126,ringan,
D0126,tahun,
D0126,2022,
D0126,berupa,
D0126,minuman,
D0126,keras,
D0126,177,
D0126,kasus,
D0126,mengalami,
D0126,peningkatan,
D0126,menjadi,
D0126,188,
D0126,kasus,
D0126,di,
D0126,tahun,
D0126,2023,
D0126,atau,
D0126,sebanyak,
D0126,3,
D0126,persen,
D0127,Angka,
D0127,kejahatan,
D0127,di,
D0127,wilayah,
D0127,hukum,
D0127,Polres,
D0127,Mojokerto,
D0127,sepanjang,
D0127,2023,
D0127,turun,
D0127,signifikan,
D0127,dibandingkan,
D0127,tahun,
D0127,lalu,
D0127,Pencurian,
D0127,dengan,
D0127,pemberatan,
D0127,curat,
D0127,penipuan,
D0127,dan,
D0127,penganiayaan,
D0127,mendominasi,
D0127,kriminalitas,
D0127,di,
D0127,Bumi,
D0127,Majapahit,
D0127,Data,
D0127,yang,
D0127,dirilis,
D0127,Satreskrim,
D0127,Polres,
D0127,Mojokerto,
D0127,menunjukkan,
D0127,jumlah,
D0127,kejahatan,
D0127,sepanjang,
D0127,2023,
D0127,mencapai,
D0127,615,
D0127,perkara,
D0127,Kasus,
D0127,kriminal,
D0127,turun,
D0127,85,
D0127,perkara,
D0127,dibandingkan,
D0127,tahun,
D0127,lalu,
D0127,Dari,
D0127,jumlah,
D0127,itu,
D0127,805,
D0127,atau,
D0127,495,
D0127,perkara,
D0127,diselesaikan,
D0127,Sehingga,
D0127,tunggakan,
D0127,perkara,
D0127,tahun,
D0127,ini,
D0127,tersisa,
D0127,120,
D0127,perkara,
D0127,Kapolres,
D0127,Mojokerto,
D0127,AKBP,
D0127,Wahyudi,
D0127,menjelaskan,
D0127,jenis,
D0127,kejahatan,
D0127,sepanjang,
D0127,tahun,
D0127,ini,
D0127,didominasi,
D0127,curat,
D0127,162,
D0127,perkara,
D0127,penipuan,
D0127,106,
D0127,perkara,
D0127,dan,
D0127,penganiayaan,
D0127,51,
D0127,perkara,
D0127,Tahun,
D0127,2023,
D0127,didominasi,
D0127,curat,
D0127,mungkin,
D0127,dengan,
D0127,menggeliatnya,
D0127,lagi,
D0127,kegiatan,
D0127,masyarakat,
D0127,banyak,
D0127,kejadian,
D0127,pembobolan,
D0127,toko,
D0127,rumah,
D0127,dan,
D0127,sebagainya,
D0127,jelasnya,
D0127,ketika,
D0127,jumpa,
D0127,pers,
D0127,di,
D0127,Mapolres,
D0127,Mojokerto,
D0127,Jalan,
D0127,Gajah,
D0127,Mada,
D0127,Mojosari,
D0127,Kamis,
D0127,28122023,
D0127,SCROLL,
D0127,TO,
D0127,CONTINUE,
D0127,WITH,
D0127,CONTENT,
D0127,Sedangkan,
D0127,sepanjang,
D0127,2022,
D0127,terjadi,
D0127,700,
D0127,kejahatan,
D0127,di,
D0127,wilayah,
D0127,hukum,
D0127,Polres,
D0127,Mojokerto,
D0127,Dari,
D0127,jumlah,
D0127,itu,
D0127,964,
D0127,atau,
D0127,675,
D0127,perkara,
D0127,diselesaikan,
D0127,Jenis,
D0127,kejahatan,
D0127,yang,
D0127,mendominasi,
D0127,tahun,
D0127,lalu,
D0127,penipuan,
D0127,174,
D0127,perkara,
D0127,curat,
D0127,119,
D0127,perkara,
D0127,dan,
D0127,curanmor,
D0127,100,
D0127,perkara,
D0127,Lain,
D0127,halnya,
D0127,dengan,
D0127,kasus,
D0127,narkoba,
D0127,di,
D0127,Mojokerto,
D0127,yang,
D0127,menunjukkan,
D0127,tren,
D0127,mengkhawatirkan,
D0127,Tahun,
D0127,2023,
D0127,saja,
D0127,Satreskoba,
D0127,Polres,
D0127,Mojokerto,
D0127,meringkus,
D0127,118,
D0127,tersangka,
D0127,yang,
D0127,terdiri,
D0127,dari,
D0127,113,
D0127,pria,
D0127,dan,
D0127,5,
D0127,wanita,
D0127,Berdasarkan,
D0127,kelompok,
D0127,usianya,
D0127,4,
D0127,tersangka,
D0127,usia,
D0127,1519,
D0127,tahun,
D0127,18,
D0127,tersangka,
D0127,usia,
D0127,2024,
D0127,tahun,
D0127,serta,
D0127,96,
D0127,tersangka,
D0127,usia,
D0127,2564,
D0127,tahun,
D0127,Barang,
D0127,bukti,
D0127,yang,
D0127,kami,
D0127,sita,
D0127,tahun,
D0127,ini,
D0127,106695,
D0127,gram,
D0127,atau,
D0127,1,
D0127,Kg,
D0127,lebih,
D0127,sabu,
D0127,1229,
D0127,gram,
D0127,ganja,
D0127,serta,
D0127,172828,
D0127,butil,
D0127,pil,
D0127,dobel,
D0127,L,
D0127,terang,
D0127,Yudi,
D0127,Barang,
D0127,bukti,
D0127,narkoba,
D0127,yang,
D0127,disita,
D0127,polisi,
D0127,tahun,
D0127,lalu,
D0127,jauh,
D0127,lebih,
D0127,kecil,
D0127,Padahal,
D0127,Satreskoba,
D0127,Polres,
D0127,Mojokerto,
D0127,meringkus,
D0127,156,
D0127,pengedar,
D0127,narkoba,
D0127,yang,
D0127,terdiri,
D0127,dari,
D0127,145,
D0127,pria,
D0127,dan,
D0127,11,
D0127,wanita,
D0127,Berdasarkan,
D0127,kelompok,
D0127,usianya,
D0127,2,
D0127,tersangka,
D0127,usia,
D0127,1519,
D0127,tahun,
D0127,52,
D0127,tersangka,
D0127,usia,
D0127,2024,
D0127,tahun,
D0127,101,
D0127,tersangka,
D0127,usia,
D0127,2564,
D0127,tahun,
D0127,serta,
D0127,1,
D0127,tersangka,
D0127,usia,
D0127,65,
D0127,tahun,
D0127,ke,
D0127,atas,
D0127,Namun,
D0127,barang,
D0127,bukti,
D0127,yang,
D0127,disita,
D0127,38032,
D0127,gram,
D0127,sabu,
D0127,475,
D0127,gram,
D0127,ganja,
D0127,5,
D0127,butir,
D0127,inek,
D0127,serta,
D0127,132555,
D0127,butir,
D0127,pil,
D0127,dobel,
D0127,L,
D0127,Tren,
D0127,positif,
D0127,terlihat,
D0127,dalam,
D0127,angka,
D0127,kecelakaan,
D0127,lalu,
D0127,lintas,
D0127,Sebab,
D0127,fatalitas,
D0127,korban,
D0127,kecelakaan,
D0127,turun,
D0127,dibandingkan,
D0127,tahun,
D0127,2022,
D0127,Sepanjang,
D0127,tahun,
D0127,ini,
D0127,terjadi,
D0127,1010,
D0127,kecelakaan,
D0127,yang,
D0127,menyebabkan,
D0127,161,
D0127,orang,
D0127,tewas,
D0127,8,
D0127,luka,
D0127,berat,
D0127,1154,
D0127,luka,
D0127,ringan,
D0127,serta,
D0127,kerugian,
D0127,materi,
D0127,Rp,
D0127,1810800000,
D0127,Tahun,
D0127,2022,
D0127,terjadi,
D0127,938,
D0127,kecelakaan,
D0127,dengan,
D0127,179,
D0127,korban,
D0127,meninggal,
D0127,dunia,
D0127,12,
D0127,luka,
D0127,berat,
D0127,1047,
D0127,luka,
D0127,ringan,
D0127,kerugian,
D0127,materi,
D0127,Rp,
D0127,1205000000,
D0127,ungkap,
D0127,Wahyudi,
D0127,Sedangkan,
D0127,pelanggaran,
D0127,lalu,
D0127,lintas,
D0127,tahun,
D0127,2023,
D0127,melonjak,
D0127,drastis,
D0127,dari,
D0127,tahun,
D0127,lalu,
D0127,Sepanjang,
D0127,tahun,
D0127,ini,
D0127,Satlantas,
D0127,Polres,
D0127,Mojokerto,
D0127,menemukan,
D0127,137447,
D0127,pelanggaran,
D0127,Dari,
D0127,jumlah,
D0127,itu,
D0127,4886,
D0127,pelanggaran,
D0127,ditilang,
D0127,dengan,
D0127,denda,
D0127,yang,
D0127,terkumpul,
D0127,Rp,
D0127,376900000,
D0127,Sisanya,
D0127,364,
D0127,pelanggaran,
D0127,ditindak,
D0127,oleh,
D0127,Dishub,
D0127,serta,
D0127,132197,
D0127,pelanggaran,
D0127,diberi,
D0127,teguran,
D0127,Tahun,
D0127,lalu,
D0127,kata,
D0127,Wahyudi,
D0127,pihaknya,
D0127,menemukan,
D0127,39351,
D0127,pelanggaran,
D0127,lalu,
D0127,lintas,
D0127,Dari,
D0127,jumlah,
D0127,itu,
D0127,11639,
D0127,pelanggaran,
D0127,ditilang,
D0127,sehingga,
D0127,denda,
D0127,yang,
D0127,terkumpul,
D0127,Rp,
D0127,927991000,
D0127,Sisanya,
D0127,666,
D0127,pelanggaran,
D0127,ditindak,
D0127,oleh,
D0127,Dishub,
D0127,dan,
D0127,27046,
D0127,pelanggaran,
D0127,hanya,
D0127,diberi,
D0127,teguran,
D0127,Tahun,
D0127,2023,
D0127,kami,
D0127,lebih,
D0127,banyak,
D0127,memberi,
D0127,teguran,
D0127,untuk,
D0127,mengedukasi,
D0127,para,
D0127,pelanggar,
D0127,Sehingga,
D0127,tilangnya,
D0127,menurun,
D0127,Kami,
D0127,menyentuh,
D0127,hati,
D0127,para,
D0127,pelanggar,
D0127,mudahmudahan,
D0127,tahun,
D0127,2024,
D0127,pelanggaran,
D0127,berkurang,
D0127,cetusnya,
D0127,Tindak,
D0127,pidana,
D0127,ringan,
D0127,Tipiring,
D0127,yang,
D0127,ditindak,
D0127,Satuan,
D0127,Samapta,
D0127,Polres,
D0127,Mojokerto,
D0127,juga,
D0127,menunjukkan,
D0127,peningkatan,
D0127,Tahun,
D0127,ini,
D0127,terjadi,
D0127,138,
D0127,tipiring,
D0127,yang,
D0127,terdiri,
D0127,dari,
D0127,59,
D0127,premanisme,
D0127,4,
D0127,knalpot,
D0127,brong,
D0127,75,
D0127,penjual,
D0127,miras,
D0127,tanpa,
D0127,izin,
D0127,Barang,
D0127,bukti,
D0127,yang,
D0127,disita,
D0127,berupa,
D0127,340,
D0127,botol,
D0127,arak,
D0127,286,
D0127,botol,
D0127,bir,
D0127,serta,
D0127,40,
D0127,anggur,
D0127,merah,
D0127,Sementara,
D0127,itu,
D0127,tahun,
D0127,2022,
D0127,terjadi,
D0127,122,
D0127,tipiring,
D0127,yang,
D0127,terdiri,
D0127,dari,
D0127,49,
D0127,premanisme,
D0127,10,
D0127,anak,
D0127,jalanan,
D0127,63,
D0127,penjual,
D0127,miras,
D0127,tanpa,
D0127,izin,
D0127,Barang,
D0127,bukti,
D0127,yang,
D0127,disita,
D0127,berupa,
D0127,674,
D0127,botol,
D0127,arak,
D0127,24,
D0127,botol,
D0127,bir,
D0127,10,
D0127,botol,
D0127,anggur,
D0127,merah,
D0127,dan,
D0127,putih,
D0127,1,
D0127,topi,
D0127,miring,
D0127,dan,
D0127,1,
D0127,botol,
D0127,whisky,
D0127,Knalpot,
D0127,brong,
D0127,kami,
D0127,lanjutkan,
D0127,ke,
D0127,tipiring,
D0127,untuk,
D0127,efek,
D0127,jera,
D0127,Karena,
D0127,sudah,
D0127,mengganggu,
D0127,masyarakat,
D0127,Miras,
D0127,yang,
D0127,dijual,
D0127,tanpa,
D0127,izin,
D0127,juga,
D0127,kami,
D0127,lakukan,
D0127,tipiring,
D0127,ujarnya,
D0127,Wahyudi,
D0127,menambahkan,
D0127,saat,
D0127,ini,
D0127,Polres,
D0127,Mojokerto,
D0127,melaksanakan,
D0127,Operasi,
D0127,Cooling,
D0127,System,
D0127,sampai,
D0127,berakhirnya,
D0127,Pemilu,
D0127,2024,
D0127,Ia,
D0127,mengimbau,
D0127,seluruh,
D0127,masyarakat,
D0127,tetap,
D0127,menjaga,
D0127,kerukunan,
D0127,dan,
D0127,persatuan,
D0127,meski,
D0127,berbeda,
D0127,pilihan,
D0127,Mari,
D0127,bersama,
D0127,menjaga,
D0127,kondusivitas,
D0127,kamtibmas,
D0127,ciptakan,
D0127,Pemilu,
D0127,langsung,
D0127,umum,
D0127,bebas,
D0127,rahasia,
D0127,jujur,
D0127,adil,
D0127,aman,
D0127,tenteram,
D0127,dan,
D0127,terkendali,
D0127,Kami,
D0127,juga,
D0127,berkomitmen,
D0127,sesuai,
D0127,arhahan,
D0127,Bapak,
D0127,Kapolri,
D0127,dan,
D0127,Kapolda,
D0127,bahwa,
D0127,dalam,
D0127,Pemilu,
D0127,ini,
D0127,Polri,
D0127,netral,
D0127,harga,
D0127,mati,
D0127,tandasnya,
D0128,Kasus,
D0128,kriminal,
D0128,di,
D0128,Kabupaten,
D0128,Karangasem,
D0128,Bali,
D0128,meningkat,
D0128,sepanjang,
D0128,2023,
D0128,Konflik,
D0128,warga,
D0128,Desa,
D0128,Adat,
D0128,Bugbug,
D0128,terkait,
D0128,pembangunan,
D0128,resor,
D0128,mewah,
D0128,di,
D0128,sana,
D0128,yang,
D0128,paling,
D0128,menonjol,
D0128,Polres,
D0128,Karangasem,
D0128,mencatat,
D0128,kasus,
D0128,kriminal,
D0128,yang,
D0128,ditangani,
D0128,polisi,
D0128,di,
D0128,sana,
D0128,mencapai,
D0128,158,
D0128,kasus,
D0128,pada,
D0128,tahun,
D0128,ini,
D0128,Angka,
D0128,itu,
D0128,naik,
D0128,dari,
D0128,2022,
D0128,yang,
D0128,tercatat,
D0128,sebanyak,
D0128,126,
D0128,kasus,
D0128,Kapolres,
D0128,Karangasem,
D0128,AKBP,
D0128,I,
D0128,Nengah,
D0128,Sadiarta,
D0128,mengatakan,
D0128,bahwa,
D0128,selama,
D0128,tahun,
D0128,2023,
D0128,kasus,
D0128,kriminalitas,
D0128,di,
D0128,Karangasem,
D0128,mengalami,
D0128,peningkatan,
D0128,sebesar,
D0128,20,
D0128,persen,
D0128,dan,
D0128,sebagian,
D0128,besar,
D0128,kasus,
D0128,berhasil,
D0128,ditangani,
D0128,Walaupun,
D0128,ada,
D0128,beberapa,
D0128,kasus,
D0128,yang,
D0128,belum,
D0128,terungkap,
D0128,terutama,
D0128,pencurian,
D0128,yang,
D0128,sama,
D0128,sekali,
D0128,tidak,
D0128,ada,
D0128,saksi,
D0128,SCROLL,
D0128,TO,
D0128,CONTINUE,
D0128,WITH,
D0128,CONTENT,
D0128,Kasus,
D0128,kriminalitas,
D0128,paling,
D0128,banyak,
D0128,terjadi,
D0128,di,
D0128,bulan,
D0128,Maret,
D0128,2023,
D0128,yang,
D0128,mencapai,
D0128,20,
D0128,kasus,
D0128,Sedangkan,
D0128,untuk,
D0128,bulanbulan,
D0128,yang,
D0128,lainnya,
D0128,relatif,
D0128,landai,
D0128,kata,
D0128,Sadiarta,
D0128,kepada,
D0128,wartawan,
D0128,di,
D0128,Polres,
D0128,Karangasem,
D0128,Selasa,
D0128,26122023,
D0128,Kasus,
D0128,gantung,
D0128,diri,
D0128,juga,
D0128,masih,
D0128,dibilang,
D0128,cukup,
D0128,tinggi,
D0128,yang,
D0128,mencapai,
D0128,31,
D0128,kasus,
D0128,di,
D0128,tahun,
D0128,2023,
D0128,Sedangkan,
D0128,tahun,
D0128,lalu,
D0128,mencapai,
D0128,37,
D0128,kasus,
D0128,Sedangkan,
D0128,untuk,
D0128,kasus,
D0128,narkoba,
D0128,di,
D0128,tahun,
D0128,2023,
D0128,ada,
D0128,sebanyak,
D0128,21,
D0128,kasus,
D0128,ini,
D0128,juga,
D0128,menurun,
D0128,jika,
D0128,dibandingkan,
D0128,dengan,
D0128,tahun,
D0128,lalu,
D0128,yang,
D0128,mencapai,
D0128,24,
D0128,kasus,
D0128,Khusus,
D0128,untuk,
D0128,kasus,
D0128,narkoba,
D0128,di,
D0128,tahun,
D0128,2024,
D0128,mendatang,
D0128,kami,
D0128,akan,
D0128,lebih,
D0128,fokus,
D0128,untuk,
D0128,menangkap,
D0128,para,
D0128,pengedar,
D0128,Karena,
D0128,dari,
D0128,hasil,
D0128,tangkapan,
D0128,sebelumnya,
D0128,kami,
D0128,sudah,
D0128,melakukan,
D0128,pemetaan,
D0128,dari,
D0128,mana,
D0128,mereka,
D0128,dapat,
D0128,barang,
D0128,tersebut,
D0128,Tahun,
D0128,ini,
D0128,hanya,
D0128,ada,
D0128,4,
D0128,orang,
D0128,pengedar,
D0128,yang,
D0128,berhasil,
D0128,kita,
D0128,tangkap,
D0128,kata,
D0128,Sadiarta,
D0128,Sadiarta,
D0128,juga,
D0128,mengatakan,
D0128,bahwa,
D0128,kasus,
D0128,yang,
D0128,paling,
D0128,menonjol,
D0128,di,
D0128,sepanjang,
D0128,tahun,
D0128,2023,
D0128,adalah,
D0128,konflik,
D0128,yang,
D0128,terjadi,
D0128,di,
D0128,Desa,
D0128,Adat,
D0128,Bugbug,
D0128,terkait,
D0128,permasalahan,
D0128,pembangunan,
D0128,resor,
D0128,mewah,
D0128,di,
D0128,wilayah,
D0128,tersebut,
D0128,Bahkan,
D0128,konflik,
D0128,tersebut,
D0128,sempat,
D0128,mengakibatkan,
D0128,terjadinya,
D0128,aksi,
D0128,perusakan,
D0128,dan,
D0128,pembakaran,
D0128,hingga,
D0128,menyebabkan,
D0128,16,
D0128,orang,
D0128,ditetapkan,
D0128,sebagai,
D0128,tersangka,
D0128,Untuk,
D0128,menekan,
D0128,angka,
D0128,kriminal,
D0128,tahun,
D0128,depan,
D0128,polisi,
D0128,akan,
D0128,patroli,
D0128,rutin,
D0128,di,
D0128,wilayah,
D0128,yang,
D0128,selama,
D0128,ini,
D0128,rawan,
D0128,terjadi,
D0128,kejahatan,
D0129,Sebanyak,
D0129,7,
D0129,pedagang,
D0129,minuman,
D0129,keras,
D0129,miras,
D0129,jenis,
D0129,ballo,
D0129,di,
D0129,Makassar,
D0129,Sulawesi,
D0129,Selatan,
D0129,Sulsel,
D0129,diamankan,
D0129,polisi,
D0129,menjelang,
D0129,tahun,
D0129,baru,
D0129,2024,
D0129,Pedagang,
D0129,miras,
D0129,asal,
D0129,Kabupaten,
D0129,Maros,
D0129,hingga,
D0129,Gowa,
D0129,tersebut,
D0129,terancam,
D0129,pidana,
D0129,ringan,
D0129,Penjual,
D0129,ballo,
D0129,dia,
D0129,yang,
D0129,menjual,
D0129,di,
D0129,daerah,
D0129,Kota,
D0129,Makassar,
D0129,Ancaman,
D0129,sanksi,
D0129,tindak,
D0129,pidana,
D0129,ini,
D0129,pidana,
D0129,ringan,
D0129,percobaan,
D0129,3,
D0129,bulan,
D0129,penjara,
D0129,kata,
D0129,Kapolrestabes,
D0129,Makassar,
D0129,Kombes,
D0129,Mokhamad,
D0129,Ngajib,
D0129,dalam,
D0129,keterangannya,
D0129,Senin,
D0129,25122023,
D0129,Kombes,
D0129,Ngajib,
D0129,mengatakan,
D0129,para,
D0129,pelaku,
D0129,dijerat,
D0129,Perda,
D0129,No,
D0129,4,
D0129,Tahun,
D0129,2014,
D0129,dengan,
D0129,sanksi,
D0129,pidana,
D0129,ringan,
D0129,Tujuh,
D0129,pelaku,
D0129,yang,
D0129,diamankan,
D0129,berinisial,
D0129,AS,
D0129,SK,
D0129,ST,
D0129,A,
D0129,H,
D0129,MK,
D0129,dan,
D0129,F,
D0129,SCROLL,
D0129,TO,
D0129,CONTINUE,
D0129,WITH,
D0129,CONTENT,
D0129,Karena,
D0129,selama,
D0129,ini,
D0129,minuman,
D0129,ballo,
D0129,yang,
D0129,beredar,
D0129,di,
D0129,Kota,
D0129,Makassar,
D0129,menjadi,
D0129,salah,
D0129,satu,
D0129,sumber,
D0129,kejadian,
D0129,kriminalitas,
D0129,ujar,
D0129,Ngajib,
D0129,Para,
D0129,pedagang,
D0129,miras,
D0129,tersebut,
D0129,diamankan,
D0129,dalam,
D0129,operasi,
D0129,cipta,
D0129,kondisi,
D0129,menjelang,
D0129,pergantian,
D0129,tahun,
D0129,Mereka,
D0129,berasal,
D0129,dari,
D0129,Kabupaten,
D0129,Gowa,
D0129,Takalar,
D0129,Jeneponto,
D0129,dan,
D0129,Maros,
D0129,Dengan,
D0129,hasil,
D0129,2157,
D0129,liter,
D0129,yang,
D0129,kita,
D0129,ungkap,
D0129,yang,
D0129,berasal,
D0129,dari,
D0129,daerah,
D0129,Jeneponto,
D0129,Takalar,
D0129,kemudian,
D0129,Gowa,
D0129,dan,
D0129,Maros,
D0129,bebernya,
D0129,Ngajib,
D0129,menuturkan,
D0129,bahwa,
D0129,operasi,
D0129,miras,
D0129,tersebut,
D0129,dilakukan,
D0129,demi,
D0129,keamanan,
D0129,perayaan,
D0129,malam,
D0129,tahun,
D0129,baru,
D0129,2024,
D0129,Ia,
D0129,juga,
D0129,menambahkan,
D0129,bahwa,
D0129,para,
D0129,pelaku,
D0129,akan,
D0129,menjalani,
D0129,proses,
D0129,hukum,
D0129,tindak,
D0129,pidana,
D0129,ringan,
D0129,Tidak,
D0129,ditahan,
D0129,proses,
D0129,tipiring,
D0129,saja,
D0129,bebernya,
D0129,Diberitakan,
D0129,sebelumnya,
D0129,polisi,
D0129,memusnahkan,
D0129,2157,
D0129,liter,
D0129,miras,
D0129,jenis,
D0129,ballo,
D0129,di,
D0129,Kota,
D0129,Makassar,
D0129,Miras,
D0129,tersebut,
D0129,didapatkan,
D0129,dari,
D0129,7,
D0129,pedagang,
D0129,miras,
D0129,yang,
D0129,diamankan,
D0129,selama,
D0129,3,
D0129,hari,
D0129,operasi,
D0129,cipta,
D0129,kondisi,
D0129,Dengan,
D0129,hasil,
D0129,sebanyak,
D0129,2157,
D0129,liter,
D0129,yang,
D0129,kita,
D0129,ungkap,
D0129,ujar,
D0129,Ngajib,
D0129,kepada,
D0129,wartawan,
D0129,Minggu,
D0129,2412,
D0129,Pengungkapan,
D0129,ini,
D0129,dilakukan,
D0129,oleh,
D0129,setiap,
D0129,jajaran,
D0129,Polsek,
D0129,dan,
D0129,Satuan,
D0129,Samapta,
D0129,Polrestabes,
D0129,Makassar,
D0129,sejak,
D0129,20,
D0129,Desember,
D0129,hingga,
D0129,23,
D0129,Desember,
D0129,Sementara,
D0129,pemusnahan,
D0129,tersebut,
D0129,dilakukan,
D0129,di,
D0129,Kantor,
D0129,Samapta,
D0129,Polrestabes,
D0129,Makassar,
D0129,Jalan,
D0129,Arif,
D0129,Rate,
D0129,Kota,
D0129,Makassar,
D0129,pada,
D0129,Minggu,
D0129,2412,
D0130,Ragam,
D0130,peristiwa,
D0130,kriminalitas,
D0130,terjadi,
D0130,di,
D0130,wilayah,
D0130,Priangan,
D0130,Timur,
D0130,Jawa,
D0130,Barat,
D0130,sepanjang,
D0130,tahun,
D0130,2023,
D0130,ini,
D0130,Ada,
D0130,banyak,
D0130,luka,
D0130,dan,
D0130,nestapa,
D0130,akibat,
D0130,ulah,
D0130,para,
D0130,pelaku,
D0130,kejahatan,
D0130,yang,
D0130,gelap,
D0130,mata,
D0130,menyakiti,
D0130,manusia,
D0130,lainnya,
D0130,Penegak,
D0130,hukum,
D0130,diuji,
D0130,untuk,
D0130,berusaha,
D0130,sekuat,
D0130,tenaga,
D0130,membuat,
D0130,keadilan,
D0130,tetap,
D0130,tegak,
D0130,Dari,
D0130,sekian,
D0130,banyak,
D0130,kasus,
D0130,kriminal,
D0130,ada,
D0130,kejadian,
D0130,yang,
D0130,menjadi,
D0130,sorotan,
D0130,publik,
D0130,tak,
D0130,hanya,
D0130,publik,
D0130,Priangan,
D0130,Timur,
D0130,atau,
D0130,Indonesia,
D0130,saja,
D0130,kejadian,
D0130,ini,
D0130,juga,
D0130,mendapat,
D0130,sorotan,
D0130,dari,
D0130,publik,
D0130,di,
D0130,belahan,
D0130,dunia,
D0130,lainnya,
D0130,Kejadian,
D0130,itu,
D0130,adalah,
D0130,kasus,
D0130,pembunuhan,
D0130,yang,
D0130,dilakukan,
D0130,oleh,
D0130,Arthur,
D0130,Leigh,
D0130,Welohr,
D0130,35,
D0130,warga,
D0130,negara,
D0130,asing,
D0130,terhadap,
D0130,mertuanya,
D0130,sendiri,
D0130,Agus,
D0130,Sopiyan,
D0130,58,
D0130,warga,
D0130,Dusun,
D0130,Randegan,
D0130,Desa,
D0130,Raharja,
D0130,Kecamatan,
D0130,Purwaharja,
D0130,Kota,
D0130,Banjar,
D0130,Jawa,
D0130,Barat,
D0130,Minggu,
D0130,2492023,
D0130,Bule,
D0130,asal,
D0130,California,
D0130,Amerika,
D0130,Serikat,
D0130,itu,
D0130,nekat,
D0130,menghabisi,
D0130,Agus,
D0130,karena,
D0130,dipicu,
D0130,oleh,
D0130,masalah,
D0130,keluarga,
D0130,Dengan,
D0130,brutal,
D0130,di,
D0130,hari,
D0130,nahas,
D0130,itu,
D0130,Arthur,
D0130,menyerang,
D0130,Agus,
D0130,dengan,
D0130,sebilah,
D0130,pisau,
D0130,saat,
D0130,berada,
D0130,di,
D0130,pekarangan,
D0130,belakang,
D0130,rumahnya,
D0130,SCROLL,
D0130,TO,
D0130,CONTINUE,
D0130,WITH,
D0130,CONTENT,
D0130,Ya,
D0130,saya,
D0130,mendapat,
D0130,laporan,
D0130,dari,
D0130,warga,
D0130,bule,
D0130,itu,
D0130,datang,
D0130,ke,
D0130,sini,
D0130,Kemudian,
D0130,sudah,
D0130,terjadi,
D0130,penusukan,
D0130,oleh,
D0130,bule,
D0130,itu,
D0130,kepada,
D0130,mertua,
D0130,lakilaki,
D0130,Korban,
D0130,ada,
D0130,di,
D0130,rumah,
D0130,di,
D0130,belakang,
D0130,ujar,
D0130,Kepala,
D0130,Desa,
D0130,Raharja,
D0130,Yayat,
D0130,Ruhiyat,
D0130,ketika,
D0130,itu,
D0130,Beruntung,
D0130,polisi,
D0130,dan,
D0130,warga,
D0130,sigap,
D0130,sehingga,
D0130,Arthur,
D0130,berhasil,
D0130,ditangkap,
D0130,dan,
D0130,diamankan,
D0130,oleh,
D0130,aparat,
D0130,Satreskrim,
D0130,Polres,
D0130,Banjar,
D0130,Menurut,
D0130,Kasat,
D0130,Reskrim,
D0130,Polres,
D0130,Banjar,
D0130,ketika,
D0130,itu,
D0130,AKP,
D0130,Ali,
D0130,Jupri,
D0130,sebelum,
D0130,peristiwa,
D0130,penusukan,
D0130,pelaku,
D0130,berinisial,
D0130,ALW,
D0130,35,
D0130,sempat,
D0130,cekcok,
D0130,dengan,
D0130,istrinya,
D0130,Kami,
D0130,melakukan,
D0130,interogasi,
D0130,jadi,
D0130,berawal,
D0130,adanya,
D0130,cekcok,
D0130,antara,
D0130,tersangka,
D0130,dengan,
D0130,istrinya,
D0130,permasalahan,
D0130,keluarga,
D0130,Tersangka,
D0130,datang,
D0130,ke,
D0130,rumah,
D0130,korban,
D0130,mencari,
D0130,istrinya,
D0130,Istirnya,
D0130,tidak,
D0130,ada,
D0130,yang,
D0130,ada,
D0130,hanya,
D0130,mertuanya,
D0130,di,
D0130,kebun,
D0130,Langsung,
D0130,melakukan,
D0130,penusukan,
D0130,di,
D0130,leher,
D0130,terhadap,
D0130,korban,
D0130,ujar,
D0130,Ali,
D0130,Senin,
D0130,2592023,
D0130,Sebelum,
D0130,membunuh,
D0130,mertuanya,
D0130,sepekan,
D0130,sebelumnya,
D0130,Arthur,
D0130,sempat,
D0130,mengamuk,
D0130,di,
D0130,rumah,
D0130,mertuanya,
D0130,itu,
D0130,Perabotan,
D0130,rumah,
D0130,tangga,
D0130,hingga,
D0130,televisi,
D0130,hancur,
D0130,dirusak,
D0130,oleh,
D0130,bule,
D0130,tersebut,
D0130,Bule,
D0130,itu,
D0130,tibatiba,
D0130,datang,
D0130,ke,
D0130,rumah,
D0130,mertuanya,
D0130,dan,
D0130,menghancurkan,
D0130,sejumlah,
D0130,perabotan,
D0130,Akibat,
D0130,perbuatan,
D0130,brutal,
D0130,itu,
D0130,Arthur,
D0130,langsung,
D0130,dijebloskan,
D0130,ke,
D0130,sel,
D0130,tahanan,
D0130,Mapolres,
D0130,Banjar,
D0130,Kini,
D0130,berkas,
D0130,perkaranya,
D0130,sudah,
D0130,lengkap,
D0130,untuk,
D0130,segera,
D0130,disidangkan,
D0130,Mengutip,
D0130,laman,
D0130,resmi,
D0130,Pengadilan,
D0130,Negeri,
D0130,Kota,
D0130,Banjar,
D0130,sidang,
D0130,perdana,
D0130,kasus,
D0130,pembunuhan,
D0130,yang,
D0130,dilakukan,
D0130,Arthur,
D0130,akan,
D0130,dihelat,
D0130,pada,
D0130,27,
D0130,Desember,
D0130,2023,
D0130,Setelah,
D0130,nanti,
D0130,divonis,
D0130,dan,
D0130,menjalani,
D0130,hukuman,
D0130,Arthur,
D0130,akan,
D0130,mendapatkan,
D0130,tindakan,
D0130,keimigrasian,
D0130,Kantor,
D0130,Imigrasi,
D0130,Tasikmalaya,
D0130,mengatakan,
D0130,tindakan,
D0130,keimigrasian,
D0130,terhadap,
D0130,Arthur,
D0130,Leigh,
D0130,Welohr,
D0130,35,
D0130,akan,
D0130,dilakukan,
D0130,setelah,
D0130,proses,
D0130,hukum,
D0130,selesai,
D0130,atau,
D0130,setelah,
D0130,nanti,
D0130,dia,
D0130,selesai,
D0130,menjalani,
D0130,hukuman,
D0130,Kita,
D0130,dari,
D0130,imigrasi,
D0130,menunggu,
D0130,setelah,
D0130,dia,
D0130,diproses,
D0130,hukum,
D0130,menjalani,
D0130,hukuman,
D0130,barulah,
D0130,akan,
D0130,dideportasi,
D0130,dan,
D0130,masuk,
D0130,dalam,
D0130,daftar,
D0130,cekal,
D0130,cegah,
D0130,tangkal,
D0130,sehingga,
D0130,dia,
D0130,tidak,
D0130,bisa,
D0130,masuk,
D0130,lagi,
D0130,kata,
D0130,Plh,
D0130,Kepala,
D0130,Kantor,
D0130,Imigrasi,
D0130,Tasikmalaya,
D0130,Adi,
D0130,Rusiadi,
D0130,Jumat,
D0130,2992023,
D0130,Berdasarkan,
D0130,data,
D0130,imigrasi,
D0130,Arthur,
D0130,Leigh,
D0130,Welohr,
D0130,memiliki,
D0130,paspor,
D0130,yang,
D0130,masih,
D0130,berlaku,
D0130,Dia,
D0130,juga,
D0130,mengantongi,
D0130,kartu,
D0130,izin,
D0130,tinggal,
D0130,terbatas,
D0130,Kitas,
D0130,yang,
D0130,masih,
D0130,berlaku,
D0130,Paspornya,
D0130,berlaku,
D0130,sampai,
D0130,Agustus,
D0130,2025,
D0130,sementara,
D0130,Kitas,
D0130,dalam,
D0130,rangka,
D0130,ikatan,
D0130,keluarga,
D0130,sampai,
D0130,13,
D0130,Juli,
D0130,2024,
D0130,kata,
D0130,Adi,
D0130,Sementara,
D0130,itu,
D0130,terkait,
D0130,catatan,
D0130,kriminal,
D0130,Arthur,
D0130,Leigh,
D0130,Welohr,
D0130,yang,
D0130,diduga,
D0130,pernah,
D0130,membacok,
D0130,dua,
D0130,orang,
D0130,warga,
D0130,Amerika,
D0130,pada,
D0130,tahun,
D0130,2015,
D0130,lalu,
D0130,Adi,
D0130,mengatakan,
D0130,hal,
D0130,itu,
D0130,tidak,
D0130,terdeteksi,
D0130,Saat,
D0130,masuk,
D0130,ke,
D0130,Indonesia,
D0130,Arthur,
D0130,Leigh,
D0130,Welohr,
D0130,lolos,
D0130,karena,
D0130,dia,
D0130,tidak,
D0130,masuk,
D0130,dalam,
D0130,daftar,
D0130,cekal,
D0130,Sehingga,
D0130,walau,
D0130,pun,
D0130,pernah,
D0130,melakukan,
D0130,kekerasan,
D0130,di,
D0130,negaranya,
D0130,dia,
D0130,tetap,
D0130,diperkenankan,
D0130,masuk,
D0130,ke,
D0130,Indonesia,
D0130,Kita,
D0130,tidak,
D0130,tahu,
D0130,catatan,
D0130,kriminal,
D0130,itu,
D0130,tidak,
D0130,terdeteksi,
D0130,karena,
D0130,tidak,
D0130,masuk,
D0130,daftar,
D0130,cekal,
D0130,dari,
D0130,hubinter,
D0130,Divisi,
D0130,Hubungan,
D0130,Internasional,
D0130,Polri,
D0130,kata,
D0130,Adi,
D0130,Dia,
D0130,menjelaskan,
D0130,bahwa,
D0130,daftar,
D0130,cekal,
D0130,menjadi,
D0130,rujukan,
D0130,bagi,
D0130,pihak,
D0130,imigrasi,
D0130,untuk,
D0130,menangkal,
D0130,masuknya,
D0130,warga,
D0130,asing,
D0130,Umumnya,
D0130,daftar,
D0130,cekal,
D0130,terfokus,
D0130,pada,
D0130,orang,
D0130,yang,
D0130,dicari,
D0130,atau,
D0130,buronan,
D0130,serta,
D0130,catatan,
D0130,kriminal,
D0130,tertentu,
D0130,seperti,
D0130,terorisme,
D0130,pedofil,
D0130,dan,
D0130,lainlain,
D0130,Rujukan,
D0130,kita,
D0130,memang,
D0130,daftar,
D0130,cekal,
D0130,kata,
D0130,Adi,
D0130,Sementara,
D0130,itu,
D0130,terkait,
D0130,sorotan,
D0130,publik,
D0130,yang,
D0130,menuding,
D0130,imigrasi,
D0130,terlambat,
D0130,melakukan,
D0130,tindakan,
D0130,deportasi,
D0130,saat,
D0130,Arthur,
D0130,Leigh,
D0130,Welohr,
D0130,melakukan,
D0130,perusakan,
D0130,Adi,
D0130,juga,
D0130,memberikan,
D0130,penjelasannya,
D0130,Sebagaimana,
D0130,diketahui,
D0130,sebelum,
D0130,melakukan,
D0130,pembunuhan,
D0130,sepekan,
D0130,sebelumnya,
D0130,Arthur,
D0130,sempat,
D0130,melakukan,
D0130,perusakan,
D0130,di,
D0130,rumah,
D0130,mertuanya,
D0130,Saat,
D0130,itu,
D0130,keluarga,
D0130,korban,
D0130,sudah,
D0130,melapor,
D0130,ke,
D0130,polisi,
D0130,dan,
D0130,berharap,
D0130,dilakukan,
D0130,tindakan,
D0130,baik,
D0130,itu,
D0130,penahanan,
D0130,atau,
D0130,deportasi,
D0130,Meski,
D0130,pada,
D0130,akhirnya,
D0130,pembunuhan,
D0130,sudah,
D0130,kadung,
D0130,terjadi,
D0130,Adi,
D0130,menjelaskan,
D0130,saat,
D0130,kejadian,
D0130,perusakan,
D0130,tim,
D0130,imigrasi,
D0130,sudah,
D0130,terjun,
D0130,ke,
D0130,lokasi,
D0130,melakukan,
D0130,tindakan,
D0130,Tim,
D0130,sudah,
D0130,bergerak,
D0130,dalam,
D0130,prosesnya,
D0130,kita,
D0130,sudah,
D0130,ke,
D0130,sana,
D0130,Hanya,
D0130,karena,
D0130,sudah,
D0130,ditangani,
D0130,oleh,
D0130,polisi,
D0130,kita,
D0130,step,
D0130,back,
D0130,dulu,
D0130,kita,
D0130,menunggu,
D0130,perkembangan,
D0130,penyelidikan,
D0130,kata,
D0130,Adi,
D0130,Dia,
D0130,menambahkan,
D0130,saat,
D0130,itu,
D0130,tak,
D0130,ada,
D0130,yang,
D0130,mengira,
D0130,jika,
D0130,Arthur,
D0130,akan,
D0130,senekat,
D0130,itu,
D0130,membunuh,
D0130,mertuanya,
D0130,Lebih,
D0130,lanjut,
D0130,dia,
D0130,memaparkan,
D0130,dalam,
D0130,kasus,
D0130,seorang,
D0130,WNA,
D0130,bertindak,
D0130,meresahkan,
D0130,atau,
D0130,melakukan,
D0130,tindak,
D0130,pidana,
D0130,pihak,
D0130,penjamin,
D0130,idealnya,
D0130,segera,
D0130,melapor,
D0130,ke,
D0130,kantor,
D0130,imigrasi,
D0130,Penjamin,
D0130,WNA,
D0130,seharusnya,
D0130,segera,
D0130,melapor,
D0130,ke,
D0130,imigrasi,
D0130,agar,
D0130,penanganan,
D0130,cepat,
D0130,dilakukan,
D0130,kata,
D0130,Adi,
D0130,Dalam,
D0130,kasus,
D0130,Arthur,
D0130,pihak,
D0130,penjamin,
D0130,keberadaannya,
D0130,di,
D0130,Indonesia,
D0130,adalah,
D0130,istrinya,
D0131,Polisi,
D0131,mencatat,
D0131,kasus,
D0131,pencurian,
D0131,paling,
D0131,banyak,
D0131,terjadi,
D0131,di,
D0131,Kota,
D0131,Jayapura,
D0131,Papua,
D0131,sepanjang,
D0131,tahun,
D0131,2023,
D0131,Selain,
D0131,itu,
D0131,kasus,
D0131,penganiayaan,
D0131,juga,
D0131,tercatat,
D0131,cukup,
D0131,tinggi,
D0131,Kapolresta,
D0131,Jayapura,
D0131,Kota,
D0131,Kombes,
D0131,Victor,
D0131,D,
D0131,Mackbon,
D0131,mengungkap,
D0131,sebanyak,
D0131,1090,
D0131,kasus,
D0131,pencurian,
D0131,bermotor,
D0131,curanmor,
D0131,pencurian,
D0131,biasa,
D0131,1019,
D0131,kasus,
D0131,pencurian,
D0131,dengan,
D0131,kekerasan,
D0131,curas,
D0131,109,
D0131,kasus,
D0131,dan,
D0131,pencurian,
D0131,berat,
D0131,85,
D0131,kasus,
D0131,selama,
D0131,2023,
D0131,Sedangkan,
D0131,penganiayaan,
D0131,ada,
D0131,424,
D0131,kasus,
D0131,Ratarata,
D0131,dipicu,
D0131,karena,
D0131,pelaku,
D0131,dalam,
D0131,keadaan,
D0131,dipengaruhi,
D0131,minuman,
D0131,keras,
D0131,dan,
D0131,kurang,
D0131,taat,
D0131,kepada,
D0131,normanorma,
D0131,hukum,
D0131,yang,
D0131,berlaku,
D0131,dalam,
D0131,Undangundang,
D0131,ujar,
D0131,Kombes,
D0131,Victor,
D0131,kepada,
D0131,wartawan,
D0131,di,
D0131,Kota,
D0131,Jayapura,
D0131,Papua,
D0131,Jumat,
D0131,22122023,
D0131,SCROLL,
D0131,TO,
D0131,CONTINUE,
D0131,WITH,
D0131,CONTENT,
D0131,Victor,
D0131,menegaskan,
D0131,minuman,
D0131,keras,
D0131,menjadi,
D0131,penyumbang,
D0131,angka,
D0131,tertinggi,
D0131,dalam,
D0131,kasus,
D0131,kriminalitas,
D0131,yang,
D0131,terjadi,
D0131,di,
D0131,Kota,
D0131,Jayapura,
D0131,Dia,
D0131,menyebut,
D0131,minuman,
D0131,keras,
D0131,sangat,
D0131,berdampak,
D0131,buruk,
D0131,bagi,
D0131,masyarakat,
D0131,Padahal,
D0131,dampak,
D0131,dari,
D0131,perbuatan,
D0131,melanggar,
D0131,hukum,
D0131,atau,
D0131,kriminal,
D0131,yang,
D0131,dilakukan,
D0131,juga,
D0131,merugikan,
D0131,pihak,
D0131,lain,
D0131,baik,
D0131,secara,
D0131,material,
D0131,maupun,
D0131,materiil,
D0131,hingga,
D0131,bisa,
D0131,terjadi,
D0131,gangguan,
D0131,kamtibmas,
D0131,di,
D0131,lingkungan,
D0131,masyarakat,
D0131,bebernya,
D0131,Victor,
D0131,menambahkan,
D0131,selain,
D0131,pengaruh,
D0131,minuman,
D0131,keras,
D0131,kasuskasus,
D0131,tersebut,
D0131,terjadi,
D0131,lantaran,
D0131,para,
D0131,pelaku,
D0131,terjerat,
D0131,narkoba,
D0131,Sebab,
D0131,kasus,
D0131,narkoba,
D0131,di,
D0131,Kota,
D0131,Jayapura,
D0131,juga,
D0131,masih,
D0131,tinggi,
D0131,Sebagian,
D0131,pelaku,
D0131,tindak,
D0131,pidana,
D0131,juga,
D0131,bertujuan,
D0131,untuk,
D0131,hasil,
D0131,kejahatannya,
D0131,digunakan,
D0131,untuk,
D0131,membeli,
D0131,narkoba,
D0131,dan,
D0131,dilakukan,
D0131,oleh,
D0131,mereka,
D0131,para,
D0131,pecandu,
D0131,narkotika,
D0131,jenis,
D0131,ganja,
D0131,bebernya,
D0131,Sepanjang,
D0131,tahun,
D0131,2023,
D0131,ini,
D0131,Polresta,
D0131,Jayapura,
D0131,Kota,
D0131,mengungkap,
D0131,48,
D0131,kasus,
D0131,narkoba,
D0131,Menurut,
D0131,Victor,
D0131,jumlah,
D0131,tersebut,
D0131,mengalami,
D0131,penurunan,
D0131,dibanding,
D0131,tahun,
D0131,2022,
D0131,dengan,
D0131,75,
D0131,kasus,
D0131,Kasus,
D0131,narkoba,
D0131,yang,
D0131,diungkap,
D0131,tahun,
D0131,ini,
D0131,sebanyak,
D0131,48,
D0131,Ada,
D0131,penurunan,
D0131,27,
D0131,perkara,
D0131,dibanding,
D0131,tahun,
D0131,2022,
D0131,sebelumnya,
D0131,imbuhnya,
D0131,Victor,
D0131,mengungkapkan,
D0131,dari,
D0131,48,
D0131,kasus,
D0131,narkoba,
D0131,yang,
D0131,terungkap,
D0131,64,
D0131,orang,
D0131,ditetapkan,
D0131,sebagai,
D0131,tersangka,
D0131,59,
D0131,warga,
D0131,negara,
D0131,Indonesia,
D0131,WNI,
D0131,dan,
D0131,5,
D0131,warga,
D0131,asing,
D0131,WNA,
D0131,asal,
D0131,Papua,
D0131,Nugini,
D0131,Dari,
D0131,64,
D0131,tersangka,
D0131,59,
D0131,orang,
D0131,WNI,
D0131,dan,
D0131,5,
D0131,orang,
D0131,merupakan,
D0131,warga,
D0131,PNG,
D0131,Jumlah,
D0131,tersangka,
D0131,dibandingkan,
D0131,terdapat,
D0131,selisih,
D0131,15,
D0131,orang,
D0131,lebih,
D0131,sedikit,
D0131,dengan,
D0131,jumlah,
D0131,tersangka,
D0131,tahun,
D0131,2022,
D0131,pungkasnya,
D0132,Pelaku,
D0132,pembegalan,
D0132,anggota,
D0132,Panwaslu,
D0132,KelurahanDesa,
D0132,PKD,
D0132,di,
D0132,Trenggalek,
D0132,ditangkap,
D0132,beserta,
D0132,barang,
D0132,bukti,
D0132,sepeda,
D0132,motor,
D0132,korban,
D0132,Polisi,
D0132,memastikan,
D0132,aksi,
D0132,begal,
D0132,itu,
D0132,murni,
D0132,kriminal,
D0132,dan,
D0132,tidak,
D0132,terkait,
D0132,politik,
D0132,pemilihan,
D0132,umum,
D0132,Kapolres,
D0132,Trenggalek,
D0132,AKBP,
D0132,Gathut,
D0132,Bowo,
D0132,Supriyono,
D0132,mengatakan,
D0132,pelaku,
D0132,adalah,
D0132,Imam,
D0132,Baihaki,
D0132,22,
D0132,warga,
D0132,Desa,
D0132,Wangi,
D0132,Kecamatan,
D0132,Jatirogo,
D0132,Kabupaten,
D0132,Tuban,
D0132,Pelaku,
D0132,dan,
D0132,barang,
D0132,bukti,
D0132,ditangkap,
D0132,polisi,
D0132,saat,
D0132,berada,
D0132,di,
D0132,wilayah,
D0132,Kecamatan,
D0132,Balong,
D0132,Ponorogo,
D0132,Jadi,
D0132,kejadian,
D0132,perampasan,
D0132,itu,
D0132,langsung,
D0132,kami,
D0132,respons,
D0132,begitu,
D0132,dilaporkan,
D0132,sekitar,
D0132,pukul,
D0132,0800,
D0132,WIB,
D0132,kemudian,
D0132,pukul,
D0132,1400,
D0132,WIB,
D0132,pelaku,
D0132,sudah,
D0132,berhasil,
D0132,kami,
D0132,tangkap,
D0132,di,
D0132,Ponorogo,
D0132,kata,
D0132,Gathut,
D0132,Kamis,
D0132,21122023,
D0132,SCROLL,
D0132,TO,
D0132,CONTINUE,
D0132,WITH,
D0132,CONTENT,
D0132,Dari,
D0132,hasil,
D0132,pemeriksaan,
D0132,sebelum,
D0132,melakukan,
D0132,aksi,
D0132,pembegalan,
D0132,pelaku,
D0132,mengendarai,
D0132,sepeda,
D0132,motor,
D0132,Honda,
D0132,Supra,
D0132,X,
D0132,Namun,
D0132,saat,
D0132,berada,
D0132,di,
D0132,dekat,
D0132,lokasi,
D0132,kejadian,
D0132,di,
D0132,ruas,
D0132,jalan,
D0132,nasional,
D0132,SuruhDongko,
D0132,sepeda,
D0132,motornya,
D0132,justru,
D0132,ditinggal,
D0132,Selanjutnya,
D0132,pelaku,
D0132,mengadang,
D0132,korban,
D0132,Panwaslu,
D0132,Desa,
D0132,Wonokerto,
D0132,Reni,
D0132,Faresti,
D0132,yang,
D0132,saat,
D0132,itu,
D0132,hendak,
D0132,berangkat,
D0132,mengikuti,
D0132,penertiban,
D0132,Alat,
D0132,Peraga,
D0132,Kampanye,
D0132,APK,
D0132,Pelaku,
D0132,memepet,
D0132,korban,
D0132,dan,
D0132,menyikutnya,
D0132,hingga,
D0132,terjatuh,
D0132,Setelah,
D0132,itu,
D0132,sepeda,
D0132,motor,
D0132,korban,
D0132,Honda,
D0132,Beat,
D0132,Beat,
D0132,AG,
D0132,2982,
D0132,ZZ,
D0132,dibawa,
D0132,kabur,
D0132,ke,
D0132,Ponorogo,
D0132,imbuhnya,
D0132,Gathut,
D0132,memastikan,
D0132,aksi,
D0132,pembegalan,
D0132,tersebut,
D0132,murni,
D0132,tindakan,
D0132,kriminal,
D0132,dan,
D0132,tidak,
D0132,terkait,
D0132,politik,
D0132,maupun,
D0132,pemilihan,
D0132,umum,
D0132,lainnya,
D0132,Murni,
D0132,kriminal,
D0132,karena,
D0132,pelaku,
D0132,ingin,
D0132,menguasai,
D0132,motor,
D0132,korban,
D0132,imbuhnya,
D0132,Di,
D0132,sisi,
D0132,lain,
D0132,untuk,
D0132,memastikan,
D0132,kondisi,
D0132,kejiwaan,
D0132,pelaku,
D0132,polisi,
D0132,akan,
D0132,melakukan,
D0132,pemeriksaan,
D0132,psikologi,
D0132,Kami,
D0132,lakukan,
D0132,pemeriksaan,
D0132,kejiwaan,
D0132,namun,
D0132,sampai,
D0132,saat,
D0132,ini,
D0132,pelaku,
D0132,bisa,
D0132,diajak,
D0132,komunikasi,
D0132,jelasnya,
D0132,Akibat,
D0132,perbuatannya,
D0132,kini,
D0132,tersangka,
D0132,ditahan,
D0132,di,
D0132,Rutan,
D0132,Kelas,
D0132,IIB,
D0132,Trenggalek,
D0132,dan,
D0132,dijerat,
D0132,pasal,
D0132,365,
D0132,KUHP,
D0132,dengan,
D0132,ancaman,
D0132,hukuman,
D0132,di,
D0132,atas,
D0132,lima,
D0132,tahun,
D0132,penjara,
D0132,Sementara,
D0132,itu,
D0132,Ketua,
D0132,Bawaslu,
D0132,Trenggalek,
D0132,Rusman,
D0132,Nuryadin,
D0132,mengaku,
D0132,lega,
D0132,atas,
D0132,pengungkapan,
D0132,kasus,
D0132,pembegalan,
D0132,tersebut,
D0132,Pihaknya,
D0132,berharap,
D0132,aksi,
D0132,serupa,
D0132,tidak,
D0132,terjadi,
D0132,lagi,
D0132,Alhamdulillah,
D0132,berkat,
D0132,kerja,
D0132,keras,
D0132,kepolisian,
D0132,pelaku,
D0132,bisa,
D0132,ditangkap,
D0132,Kemudian,
D0132,yang,
D0132,paling,
D0132,penting,
D0132,aksi,
D0132,ini,
D0132,murni,
D0132,kriminal,
D0132,dan,
D0132,tidak,
D0132,terkait,
D0132,politik,
D0132,jelas,
D0132,Rusman,
D0133,Polisi,
D0133,menggelar,
D0133,apel,
D0133,pasukan,
D0133,untuk,
D0133,pengamanan,
D0133,libur,
D0133,Hari,
D0133,Raya,
D0133,Natal,
D0133,2023,
D0133,dan,
D0133,Tahun,
D0133,Baru,
D0133,2024,
D0133,atau,
D0133,Nataru,
D0133,Ada,
D0133,3,
D0133,hal,
D0133,yang,
D0133,bakal,
D0133,jadi,
D0133,fokus,
D0133,pengamanan,
D0133,polisi,
D0133,mulai,
D0133,dari,
D0133,pengamanan,
D0133,potensi,
D0133,aksi,
D0133,kriminalitas,
D0133,kemacetan,
D0133,hingga,
D0133,bencana,
D0133,alam,
D0133,Kabid,
D0133,Humas,
D0133,Polda,
D0133,Jabar,
D0133,Kombes,
D0133,Ibrahim,
D0133,Tompo,
D0133,mengatakan,
D0133,25973,
D0133,personel,
D0133,dikerahkan,
D0133,untuk,
D0133,pengamanan,
D0133,Nataru,
D0133,di,
D0133,Jawa,
D0133,Barat,
D0133,Puluhan,
D0133,ribu,
D0133,pasukan,
D0133,itu,
D0133,akan,
D0133,mulai,
D0133,ditugaskan,
D0133,pada,
D0133,22,
D0133,Desember,
D0133,2023,
D0133,hingga,
D0133,2,
D0133,Januari,
D0133,2024,
D0133,Sasaran,
D0133,operasi,
D0133,yaitu,
D0133,mencegah,
D0133,kriminalitas,
D0133,kemudian,
D0133,pengaturan,
D0133,kamseltibcarlantas,
D0133,dan,
D0133,juga,
D0133,mengatasi,
D0133,bencana,
D0133,alam,
D0133,kata,
D0133,Ibrahim,
D0133,usai,
D0133,apel,
D0133,gelar,
D0133,pasukan,
D0133,operasi,
D0133,lilin,
D0133,lodaya,
D0133,di,
D0133,Lapangan,
D0133,Gasibu,
D0133,Kamis,
D0133,21122023,
D0133,SCROLL,
D0133,TO,
D0133,CONTINUE,
D0133,WITH,
D0133,CONTENT,
D0133,Ibrahim,
D0133,mengungkap,
D0133,pengamanan,
D0133,arus,
D0133,lalu,
D0133,lintas,
D0133,selama,
D0133,libur,
D0133,Nataru,
D0133,bakal,
D0133,difokuskan,
D0133,di,
D0133,sejumlah,
D0133,area,
D0133,wisata,
D0133,di,
D0133,Jabar,
D0133,Mulai,
D0133,dari,
D0133,Puncak,
D0133,Ciwidey,
D0133,Lembang,
D0133,hingga,
D0133,sejumlah,
D0133,kawasan,
D0133,wisata,
D0133,lain,
D0133,di,
D0133,Bandung,
D0133,yang,
D0133,diprediksi,
D0133,bakal,
D0133,diburu,
D0133,wisatawan,
D0133,saat,
D0133,akhir,
D0133,tahun,
D0133,mendatang,
D0133,Rencana,
D0133,rekayasa,
D0133,lalu,
D0133,lintas,
D0133,digunakan,
D0133,menyesuaikan,
D0133,situasi,
D0133,Beberapa,
D0133,konsep,
D0133,disiapkan,
D0133,seperti,
D0133,pengalihan,
D0133,arus,
D0133,lalu,
D0133,lintas,
D0133,dan,
D0133,juga,
D0133,pengalihan,
D0133,arus,
D0133,menjadi,
D0133,satu,
D0133,arah,
D0133,ungkapnya,
D0133,Kemudian,
D0133,pospos,
D0133,pemantau,
D0133,juga,
D0133,bakal,
D0133,didirikan,
D0133,di,
D0133,sepanjang,
D0133,titik,
D0133,wisata,
D0133,Ibrahim,
D0133,merinci,
D0133,sebanyak,
D0133,323,
D0133,pos,
D0133,pengamanan,
D0133,disiapkan,
D0133,yang,
D0133,terdiri,
D0133,dari,
D0133,216,
D0133,pos,
D0133,pengamanan,
D0133,23,
D0133,pos,
D0133,terpadu,
D0133,dan,
D0133,87,
D0133,pos,
D0133,pelayanan,
D0133,Di,
D0133,tempat,
D0133,yang,
D0133,sama,
D0133,Kapolda,
D0133,Jabar,
D0133,Irjen,
D0133,Akhmad,
D0133,Wiyagus,
D0133,mengatakan,
D0133,pihaknya,
D0133,dan,
D0133,instansi,
D0133,terkait,
D0133,siap,
D0133,untuk,
D0133,mengamankan,
D0133,perayaan,
D0133,Nataru,
D0133,di,
D0133,Jawa,
D0133,Barat,
D0133,Terutama,
D0133,fokus,
D0133,pengamanan,
D0133,dikerahkan,
D0133,untuk,
D0133,antisipasi,
D0133,bencana,
D0133,alam,
D0133,hingga,
D0133,situasi,
D0133,yang,
D0133,berpotensi,
D0133,mengganggu,
D0133,keamanan,
D0133,dan,
D0133,ketertiban,
D0133,masyarakat,
D0133,Pemerintah,
D0133,daerah,
D0133,maupun,
D0133,stakeholder,
D0133,lainnya,
D0133,dan,
D0133,seluruh,
D0133,elemen,
D0133,masyarakat,
D0133,yang,
D0133,terus,
D0133,berkontribusi,
D0133,untuk,
D0133,menciptakan,
D0133,situasi,
D0133,Kamtibmas,
D0133,yang,
D0133,kondusif,
D0133,katanya,
D0133,Wiyagus,
D0133,mengimbau,
D0133,masyarakat,
D0133,agar,
D0133,tak,
D0133,membuat,
D0133,kegiatan,
D0133,yang,
D0133,berpotensi,
D0133,mengganggu,
D0133,keamanan,
D0133,dan,
D0133,ketertiban,
D0133,seperti,
D0133,konvoi,
D0133,Diharapkan,
D0133,sambung,
D0133,dia,
D0133,masyarakat,
D0133,dapat,
D0133,menaati,
D0133,imbauan,
D0133,tersebut,
D0133,Nanti,
D0133,tentunya,
D0133,ada,
D0133,aturan,
D0133,yang,
D0133,harus,
D0133,disampaikan,
D0133,ke,
D0133,masyarakat,
D0133,apapun,
D0133,kegiatannya,
D0133,tidak,
D0133,boleh,
D0133,mengganggu,
D0133,ketertiban,
D0133,umum,
D0133,pungkasnya,
D0133,Polisi,
D0133,akan,
D0133,menindak,
D0133,kendaraan,
D0133,bak,
D0133,terbuka,
D0133,yang,
D0133,mengangkut,
D0133,wisatawan,
D0133,Tindakan,
D0133,tegas,
D0133,itu,
D0133,dilakukan,
D0133,demi,
D0133,menghindari,
D0133,halhal,
D0133,yang,
D0133,tidak,
D0133,diinginkan,
D0133,Wakapolres,
D0133,Sukabumi,
D0133,Kota,
D0133,Kompol,
D0133,Tahir,
D0133,Muhiddin,
D0133,mengimbau,
D0133,kepada,
D0133,masyarakat,
D0133,yang,
D0133,akan,
D0133,berlibur,
D0133,agar,
D0133,tidak,
D0133,menggunakan,
D0133,kendaraan,
D0133,bak,
D0133,terbuka,
D0133,Pasalnya,
D0133,kendaraan,
D0133,tersebut,
D0133,tidak,
D0133,diperuntukkan,
D0133,sebagai,
D0133,angkutan,
D0133,orang,
D0133,Tentunya,
D0133,mobilitas,
D0133,penduduk,
D0133,pasti,
D0133,akan,
D0133,ada,
D0133,peningkatan,
D0133,baik,
D0133,yang,
D0133,dari,
D0133,arah,
D0133,Jakarta,
D0133,ataupun,
D0133,wilayah,
D0133,sekitarnya,
D0133,karena,
D0133,kita,
D0133,tahu,
D0133,Sukabumi,
D0133,merupakan,
D0133,salah,
D0133,satu,
D0133,destinasi,
D0133,untuk,
D0133,berlibur,
D0133,tapi,
D0133,semua,
D0133,kita,
D0133,antisipasi,
D0133,baik,
D0133,di,
D0133,jalur,
D0133,maupun,
D0133,personel,
D0133,yang,
D0133,kita,
D0133,siapkan,
D0133,kata,
D0133,Tahir,
D0133,usai,
D0133,Apel,
D0133,Gelar,
D0133,Pasukan,
D0133,Operasi,
D0133,Lilin,
D0133,Lodaya,
D0133,di,
D0133,Kota,
D0133,Sukabumi,
D0133,Kamis,
D0133,21122023,
D0133,Selain,
D0133,mengantisipasi,
D0133,hal,
D0133,yang,
D0133,tak,
D0133,diinginkan,
D0133,Tahir,
D0133,menyebut,
D0133,penggunaan,
D0133,mobil,
D0133,bak,
D0133,tentunya,
D0133,sangat,
D0133,berbahaya,
D0133,Pasalnya,
D0133,kata,
D0133,dia,
D0133,sudah,
D0133,menyalahi,
D0133,aturan,
D0133,bahwa,
D0133,mobil,
D0133,pengangkut,
D0133,barang,
D0133,tidak,
D0133,diperbolehkan,
D0133,untuk,
D0133,mengangkut,
D0133,manusia,
D0133,Hal,
D0133,tersebut,
D0133,mengacu,
D0133,pada,
D0133,UU,
D0133,No,
D0133,22,
D0133,tahun,
D0133,2009,
D0133,tentang,
D0133,Lalu,
D0133,Lintas,
D0133,dan,
D0133,Angkutan,
D0133,Jalan,
D0133,LLAJ,
D0133,tertulis,
D0133,bahwa,
D0133,mobil,
D0133,bak,
D0133,tergolong,
D0133,sebagai,
D0133,mobil,
D0133,barang,
D0133,Istilah,
D0133,ini,
D0133,dapat,
D0133,ditemukan,
D0133,dalam,
D0133,Pasal,
D0133,47,
D0133,ayat,
D0133,2,
D0133,UU,
D0133,LLAJ,
D0133,yang,
D0133,menyebutkan,
D0133,bahwa,
D0133,kendaraan,
D0133,bermotor,
D0133,di,
D0133,kelompokkan,
D0133,berdasarkan,
D0133,jenis,
D0133,sepeda,
D0133,motor,
D0133,mobil,
D0133,penumpang,
D0133,mobil,
D0133,bus,
D0133,mobil,
D0133,barang,
D0133,dan,
D0133,kendaraan,
D0133,khusus,
D0133,Nanti,
D0133,kita,
D0133,lihat,
D0133,perkembangannya,
D0133,mobil,
D0133,bak,
D0133,angkut,
D0133,wisatawan,
D0133,akan,
D0133,kita,
D0133,tindak,
D0133,sesuai,
D0133,aturan,
D0133,UU,
D0133,nomor,
D0133,22,
D0133,tahun,
D0133,2009,
D0133,tentang,
D0133,lalu,
D0133,lintas,
D0133,dan,
D0133,angkutan,
D0133,jalan,
D0133,tegasnya,
D0133,Langkah,
D0133,yang,
D0133,dilakukan,
D0133,pihak,
D0133,kepolisian,
D0133,selanjutnya,
D0133,akan,
D0133,lebih,
D0133,menyiagakan,
D0133,beberapa,
D0133,petugas,
D0133,gabungan,
D0133,yang,
D0133,berada,
D0133,di,
D0133,masingmasing,
D0133,pos,
D0133,pam,
D0133,yang,
D0133,tersebar,
D0133,di,
D0133,wilayah,
D0133,hukum,
D0133,Polres,
D0133,Sukabumi,
D0133,Kota,
D0133,untuk,
D0133,menindak,
D0133,tegas,
D0133,dengan,
D0133,cara,
D0133,memutarbalikan,
D0133,kendaraan,
D0133,bak,
D0133,pengangkut,
D0133,wisatawan,
D0133,362,
D0133,anggota,
D0133,Polri,
D0133,dibantu,
D0133,unsur,
D0133,TNI,
D0133,dan,
D0133,Pemkot,
D0133,Sukabumi,
D0133,dengan,
D0133,waktu,
D0133,pelaksanaan,
D0133,nanti,
D0133,kita,
D0133,mulai,
D0133,dari,
D0133,22,
D0133,Desember,
D0133,2023,
D0133,sampai,
D0133,2,
D0133,Januari,
D0133,2024,
D0133,Pos,
D0133,total,
D0133,ada,
D0133,9,
D0133,pos,
D0133,pengamanan,
D0133,dan,
D0133,3,
D0133,pos,
D0133,pelayanan,
D0133,katanya,
D0133,Kita,
D0133,mengimbau,
D0133,kepada,
D0133,masyarakat,
D0133,yang,
D0133,akan,
D0133,melaksanakan,
D0133,liburan,
D0133,apabila,
D0133,liburannya,
D0133,jauh,
D0133,dan,
D0133,butuh,
D0133,waktu,
D0133,lama,
D0133,untuk,
D0133,menginformasikan,
D0133,rumah,
D0133,tersebut,
D0133,kepada,
D0133,pihak,
D0133,kepolisian,
D0133,sehingga,
D0133,bisa,
D0133,kita,
D0133,pantau,
D0133,keamanannya,
D0133,dan,
D0133,pada,
D0133,saat,
D0133,di,
D0133,jalan,
D0133,apabila,
D0133,memang,
D0133,merasa,
D0133,ngantuk,
D0133,atau,
D0133,kurang,
D0133,fit,
D0133,jangan,
D0133,paksakan,
D0133,untuk,
D0133,berkendara,
D0133,karena,
D0133,bisa,
D0133,berakibat,
D0133,kecelakaan,
D0133,tutupnya,
D0134,Tujuh,
D0134,terduga,
D0134,teroris,
D0134,yang,
D0134,ditangkap,
D0134,beberapa,
D0134,waktu,
D0134,lalu,
D0134,diduga,
D0134,kuat,
D0134,akan,
D0134,beraksi,
D0134,pada,
D0134,saat,
D0134,Natal,
D0134,dan,
D0134,tahun,
D0134,baru,
D0134,Nataru,
D0134,hingga,
D0134,Pemilu,
D0134,2024,
D0134,Polda,
D0134,NTB,
D0134,memperketat,
D0134,pengamanan,
D0134,dengan,
D0134,menerjunkan,
D0134,1335,
D0134,personel,
D0134,Baik,
D0134,itu,
D0134,rangkaian,
D0134,kebaktian,
D0134,Natal,
D0134,dan,
D0134,wisata,
D0134,Pengamanan,
D0134,harus,
D0134,lebih,
D0134,komprehensif,
D0134,dari,
D0134,tahun,
D0134,lalu,
D0134,Kenapa,
D0134,Karena,
D0134,ada,
D0134,7,
D0134,pelaku,
D0134,terorisme,
D0134,diamankan,
D0134,Densus,
D0134,88,
D0134,di,
D0134,NTB,
D0134,kata,
D0134,Kapolda,
D0134,NTB,
D0134,Irjen,
D0134,Raden,
D0134,Umar,
D0134,Faroq,
D0134,seusai,
D0134,Rapat,
D0134,Koordinasi,
D0134,Lintas,
D0134,Sektoral,
D0134,Bidang,
D0134,Operasional,
D0134,dalam,
D0134,Rangka,
D0134,Kesiapan,
D0134,Pengamanan,
D0134,Natal,
D0134,2023,
D0134,dan,
D0134,tahun,
D0134,baru,
D0134,2024,
D0134,di,
D0134,Mataram,
D0134,Kamis,
D0134,siang,
D0134,14122023,
D0134,Faroq,
D0134,menyebut,
D0134,untuk,
D0134,jangka,
D0134,panjangnya,
D0134,teroris,
D0134,yang,
D0134,tertangkap,
D0134,tersebut,
D0134,akan,
D0134,memberikan,
D0134,rangkaian,
D0134,aksi,
D0134,teror,
D0134,di,
D0134,Pemilu,
D0134,2024,
D0134,Sementara,
D0134,jangka,
D0134,pendeknya,
D0134,akan,
D0134,membuat,
D0134,sasaran,
D0134,target,
D0134,di,
D0134,sentra,
D0134,keramaian,
D0134,seperti,
D0134,saat,
D0134,Natal,
D0134,dan,
D0134,perayaan,
D0134,tahun,
D0134,baru,
D0134,SCROLL,
D0134,TO,
D0134,CONTINUE,
D0134,WITH,
D0134,CONTENT,
D0134,Jadi,
D0134,ada,
D0134,rencana,
D0134,kriminalitas,
D0134,yang,
D0134,akan,
D0134,mereka,
D0134,lakukan,
D0134,ujar,
D0134,Faroq,
D0134,Untuk,
D0134,mengantisipasi,
D0134,teror,
D0134,pada,
D0134,momen,
D0134,Nataru,
D0134,hingga,
D0134,Pemilu,
D0134,2024,
D0134,Polda,
D0134,NTB,
D0134,menerjunkan,
D0134,sebanyak,
D0134,1335,
D0134,personel,
D0134,Hal,
D0134,tersebut,
D0134,diungkapkan,
D0134,Karo,
D0134,Ops,
D0134,Polda,
D0134,NTB,
D0134,Kombes,
D0134,Pol,
D0134,Abu,
D0134,Bakar,
D0134,Tertusi,
D0134,Untuk,
D0134,1335,
D0134,personel,
D0134,itu,
D0134,yang,
D0134,melaksanakan,
D0134,tugas,
D0134,langsung,
D0134,Namun,
D0134,cadangan,
D0134,ada,
D0134,di,
D0134,mako,
D0134,masingmasing,
D0134,Polres,
D0134,kata,
D0134,Abu,
D0134,Bakar,
D0134,Abu,
D0134,Bakar,
D0134,mengatakan,
D0134,dari,
D0134,1335,
D0134,personel,
D0134,yang,
D0134,diterjunkan,
D0134,di,
D0134,antaranya,
D0134,404,
D0134,personel,
D0134,dari,
D0134,Polda,
D0134,NTB,
D0134,52,
D0134,personel,
D0134,dari,
D0134,operasi,
D0134,mantap,
D0134,brata,
D0134,Polda,
D0134,NTB,
D0134,dan,
D0134,933,
D0134,personel,
D0134,dari,
D0134,10,
D0134,polres,
D0134,dan,
D0134,Polresta,
D0134,di,
D0134,10,
D0134,kabupaten,
D0134,kota,
D0134,di,
D0134,NTB,
D0134,Ada,
D0134,beberapa,
D0134,yang,
D0134,terlibat,
D0134,operasi,
D0134,lilin,
D0134,dan,
D0134,juga,
D0134,terlibat,
D0134,ops,
D0134,mantap,
D0134,brata,
D0134,pemilu,
D0134,khususnya,
D0134,para,
D0134,pejabat,
D0134,katanyaPengamanan,
D0134,akan,
D0134,dilakukan,
D0134,di,
D0134,darat,
D0134,laut,
D0134,dan,
D0134,udara,
D0134,Kepolisian,
D0134,juga,
D0134,akan,
D0134,mengamankan,
D0134,di,
D0134,pusat,
D0134,perbelanjaan,
D0134,mall,
D0134,perhotelan,
D0134,dan,
D0134,restoran,
D0135,Polda,
D0135,Nusa,
D0135,Tenggara,
D0135,Barat,
D0135,NTB,
D0135,menduga,
D0135,kuat,
D0135,7,
D0135,terduga,
D0135,teroris,
D0135,yang,
D0135,ditangkap,
D0135,beberapa,
D0135,waktu,
D0135,lalu,
D0135,akan,
D0135,beraksi,
D0135,pada,
D0135,saat,
D0135,Natal,
D0135,dan,
D0135,tahun,
D0135,baru,
D0135,Nataru,
D0135,hingga,
D0135,Pemilu,
D0135,2024,
D0135,Pengamanan,
D0135,pun,
D0135,semakin,
D0135,diperketat,
D0135,Baik,
D0135,itu,
D0135,rangkaian,
D0135,kebaktian,
D0135,Natal,
D0135,dan,
D0135,wisata,
D0135,Pengamanan,
D0135,harus,
D0135,lebih,
D0135,komprehensif,
D0135,dari,
D0135,tahun,
D0135,lalu,
D0135,Kenapa,
D0135,Karena,
D0135,ada,
D0135,7,
D0135,pelaku,
D0135,terorisme,
D0135,diamankan,
D0135,Densus,
D0135,88,
D0135,di,
D0135,NTB,
D0135,kata,
D0135,Kapolda,
D0135,NTB,
D0135,Irjen,
D0135,Raden,
D0135,Umar,
D0135,Faroq,
D0135,seusai,
D0135,Rapat,
D0135,Koordinasi,
D0135,Lintas,
D0135,Sektoral,
D0135,Bidang,
D0135,Operasional,
D0135,dalam,
D0135,Rangka,
D0135,Kesiapan,
D0135,Pengamanan,
D0135,Natal,
D0135,2023,
D0135,dan,
D0135,tahun,
D0135,baru,
D0135,2024,
D0135,di,
D0135,Mataram,
D0135,Kamis,
D0135,siang,
D0135,14122023,
D0135,Dia,
D0135,mengungkapkan,
D0135,para,
D0135,terduga,
D0135,teroris,
D0135,itu,
D0135,diduga,
D0135,akan,
D0135,menebar,
D0135,teror,
D0135,pada,
D0135,momen,
D0135,keramaian,
D0135,seperti,
D0135,Natal,
D0135,Tahun,
D0135,Baru,
D0135,hingga,
D0135,Pemilu,
D0135,2024,
D0135,SCROLL,
D0135,TO,
D0135,CONTINUE,
D0135,WITH,
D0135,CONTENT,
D0135,Niatnya,
D0135,untuk,
D0135,jangka,
D0135,panjang,
D0135,akan,
D0135,memberikan,
D0135,rangkaian,
D0135,aksi,
D0135,di,
D0135,Pemilu,
D0135,2024,
D0135,Untuk,
D0135,jangka,
D0135,pendek,
D0135,akan,
D0135,membuat,
D0135,sasaran,
D0135,target,
D0135,sentra,
D0135,keramaian,
D0135,Jadi,
D0135,ada,
D0135,rencana,
D0135,kriminalitas,
D0135,yang,
D0135,akan,
D0135,mereka,
D0135,lakukan,
D0135,ujar,
D0135,Faroq,
D0135,Polda,
D0135,NTB,
D0135,sendiri,
D0135,mengerahkan,
D0135,1278,
D0135,untuk,
D0135,pengamanan,
D0135,Natal,
D0135,dan,
D0135,Tahun,
D0135,Baru,
D0135,2024,
D0135,Mereka,
D0135,akan,
D0135,disebar,
D0135,di,
D0135,berbagai,
D0135,titik,
D0135,vital,
D0135,dan,
D0135,pusat,
D0135,keramaian,
D0135,Untuk,
D0135,1278,
D0135,personel,
D0135,itu,
D0135,yang,
D0135,melaksanakan,
D0135,tugas,
D0135,langsung,
D0135,Namun,
D0135,cadangan,
D0135,ada,
D0135,di,
D0135,mako,
D0135,masingmasing,
D0135,Polres,
D0135,ungkapnya,
D0135,Karo,
D0135,Ops,
D0135,Polda,
D0135,NTB,
D0135,Kombes,
D0135,Abu,
D0135,Bakar,
D0135,Tertusi,
D0135,mengatakan,
D0135,dari,
D0135,1278,
D0135,personel,
D0135,yang,
D0135,diterjunkan,
D0135,di,
D0135,antaranya,
D0135,345,
D0135,personel,
D0135,dari,
D0135,Polda,
D0135,NTB,
D0135,52,
D0135,personel,
D0135,dari,
D0135,operasi,
D0135,mantap,
D0135,brata,
D0135,Polda,
D0135,NTB,
D0135,dan,
D0135,933,
D0135,personel,
D0135,dari,
D0135,10,
D0135,polres,
D0135,dan,
D0135,Polresta,
D0135,di,
D0135,10,
D0135,kabupaten,
D0135,kota,
D0135,di,
D0135,NTB,
D0135,Ada,
D0135,beberapa,
D0135,yang,
D0135,terlibat,
D0135,operasi,
D0135,lilin,
D0135,dan,
D0135,juga,
D0135,terlibat,
D0135,operasi,
D0135,Mantap,
D0135,Brata,
D0135,pemilu,
D0135,khususnya,
D0135,para,
D0135,pejabat,
D0135,katanyaKami,
D0135,minta,
D0135,pengamanan,
D0135,diperketat,
D0135,Karena,
D0135,selama,
D0135,Nataru,
D0135,ada,
D0135,peningkatan,
D0135,aktivitas,
D0135,masyarakat,
D0135,baik,
D0135,di,
D0135,peribadatan,
D0135,sentra,
D0135,keramaian,
D0135,dan,
D0135,daerah,
D0135,pariwisata,
D0135,tegasnya,
D0135,Diketahui,
D0135,pada,
D0135,Oktober,
D0135,2023,
D0135,Densus,
D0135,88,
D0135,Antiteror,
D0135,menangkap,
D0135,tujuh,
D0135,terduga,
D0135,teroris,
D0135,di,
D0135,NTB,
D0135,Mereka,
D0135,ditangkap,
D0135,di,
D0135,Kabupaten,
D0135,Sumbawa,
D0135,Barat,
D0135,Lombok,
D0135,Timur,
D0135,dan,
D0135,Lombok,
D0135,Barat,
D0136,Bentrokan,
D0136,dua,
D0136,kelompok,
D0136,di,
D0136,Sukabumi,
D0136,membuat,
D0136,Andri,
D0136,alias,
D0136,Mamad,
D0136,18,
D0136,tewas,
D0136,terkena,
D0136,bacokan,
D0136,celurit,
D0136,di,
D0136,dadanya,
D0136,Bentrokan,
D0136,itu,
D0136,juga,
D0136,diduga,
D0136,menggunakan,
D0136,senjata,
D0136,bom,
D0136,molotov,
D0136,Informasi,
D0136,dihimpun,
D0136,bentrokan,
D0136,terjadi,
D0136,di,
D0136,sekitar,
D0136,area,
D0136,Lapang,
D0136,Sepak,
D0136,Bola,
D0136,Pakuwon,
D0136,Kecamatan,
D0136,Bojonggenteng,
D0136,Kabupaten,
D0136,Sukabumi,
D0136,pada,
D0136,Selasa,
D0136,1411,
D0136,dinihari,
D0136,Dua,
D0136,kelompok,
D0136,saling,
D0136,berhadaphadapan,
D0136,hingga,
D0136,terlibat,
D0136,bentrok,
D0136,Selain,
D0136,senjata,
D0136,tajam,
D0136,diduga,
D0136,ada,
D0136,beberapa,
D0136,orang,
D0136,yang,
D0136,melempar,
D0136,bom,
D0136,molotov,
D0136,Itu,
D0136,yang,
D0136,sekarang,
D0136,sedang,
D0136,diselidiki,
D0136,mudahmudahan,
D0136,pelakunya,
D0136,bisa,
D0136,segera,
D0136,tertangkap,
D0136,ya,
D0136,kata,
D0136,Maruly,
D0136,saat,
D0136,ditanya,
D0136,soal,
D0136,para,
D0136,pemuda,
D0136,yang,
D0136,terlibat,
D0136,bentrokan,
D0136,diduga,
D0136,sampai,
D0136,membawa,
D0136,bom,
D0136,molotov,
D0136,Rabu,
D0136,15112023,
D0136,SCROLL,
D0136,TO,
D0136,CONTINUE,
D0136,WITH,
D0136,CONTENT,
D0136,Maruly,
D0136,menegaskan,
D0136,pihaknya,
D0136,akan,
D0136,melakukan,
D0136,tindakan,
D0136,tegas,
D0136,tekait,
D0136,aksi,
D0136,kriminalitas,
D0136,tersebut,
D0136,Sejumlah,
D0136,barang,
D0136,bukti,
D0136,dan,
D0136,keterangan,
D0136,saksisaksi,
D0136,juga,
D0136,sudah,
D0136,dihimpun,
D0136,pihaknya,
D0136,Kami,
D0136,akan,
D0136,melakukan,
D0136,penyelidikan,
D0136,menyeluruh,
D0136,terkait,
D0136,kasus,
D0136,tindak,
D0136,pidana,
D0136,pengeroyokan,
D0136,yang,
D0136,mengakibatkan,
D0136,seseorang,
D0136,meninggal,
D0136,dunia,
D0136,Kepolisian,
D0136,telah,
D0136,melakukan,
D0136,langkah,
D0136,upaya,
D0136,mendatangi,
D0136,TKP,
D0136,memeriksa,
D0136,korban,
D0136,saksi,
D0136,serta,
D0136,mengamankan,
D0136,alat,
D0136,bukti,
D0136,ujarnya,
D0136,Saya,
D0136,juga,
D0136,mengimbau,
D0136,agar,
D0136,masyarakat,
D0136,untuk,
D0136,tetap,
D0136,tenang,
D0136,dan,
D0136,tidak,
D0136,melakukan,
D0136,tindakan,
D0136,yang,
D0136,melawan,
D0136,hukum,
D0136,atau,
D0136,main,
D0136,hakim,
D0136,sendiri,
D0136,kami,
D0136,dari,
D0136,kepolisian,
D0136,akan,
D0136,mengusut,
D0136,tuntas,
D0136,atas,
D0136,kejadian,
D0136,ini,
D0136,tambahnya,
D0136,Informasi,
D0136,yang,
D0136,diterima,
D0136,korban,
D0136,ikut,
D0136,bersama,
D0136,rekannya,
D0136,inisial,
D0136,L,
D0136,berjumlah,
D0136,11,
D0136,orang,
D0136,Mereka,
D0136,berjalan,
D0136,kaki,
D0136,ke,
D0136,arah,
D0136,Lapangan,
D0136,Sepak,
D0136,Bola,
D0136,Pakuwon,
D0136,Selang,
D0136,beberapa,
D0136,saat,
D0136,kemudian,
D0136,muncul,
D0136,kelompok,
D0136,lain,
D0136,menggunakan,
D0136,motor,
D0136,Datang,
D0136,lima,
D0136,motor,
D0136,berboncengan,
D0136,tiga,
D0136,Melihat,
D0136,kedatangan,
D0136,mereka,
D0136,salah,
D0136,seorang,
D0136,dari,
D0136,rombongan,
D0136,korban,
D0136,memberi,
D0136,komando,
D0136,dan,
D0136,langsung,
D0136,bentrok,
D0136,Saat,
D0136,itu,
D0136,ada,
D0136,yg,
D0136,melempar,
D0136,bom,
D0136,molotov,
D0136,ke,
D0136,arah,
D0136,sepeda,
D0136,motor,
D0136,dari,
D0136,lima,
D0136,sepeda,
D0136,motor,
D0136,yang,
D0136,turun,
D0136,hanya,
D0136,2,
D0136,orang,
D0136,saja,
D0136,Kemudian,
D0136,korban,
D0136,kena,
D0136,luka,
D0136,bacokan,
D0136,celurit,
D0136,kata,
D0136,salah,
D0136,seorang,
D0136,sumber,
D0136,kepada,
D0136,detikJabar,
D0137,Seorang,
D0137,emakemak,
D0137,pedagang,
D0137,sayur,
D0137,asal,
D0137,Balongbendo,
D0137,Sidoarjo,
D0137,meninggal,
D0137,dunia,
D0137,usai,
D0137,menjadi,
D0137,korban,
D0137,jambret,
D0137,Korban,
D0137,dijambret,
D0137,saat,
D0137,hendak,
D0137,berangkat,
D0137,berdagang,
D0137,ke,
D0137,pasar,
D0137,Krian,
D0137,Korban,
D0137,diketahui,
D0137,bernama,
D0137,Jumi,
D0137,Ariani,
D0137,57,
D0137,Peristiwa,
D0137,pilu,
D0137,itu,
D0137,berawal,
D0137,saat,
D0137,korban,
D0137,mengendarai,
D0137,sepeda,
D0137,motor,
D0137,bersama,
D0137,suaminya,
D0137,Supangat,
D0137,59,
D0137,Keduanya,
D0137,merupakan,
D0137,warga,
D0137,Desa,
D0137,Bakung,
D0137,Temanggungan,
D0137,RT,
D0137,1,
D0137,RW,
D0137,1,
D0137,Kecamatan,
D0137,Balongbendo,
D0137,Kepala,
D0137,Desa,
D0137,Bakung,
D0137,Temenggungan,
D0137,Abu,
D0137,Dawud,
D0137,mengatakan,
D0137,peristiwa,
D0137,itu,
D0137,berawal,
D0137,saat,
D0137,korban,
D0137,berangkat,
D0137,ke,
D0137,Oasar,
D0137,Krian,
D0137,dibonceng,
D0137,suaminya,
D0137,pada,
D0137,Jumat,
D0137,2010,
D0137,sekitar,
D0137,pukul,
D0137,0230,
D0137,WIB,
D0137,dini,
D0137,hari,
D0137,Ketika,
D0137,di,
D0137,depan,
D0137,SMP,
D0137,Negeri,
D0137,1,
D0137,Desa,
D0137,Kemangsen,
D0137,Kecamatan,
D0137,Balongbendo,
D0137,tibatiba,
D0137,tas,
D0137,milik,
D0137,korban,
D0137,ditarik,
D0137,oleh,
D0137,pelaku,
D0137,SCROLL,
D0137,TO,
D0137,CONTINUE,
D0137,WITH,
D0137,CONTENT,
D0137,Karena,
D0137,berusaha,
D0137,mempertahankan,
D0137,tasnya,
D0137,sepeda,
D0137,motor,
D0137,hilang,
D0137,kendali,
D0137,sehingga,
D0137,pasangan,
D0137,suami,
D0137,istri,
D0137,tersebut,
D0137,terjatuh,
D0137,kata,
D0137,Dawud,
D0137,melalui,
D0137,telepon,
D0137,selulernya,
D0137,Selasa,
D0137,7112023,
D0137,Dawud,
D0137,menjelaskan,
D0137,korban,
D0137,Jumi,
D0137,Ariani,
D0137,mengalami,
D0137,luka,
D0137,serius,
D0137,di,
D0137,bagian,
D0137,kepala,
D0137,Sementara,
D0137,suaminya,
D0137,Supangat,
D0137,mengalami,
D0137,luka,
D0137,patah,
D0137,tulang,
D0137,di,
D0137,bagian,
D0137,tangan,
D0137,sebelah,
D0137,kiri,
D0137,Kedua,
D0137,korban,
D0137,dilarikan,
D0137,ke,
D0137,Rumah,
D0137,Sakit,
D0137,Yapalis,
D0137,Krian,
D0137,Sedangkan,
D0137,Jumi,
D0137,Ariani,
D0137,dirujuk,
D0137,ke,
D0137,Rumah,
D0137,Sakit,
D0137,Sakinah,
D0137,Mojokerto,
D0137,Namun,
D0137,nyawanya,
D0137,tidak,
D0137,bisa,
D0137,diselamatkan,
D0137,hari,
D0137,Sabtu,
D0137,2110,
D0137,jenazahnya,
D0137,dimakamkan,
D0137,di,
D0137,TPU,
D0137,Bakung,
D0137,Temanggung,
D0137,jelas,
D0137,Dawud,
D0137,Sementara,
D0137,itu,
D0137,Kasat,
D0137,Reskrim,
D0137,Polresta,
D0137,Sidoarjo,
D0137,Kompol,
D0137,Tiksnarto,
D0137,Andaru,
D0137,Rahultomo,
D0137,membenarkan,
D0137,adanya,
D0137,peristiwa,
D0137,tersebut,
D0137,Peristiwa,
D0137,itu,
D0137,terjadi,
D0137,pada,
D0137,saat,
D0137,korban,
D0137,akan,
D0137,berangkat,
D0137,ke,
D0137,Pasar,
D0137,Krian,
D0137,Ia,
D0137,mengimbau,
D0137,masyarakat,
D0137,selalu,
D0137,berhatihati,
D0137,Polisi,
D0137,juga,
D0137,akan,
D0137,berpatroli,
D0137,di,
D0137,titiktitik,
D0137,yang,
D0137,rawan,
D0137,jambret,
D0137,hingga,
D0137,aksi,
D0137,kriminalitas,
D0137,lainnya,
D0137,Memang,
D0137,benar,
D0137,ada,
D0137,peristiwa,
D0137,tersebut,
D0137,korban,
D0137,merupakan,
D0137,pasutri,
D0137,ada,
D0137,satu,
D0137,korban,
D0137,yang,
D0137,meninggal,
D0137,dunia,
D0137,tandas,
D0137,Andaru,
D0138,Jalan,
D0138,di,
D0138,Kecamatan,
D0138,Widang,
D0138,Tuban,
D0138,di,
D0138,sekitar,
D0138,kawasan,
D0138,SPBU,
D0138,AKR,
D0138,Desa,
D0138,Bunut,
D0138,ternyata,
D0138,kerap,
D0138,menjadi,
D0138,lokasi,
D0138,kriminalitas,
D0138,Aksi,
D0138,kejahatan,
D0138,jalanan,
D0138,itu,
D0138,bahkan,
D0138,berujung,
D0138,kejadian,
D0138,horor,
D0138,saat,
D0138,seorang,
D0138,gadis,
D0138,berusia,
D0138,15,
D0138,tahun,
D0138,asal,
D0138,Babat,
D0138,Lamongan,
D0138,dibacok,
D0138,orang,
D0138,tak,
D0138,dikenal,
D0138,hingga,
D0138,tangannya,
D0138,putus,
D0138,Remaja,
D0138,perempuan,
D0138,berinisial,
D0138,O,
D0138,15,
D0138,yang,
D0138,menjadi,
D0138,korban,
D0138,pembacokan,
D0138,itu,
D0138,memang,
D0138,keluar,
D0138,rumah,
D0138,dini,
D0138,hari,
D0138,Dia,
D0138,sempat,
D0138,berpamitan,
D0138,hendak,
D0138,ke,
D0138,rumah,
D0138,pamannya,
D0138,sebelum,
D0138,dibacok,
D0138,oleh,
D0138,gerombolan,
D0138,gangster,
D0138,di,
D0138,sekitar,
D0138,SPBU,
D0138,AKR,
D0138,Paman,
D0138,korban,
D0138,berinisial,
D0138,MS,
D0138,mengatakan,
D0138,bahwa,
D0138,korban,
D0138,pamit,
D0138,ke,
D0138,orang,
D0138,tuanya,
D0138,untuk,
D0138,menginap,
D0138,di,
D0138,rumahnya,
D0138,di,
D0138,Desa,
D0138,Wedang,
D0138,Tuban,
D0138,Korban,
D0138,berangkat,
D0138,sendirian,
D0138,pada,
D0138,Selasa,
D0138,31,
D0138,Oktober,
D0138,dini,
D0138,hari,
D0138,Tapi,
D0138,korban,
D0138,tidak,
D0138,kunjung,
D0138,datang,
D0138,di,
D0138,rumahnya,
D0138,SCROLL,
D0138,TO,
D0138,CONTINUE,
D0138,WITH,
D0138,CONTENT,
D0138,Keponakan,
D0138,saya,
D0138,tidak,
D0138,sekolah,
D0138,tapi,
D0138,mondok,
D0138,Usianya,
D0138,sekitar,
D0138,15,
D0138,tahun,
D0138,kelahiran,
D0138,2008,
D0138,kalau,
D0138,nggak,
D0138,salah,
D0138,Setengah,
D0138,satu,
D0138,itu,
D0138,keluar,
D0138,rumah,
D0138,pamit,
D0138,tidur,
D0138,di,
D0138,rumah,
D0138,saya,
D0138,Nggak,
D0138,jadi,
D0138,malah,
D0138,kabur,
D0138,ke,
D0138,AKR,
D0138,tibatiba,
D0138,nggak,
D0138,sadar,
D0138,dan,
D0138,ditemukan,
D0138,di,
D0138,telon,
D0138,pertigaan,
D0138,Banjar,
D0138,kata,
D0138,MS,
D0138,Jumat,
D0138,3112023,
D0138,Keesokan,
D0138,harinya,
D0138,ungkap,
D0138,MS,
D0138,keluarganya,
D0138,mendapat,
D0138,kabar,
D0138,dari,
D0138,ibu,
D0138,korban,
D0138,bahwa,
D0138,O,
D0138,dirawat,
D0138,di,
D0138,RS,
D0138,Muhammadiyah,
D0138,Babat,
D0138,Kondisi,
D0138,tangan,
D0138,O,
D0138,disebut,
D0138,putus,
D0138,karena,
D0138,dibacok,
D0138,orang,
D0138,Orang,
D0138,tua,
D0138,O,
D0138,pun,
D0138,panik,
D0138,mereka,
D0138,pun,
D0138,syok,
D0138,saat,
D0138,melihat,
D0138,kondisi,
D0138,korban,
D0138,Apalagi,
D0138,anak,
D0138,gadis,
D0138,mereka,
D0138,belum,
D0138,bisa,
D0138,berbicara,
D0138,dan,
D0138,tidak,
D0138,mengingat,
D0138,bagaimana,
D0138,dia,
D0138,mengalami,
D0138,kejadian,
D0138,itu,
D0138,MS,
D0138,menduga,
D0138,keponakannya,
D0138,trauma,
D0138,dengan,
D0138,peristiwa,
D0138,pembacokan,
D0138,itu,
D0138,Saat,
D0138,ini,
D0138,anaknya,
D0138,masih,
D0138,trauma,
D0138,kalau,
D0138,ditanya,
D0138,belum,
D0138,ingat,
D0138,persis,
D0138,kejadiannya,
D0138,ingatnya,
D0138,hanya,
D0138,mampir,
D0138,ke,
D0138,SPBU,
D0138,AKR,
D0138,Kalau,
D0138,operasinya,
D0138,sudah,
D0138,dilakukan,
D0138,ucap,
D0138,Paman,
D0138,korban,
D0138,Setelah,
D0138,pembacokan,
D0138,korban,
D0138,harus,
D0138,dirujuk,
D0138,ke,
D0138,Surabaya,
D0138,Saat,
D0138,ini,
D0138,korban,
D0138,sedang,
D0138,menjalani,
D0138,operasi,
D0138,di,
D0138,RSU,
D0138,Dr,
D0138,Soetomo,
D0138,Surabaya,
D0138,Atas,
D0138,kejadian,
D0138,itu,
D0138,MS,
D0138,pun,
D0138,telah,
D0138,melapor,
D0138,ke,
D0138,polisi,
D0138,Keluarga,
D0138,MS,
D0138,berharap,
D0138,pelaku,
D0138,pembacokan,
D0138,bisa,
D0138,segera,
D0138,ditangkap,
D0138,Apalagi,
D0138,peristiwa,
D0138,serupa,
D0138,sudah,
D0138,2,
D0138,kali,
D0138,terjadi,
D0138,di,
D0138,lokasi,
D0138,yang,
D0138,sama,
D0138,Saya,
D0138,wakilnya,
D0138,keluarga,
D0138,sudah,
D0138,lapor,
D0138,di,
D0138,polres,
D0138,Harapannya,
D0138,segera,
D0138,ditangkap,
D0138,kata,
D0138,MS,
D0138,Polisi,
D0138,sudah,
D0138,mengamankan,
D0138,6,
D0138,orang,
D0138,tapi,
D0138,Baca,
D0138,di,
D0138,halaman,
D0138,selanjutnya,
D0138,Satreskrim,
D0138,Polres,
D0138,Tuban,
D0138,telah,
D0138,mengamankan,
D0138,6,
D0138,orang,
D0138,diduga,
D0138,pelaku,
D0138,kejahatan,
D0138,jalanan,
D0138,di,
D0138,kawasan,
D0138,Widang,
D0138,hingga,
D0138,menyebabkan,
D0138,warga,
D0138,sekitar,
D0138,resah,
D0138,Namun,
D0138,mereka,
D0138,diduga,
D0138,bukan,
D0138,pelaku,
D0138,pembacokan,
D0138,terhadap,
D0138,O,
D0138,Kasatreskrim,
D0138,Polres,
D0138,Tuban,
D0138,Iptu,
D0138,Rianto,
D0138,mengatakan,
D0138,bahwa,
D0138,6,
D0138,remaja,
D0138,yang,
D0138,diamankan,
D0138,itu,
D0138,ratarata,
D0138,masih,
D0138,di,
D0138,bawah,
D0138,umur,
D0138,dan,
D0138,sedang,
D0138,dilakukan,
D0138,pemeriksaan,
D0138,secara,
D0138,maraton,
D0138,di,
D0138,ruang,
D0138,penyidik,
D0138,Untuk,
D0138,sementara,
D0138,ada,
D0138,enam,
D0138,remaja,
D0138,yang,
D0138,ratarata,
D0138,masih,
D0138,di,
D0138,bawah,
D0138,umur,
D0138,Mereka,
D0138,sedang,
D0138,diperiksa,
D0138,secara,
D0138,khusus,
D0138,di,
D0138,ruang,
D0138,penyidik,
D0138,dan,
D0138,ada,
D0138,pula,
D0138,yang,
D0138,sedang,
D0138,dalam,
D0138,pengembangan,
D0138,di,
D0138,lapangan,
D0138,ujar,
D0138,Iptu,
D0138,Rianto,
D0138,Dia,
D0138,menuturkan,
D0138,di,
D0138,antara,
D0138,enam,
D0138,orang,
D0138,yang,
D0138,diamankan,
D0138,polisi,
D0138,itu,
D0138,ada,
D0138,dugaan,
D0138,bahwa,
D0138,mereka,
D0138,terlibat,
D0138,dalam,
D0138,kejadian,
D0138,perampasan,
D0138,motor,
D0138,yang,
D0138,terjadi,
D0138,pada,
D0138,Minggu,
D0138,28,
D0138,Oktober,
D0138,malam,
D0138,di,
D0138,sekitar,
D0138,kawasan,
D0138,SPBU,
D0138,AKR,
D0138,Widang,
D0138,Untuk,
D0138,yang,
D0138,diamankan,
D0138,saat,
D0138,ini,
D0138,lebih,
D0138,mengarah,
D0138,pada,
D0138,peristiwa,
D0138,365,
D0138,untuk,
D0138,pelaku,
D0138,yang,
D0138,peristiwa,
D0138,pembacokan,
D0138,tangan,
D0138,anak,
D0138,perempuan,
D0138,masih,
D0138,kami,
D0138,dalami,
D0138,kata,
D0138,Iptu,
D0138,Rianto,
D0138,Rianto,
D0138,menyatakan,
D0138,keenam,
D0138,remaja,
D0138,yang,
D0138,diamankan,
D0138,itu,
D0138,saat,
D0138,ini,
D0138,masih,
D0138,berstatus,
D0138,saksi,
D0138,Dia,
D0138,berjanji,
D0138,akan,
D0138,menyampaikan,
D0138,perkembangan,
D0138,bila,
D0138,memang,
D0138,status,
D0138,mereka,
D0138,naik,
D0138,menjadi,
D0138,tersangka,
D0138,Masih,
D0138,diperiksa,
D0138,nanti,
D0138,kalau,
D0138,sudah,
D0138,ada,
D0138,yang,
D0138,ditetapkan,
D0138,tersangka,
D0138,baru,
D0138,kita,
D0138,sampaikan,
D0138,Mohon,
D0138,sabar,
D0138,dan,
D0138,doanya,
D0138,semoga,
D0138,segera,
D0138,terungkap,
D0138,2,
D0138,peristiwa,
D0138,di,
D0138,Widang,
D0138,beberapa,
D0138,hari,
D0138,ini,
D0138,kata,
D0138,Rianto,
D0139,Praktik,
D0139,esekesek,
D0139,terselubung,
D0139,di,
D0139,Kota,
D0139,Santri,
D0139,Gresik,
D0139,dibongkar,
D0139,polisi,
D0139,Polisi,
D0139,menggerebek,
D0139,prostitusi,
D0139,di,
D0139,Icon,
D0139,Apartemen,
D0139,Gresik,
D0139,Prostitusi,
D0139,ini,
D0139,bertarif,
D0139,Rp,
D0139,600,
D0139,ribu,
D0139,Kasat,
D0139,Reskrim,
D0139,Polres,
D0139,Gresik,
D0139,AKP,
D0139,Aldhino,
D0139,Prima,
D0139,Wirdhan,
D0139,mengatakan,
D0139,terbongkarnya,
D0139,kasus,
D0139,prostitusi,
D0139,online,
D0139,tersebut,
D0139,berawal,
D0139,dari,
D0139,informasi,
D0139,masyarakat,
D0139,Setelah,
D0139,menelusuri,
D0139,kebenaran,
D0139,informasi,
D0139,tersebut,
D0139,polisi,
D0139,akhirnya,
D0139,menggerebek,
D0139,praktik,
D0139,prostitusi,
D0139,itu,
D0139,pada,
D0139,Senin,
D0139,3010,
D0139,malam,
D0139,Ada,
D0139,informasi,
D0139,bahwa,
D0139,marak,
D0139,prostitusi,
D0139,di,
D0139,Icon,
D0139,Apartemen,
D0139,Gresik,
D0139,Jadi,
D0139,kita,
D0139,lakukan,
D0139,penyelidikan,
D0139,kata,
D0139,Aldhino,
D0139,kepada,
D0139,detikJatim,
D0139,Selasa,
D0139,31102023,
D0139,SCROLL,
D0139,TO,
D0139,CONTINUE,
D0139,WITH,
D0139,CONTENT,
D0139,Aldhino,
D0139,menambahkan,
D0139,setelah,
D0139,mendapatkan,
D0139,informasi,
D0139,Unit,
D0139,Tipidter,
D0139,melakukan,
D0139,pengecekan,
D0139,ke,
D0139,lokasi,
D0139,Polisi,
D0139,lantas,
D0139,mengamankan,
D0139,5,
D0139,wanita,
D0139,yang,
D0139,berada,
D0139,di,
D0139,apartemen,
D0139,tersebut,
D0139,Salah,
D0139,satunya,
D0139,merupakan,
D0139,muncikari,
D0139,Ada,
D0139,5,
D0139,orang,
D0139,yang,
D0139,kita,
D0139,amankan,
D0139,Salah,
D0139,satunya,
D0139,merupakan,
D0139,muncikari,
D0139,atau,
D0139,maminya,
D0139,tambah,
D0139,Aldhino,
D0139,Aldhino,
D0139,menjelaskan,
D0139,kelima,
D0139,wanita,
D0139,tersebut,
D0139,berinisial,
D0139,SN,
D0139,RR,
D0139,DW,
D0139,SA,
D0139,dan,
D0139,NV,
D0139,Dalam,
D0139,menjalankan,
D0139,bisnis,
D0139,tersebut,
D0139,mereka,
D0139,menggunakan,
D0139,aplikasi,
D0139,MiChat,
D0139,untuk,
D0139,mencari,
D0139,pelanggan,
D0139,Jadi,
D0139,muncikari,
D0139,berinisial,
D0139,NV,
D0139,ini,
D0139,mencari,
D0139,pelanggan,
D0139,melalui,
D0139,MiChat,
D0139,Setelah,
D0139,deal,
D0139,harganya,
D0139,ia,
D0139,menjemput,
D0139,tamu,
D0139,di,
D0139,lobi,
D0139,terus,
D0139,membawanya,
D0139,ke,
D0139,apartemen,
D0139,jelas,
D0139,Aldhino,
D0139,Saat,
D0139,digerebek,
D0139,polisi,
D0139,mendapati,
D0139,dua,
D0139,wanita,
D0139,yang,
D0139,sedang,
D0139,melayani,
D0139,pria,
D0139,hidung,
D0139,belang,
D0139,Sementara,
D0139,dua,
D0139,lainnya,
D0139,sedang,
D0139,menunggu,
D0139,pelanggan,
D0139,di,
D0139,kamar,
D0139,lainnya,
D0139,bersama,
D0139,muncikari,
D0139,NV,
D0139,Dua,
D0139,di,
D0139,antaranya,
D0139,sedang,
D0139,melayani,
D0139,tamu,
D0139,Sementara,
D0139,dua,
D0139,lainnya,
D0139,menunggu,
D0139,di,
D0139,kamar,
D0139,Saat,
D0139,ini,
D0139,masih,
D0139,didalami,
D0139,dan,
D0139,masih,
D0139,melakukan,
D0139,penyelidikan,
D0139,pungkas,
D0139,Aldhino,
D0139,Selama,
D0139,ini,
D0139,muncikari,
D0139,berinisial,
D0139,NV,
D0139,menjajakan,
D0139,wanita,
D0139,kepada,
D0139,para,
D0139,pelanggannya,
D0139,melalui,
D0139,MiChat,
D0139,dengan,
D0139,harga,
D0139,Rp,
D0139,600,
D0139,ribu,
D0139,sekali,
D0139,kencan,
D0139,Aldhino,
D0139,menjelaskan,
D0139,sang,
D0139,mucikari,
D0139,memasang,
D0139,tarif,
D0139,open,
D0139,BO,
D0139,bo0king,
D0139,order,
D0139,melalui,
D0139,media,
D0139,MiChat,
D0139,seharga,
D0139,Rp,
D0139,600,
D0139,ribu,
D0139,Namun,
D0139,harga,
D0139,tersebut,
D0139,bisa,
D0139,ditawar,
D0139,Mereka,
D0139,ditawarkan,
D0139,Rp,
D0139,600,
D0139,ribu,
D0139,tapi,
D0139,biasanya,
D0139,setelah,
D0139,pelanggan,
D0139,menawar,
D0139,Rp,
D0139,300,
D0139,sampai,
D0139,400,
D0139,ribu,
D0139,mereka,
D0139,terima,
D0139,Setelah,
D0139,deal,
D0139,harganya,
D0139,melalui,
D0139,aplikasi,
D0139,MiChat,
D0139,pelanggannya,
D0139,bertemu,
D0139,di,
D0139,lobi,
D0139,apartemen,
D0139,kemudian,
D0139,diantarkan,
D0139,ke,
D0139,kamar,
D0139,korban,
D0139,itu,
D0139,jelas,
D0139,Aldhino,
D0139,Aldhino,
D0139,menambahkan,
D0139,NV,
D0139,menerima,
D0139,setoran,
D0139,dari,
D0139,anak,
D0139,buahnya,
D0139,Setelah,
D0139,itu,
D0139,wanita,
D0139,asal,
D0139,Jawa,
D0139,Barat,
D0139,ini,
D0139,menyetor,
D0139,uang,
D0139,tersebut,
D0139,kepada,
D0139,muncikari,
D0139,yang,
D0139,ada,
D0139,di,
D0139,atasnya,
D0139,berinisial,
D0139,MK,
D0139,Jadi,
D0139,perannya,
D0139,NV,
D0139,ini,
D0139,selain,
D0139,muncikari,
D0139,juga,
D0139,sebagai,
D0139,kasir,
D0139,Setelah,
D0139,mendapat,
D0139,setoran,
D0139,NV,
D0139,menyerahkan,
D0139,uangnya,
D0139,ke,
D0139,MK,
D0139,muncikari,
D0139,di,
D0139,atasnya,
D0139,lagi,
D0139,yang,
D0139,saat,
D0139,ini,
D0139,masih,
D0139,DPO,
D0139,jelas,
D0139,Aldhino,
D0139,Kepada,
D0139,polisi,
D0139,para,
D0139,wanita,
D0139,yang,
D0139,dijajakan,
D0139,mengaku,
D0139,menyetorkan,
D0139,uang,
D0139,sebesar,
D0139,Rp,
D0139,3,
D0139,juta,
D0139,setelah,
D0139,melayani,
D0139,42,
D0139,tamu,
D0139,Setiap,
D0139,selesai,
D0139,melayani,
D0139,tamu,
D0139,mereka,
D0139,dibayar,
D0139,Rp,
D0139,300,
D0139,ribu,
D0139,sampai,
D0139,Rp,
D0139,400,
D0139,ribu,
D0139,setiap,
D0139,satu,
D0139,kali,
D0139,main,
D0139,Uang,
D0139,tersebut,
D0139,dikasihkan,
D0139,NV,
D0139,selaku,
D0139,muncikari,
D0139,dan,
D0139,mendapatkan,
D0139,gaji,
D0139,per,
D0139,minggu,
D0139,sekitar,
D0139,Rp,
D0139,3,
D0139,juta,
D0139,Itu,
D0139,jika,
D0139,mencapai,
D0139,target,
D0139,42,
D0139,tamu,
D0139,tambah,
D0139,Aldhino,
D0139,NV,
D0139,telah,
D0139,ditetapkan,
D0139,sebagai,
D0139,tersangka,
D0139,atas,
D0139,kasus,
D0139,dugaan,
D0139,penyediaan,
D0139,bisnis,
D0139,prostitusi,
D0139,Dari,
D0139,kasus,
D0139,tersebut,
D0139,polisi,
D0139,mengamankan,
D0139,alat,
D0139,kontrasepsi,
D0139,buku,
D0139,catatan,
D0139,kerja,
D0139,uang,
D0139,sebesar,
D0139,Rp,
D0139,86,
D0139,juta,
D0139,dan,
D0139,4,
D0139,buah,
D0139,handphone,
D0139,Kita,
D0139,juga,
D0139,sudah,
D0139,memasang,
D0139,garis,
D0139,polisi,
D0139,di,
D0139,apartemen,
D0139,bernomor,
D0139,A,
D0139,941,
D0139,Untuk,
D0139,kasus,
D0139,prostitusi,
D0139,online,
D0139,ini,
D0139,kita,
D0139,masih,
D0139,lakukan,
D0139,pendalaman,
D0139,untuk,
D0139,mengungkap,
D0139,muncikari,
D0139,di,
D0139,atasnya,
D0139,tegas,
D0139,Aldhino,
D0139,Pihak,
D0139,manajemen,
D0139,Icon,
D0139,Apartemen,
D0139,Gresik,
D0139,mengaku,
D0139,tidak,
D0139,mengetahui,
D0139,terkait,
D0139,bisnis,
D0139,esekesek,
D0139,tersebut,
D0139,Yang,
D0139,pasti,
D0139,kita,
D0139,tidak,
D0139,pernah,
D0139,memfasilitasi,
D0139,atau,
D0139,mendukung,
D0139,prostitusi,
D0139,kriminalitas,
D0139,dan,
D0139,halhal,
D0139,negatif,
D0139,lainnya,
D0139,kata,
D0139,Building,
D0139,Manager,
D0139,Icon,
D0139,Apartement,
D0139,Gresik,
D0139,Wisnu,
D0139,Kusuma,
D0139,Wardana,
D0139,kepada,
D0139,detikJatim,
D0139,Selasa,
D0139,31102023,
D0139,Wisnu,
D0139,menambahkan,
D0139,pihaknya,
D0139,selama,
D0139,ini,
D0139,tidak,
D0139,mengetahui,
D0139,kegiatan,
D0139,ataupun,
D0139,aktivitas,
D0139,di,
D0139,dalam,
D0139,kamar,
D0139,apartemen,
D0139,Sebab,
D0139,setelah,
D0139,serah,
D0139,kunci,
D0139,tanggung,
D0139,jawab,
D0139,apartemen,
D0139,sepenuhnya,
D0139,adalah,
D0139,pemilik,
D0139,apartemen,
D0139,itu,
D0139,sendiri,
D0139,Jadi,
D0139,kalau,
D0139,di,
D0139,apartemen,
D0139,ini,
D0139,kita,
D0139,telah,
D0139,memberlakukan,
D0139,pengawasan,
D0139,secara,
D0139,ketat,
D0139,terhadap,
D0139,penyewa,
D0139,Apartemen,
D0139,Apalagi,
D0139,kita,
D0139,sudah,
D0139,memberikan,
D0139,batas,
D0139,kepada,
D0139,pemilik,
D0139,apartemen,
D0139,agar,
D0139,menyewakan,
D0139,minimal,
D0139,3,
D0139,bulan,
D0139,untuk,
D0139,penyewaan,
D0139,apartemen,
D0139,kata,
D0139,Wisnu,
D0139,Meski,
D0139,demikian,
D0139,ia,
D0139,tak,
D0139,ingin,
D0139,hal,
D0139,terjadi,
D0139,terulang,
D0139,kembali,
D0139,Apalagi,
D0139,melihat,
D0139,Gresik,
D0139,yang,
D0139,mendapat,
D0139,julukan,
D0139,Kota,
D0139,Santri,
D0139,Nanti,
D0139,ke,
D0139,depan,
D0139,kita,
D0139,akan,
D0139,tingkatkan,
D0139,keamanan,
D0139,salah,
D0139,satunya,
D0139,dengan,
D0139,menggunakan,
D0139,sidik,
D0139,jari,
D0139,dalam,
D0139,lift,
D0139,atau,
D0139,pengawasan,
D0139,tambahan,
D0139,Agar,
D0139,selain,
D0139,para,
D0139,pemilik,
D0139,atau,
D0139,penyewa,
D0139,nantinya,
D0139,hanya,
D0139,bisa,
D0139,menggunakan,
D0139,sidik,
D0139,jari,
D0139,untuk,
D0139,naik,
D0139,ke,
D0139,apartemennya,
D0139,menggunakan,
D0139,lift,
D0139,tambah,
D0139,Wisnu,
D0140,Prostitusi,
D0140,online,
D0140,di,
D0140,Icon,
D0140,Apartemen,
D0140,Gresik,
D0140,dibongkar,
D0140,Polisi,
D0140,Sebanyak,
D0140,satu,
D0140,dari,
D0140,lima,
D0140,perempuan,
D0140,ditetapkan,
D0140,sebagai,
D0140,tersangka,
D0140,setelah,
D0140,terbukti,
D0140,menjadi,
D0140,muncikari,
D0140,Pihak,
D0140,manajemen,
D0140,Icon,
D0140,Apartemen,
D0140,Gresik,
D0140,mengaku,
D0140,tidak,
D0140,mengetahui,
D0140,terkait,
D0140,bisnis,
D0140,esekesek,
D0140,tersebut,
D0140,Yang,
D0140,pasti,
D0140,kita,
D0140,tidak,
D0140,pernah,
D0140,memfasilitasi,
D0140,atau,
D0140,mendukung,
D0140,prostitusi,
D0140,kriminalitas,
D0140,dan,
D0140,halhal,
D0140,negatif,
D0140,lainnya,
D0140,kata,
D0140,Building,
D0140,Manager,
D0140,Icon,
D0140,Apartement,
D0140,Gresik,
D0140,Wisnu,
D0140,Kusuma,
D0140,Wardana,
D0140,kepada,
D0140,detikJatim,
D0140,Selasa,
D0140,31102023,
D0140,Wisnu,
D0140,menambahkan,
D0140,pihaknya,
D0140,selama,
D0140,ini,
D0140,tidak,
D0140,mengetahui,
D0140,kegiatan,
D0140,ataupun,
D0140,aktivitas,
D0140,di,
D0140,dalam,
D0140,kamar,
D0140,apartemen,
D0140,Sebab,
D0140,setelah,
D0140,serah,
D0140,kunci,
D0140,tanggung,
D0140,jawab,
D0140,apartemen,
D0140,sepenuhnya,
D0140,adalah,
D0140,pemilik,
D0140,apartemen,
D0140,itu,
D0140,sendiri,
D0140,SCROLL,
D0140,TO,
D0140,CONTINUE,
D0140,WITH,
D0140,CONTENT,
D0140,Jadi,
D0140,kalau,
D0140,di,
D0140,apartemen,
D0140,ini,
D0140,kita,
D0140,telah,
D0140,memberlakukan,
D0140,pengawasan,
D0140,secara,
D0140,ketat,
D0140,terhadap,
D0140,penyewa,
D0140,Apartemen,
D0140,Apalagi,
D0140,kita,
D0140,sudah,
D0140,memberikan,
D0140,batas,
D0140,kepada,
D0140,pemilik,
D0140,apartemen,
D0140,agar,
D0140,menyewakan,
D0140,minimal,
D0140,3,
D0140,bulan,
D0140,untuk,
D0140,penyewaan,
D0140,apartemen,
D0140,kata,
D0140,Wisnu,
D0140,Meski,
D0140,demikian,
D0140,ia,
D0140,tak,
D0140,ingin,
D0140,hal,
D0140,terjadi,
D0140,terulang,
D0140,kembali,
D0140,Apalagi,
D0140,melihat,
D0140,Gresik,
D0140,yang,
D0140,mendapat,
D0140,julukan,
D0140,Kota,
D0140,Santri,
D0140,Nanti,
D0140,ke,
D0140,depan,
D0140,kita,
D0140,akan,
D0140,tingkatkan,
D0140,keamanan,
D0140,salah,
D0140,satunya,
D0140,dengan,
D0140,menggunakan,
D0140,sidik,
D0140,jari,
D0140,dalam,
D0140,lift,
D0140,atau,
D0140,pengawasan,
D0140,tambahan,
D0140,Agar,
D0140,selain,
D0140,para,
D0140,pemilik,
D0140,atau,
D0140,penyewa,
D0140,nantinya,
D0140,hanya,
D0140,bisa,
D0140,menggunakan,
D0140,sidik,
D0140,jari,
D0140,untuk,
D0140,naik,
D0140,ke,
D0140,apartemennya,
D0140,menggunakan,
D0140,lift,
D0140,tambah,
D0140,Wisnu,
D0140,Selama,
D0140,ini,
D0140,lanjut,
D0140,Wisnu,
D0140,pihaknya,
D0140,sudah,
D0140,menggunakan,
D0140,kartu,
D0140,khusus,
D0140,untuk,
D0140,para,
D0140,pemilik,
D0140,apartemen,
D0140,Dan,
D0140,bagi,
D0140,para,
D0140,penyewa,
D0140,biasanya,
D0140,pemilik,
D0140,melaporkan,
D0140,siapa,
D0140,saja,
D0140,penyewa,
D0140,apartemen,
D0140,tersebut,
D0140,kepada,
D0140,manajemen,
D0140,Icon,
D0140,Apartemen,
D0140,Kita,
D0140,sebagai,
D0140,manajemen,
D0140,hanya,
D0140,bisa,
D0140,mengontrol,
D0140,beberapa,
D0140,fasilitas,
D0140,Untuk,
D0140,aktivitas,
D0140,di,
D0140,dalam,
D0140,kita,
D0140,tidak,
D0140,memiliki,
D0140,wewenang,
D0140,Jadi,
D0140,yang,
D0140,bisa,
D0140,kita,
D0140,lakukan,
D0140,mencegah,
D0140,halhal,
D0140,negatif,
D0140,atau,
D0140,aksi,
D0140,kejahatan,
D0140,semaksimal,
D0140,mungkin,
D0140,pungkasnya,
D0140,Sebelumnya,
D0140,Satreskrim,
D0140,Polres,
D0140,Gresik,
D0140,membongkar,
D0140,prostitusi,
D0140,online,
D0140,di,
D0140,Icon,
D0140,Apartemen,
D0140,Gresik,
D0140,Dari,
D0140,kasus,
D0140,itu,
D0140,satu,
D0140,mucikari,
D0140,berinisial,
D0140,NV,
D0140,diamankan,
D0140,dari,
D0140,5,
D0140,wanita,
D0140,yang,
D0140,sedang,
D0140,mencari,
D0140,pelanggan,
D0140,di,
D0140,apartemen,
D0140,tersebut,
D0140,Ada,
D0140,lima,
D0140,wanita,
D0140,salah,
D0140,satunya,
D0140,mucikari,
D0140,yang,
D0140,mencari,
D0140,pelanggan,
D0140,dan,
D0140,menerima,
D0140,bayaran,
D0140,dari,
D0140,para,
D0140,tamu,
D0140,kata,
D0140,Kasat,
D0140,Reskrim,
D0140,Polres,
D0140,Gresik,
D0140,AKP,
D0140,Aldhino,
D0140,Prima,
D0140,Wirdhan,
D0140,kepada,
D0140,detikJatim,
D0140,Selasa,
D0140,31102023,
D0141,Konflik,
D0141,Israel,
D0141,dan,
D0141,Palestina,
D0141,yang,
D0141,kini,
D0141,memanas,
D0141,turut,
D0141,dibahas,
D0141,dalam,
D0141,pertemuan,
D0141,Asian,
D0141,African,
D0141,Legal,
D0141,Consultative,
D0141,Organization,
D0141,AALCO,
D0141,di,
D0141,Bali,
D0141,Hal,
D0141,tersebut,
D0141,diungkapkan,
D0141,oleh,
D0141,Kepala,
D0141,Kepolisian,
D0141,Daerah,
D0141,Kapolda,
D0141,Bali,
D0141,Irjen,
D0141,Ida,
D0141,Bagus,
D0141,Kade,
D0141,Putra,
D0141,Narendra,
D0141,Pertemuan,
D0141,AALCO,
D0141,ke61,
D0141,akan,
D0141,membahas,
D0141,berbagai,
D0141,isu,
D0141,hukum,
D0141,seperti,
D0141,isu,
D0141,HAM,
D0141,lingkungan,
D0141,dan,
D0141,pembangunan,
D0141,berkelanjutan,
D0141,hukum,
D0141,dagang,
D0141,dan,
D0141,investasi,
D0141,internasional,
D0141,serta,
D0141,isu,
D0141,yang,
D0141,tengah,
D0141,hangat,
D0141,di,
D0141,dunia,
D0141,saat,
D0141,ini,
D0141,yaitu,
D0141,isu,
D0141,Palestina,
D0141,dan,
D0141,Israel,
D0141,sehingga,
D0141,berpotensi,
D0141,adanya,
D0141,unjuk,
D0141,rasa,
D0141,kata,
D0141,Putra,
D0141,Narendra,
D0141,dalam,
D0141,siaran,
D0141,pers,
D0141,Senin,
D0141,16102023,
D0141,Forum,
D0141,AALCO,
D0141,merupakan,
D0141,pertemuan,
D0141,negara,
D0141,AsiaAfrika,
D0141,Forum,
D0141,ini,
D0141,bertujuan,
D0141,untuk,
D0141,menyatukan,
D0141,dan,
D0141,memperjuangkan,
D0141,berbagai,
D0141,kepentingan,
D0141,dari,
D0141,negaranegara,
D0141,Asia,
D0141,Afrika,
D0141,khususnya,
D0141,di,
D0141,bidang,
D0141,hukum,
D0141,dan,
D0141,kerja,
D0141,sama,
D0141,hukum,
D0141,Pertemuan,
D0141,dihadiri,
D0141,oleh,
D0141,Wakil,
D0141,Presiden,
D0141,Maruf,
D0141,Amin,
D0141,dan,
D0141,pejabat,
D0141,setingkat,
D0141,menteri,
D0141,dari,
D0141,negaranegara,
D0141,anggota,
D0141,AALCO,
D0141,SCROLL,
D0141,TO,
D0141,CONTINUE,
D0141,WITH,
D0141,CONTENT,
D0141,Adapun,
D0141,jumlah,
D0141,pejabat,
D0141,yang,
D0141,hadir,
D0141,diperkirakan,
D0141,mencapai,
D0141,47,
D0141,negara,
D0141,yang,
D0141,terdiri,
D0141,dari,
D0141,32,
D0141,negaranegara,
D0141,Asia,
D0141,dan,
D0141,15,
D0141,dari,
D0141,Benua,
D0141,Afrika,
D0141,Selain,
D0141,itu,
D0141,pertemuan,
D0141,juga,
D0141,akan,
D0141,dihadiri,
D0141,oleh,
D0141,delegasi,
D0141,dari,
D0141,41,
D0141,negara,
D0141,pengamat,
D0141,dan,
D0141,21,
D0141,organisasi,
D0141,internasional,
D0141,Putra,
D0141,Narendra,
D0141,mengungkapkan,
D0141,Polda,
D0141,Bali,
D0141,menggelar,
D0141,operasi,
D0141,kepolisian,
D0141,kewilayahan,
D0141,dengan,
D0141,sandi,
D0141,Operasi,
D0141,Puri,
D0141,Agung,
D0141,VIII2023,
D0141,dalam,
D0141,pengamanan,
D0141,AALCO,
D0141,Pengamanan,
D0141,dilakukan,
D0141,berkoordinasi,
D0141,dengan,
D0141,Satuan,
D0141,Tugas,
D0141,Pengamanan,
D0141,Wilayah,
D0141,Satgaspamwil,
D0141,TNI,
D0141,dan,
D0141,stakeholder,
D0141,terkait,
D0141,lainnya,
D0141,Untuk,
D0141,mengamankan,
D0141,kegiatan,
D0141,AALCO,
D0141,Polda,
D0141,Bali,
D0141,menggelar,
D0141,Operasi,
D0141,Puri,
D0141,Agung,
D0141,VIII2023,
D0141,Operasi,
D0141,yang,
D0141,kami,
D0141,laksanakan,
D0141,saat,
D0141,ini,
D0141,akan,
D0141,menggunakan,
D0141,pola,
D0141,ring,
D0141,dengan,
D0141,mengedepankan,
D0141,upaya,
D0141,preventif,
D0141,dan,
D0141,preemtif,
D0141,yang,
D0141,didukung,
D0141,oleh,
D0141,kegiatan,
D0141,penegakan,
D0141,hukum,
D0141,serta,
D0141,fungsi,
D0141,kepolisian,
D0141,lainnya,
D0141,jelasnya,
D0141,Operasi,
D0141,dilaksanakan,
D0141,selama,
D0141,lima,
D0141,hari,
D0141,dari,
D0141,16,
D0141,hingga,
D0141,20,
D0141,Oktober,
D0141,2023,
D0141,Bertempat,
D0141,di,
D0141,Bali,
D0141,Nusa,
D0141,Dua,
D0141,Convention,
D0141,Center,
D0141,BNDCC,
D0141,kawasan,
D0141,The,
D0141,Nusa,
D0141,Dua,
D0141,Kecamatan,
D0141,Kuta,
D0141,Selatan,
D0141,Kabupaten,
D0141,Badung,
D0141,Polda,
D0141,Bali,
D0141,menerjunkan,
D0141,761,
D0141,personel,
D0141,dalam,
D0141,operasi,
D0141,tersebut,
D0141,Saya,
D0141,berharap,
D0141,agar,
D0141,seluruh,
D0141,personel,
D0141,terlibat,
D0141,operasi,
D0141,sudah,
D0141,memahami,
D0141,dan,
D0141,siap,
D0141,untuk,
D0141,melaksanakan,
D0141,tugasnya,
D0141,masingmasing,
D0141,Seperti,
D0141,halnya,
D0141,kegiatan,
D0141,pertemuan,
D0141,internasional,
D0141,lainnya,
D0141,kegiatan,
D0141,ini,
D0141,juga,
D0141,berpotensi,
D0141,terjadinya,
D0141,berbagai,
D0141,aksi,
D0141,seperti,
D0141,kriminalitas,
D0141,hingga,
D0141,terorisme,
D0141,yang,
D0141,dapat,
D0141,mengganggu,
D0141,jalannya,
D0141,kegiatan,
D0141,AALCO,
D0141,jelas,
D0141,Putra,
D0141,Narendra,
D0141,Dia,
D0141,meminta,
D0141,kepada,
D0141,seluruh,
D0141,perwira,
D0141,pengendali,
D0141,untuk,
D0141,melakukan,
D0141,pengawasan,
D0141,dan,
D0141,memberikan,
D0141,pengarahan,
D0141,kepada,
D0141,anggotanya,
D0141,terkait,
D0141,rencana,
D0141,pengamanan,
D0141,dan,
D0141,cara,
D0141,bertindak,
D0141,di,
D0141,lapangan,
D0141,Hal,
D0141,itu,
D0141,dilakukan,
D0141,untuk,
D0141,mengantisipasi,
D0141,terjadinya,
D0141,gangguan,
D0141,keamanan,
D0141,Laporkan,
D0141,setiap,
D0141,kejadian,
D0141,menonjol,
D0141,kepada,
D0141,pimpinan,
D0141,secara,
D0141,berjenjang,
D0141,agar,
D0141,segera,
D0141,mendapat,
D0141,penanganan,
D0141,sebelum,
D0141,menjadi,
D0141,gangguan,
D0141,yang,
D0141,meluas,
D0141,pintanya,
D0142,Dini,
D0142,Sera,
D0142,Afrianti,
D0142,atau,
D0142,Andini,
D0142,29,
D0142,warga,
D0142,Sukabumi,
D0142,tewas,
D0142,diduga,
D0142,dianiaya,
D0142,oleh,
D0142,kekasihnya,
D0142,R,
D0142,yang,
D0142,merupakan,
D0142,anak,
D0142,salah,
D0142,satu,
D0142,Anggota,
D0142,DPR,
D0142,RI,
D0142,Peristiwa,
D0142,penganiayaan,
D0142,itu,
D0142,terjadi,
D0142,di,
D0142,Blackhole,
D0142,KTV,
D0142,Surabaya,
D0142,tetapi,
D0142,pengelola,
D0142,tempat,
D0142,karaoke,
D0142,itu,
D0142,mengaku,
D0142,tidak,
D0142,tahu,
D0142,Hingga,
D0142,saat,
D0142,ini,
D0142,pihak,
D0142,kepolisian,
D0142,masih,
D0142,melakukan,
D0142,penyelidikan,
D0142,tentang,
D0142,kasus,
D0142,dugaan,
D0142,penganiayaan,
D0142,yang,
D0142,menimpa,
D0142,Dini,
D0142,hingga,
D0142,perempuan,
D0142,itu,
D0142,meninggal,
D0142,Berkaitan,
D0142,dengan,
D0142,peristiwa,
D0142,itu,
D0142,detikJatim,
D0142,berupaya,
D0142,mengonfirmasi,
D0142,kepada,
D0142,manajemen,
D0142,Blackhole,
D0142,KTV,
D0142,di,
D0142,lantai,
D0142,3,
D0142,mal,
D0142,Lenmarc,
D0142,Surabaya,
D0142,Salah,
D0142,satu,
D0142,staf,
D0142,Blackhole,
D0142,KTV,
D0142,bernama,
D0142,Aryo,
D0142,yang,
D0142,bersedia,
D0142,memberikan,
D0142,klarifikasi,
D0142,menyampaikan,
D0142,bahwa,
D0142,pihaknya,
D0142,tidak,
D0142,mengetahui,
D0142,secara,
D0142,pasti,
D0142,tentang,
D0142,peristiwa,
D0142,penganiayaan,
D0142,tersebut,
D0142,SCROLL,
D0142,TO,
D0142,CONTINUE,
D0142,WITH,
D0142,CONTENT,
D0142,Kejadian,
D0142,meninggal,
D0142,bukan,
D0142,di,
D0142,tempat,
D0142,kami,
D0142,Ikut,
D0142,mal,
D0142,Lenmarc,
D0142,Jadi,
D0142,kalau,
D0142,bapak,
D0142,ingin,
D0142,tahu,
D0142,ceritanya,
D0142,atau,
D0142,apa,
D0142,ke,
D0142,pihak,
D0142,mal,
D0142,saja,
D0142,Kami,
D0142,tidak,
D0142,ikut,
D0142,campur,
D0142,soal,
D0142,itu,
D0142,kami,
D0142,tidak,
D0142,tahu,
D0142,apaapa,
D0142,kata,
D0142,Aryo,
D0142,Kamis,
D0142,5102023,
D0142,Saat,
D0142,ditanya,
D0142,apakah,
D0142,benar,
D0142,korban,
D0142,Dini,
D0142,sempat,
D0142,datang,
D0142,bersama,
D0142,kekasihnya,
D0142,R,
D0142,ke,
D0142,Blackhole,
D0142,KTV,
D0142,Dengan,
D0142,santai,
D0142,sambil,
D0142,tertawa,
D0142,kecil,
D0142,Aryo,
D0142,kembali,
D0142,menyarankan,
D0142,wartawan,
D0142,untuk,
D0142,menanyakan,
D0142,hal,
D0142,itu,
D0142,kepada,
D0142,pihak,
D0142,manajemen,
D0142,mal,
D0142,yang,
D0142,memiliki,
D0142,CCTV,
D0142,Lihat,
D0142,di,
D0142,CCTV,
D0142,mal,
D0142,saja,
D0142,pak,
D0142,tahu,
D0142,semuanya,
D0142,Kami,
D0142,hanya,
D0142,sewa,
D0142,gedung,
D0142,di,
D0142,sini,
D0142,Mohon,
D0142,maaf,
D0142,kami,
D0142,nggak,
D0142,tahu,
D0142,ujar,
D0142,Aryo,
D0142,Meski,
D0142,demikian,
D0142,Aryo,
D0142,membenarkan,
D0142,bahwa,
D0142,penyidik,
D0142,Polrestabes,
D0142,Surabaya,
D0142,telah,
D0142,datang,
D0142,ke,
D0142,Blackhole,
D0142,KTV,
D0142,untuk,
D0142,meminta,
D0142,keterangan,
D0142,Dia,
D0142,sendiri,
D0142,mengaku,
D0142,tidak,
D0142,tahu,
D0142,sudah,
D0142,ada,
D0142,berapa,
D0142,orang,
D0142,karyawan,
D0142,di,
D0142,tempat,
D0142,karaoke,
D0142,itu,
D0142,yang,
D0142,sudah,
D0142,dimintai,
D0142,keterangan,
D0142,oleh,
D0142,polisi,
D0142,Sudahsudah,
D0142,dimintai,
D0142,keterangan,
D0142,oleh,
D0142,polisi,
D0142,Kami,
D0142,kurang,
D0142,tahu,
D0142,juga,
D0142,sih,
D0142,berapa,
D0142,yang,
D0142,dimintai,
D0142,keterangan,
D0142,ujar,
D0142,Aryo,
D0142,Sementara,
D0142,itu,
D0142,Markom,
D0142,Lenmarc,
D0142,Kukuh,
D0142,Suharno,
D0142,menegaskan,
D0142,bahwa,
D0142,peristiwa,
D0142,tewasnya,
D0142,Dini,
D0142,diduga,
D0142,usai,
D0142,dianiaya,
D0142,oleh,
D0142,R,
D0142,tidak,
D0142,terjadi,
D0142,di,
D0142,mal,
D0142,tersebut,
D0142,Karena,
D0142,kejadian,
D0142,tidak,
D0142,di,
D0142,sini,
D0142,juga,
D0142,Kami,
D0142,hanya,
D0142,mengikuti,
D0142,proses,
D0142,dari,
D0142,pihak,
D0142,kepolisian,
D0142,Kalau,
D0142,mau,
D0142,tanya,
D0142,monggo,
D0142,ke,
D0142,pihak,
D0142,kepolisian,
D0142,saja,
D0142,kata,
D0142,Kukuh,
D0142,Saat,
D0142,disinggung,
D0142,soal,
D0142,CCTV,
D0142,yang,
D0142,diduga,
D0142,merekam,
D0142,kejadian,
D0142,dugaan,
D0142,penganiayaan,
D0142,terhadap,
D0142,Dini,
D0142,Kukuh,
D0142,menyampaikan,
D0142,bahwa,
D0142,mal,
D0142,tempat,
D0142,dirinya,
D0142,bekerja,
D0142,memang,
D0142,sudah,
D0142,dilengkapi,
D0142,sejumlah,
D0142,CCTV,
D0142,Kami,
D0142,memang,
D0142,standar,
D0142,ada,
D0142,CCTV,
D0142,Tapi,
D0142,CCTV,
D0142,isinya,
D0142,bagaimana,
D0142,di,
D0142,manamana,
D0142,CCTV,
D0142,di,
D0142,rumah,
D0142,pribadi,
D0142,sekali,
D0142,pun,
D0142,since,
D0142,you,
D0142,have,
D0142,problem,
D0142,with,
D0142,criminality,
D0142,kalau,
D0142,itu,
D0142,dibilang,
D0142,kriminalitas,
D0142,ujar,
D0142,Kukuh,
D0142,Kukuh,
D0142,menyatakan,
D0142,pihaknya,
D0142,akan,
D0142,mendukung,
D0142,penuh,
D0142,penyelidikan,
D0142,yang,
D0142,dilakukan,
D0142,pihak,
D0142,kepolisian,
D0142,Bahkan,
D0142,petugas,
D0142,juga,
D0142,sempat,
D0142,memback,
D0142,up,
D0142,CCTV,
D0142,yang,
D0142,diduga,
D0142,merekam,
D0142,kejadian,
D0142,penganiayaan,
D0142,Polisi,
D0142,sudah,
D0142,handle,
D0142,Kami,
D0142,terus,
D0142,terang,
D0142,karena,
D0142,kasusnya,
D0142,tidak,
D0142,di,
D0142,sini,
D0142,Kami,
D0142,cuma,
D0142,ketempatan,
D0142,tenant,
D0142,Blackhole,
D0142,KTV,
D0142,saja,
D0142,ujar,
D0142,Kukuh,
D0142,Sudah,
D0142,beberapa,
D0142,barang,
D0142,diambil,
D0142,polisi,
D0142,Secara,
D0142,spesifik,
D0142,tidak,
D0142,bisa,
D0142,saya,
D0142,sebutkan,
D0142,tukasnya,
D0143,R,
D0143,27,
D0143,diamankan,
D0143,polisi,
D0143,karena,
D0143,tertangkap,
D0143,basah,
D0143,hendak,
D0143,mengantarkan,
D0143,minuman,
D0143,keras,
D0143,ke,
D0143,sejumlah,
D0143,toko,
D0143,jamu,
D0143,di,
D0143,wilayah,
D0143,Kota,
D0143,Cimahi,
D0143,Puluhan,
D0143,botol,
D0143,miras,
D0143,gagal,
D0143,beredar,
D0143,Ia,
D0143,disergap,
D0143,polisi,
D0143,yang,
D0143,sedang,
D0143,melakukan,
D0143,patroli,
D0143,Saat,
D0143,itu,
D0143,R,
D0143,sedang,
D0143,mengendarai,
D0143,sepeda,
D0143,motor,
D0143,mengangkut,
D0143,beberapa,
D0143,dus,
D0143,berisi,
D0143,puluhan,
D0143,botol,
D0143,minuman,
D0143,keras,
D0143,yang,
D0143,bakal,
D0143,didistribusikan,
D0143,R,
D0143,diamankan,
D0143,polisi,
D0143,di,
D0143,daerah,
D0143,Kebon,
D0143,Kopi,
D0143,Kelurahan,
D0143,Cibeureum,
D0143,Kecamatan,
D0143,Cimahi,
D0143,Selatan,
D0143,Kota,
D0143,Cimahi,
D0143,Pria,
D0143,itu,
D0143,diberhentikan,
D0143,polisi,
D0143,lantaran,
D0143,gerakgeriknya,
D0143,mencurigakan,
D0143,SCROLL,
D0143,TO,
D0143,CONTINUE,
D0143,WITH,
D0143,CONTENT,
D0143,Kami,
D0143,hentikan,
D0143,di,
D0143,Cijerah,
D0143,karena,
D0143,saat,
D0143,itu,
D0143,dia,
D0143,mencurigakan,
D0143,dan,
D0143,menghindari,
D0143,polisi,
D0143,Dia,
D0143,membawa,
D0143,tiga,
D0143,dus,
D0143,setelah,
D0143,dicek,
D0143,ternyata,
D0143,berisi,
D0143,miras,
D0143,kata,
D0143,Kasat,
D0143,Sabhara,
D0143,Polres,
D0143,Cimahi,
D0143,AKP,
D0143,Duddy,
D0143,Iskandar,
D0143,saat,
D0143,dihubungi,
D0143,Senin,
D0143,2102023,
D0143,Miras,
D0143,itu,
D0143,kata,
D0143,Duddy,
D0143,sudah,
D0143,dipesan,
D0143,oleh,
D0143,para,
D0143,penjual,
D0143,yang,
D0143,cara,
D0143,penjualannya,
D0143,disamarkan,
D0143,dengan,
D0143,toko,
D0143,jamu,
D0143,dan,
D0143,metode,
D0143,lainnya,
D0143,Dari,
D0143,pengakuan,
D0143,pelaku,
D0143,miras,
D0143,itu,
D0143,akan,
D0143,dikirim,
D0143,ke,
D0143,toko,
D0143,jamu,
D0143,wilayah,
D0143,Kota,
D0143,Cimahi,
D0143,sehingga,
D0143,kami,
D0143,amankan,
D0143,kurir,
D0143,tersebut,
D0143,Total,
D0143,ada,
D0143,36,
D0143,botol,
D0143,miras,
D0143,yang,
D0143,dimasukkan,
D0143,ke,
D0143,dalam,
D0143,tiga,
D0143,dus,
D0143,kata,
D0143,Duddy,
D0143,Pihaknya,
D0143,kemudian,
D0143,mengamankan,
D0143,kurir,
D0143,miras,
D0143,tersebut,
D0143,Miras,
D0143,yang,
D0143,dibawa,
D0143,itu,
D0143,juga,
D0143,kemudian,
D0143,disita,
D0143,dan,
D0143,diamankan,
D0143,ke,
D0143,Mapolres,
D0143,Cimahi,
D0143,Kurirnya,
D0143,kemudian,
D0143,diamankan,
D0143,dan,
D0143,diperiksa,
D0143,Untuk,
D0143,barang,
D0143,bukti,
D0143,mirasnya,
D0143,juga,
D0143,sudah,
D0143,kami,
D0143,sita,
D0143,karena,
D0143,riskan,
D0143,memicu,
D0143,kriminalitas,
D0143,ucap,
D0143,Duddy,
D0144,Seorang,
D0144,remaja,
D0144,lakilaki,
D0144,berusia,
D0144,14,
D0144,tahun,
D0144,di,
D0144,Spanyol,
D0144,menggegerkan,
D0144,publik,
D0144,setelah,
D0144,aksinya,
D0144,menikam,
D0144,tiga,
D0144,guru,
D0144,dan,
D0144,dua,
D0144,siswa,
D0144,Dia,
D0144,bahkan,
D0144,menusuk,
D0144,salah,
D0144,satu,
D0144,korban,
D0144,di,
D0144,bagian,
D0144,mata,
D0144,Dikutip,
D0144,detikNews,
D0144,dari,
D0144,AFP,
D0144,peristiwa,
D0144,ini,
D0144,terjadi,
D0144,di,
D0144,sebuah,
D0144,sekolah,
D0144,di,
D0144,Jerez,
D0144,de,
D0144,la,
D0144,Frontera,
D0144,Spanyol,
D0144,Selatan,
D0144,Remaja,
D0144,yang,
D0144,tak,
D0144,disebutkan,
D0144,namanya,
D0144,itu,
D0144,diduga,
D0144,menikam,
D0144,korban,
D0144,beberapa,
D0144,kali,
D0144,sesaat,
D0144,setelah,
D0144,jam,
D0144,pelajaran,
D0144,dimulai,
D0144,Polisi,
D0144,menemukan,
D0144,tersangka,
D0144,di,
D0144,lantai,
D0144,tiga,
D0144,Dia,
D0144,memiliki,
D0144,dua,
D0144,pisau,
D0144,yang,
D0144,digunakan,
D0144,untuk,
D0144,menyerang,
D0144,tiga,
D0144,guru,
D0144,dan,
D0144,dua,
D0144,siswa,
D0144,ujar,
D0144,juru,
D0144,bicara,
D0144,polisi,
D0144,Adrian,
D0144,Dominguez,
D0144,sebagaimana,
D0144,dilansir,
D0144,AFP,
D0144,Kamis,
D0144,2892023,
D0144,SCROLL,
D0144,TO,
D0144,CONTINUE,
D0144,WITH,
D0144,CONTENT,
D0144,Pihak,
D0144,kepolisian,
D0144,sendiri,
D0144,tidak,
D0144,menjelaskan,
D0144,secara,
D0144,detail,
D0144,kondisi,
D0144,para,
D0144,korban,
D0144,Namun,
D0144,media,
D0144,setempat,
D0144,mengabarkan,
D0144,bahwa,
D0144,salah,
D0144,satu,
D0144,guru,
D0144,mengalami,
D0144,luka,
D0144,serius,
D0144,setelah,
D0144,ditusuk,
D0144,di,
D0144,bagian,
D0144,mata,
D0144,Sementara,
D0144,yang,
D0144,lainnya,
D0144,mengalami,
D0144,luka,
D0144,ringan,
D0144,Sementara,
D0144,itu,
D0144,saksi,
D0144,mata,
D0144,yang,
D0144,merupakan,
D0144,siswa,
D0144,di,
D0144,sekolah,
D0144,itu,
D0144,menceritakan,
D0144,bahwa,
D0144,pelaku,
D0144,menggunakan,
D0144,dua,
D0144,pisau,
D0144,untuk,
D0144,menikam,
D0144,para,
D0144,korban,
D0144,Remaja,
D0144,ini,
D0144,pun,
D0144,disebut,
D0144,punya,
D0144,perangai,
D0144,yang,
D0144,cepat,
D0144,marah,
D0144,dan,
D0144,suka,
D0144,berkelahi,
D0144,Saya,
D0144,melihat,
D0144,orang,
D0144,dengan,
D0144,dua,
D0144,pisau,
D0144,dengan,
D0144,raut,
D0144,wajahnya,
D0144,seperti,
D0144,ingin,
D0144,menikam,
D0144,semua,
D0144,orang,
D0144,ujar,
D0144,saksi,
D0144,mata,
D0144,yang,
D0144,enggan,
D0144,disebutkan,
D0144,namanya,
D0144,itu,
D0144,Kejadian,
D0144,ini,
D0144,pun,
D0144,sempat,
D0144,menggegerkan,
D0144,publik,
D0144,karena,
D0144,tingkat,
D0144,kriminalitas,
D0144,yang,
D0144,sebenarnya,
D0144,rendah,
D0144,di,
D0144,lokasi,
D0144,tersebut,
D0144,Orang,
D0144,tua,
D0144,murid,
D0144,pun,
D0144,tampak,
D0144,langsung,
D0144,mendatangi,
D0144,sekolah,
D0144,usai,
D0144,kejadian,
D0144,karena,
D0144,khawatir,
D0144,akan,
D0144,kondisi,
D0144,anakanaknya,
D0144,Ini,
D0144,sangat,
D0144,menyedihkan,
D0144,dan,
D0144,dramatis,
D0144,karena,
D0144,semua,
D0144,orang,
D0144,tua,
D0144,berada,
D0144,di,
D0144,luar,
D0144,sekolah,
D0144,berharap,
D0144,mereka,
D0144,dapat,
D0144,memeluk,
D0144,anakanak,
D0144,mereka,
D0144,ujar,
D0144,Wali,
D0144,Kota,
D0144,Jerez,
D0144,de,
D0144,la,
D0144,Frontera,
D0144,Maria,
D0144,Jose,
D0144,GarciaPelayo,
D0145,Dua,
D0145,siswa,
D0145,Sekolah,
D0145,Menengah,
D0145,Kejuruan,
D0145,SMK,
D0145,berinisial,
D0145,PWP,
D0145,15,
D0145,dan,
D0145,BRPD,
D0145,16,
D0145,berkelahi,
D0145,di,
D0145,Balai,
D0145,Banjar,
D0145,Cengkilung,
D0145,Desa,
D0145,Peguyangan,
D0145,Kangin,
D0145,Kecamatan,
D0145,Denpasar,
D0145,Utara,
D0145,Kota,
D0145,Denpasar,
D0145,Keduanya,
D0145,adu,
D0145,jotos,
D0145,berawal,
D0145,dari,
D0145,saling,
D0145,ejek,
D0145,di,
D0145,sekolah,
D0145,Kepala,
D0145,Seksi,
D0145,Hubungan,
D0145,Masyarakat,
D0145,Kasi,
D0145,Humas,
D0145,Polresta,
D0145,Denpasar,
D0145,AKP,
D0145,I,
D0145,Ketut,
D0145,Sukadi,
D0145,mengatakan,
D0145,Polisi,
D0145,Banjar,
D0145,turun,
D0145,tangan,
D0145,melakukan,
D0145,mediasi,
D0145,perkelahian,
D0145,kedua,
D0145,pelajar,
D0145,tersebut,
D0145,Mediasi,
D0145,kedua,
D0145,pelajar,
D0145,kelas,
D0145,10,
D0145,itu,
D0145,dilakukan,
D0145,pada,
D0145,Sabtu,
D0145,2392023,
D0145,Mediasi,
D0145,ini,
D0145,dilakukan,
D0145,untuk,
D0145,memberikan,
D0145,arahan,
D0145,bimbingan,
D0145,dan,
D0145,nasihat,
D0145,kepada,
D0145,pelajar,
D0145,agar,
D0145,tidak,
D0145,mengulangi,
D0145,perbuatan,
D0145,mereka,
D0145,yang,
D0145,dapat,
D0145,merugikan,
D0145,diri,
D0145,sendiri,
D0145,dan,
D0145,orang,
D0145,lain,
D0145,kata,
D0145,Sukadi,
D0145,dalam,
D0145,keterangannya,
D0145,kepada,
D0145,wartawan,
D0145,Sabtu,
D0145,2392023,
D0145,SCROLL,
D0145,TO,
D0145,CONTINUE,
D0145,WITH,
D0145,CONTENT,
D0145,Sukadi,
D0145,menuturkan,
D0145,peristiwa,
D0145,perkelahian,
D0145,dua,
D0145,pelajar,
D0145,SMK,
D0145,itu,
D0145,terjadi,
D0145,pada,
D0145,Jumat,
D0145,2292023,
D0145,sekitar,
D0145,pukul,
D0145,1230,
D0145,Wita,
D0145,PWP,
D0145,dan,
D0145,BRPD,
D0145,awalnya,
D0145,saling,
D0145,mengolokolok,
D0145,di,
D0145,sekolah,
D0145,yang,
D0145,akhirnya,
D0145,berujung,
D0145,adu,
D0145,jotos,
D0145,di,
D0145,balai,
D0145,banjar,
D0145,dan,
D0145,disaksikan,
D0145,oleh,
D0145,temantemannya,
D0145,Warga,
D0145,Banjar,
D0145,kemudian,
D0145,melaporkan,
D0145,peristiwa,
D0145,perkelahian,
D0145,kedua,
D0145,pelajar,
D0145,SMK,
D0145,tersebut,
D0145,Polisi,
D0145,Banjar,
D0145,Bripda,
D0145,Made,
D0145,Hadi,
D0145,Dharmayasa,
D0145,dan,
D0145,Bhabinkamtibmas,
D0145,Peguyangan,
D0145,Kangin,
D0145,Aiptu,
D0145,Nyoman,
D0145,Suwinaya,
D0145,kemudian,
D0145,mendatangi,
D0145,lokasi,
D0145,dan,
D0145,meredakan,
D0145,perkelahian,
D0145,tersebut,
D0145,Mediasi,
D0145,kedua,
D0145,pelajar,
D0145,itu,
D0145,akhirnya,
D0145,dilakukan,
D0145,keesokan,
D0145,harinya,
D0145,Sabtu,
D0145,Mediasi,
D0145,dihadiri,
D0145,juga,
D0145,oleh,
D0145,perwakilan,
D0145,sekolah,
D0145,orang,
D0145,tua,
D0145,siswa,
D0145,dan,
D0145,delapan,
D0145,siswa,
D0145,SMK,
D0145,lainnya,
D0145,Selanjutnya,
D0145,para,
D0145,pelajar,
D0145,diminta,
D0145,untuk,
D0145,berdamai,
D0145,dan,
D0145,membuat,
D0145,surat,
D0145,perjanjian,
D0145,yang,
D0145,akan,
D0145,disaksikan,
D0145,oleh,
D0145,orang,
D0145,tua,
D0145,mereka,
D0145,terangnya,
D0145,Sukadi,
D0145,mengatakan,
D0145,perkelahian,
D0145,kedua,
D0145,orang,
D0145,pelajar,
D0145,SMK,
D0145,kelas,
D0145,10,
D0145,itu,
D0145,sangat,
D0145,serius,
D0145,Menurutnya,
D0145,peristiwa,
D0145,tersebut,
D0145,bisa,
D0145,berdampak,
D0145,luas,
D0145,ke,
D0145,arah,
D0145,tindak,
D0145,pidana,
D0145,kriminalitas,
D0145,bila,
D0145,tidak,
D0145,ditangani,
D0145,secara,
D0145,cepat,
D0145,Kejadian,
D0145,ini,
D0145,telah,
D0145,mengarah,
D0145,kepada,
D0145,tindakan,
D0145,kriminal,
D0145,dan,
D0145,jika,
D0145,tidak,
D0145,ditindaklanjuti,
D0145,dapat,
D0145,mengakibatkan,
D0145,tindakan,
D0145,pidana,
D0145,seperti,
D0145,pengeroyokan,
D0145,dan,
D0145,tindakan,
D0145,kriminal,
D0145,lainnya,
D0145,ungkap,
D0145,Sukadi,
D0146,Polisi,
D0146,menetapkan,
D0146,dua,
D0146,tersangka,
D0146,buntut,
D0146,aksi,
D0146,tawuran,
D0146,di,
D0146,wilayah,
D0146,Kecamatan,
D0146,Sukolilo,
D0146,Kabupaten,
D0146,Pati,
D0146,Keduanya,
D0146,diduga,
D0146,menjadi,
D0146,pelaku,
D0146,utama,
D0146,karena,
D0146,memiliki,
D0146,senjata,
D0146,tajam,
D0146,Mereka,
D0146,adalah,
D0146,GR,
D0146,18,
D0146,dan,
D0146,GPP,
D0146,16,
D0146,Keduanya,
D0146,terbukti,
D0146,memiliki,
D0146,dan,
D0146,membawa,
D0146,senjata,
D0146,tajam,
D0146,berupa,
D0146,celurit,
D0146,saat,
D0146,tawuran,
D0146,terjadi,
D0146,jelas,
D0146,Kapolresta,
D0146,Pati,
D0146,AKBP,
D0146,Jaka,
D0146,Wahyudi,
D0146,dalam,
D0146,keterangan,
D0146,tertulis,
D0146,diterima,
D0146,detikJateng,
D0146,Sabtu,
D0146,1752025,
D0146,Jaka,
D0146,mengatakan,
D0146,peristiwa,
D0146,tawuran,
D0146,antargangster,
D0146,ini,
D0146,terjadi,
D0146,di,
D0146,perbatasan,
D0146,dua,
D0146,Desa,
D0146,di,
D0146,Sukolilo,
D0146,pada,
D0146,Sabtu,
D0146,dini,
D0146,hari,
D0146,35,
D0146,sekitar,
D0146,pukul,
D0146,0115,
D0146,WIB,
D0146,Dia,
D0146,menjelaskan,
D0146,dua,
D0146,kelompok,
D0146,gangster,
D0146,yang,
D0146,terlibat,
D0146,tawuran,
D0146,ini,
D0146,menamai,
D0146,diri,
D0146,All,
D0146,Star,
D0146,Sukolilo,
D0146,dan,
D0146,GPW,
D0146,SCROLL,
D0146,TO,
D0146,CONTINUE,
D0146,WITH,
D0146,CONTENT,
D0146,Motif,
D0146,pertikaian,
D0146,ini,
D0146,diduga,
D0146,kuat,
D0146,dipicu,
D0146,oleh,
D0146,saling,
D0146,tantang,
D0146,yang,
D0146,dilontarkan,
D0146,melalui,
D0146,media,
D0146,sosial,
D0146,yang,
D0146,berujung,
D0146,pada,
D0146,kesepakatan,
D0146,untuk,
D0146,berduel,
D0146,di,
D0146,lokasi,
D0146,kejadian,
D0146,jelasnya,
D0146,Menurutnya,
D0146,aksi,
D0146,tawuran,
D0146,ini,
D0146,berhasil,
D0146,dibubarkan,
D0146,oleh,
D0146,petugas,
D0146,kepolisian,
D0146,yang,
D0146,melakukan,
D0146,patroli,
D0146,Polisi,
D0146,mengamankan,
D0146,sembilan,
D0146,orang,
D0146,dalam,
D0146,kejadian,
D0146,tawuran,
D0146,ini,
D0146,Polisi,
D0146,menetapkan,
D0146,dua,
D0146,orang,
D0146,sebagai,
D0146,pelaku,
D0146,utama,
D0146,jelasnya,
D0146,Selain,
D0146,mengamankan,
D0146,para,
D0146,pelaku,
D0146,kami,
D0146,juga,
D0146,berhasil,
D0146,menyita,
D0146,barang,
D0146,bukti,
D0146,berupa,
D0146,dua,
D0146,bilah,
D0146,celurit,
D0146,yang,
D0146,diduga,
D0146,kuat,
D0146,digunakan,
D0146,dalam,
D0146,perkelahian,
D0146,tersebut,
D0146,dia,
D0146,melanjutkan,
D0146,Akibat,
D0146,perbuatan,
D0146,nekatnya,
D0146,kedua,
D0146,pelaku,
D0146,kini,
D0146,harus,
D0146,berhadapan,
D0146,dengan,
D0146,hukum,
D0146,dan,
D0146,dijerat,
D0146,dengan,
D0146,UndangUndang,
D0146,Darurat,
D0146,Nomor,
D0146,12,
D0146,Tahun,
D0146,1952,
D0146,tentang,
D0146,kepemilikan,
D0146,senjata,
D0146,tajam,
D0146,Kami,
D0146,akan,
D0146,melakukan,
D0146,pemeriksaan,
D0146,intensif,
D0146,terhadap,
D0146,kedua,
D0146,pelaku,
D0146,melakukan,
D0146,penahanan,
D0146,hingga,
D0146,proses,
D0146,penyidikan,
D0146,tuntas,
D0146,Langkah,
D0146,tegas,
D0146,ini,
D0146,kami,
D0146,ambil,
D0146,sebagai,
D0146,upaya,
D0146,penegakan,
D0146,hukum,
D0146,yang,
D0146,tidak,
D0146,pandang,
D0146,bulu,
D0146,dan,
D0146,memberikan,
D0146,efek,
D0146,jera,
D0146,terhadap,
D0146,pelaku,
D0146,tindak,
D0146,kriminalitas,
D0146,terutama,
D0146,yang,
D0146,melibatkan,
D0146,kelompok,
D0146,remaja,
D0146,tegasnya,
D0146,Sementara,
D0146,itu,
D0146,bagi,
D0146,remaja,
D0146,lainnya,
D0146,yang,
D0146,tidak,
D0146,terbukti,
D0146,membawa,
D0146,senjata,
D0146,tajam,
D0146,saat,
D0146,kejadian,
D0146,dilakukan,
D0146,pembinaan,
D0146,Mulai,
D0146,langkah,
D0146,pembinaan,
D0146,yang,
D0146,melibatkan,
D0146,pihak,
D0146,sekolah,
D0146,orang,
D0146,tua,
D0146,dan,
D0146,kepala,
D0146,desa,
D0146,Mereka,
D0146,akan,
D0146,diberikan,
D0146,pembinaan,
D0146,khusus,
D0146,dan,
D0146,diwajibkan,
D0146,membuat,
D0146,surat,
D0146,pernyataan,
D0146,serta,
D0146,mengikuti,
D0146,absensi,
D0146,pada,
D0146,hari,
D0146,Senin,
D0146,dan,
D0146,Kamis,
D0146,sebagai,
D0146,bentuk,
D0146,pengawasan,
D0146,dan,
D0146,pembinaan,
D0146,karakter,
D0146,ujarnya,
D0147,Polresta,
D0147,Malang,
D0147,Kota,
D0147,mengamankan,
D0147,36,
D0147,tersangka,
D0147,dari,
D0147,Operasi,
D0147,Pekat,
D0147,Semeru,
D0147,II,
D0147,2025,
D0147,yang,
D0147,digelar,
D0147,selama,
D0147,dua,
D0147,pekan,
D0147,Sebanyak,
D0147,36,
D0147,tersangka,
D0147,yang,
D0147,diamankan,
D0147,dari,
D0147,24,
D0147,kasus,
D0147,yang,
D0147,ditangani,
D0147,Wakapolresta,
D0147,Malang,
D0147,Kota,
D0147,AKBP,
D0147,Oskar,
D0147,Syamsuddin,
D0147,mengatakan,
D0147,Operasi,
D0147,Pekat,
D0147,Semeru,
D0147,II,
D0147,digelar,
D0147,mulai,
D0147,1,
D0147,Mei,
D0147,2025,
D0147,hingga,
D0147,14,
D0147,Mei,
D0147,2025,
D0147,Hasil,
D0147,operasi,
D0147,mengungkap,
D0147,kasus,
D0147,penganiayaan,
D0147,kemudian,
D0147,debt,
D0147,collector,
D0147,gangster,
D0147,dan,
D0147,pengeroyokan,
D0147,SCROLL,
D0147,TO,
D0147,CONTINUE,
D0147,WITH,
D0147,CONTENT,
D0147,Oskar,
D0147,merinci,
D0147,untuk,
D0147,kasus,
D0147,penganiayaan,
D0147,ada,
D0147,18,
D0147,tersangka,
D0147,dari,
D0147,18,
D0147,kasus,
D0147,yang,
D0147,ditangani,
D0147,Rinciannya,
D0147,debt,
D0147,collector,
D0147,satu,
D0147,kasus,
D0147,dengan,
D0147,satu,
D0147,tersangka,
D0147,Kemudian,
D0147,gangster,
D0147,satu,
D0147,kasus,
D0147,lima,
D0147,tersangka,
D0147,Dan,
D0147,untuk,
D0147,pengeroyokan,
D0147,empat,
D0147,kasus,
D0147,sebelas,
D0147,tersangka,
D0147,ujar,
D0147,Oskar,
D0147,dalam,
D0147,konferensi,
D0147,pers,
D0147,di,
D0147,Polresta,
D0147,Malang,
D0147,Kota,
D0147,Jumat,
D0147,1652025,
D0147,Oskar,
D0147,menambahkan,
D0147,pihaknya,
D0147,juga,
D0147,mengamankan,
D0147,barang,
D0147,bukti,
D0147,dari,
D0147,tangan,
D0147,para,
D0147,tersangka,
D0147,Mulai,
D0147,dari,
D0147,satu,
D0147,unit,
D0147,sepeda,
D0147,motor,
D0147,tabung,
D0147,gas,
D0147,elpiji,
D0147,dan,
D0147,sejumlah,
D0147,senjata,
D0147,sajam,
D0147,jenis,
D0147,sabit,
D0147,dan,
D0147,pisau,
D0147,Semua,
D0147,ini,
D0147,kita,
D0147,lakukan,
D0147,penyidikan,
D0147,dan,
D0147,masih,
D0147,berproses,
D0147,dan,
D0147,tentunya,
D0147,kita,
D0147,upayakan,
D0147,terus,
D0147,sampai,
D0147,dengan,
D0147,kita,
D0147,serahkan,
D0147,kepada,
D0147,kejaksaan,
D0147,imbuhnya,
D0147,Oskar,
D0147,menjelaskan,
D0147,upaya,
D0147,menjaga,
D0147,situasi,
D0147,aman,
D0147,dan,
D0147,kondusif,
D0147,di,
D0147,wilayah,
D0147,Kota,
D0147,Malang,
D0147,akan,
D0147,terus,
D0147,dilakukan,
D0147,Meskipun,
D0147,pelaksanaan,
D0147,Operasi,
D0147,Pekat,
D0147,Semeru,
D0147,II,
D0147,sudah,
D0147,selesai,
D0147,Salah,
D0147,satunya,
D0147,dengan,
D0147,menggelar,
D0147,kegiatan,
D0147,Kepolisian,
D0147,Rutin,
D0147,Yang,
D0147,Ditingkatkan,
D0147,KRYD,
D0147,akan,
D0147,terus,
D0147,dilakukan,
D0147,untuk,
D0147,mencegah,
D0147,aksi,
D0147,kriminalitas,
D0147,di,
D0147,Kota,
D0147,Malang,
D0147,Dengan,
D0147,sasaran,
D0147,utama,
D0147,premanisme,
D0147,dan,
D0147,kejahatan,
D0147,lainnya,
D0147,untuk,
D0147,menciptakan,
D0147,situasi,
D0147,kondusif,
D0147,di,
D0147,wilayah,
D0147,hukum,
D0147,Polresta,
D0147,Malang,
D0147,Kota,
D0147,jelasnya,
D0147,Sementara,
D0147,itu,
D0147,salah,
D0147,satu,
D0147,kasus,
D0147,yang,
D0147,menyita,
D0147,perhatian,
D0147,adalah,
D0147,keterlibatan,
D0147,pemuda,
D0147,dalam,
D0147,aksi,
D0147,gangster,
D0147,dan,
D0147,pengeroyokan,
D0147,Kasatreskrim,
D0147,Polresta,
D0147,Malang,
D0147,Kota,
D0147,Kompol,
D0147,M,
D0147,Soleh,
D0147,menyampaikan,
D0147,dalam,
D0147,aksinya,
D0147,para,
D0147,pemuda,
D0147,ini,
D0147,mengawali,
D0147,dengan,
D0147,mengonsumsi,
D0147,minuman,
D0147,keras,
D0147,terlebih,
D0147,dahulu,
D0147,Kemudian,
D0147,dalam,
D0147,kondisi,
D0147,pengaruh,
D0147,alkohol,
D0147,mereka,
D0147,berkeliling,
D0147,untuk,
D0147,mencari,
D0147,sasaran,
D0147,untuk,
D0147,melakukan,
D0147,tindak,
D0147,kekerasan,
D0147,Artinya,
D0147,mereka,
D0147,mengajak,
D0147,orangorang,
D0147,yang,
D0147,dia,
D0147,temui,
D0147,untuk,
D0147,berkelahi,
D0147,kata,
D0147,Soleh,
D0147,terpisah,
D0147,Soleh,
D0147,mengungkapkan,
D0147,akibat,
D0147,pengeroyokan,
D0147,tersebut,
D0147,seorang,
D0147,korban,
D0147,sedang,
D0147,dirawat,
D0147,di,
D0147,salah,
D0147,satu,
D0147,rumah,
D0147,sakit,
D0147,di,
D0147,Kota,
D0147,Malang,
D0147,dalam,
D0147,kondisi,
D0147,kritis,
D0147,Peristiwa,
D0147,tersebut,
D0147,terjadi,
D0147,di,
D0147,salah,
D0147,satu,
D0147,kafe,
D0147,yang,
D0147,berada,
D0147,di,
D0147,Jalan,
D0147,Cianjur,
D0147,Kecamatan,
D0147,Klojen,
D0147,Korbannya,
D0147,ditusuk,
D0147,oleh,
D0147,pelaku,
D0147,dalam,
D0147,keadaan,
D0147,mabuk,
D0147,Sehingga,
D0147,terjadi,
D0147,percekcokan,
D0147,dengan,
D0147,korban,
D0147,dan,
D0147,korban,
D0147,ditusuk,
D0147,hingga,
D0147,sekarang,
D0147,kondisinya,
D0147,kritis,
D0147,bebernya,
D0147,Soleh,
D0147,mengimbau,
D0147,kepada,
D0147,masyarakat,
D0147,segera,
D0147,melapor,
D0147,kepada,
D0147,kepolisian,
D0147,apabila,
D0147,menemukan,
D0147,halhal,
D0147,yang,
D0147,sekiranya,
D0147,mengganggu,
D0147,keamanan,
D0147,dan,
D0147,ketertiban,
D0147,masyarakat,
D0147,Segera,
D0147,laporkan,
D0147,kepada,
D0147,kami,
D0147,petugas,
D0147,kepolisian,
D0147,Polresta,
D0147,Malang,
D0147,Kota,
D0147,pungkasnya,
D0148,Seorang,
D0148,pria,
D0148,berinisial,
D0148,DA,
D0148,30,
D0148,warga,
D0148,Kudus,
D0148,yang,
D0148,hendak,
D0148,melerai,
D0148,perkelahian,
D0148,justru,
D0148,menjadi,
D0148,korban,
D0148,pembacokan,
D0148,hingga,
D0148,terluka,
D0148,parah,
D0148,di,
D0148,kepala,
D0148,Pelaku,
D0148,pembacokan,
D0148,pun,
D0148,telah,
D0148,diamankan,
D0148,jajaran,
D0148,Polres,
D0148,Kudus,
D0148,Kapolsek,
D0148,Kudus,
D0148,Kota,
D0148,AKP,
D0148,Subkhan,
D0148,mengatakan,
D0148,pembacokan,
D0148,ini,
D0148,terjadi,
D0148,di,
D0148,halaman,
D0148,parkir,
D0148,salah,
D0148,tempat,
D0148,makan,
D0148,di,
D0148,Kudus,
D0148,pada,
D0148,Jumat,
D0148,184,
D0148,pukul,
D0148,0440,
D0148,WIB,
D0148,Pelaku,
D0148,seorang,
D0148,pria,
D0148,berinisial,
D0148,MGA,
D0148,22,
D0148,warga,
D0148,Kecamatan,
D0148,Bae,
D0148,Kudus,
D0148,yang,
D0148,sempat,
D0148,kabur,
D0148,akhirnya,
D0148,berhasil,
D0148,diringkus,
D0148,oleh,
D0148,tim,
D0148,Reskrim,
D0148,Polsek,
D0148,Kota,
D0148,Kudus,
D0148,pada,
D0148,Kamis,
D0148,75,
D0148,lalu,
D0148,Pelaku,
D0148,sempat,
D0148,melarikan,
D0148,diri,
D0148,dan,
D0148,bersembunyi,
D0148,di,
D0148,sebuah,
D0148,rumah,
D0148,kos,
D0148,di,
D0148,wilayah,
D0148,Dersalam,
D0148,Kecamatan,
D0148,Bae,
D0148,Kudus,
D0148,Penangkapan,
D0148,dilakukan,
D0148,tanpa,
D0148,perlawanan,
D0148,jelas,
D0148,Subkhan,
D0148,dalam,
D0148,keterangan,
D0148,tertulis,
D0148,diterima,
D0148,detikJateng,
D0148,Jumat,
D0148,1652025,
D0148,SCROLL,
D0148,TO,
D0148,CONTINUE,
D0148,WITH,
D0148,CONTENT,
D0148,Subkhan,
D0148,menjelaskan,
D0148,kejadian,
D0148,bermula,
D0148,saat,
D0148,korban,
D0148,yang,
D0148,baru,
D0148,saja,
D0148,keluar,
D0148,dari,
D0148,sebuah,
D0148,angkringan,
D0148,di,
D0148,selatan,
D0148,pertigaan,
D0148,Jember,
D0148,melihat,
D0148,sekelompok,
D0148,remaja,
D0148,tengah,
D0148,berkelahi,
D0148,Korban,
D0148,berniat,
D0148,melerai,
D0148,kelompok,
D0148,yang,
D0148,berkelahi,
D0148,tersebut,
D0148,Korban,
D0148,berniat,
D0148,melerai,
D0148,namun,
D0148,justru,
D0148,menjadi,
D0148,korban,
D0148,kekerasan,
D0148,jelasnya,
D0148,Menurutnya,
D0148,pelaku,
D0148,yang,
D0148,saat,
D0148,itu,
D0148,dalam,
D0148,kondisi,
D0148,mabuk,
D0148,menyerang,
D0148,korban,
D0148,menggunakan,
D0148,celurit,
D0148,Akibatnya,
D0148,korban,
D0148,mengalami,
D0148,luka,
D0148,bacok,
D0148,pada,
D0148,bagian,
D0148,kepala,
D0148,Serangan,
D0148,itu,
D0148,sangat,
D0148,brutal,
D0148,dan,
D0148,menyebabkan,
D0148,korban,
D0148,mengalami,
D0148,luka,
D0148,di,
D0148,bagian,
D0148,kepala,
D0148,jelas,
D0148,Subkhan,
D0148,Usai,
D0148,menyerang,
D0148,korban,
D0148,pelaku,
D0148,langsung,
D0148,kabur,
D0148,Pelaku,
D0148,sempat,
D0148,melarikan,
D0148,diri,
D0148,dan,
D0148,berpindahpindah,
D0148,tempat,
D0148,untuk,
D0148,menghindari,
D0148,kejaran,
D0148,polisi,
D0148,Namun,
D0148,petunjuk,
D0148,CCTV,
D0148,di,
D0148,sekitar,
D0148,TKP,
D0148,dan,
D0148,informasi,
D0148,dari,
D0148,masyarakat,
D0148,keberadaan,
D0148,MGA,
D0148,berhasil,
D0148,diketahui,
D0148,jelasnya,
D0148,Polisi,
D0148,mengamankan,
D0148,pelaku,
D0148,beserta,
D0148,barang,
D0148,bukti,
D0148,berupa,
D0148,celurit,
D0148,Atas,
D0148,perbuatannya,
D0148,MGA,
D0148,dijerat,
D0148,dengan,
D0148,Pasal,
D0148,351,
D0148,KUHP,
D0148,tentang,
D0148,tindak,
D0148,pidana,
D0148,penganiayaan,
D0148,Dengan,
D0148,ancaman,
D0148,hukuman,
D0148,penjara,
D0148,maksimal,
D0148,2,
D0148,tahun,
D0148,8,
D0148,bulan,
D0148,ungkapnya,
D0148,Kapolres,
D0148,Kudus,
D0148,AKBP,
D0148,Heru,
D0148,Dwi,
D0148,Purnomo,
D0148,memberikan,
D0148,imbauan,
D0148,kepada,
D0148,masyarakat,
D0148,terutama,
D0148,kalangan,
D0148,remaja,
D0148,agar,
D0148,tidak,
D0148,terlibat,
D0148,dalam,
D0148,aksi,
D0148,kekerasan,
D0148,maupun,
D0148,kegiatan,
D0148,negatif,
D0148,seperti,
D0148,mabukmabukan,
D0148,dan,
D0148,membawa,
D0148,senjata,
D0148,tajam,
D0148,yang,
D0148,digunakan,
D0148,untuk,
D0148,tindak,
D0148,kriminalitas,
D0148,Premanisme,
D0148,dalam,
D0148,bentuk,
D0148,apa,
D0148,pun,
D0148,tidak,
D0148,akan,
D0148,kami,
D0148,toleransi,
D0148,Kami,
D0148,minta,
D0148,masyarakat,
D0148,khususnya,
D0148,anakanak,
D0148,muda,
D0148,untuk,
D0148,tidak,
D0148,mudah,
D0148,terprovokasi,
D0148,dan,
D0148,menjauhi,
D0148,kekerasan,
D0148,Laporkan,
D0148,jika,
D0148,ada,
D0148,gangguan,
D0148,keamanan,
D0148,atau,
D0148,aktivitas,
D0148,mencurigakan,
D0148,Kami,
D0148,siap,
D0148,menindaklanjuti,
D0148,jelasnya,
D0149,Ditresnarkoba,
D0149,Polda,
D0149,Kepulauan,
D0149,Riau,
D0149,Kepri,
D0149,menangkap,
D0149,dua,
D0149,orang,
D0149,kurir,
D0149,narkoba,
D0149,di,
D0149,kawasan,
D0149,Harbour,
D0149,Bay,
D0149,Batu,
D0149,Ampar,
D0149,Batam,
D0149,Dari,
D0149,tangan,
D0149,dua,
D0149,pelaku,
D0149,berinisial,
D0149,B,
D0149,dan,
D0149,R,
D0149,polisi,
D0149,menyita,
D0149,1,
D0149,kilogram,
D0149,heroin,
D0149,dan,
D0149,125,
D0149,gram,
D0149,sabu,
D0149,Tim,
D0149,Opsnal,
D0149,Subdit,
D0149,II,
D0149,Ditresnarkoba,
D0149,Polda,
D0149,Kepri,
D0149,menangkap,
D0149,dua,
D0149,orang,
D0149,berinisial,
D0149,B,
D0149,dan,
D0149,R,
D0149,Keduanya,
D0149,ditangkap,
D0149,di,
D0149,Pintu,
D0149,Keluar,
D0149,Harbour,
D0149,Bay,
D0149,Kecamatan,
D0149,Batu,
D0149,Ampar,
D0149,Kota,
D0149,Batam,
D0149,pada,
D0149,Senin,
D0149,552025,
D0149,kata,
D0149,Dirresnarkoba,
D0149,Polda,
D0149,Kepri,
D0149,Kombes,
D0149,Anggoro,
D0149,Wicaksono,
D0149,Kamis,
D0149,1552025,
D0149,Kronologi,
D0149,pengungkapan,
D0149,itu,
D0149,bermula,
D0149,dari,
D0149,Opsnal,
D0149,Subdit,
D0149,II,
D0149,Ditresnarkoba,
D0149,Polda,
D0149,Kepri,
D0149,mendapatkan,
D0149,informasi,
D0149,masyarakat,
D0149,terkait,
D0149,dua,
D0149,orang,
D0149,kurir,
D0149,narkoba,
D0149,jenis,
D0149,heroin,
D0149,dan,
D0149,sabu,
D0149,di,
D0149,kawasan,
D0149,Harbour,
D0149,Bay,
D0149,Batam,
D0149,Polisi,
D0149,kemudian,
D0149,mendalami,
D0149,informasi,
D0149,tersebut,
D0149,SCROLL,
D0149,TO,
D0149,CONTINUE,
D0149,WITH,
D0149,CONTENT,
D0149,Tim,
D0149,Opsnal,
D0149,Subdit,
D0149,II,
D0149,Ditresnarkoba,
D0149,Polda,
D0149,Kepri,
D0149,Melakukan,
D0149,upaya,
D0149,paksa,
D0149,penangkapan,
D0149,terhadap,
D0149,dua,
D0149,orang,
D0149,Lakilaki,
D0149,yang,
D0149,kemudian,
D0149,diketahui,
D0149,bernama,
D0149,B,
D0149,dan,
D0149,R,
D0149,ujarnya,
D0149,Dari,
D0149,hasil,
D0149,penggeledahan,
D0149,terhadap,
D0149,dua,
D0149,pelaku,
D0149,polisi,
D0149,menemukan,
D0149,satu,
D0149,bungkus,
D0149,plastik,
D0149,yang,
D0149,berisikan,
D0149,heroin,
D0149,seberat,
D0149,1,
D0149,kilogram,
D0149,dan,
D0149,sabu,
D0149,seberat,
D0149,125,
D0149,gram,
D0149,Para,
D0149,pelaku,
D0149,dan,
D0149,barang,
D0149,bukti,
D0149,kemudian,
D0149,dibawa,
D0149,ke,
D0149,kantor,
D0149,Ditresnarkoba,
D0149,Polda,
D0149,Kepri,
D0149,guna,
D0149,penyidikan,
D0149,lebih,
D0149,lanjut,
D0149,Ujarnya,
D0149,Anggoro,
D0149,mengatakan,
D0149,kasus,
D0149,itu,
D0149,masih,
D0149,dalam,
D0149,pengembangan,
D0149,pihaknya,
D0149,Ia,
D0149,menyebut,
D0149,dari,
D0149,hasil,
D0149,penyelidikan,
D0149,heroin,
D0149,dan,
D0149,sabu,
D0149,yang,
D0149,diamankan,
D0149,diduga,
D0149,berasal,
D0149,dari,
D0149,Malaysia,
D0149,Sementara,
D0149,masih,
D0149,proses,
D0149,pengembangan,
D0149,diindikasikan,
D0149,ini,
D0149,jaringan,
D0149,dari,
D0149,Malaysia,
D0149,Rencana,
D0149,barang,
D0149,akan,
D0149,dibawa,
D0149,ke,
D0149,Jakarta,
D0149,ujarnya,
D0150,Seorang,
D0150,pria,
D0150,bernama,
D0150,Ahmad,
D0150,Harahap,
D0150,53,
D0150,asal,
D0150,Kabupaten,
D0150,Labuhanbatu,
D0150,Utara,
D0150,Sumatera,
D0150,Utara,
D0150,dilaporkan,
D0150,menodongkan,
D0150,parang,
D0150,ke,
D0150,temannya,
D0150,Soeman,
D0150,54,
D0150,saat,
D0150,mereka,
D0150,samasama,
D0150,berada,
D0150,di,
D0150,pasar,
D0150,Insiden,
D0150,ini,
D0150,terjadi,
D0150,karena,
D0150,Ahmad,
D0150,merasa,
D0150,temannya,
D0150,itu,
D0150,terlalu,
D0150,memperhatikan,
D0150,istrinya,
D0150,Menurut,
D0150,keterangan,
D0150,Kanit,
D0150,Reskrim,
D0150,Polsek,
D0150,Aek,
D0150,Natas,
D0150,Ipda,
D0150,Bambang,
D0150,Wahyudi,
D0150,kejadian,
D0150,berlangsung,
D0150,di,
D0150,pasar,
D0150,sore,
D0150,kawasan,
D0150,Lingkungan,
D0150,Sukamaju,
D0150,Kecamatan,
D0150,Aek,
D0150,Natas,
D0150,pada,
D0150,Rabu,
D0150,13,
D0150,November,
D0150,2024,
D0150,Namun,
D0150,Ahmad,
D0150,baru,
D0150,berhasil,
D0150,diamankan,
D0150,oleh,
D0150,polisi,
D0150,pada,
D0150,12,
D0150,Mei,
D0150,2025,
D0150,Diamankan,
D0150,12,
D0150,Mei,
D0150,Dia,
D0150,pelaku,
D0150,ini,
D0150,sopir,
D0150,jadi,
D0150,keberadaannya,
D0150,jarang,
D0150,di,
D0150,tempat,
D0150,sudah,
D0150,lama,
D0150,kita,
D0150,cari,
D0150,kata,
D0150,Bambang,
D0150,saat,
D0150,dikonfirmasi,
D0150,detikSumut,
D0150,Rabu,
D0150,1452025,
D0150,SCROLL,
D0150,TO,
D0150,CONTINUE,
D0150,WITH,
D0150,CONTENT,
D0150,Saat,
D0150,kejadian,
D0150,Ahmad,
D0150,dan,
D0150,istrinya,
D0150,sedang,
D0150,berbelanja,
D0150,di,
D0150,pasar,
D0150,begitu,
D0150,juga,
D0150,dengan,
D0150,korban,
D0150,Ketika,
D0150,mereka,
D0150,berpapasan,
D0150,Ahmad,
D0150,merasa,
D0150,Soeman,
D0150,terusmenerus,
D0150,menatap,
D0150,istrinya,
D0150,yang,
D0150,membuatnya,
D0150,tersulut,
D0150,emosi,
D0150,Merasa,
D0150,terganggu,
D0150,Ahmad,
D0150,langsung,
D0150,mengacungkan,
D0150,parang,
D0150,ke,
D0150,arah,
D0150,Soeman,
D0150,sambil,
D0150,berkata,
D0150,kau,
D0150,tahan,
D0150,sama,
D0150,ini,
D0150,Cekcok,
D0150,pun,
D0150,tak,
D0150,terhindarkan,
D0150,di,
D0150,antara,
D0150,keduanya,
D0150,Motifnya,
D0150,begitu,
D0150,kami,
D0150,tanya,
D0150,ke,
D0150,pelaku,
D0150,mereka,
D0150,samasama,
D0150,belanja,
D0150,si,
D0150,korban,
D0150,melihat,
D0150,ke,
D0150,arah,
D0150,mereka,
D0150,ke,
D0150,arah,
D0150,pelaku,
D0150,dan,
D0150,istrinya,
D0150,perasaan,
D0150,si,
D0150,pelaku,
D0150,ini,
D0150,si,
D0150,korban,
D0150,nengokin,
D0150,istrinya,
D0150,jadi,
D0150,dia,
D0150,langsung,
D0150,emosi,
D0150,Mereka,
D0150,saling,
D0150,kenal,
D0150,pelaku,
D0150,ngaku,
D0150,mainmain,
D0150,saat,
D0150,todongkan,
D0150,sajam,
D0150,ujarnya,
D0150,Merasa,
D0150,terancam,
D0150,Soeman,
D0150,pun,
D0150,melapor,
D0150,ke,
D0150,Polsek,
D0150,Aek,
D0150,Natas,
D0150,pada,
D0150,hari,
D0150,yang,
D0150,sama,
D0150,Pihak,
D0150,kepolisian,
D0150,kemudian,
D0150,melakukan,
D0150,pencarian,
D0150,dan,
D0150,akhirnya,
D0150,berhasil,
D0150,menangkap,
D0150,Ahmad,
D0150,saat,
D0150,ia,
D0150,sedang,
D0150,mengemudikan,
D0150,truk,
D0150,di,
D0150,Jalinsum,
D0150,kawasan,
D0150,Bandar,
D0150,Durian,
D0150,Kecamatan,
D0150,Aek,
D0150,Natas,
D0150,Petugas,
D0150,menghentikan,
D0150,perjalanan,
D0150,pelaku,
D0150,dan,
D0150,terhadap,
D0150,pelaku,
D0150,langsung,
D0150,diamankan,
D0150,ke,
D0150,Polsek,
D0150,Aek,
D0150,Natas,
D0150,guna,
D0150,proses,
D0150,pemeriksaan,
D0150,pungkasnya,
D0151,Seorang,
D0151,remaja,
D0151,berusia,
D0151,16,
D0151,tahun,
D0151,yang,
D0151,berprofesi,
D0151,sebagai,
D0151,manusia,
D0151,silver,
D0151,berinisial,
D0151,A,
D0151,tertangkap,
D0151,mencuri,
D0151,emas,
D0151,seberat,
D0151,24,
D0151,gram,
D0151,saat,
D0151,sedang,
D0151,meminta,
D0151,sumbangan,
D0151,di,
D0151,sebuah,
D0151,toko,
D0151,emas,
D0151,di,
D0151,Kota,
D0151,Binjai,
D0151,Sumatera,
D0151,Utara,
D0151,Emas,
D0151,hasil,
D0151,curian,
D0151,itu,
D0151,kemudian,
D0151,dijual,
D0151,dan,
D0151,sebagian,
D0151,uangnya,
D0151,dipakai,
D0151,untuk,
D0151,membeli,
D0151,lem,
D0151,Kanit,
D0151,Reskrim,
D0151,Polsek,
D0151,Binjai,
D0151,Kota,
D0151,Iptu,
D0151,M,
D0151,Firdaus,
D0151,menjelaskan,
D0151,bahwa,
D0151,kejadian,
D0151,tersebut,
D0151,berlangsung,
D0151,di,
D0151,Jalan,
D0151,Jenderal,
D0151,Sudirman,
D0151,Kecamatan,
D0151,Binjai,
D0151,Kota,
D0151,pada,
D0151,Minggu,
D0151,1152025,
D0151,sekitar,
D0151,pukul,
D0151,1755,
D0151,WIB,
D0151,Yang,
D0151,dicuri,
D0151,satu,
D0151,emas,
D0151,berbentuk,
D0151,salib,
D0151,yang,
D0151,berkadar,
D0151,70,
D0151,persen,
D0151,sesuai,
D0151,surat,
D0151,seberat,
D0151,24,
D0151,gram,
D0151,kata,
D0151,Firdaus,
D0151,Rabu,
D0151,145,
D0151,SCROLL,
D0151,TO,
D0151,CONTINUE,
D0151,WITH,
D0151,CONTENT,
D0151,Berdasarkan,
D0151,laporan,
D0151,korban,
D0151,emas,
D0151,itu,
D0151,awalnya,
D0151,diletakkan,
D0151,di,
D0151,atas,
D0151,etalase,
D0151,toko,
D0151,saat,
D0151,korban,
D0151,hendak,
D0151,memperbaiki,
D0151,kancing,
D0151,kalungnya,
D0151,Tak,
D0151,lama,
D0151,kemudian,
D0151,pelaku,
D0151,datang,
D0151,untuk,
D0151,meminta,
D0151,sumbangan,
D0151,Saat,
D0151,korban,
D0151,lengah,
D0151,remaja,
D0151,tersebut,
D0151,diamdiam,
D0151,mengambil,
D0151,kalung,
D0151,emas,
D0151,itu,
D0151,dan,
D0151,meninggalkan,
D0151,toko,
D0151,tanpa,
D0151,menimbulkan,
D0151,kecurigaan,
D0151,Beberapa,
D0151,saat,
D0151,kemudian,
D0151,korban,
D0151,baru,
D0151,menyadari,
D0151,kalungnya,
D0151,hilang,
D0151,Selanjutnya,
D0151,pelapor,
D0151,melihat,
D0151,rekaman,
D0151,CCTV,
D0151,toko,
D0151,emas,
D0151,dan,
D0151,melihat,
D0151,terlapor,
D0151,mengambil,
D0151,emas,
D0151,tersebut,
D0151,Atas,
D0151,Kejadian,
D0151,Tersebut,
D0151,pelapor,
D0151,mengalami,
D0151,kerugian,
D0151,sebesar,
D0151,Rp,
D0151,36,
D0151,juta,
D0151,dan,
D0151,melaporkan,
D0151,kejadian,
D0151,tersebut,
D0151,ke,
D0151,Polsek,
D0151,Binjai,
D0151,Kota,
D0151,jelasnya,
D0151,Setelah,
D0151,menerima,
D0151,laporan,
D0151,polisi,
D0151,segera,
D0151,melakukan,
D0151,penyelidikan,
D0151,dan,
D0151,berhasil,
D0151,menangkap,
D0151,pelaku,
D0151,di,
D0151,hari,
D0151,yang,
D0151,sama,
D0151,sekitar,
D0151,pukul,
D0151,1830,
D0151,WIB,
D0151,tak,
D0151,jauh,
D0151,dari,
D0151,lokasi,
D0151,kejadian,
D0151,Dalam,
D0151,pemeriksaan,
D0151,pelaku,
D0151,mengaku,
D0151,telah,
D0151,menjual,
D0151,liontin,
D0151,emas,
D0151,itu,
D0151,kepada,
D0151,seorang,
D0151,pedagang,
D0151,emas,
D0151,keliling,
D0151,seharga,
D0151,Rp,
D0151,350,
D0151,ribu,
D0151,Uang,
D0151,hasil,
D0151,penjualan,
D0151,dipakai,
D0151,untuk,
D0151,menebus,
D0151,ponsel,
D0151,dan,
D0151,membeli,
D0151,lem,
D0151,Menurut,
D0151,pengakuan,
D0151,pelaku,
D0151,bahwa,
D0151,emas,
D0151,berbentuk,
D0151,salip,
D0151,tersebut,
D0151,sudah,
D0151,dijualnya,
D0151,ke,
D0151,pedagang,
D0151,emas,
D0151,kaki,
D0151,lima,
D0151,seharga,
D0151,Rp,
D0151,350,
D0151,ribu,
D0151,Uang,
D0151,sudah,
D0151,digunakan,
D0151,untuk,
D0151,menebus,
D0151,hp,
D0151,sama,
D0151,ngelem,
D0151,pungkasnya,
D0152,Sebanyak,
D0152,sembilan,
D0152,orang,
D0152,debt,
D0152,collector,
D0152,merampas,
D0152,mobil,
D0152,seorang,
D0152,ibu,
D0152,rumah,
D0152,tangga,
D0152,IRT,
D0152,Irma,
D0152,Dani,
D0152,31,
D0152,yang,
D0152,mobilnya,
D0152,menunggak,
D0152,selama,
D0152,empat,
D0152,tahun,
D0152,di,
D0152,Kabupaten,
D0152,Asahan,
D0152,Sumatera,
D0152,Utara,
D0152,Sumut,
D0152,Saat,
D0152,ini,
D0152,ada,
D0152,enam,
D0152,orang,
D0152,yang,
D0152,telah,
D0152,ditangkap,
D0152,Kasat,
D0152,Reskrim,
D0152,Polres,
D0152,Asahan,
D0152,AKP,
D0152,Ghulam,
D0152,Yanuar,
D0152,Lutfi,
D0152,mengatakan,
D0152,peristiwa,
D0152,itu,
D0152,terjadi,
D0152,di,
D0152,Jalan,
D0152,Cokroaminoto,
D0152,Kecamatan,
D0152,Kisaran,
D0152,Timur,
D0152,29,
D0152,Maret,
D0152,2025,
D0152,Adapun,
D0152,keenam,
D0152,tersangka,
D0152,yang,
D0152,ditangkap,
D0152,adalah,
D0152,M,
D0152,Muchlis,
D0152,33,
D0152,Lasdon,
D0152,Situmorang,
D0152,44,
D0152,Rahmad,
D0152,Mulya,
D0152,39,
D0152,Irwansyah,
D0152,45,
D0152,Huzaifah,
D0152,49,
D0152,dan,
D0152,Hendrawan,
D0152,Syahputra,
D0152,40,
D0152,Iya,
D0152,debt,
D0152,collector,
D0152,pihak,
D0152,Adira,
D0152,mempihakketigakan,
D0152,ke,
D0152,salah,
D0152,satu,
D0152,PT,
D0152,dari,
D0152,PT,
D0152,menunjuk,
D0152,satu,
D0152,orang,
D0152,dari,
D0152,satu,
D0152,orang,
D0152,inilah,
D0152,yang,
D0152,seharusnya,
D0152,punya,
D0152,kuasa,
D0152,tapi,
D0152,dia,
D0152,malah,
D0152,ngajak,
D0152,pelaku,
D0152,yang,
D0152,lain,
D0152,masih,
D0152,DPO,
D0152,3,
D0152,orang,
D0152,kata,
D0152,Ghulam,
D0152,saat,
D0152,dikonfirmasi,
D0152,detikSumut,
D0152,Rabu,
D0152,1452025,
D0152,SCROLL,
D0152,TO,
D0152,CONTINUE,
D0152,WITH,
D0152,CONTENT,
D0152,Ghulam,
D0152,menyebut,
D0152,kejadian,
D0152,itu,
D0152,berawal,
D0152,saat,
D0152,korban,
D0152,dan,
D0152,keluarganya,
D0152,melintas,
D0152,di,
D0152,Jalan,
D0152,Cokroaminoto,
D0152,dengan,
D0152,mengendarai,
D0152,mobil,
D0152,Mirage,
D0152,dengan,
D0152,nomor,
D0152,polisi,
D0152,BM,
D0152,1765,
D0152,PG,
D0152,Lalu,
D0152,para,
D0152,pelaku,
D0152,mengadang,
D0152,dan,
D0152,memberhentikan,
D0152,mobil,
D0152,korban,
D0152,Saat,
D0152,itu,
D0152,para,
D0152,pelaku,
D0152,mengaku,
D0152,dari,
D0152,PT,
D0152,Adira,
D0152,Kemudian,
D0152,pelaku,
D0152,menyuruh,
D0152,korban,
D0152,untuk,
D0152,keluar,
D0152,dari,
D0152,mobil,
D0152,Para,
D0152,tersangka,
D0152,menyuruh,
D0152,korban,
D0152,untuk,
D0152,keluar,
D0152,dari,
D0152,mobilnya,
D0152,dan,
D0152,mengatakan,
D0152,bahwa,
D0152,mobil,
D0152,tersebut,
D0152,sudah,
D0152,menunggak,
D0152,selama,
D0152,empat,
D0152,tahun,
D0152,dan,
D0152,akan,
D0152,menariknya,
D0152,jelasnya,
D0152,Pada,
D0152,saat,
D0152,yang,
D0152,bersamaan,
D0152,seorang,
D0152,pelaku,
D0152,merampas,
D0152,kunci,
D0152,mobil,
D0152,korban,
D0152,Lalu,
D0152,terjadi,
D0152,perdebatan,
D0152,antara,
D0152,keduanya,
D0152,Belakangan,
D0152,pelaku,
D0152,meminta,
D0152,uang,
D0152,sebesar,
D0152,Rp,
D0152,15,
D0152,juta,
D0152,agar,
D0152,mobil,
D0152,tersebut,
D0152,tidak,
D0152,ditarik,
D0152,Namun,
D0152,saat,
D0152,itu,
D0152,korban,
D0152,menolak,
D0152,permintaan,
D0152,tersebut,
D0152,sehingga,
D0152,uang,
D0152,tersebut,
D0152,tidak,
D0152,sempat,
D0152,diberikan,
D0152,Selanjutnya,
D0152,para,
D0152,tersangka,
D0152,melakukan,
D0152,negosiasi,
D0152,dengan,
D0152,korban,
D0152,dan,
D0152,diminta,
D0152,membayar,
D0152,uang,
D0152,sebesar,
D0152,Rp,
D0152,15,
D0152,juta,
D0152,agar,
D0152,mobil,
D0152,tersebut,
D0152,aman,
D0152,dan,
D0152,tidak,
D0152,dilakukan,
D0152,penarikan,
D0152,yang,
D0152,mana,
D0152,korban,
D0152,tidak,
D0152,menyetujuinya,
D0152,kata,
D0152,Ghulam,
D0152,Mantan,
D0152,Kasat,
D0152,Reskrim,
D0152,Polres,
D0152,Simalungun,
D0152,itu,
D0152,menyebut,
D0152,setelah,
D0152,kejadian,
D0152,itu,
D0152,para,
D0152,pelaku,
D0152,mendatangkan,
D0152,mobil,
D0152,derek,
D0152,dan,
D0152,membawa,
D0152,mobil,
D0152,korban,
D0152,Pada,
D0152,saat,
D0152,itu,
D0152,anggota,
D0152,keluarga,
D0152,korban,
D0152,masih,
D0152,ada,
D0152,dalam,
D0152,mobil,
D0152,tersebut,
D0152,Tersangka,
D0152,mendatangkan,
D0152,mobil,
D0152,derek,
D0152,towing,
D0152,dengan,
D0152,secara,
D0152,paksa,
D0152,yang,
D0152,mana,
D0152,masih,
D0152,terdapat,
D0152,di,
D0152,dalamnya,
D0152,anak,
D0152,dan,
D0152,adiknya,
D0152,Kemudian,
D0152,mobil,
D0152,tersebut,
D0152,dinaikkan,
D0152,ke,
D0152,atas,
D0152,mobil,
D0152,towing,
D0152,untuk,
D0152,dibawa,
D0152,secara,
D0152,paksa,
D0152,ke,
D0152,gudang,
D0152,PT,
D0152,Adira,
D0152,ujarnya,
D0152,Ghulam,
D0152,menyebut,
D0152,ada,
D0152,mekanisme,
D0152,penarikan,
D0152,mobil,
D0152,tersebut,
D0152,Dia,
D0152,menyebut,
D0152,para,
D0152,pelaku,
D0152,belum,
D0152,memenuhi,
D0152,aturan,
D0152,untuk,
D0152,menarik,
D0152,mobil,
D0152,tersebut,
D0152,Kalau,
D0152,nunggak,
D0152,kan,
D0152,harusnya,
D0152,SP,
D0152,surat,
D0152,peringatan,
D0152,1,
D0152,SP,
D0152,2,
D0152,ada,
D0152,putusan,
D0152,pengadilan,
D0152,barulah,
D0152,bisa,
D0152,eksekusi,
D0152,Ini,
D0152,putusan,
D0152,pengadilan,
D0152,untuk,
D0152,eksekutornya,
D0152,belum,
D0152,didaftarkan,
D0152,jadi,
D0152,nggak,
D0152,bisa,
D0152,dieksekusi,
D0152,pungkasnya,
D0153,Lima,
D0153,orang,
D0153,pelaku,
D0153,pencurian,
D0153,dengan,
D0153,kekerasan,
D0153,di,
D0153,Ogan,
D0153,Komering,
D0153,Ulu,
D0153,OKU,
D0153,Selatan,
D0153,Sumaera,
D0153,Selatan,
D0153,Sumsel,
D0153,diringkus,
D0153,dalam,
D0153,Operasi,
D0153,Sikat,
D0153,I,
D0153,Musi,
D0153,2025,
D0153,Para,
D0153,pelaku,
D0153,ini,
D0153,diamankan,
D0153,dari,
D0153,berbagai,
D0153,wilayah,
D0153,di,
D0153,Kabupaten,
D0153,OKU,
D0153,Selatan,
D0153,Sumatera,
D0153,Selatan,
D0153,Adapun,
D0153,kelima,
D0153,orang,
D0153,yang,
D0153,diamankan,
D0153,yakni,
D0153,Asril,
D0153,27,
D0153,warga,
D0153,Desa,
D0153,Aromantai,
D0153,Kecamatan,
D0153,Pulau,
D0153,Beringin,
D0153,Agus,
D0153,Risapta,
D0153,27,
D0153,warga,
D0153,Simpang,
D0153,Agung,
D0153,Kecamatan,
D0153,Simpang,
D0153,Okta,
D0153,Tridaya,
D0153,24,
D0153,warga,
D0153,Desa,
D0153,Madura,
D0153,Kecamatan,
D0153,Buay,
D0153,Sandang,
D0153,Aji,
D0153,Mat,
D0153,Cik,
D0153,Agus,
D0153,36,
D0153,warga,
D0153,Lingkungan,
D0153,Pasar,
D0153,Lama,
D0153,Kelurahan,
D0153,Bumi,
D0153,Agung,
D0153,Kecamatan,
D0153,Muaradua,
D0153,dan,
D0153,Riski,
D0153,Kurniawan,
D0153,22,
D0153,warga,
D0153,Desa,
D0153,Sukarami,
D0153,Kecamatan,
D0153,Buay,
D0153,Pematang,
D0153,Ribu,
D0153,Ranau,
D0153,Tengah,
D0153,BPRRT,
D0153,Para,
D0153,pelaku,
D0153,sudah,
D0153,kita,
D0153,tangkap,
D0153,Meski,
D0153,begitu,
D0153,operasi,
D0153,tidak,
D0153,berhenti,
D0153,sampai,
D0153,di,
D0153,sini,
D0153,Kami,
D0153,akan,
D0153,terus,
D0153,melakukan,
D0153,upaya,
D0153,represif,
D0153,dan,
D0153,preventif,
D0153,untuk,
D0153,menekan,
D0153,angka,
D0153,kriminalitas,
D0153,terutama,
D0153,aksi,
D0153,premanisme,
D0153,dan,
D0153,kejahatan,
D0153,jalanan,
D0153,yang,
D0153,meresahkan,
D0153,masyarakat,
D0153,ujar,
D0153,Wakapolres,
D0153,OKU,
D0153,Selatan,
D0153,Kompol,
D0153,Hendro,
D0153,Suwarno,
D0153,Rabu,
D0153,1452025,
D0153,SCROLL,
D0153,TO,
D0153,CONTINUE,
D0153,WITH,
D0153,CONTENT,
D0153,Menurut,
D0153,Hendro,
D0153,kelima,
D0153,para,
D0153,pelaku,
D0153,ini,
D0153,dijerat,
D0153,Pasal,
D0153,365,
D0153,KUHP,
D0153,dengan,
D0153,ancaman,
D0153,maksimal,
D0153,tujuh,
D0153,tahun,
D0153,penjara,
D0153,Hendro,
D0153,pun,
D0153,menegaskan,
D0153,bahwa,
D0153,meski,
D0153,target,
D0153,operasi,
D0153,telah,
D0153,tercapai,
D0153,pihaknya,
D0153,akan,
D0153,terus,
D0153,melanjutkan,
D0153,kegiatan,
D0153,serupa,
D0153,untuk,
D0153,menjaga,
D0153,stabilitas,
D0153,keamanan,
D0153,di,
D0153,wilayah,
D0153,hukum,
D0153,Polres,
D0153,OKU,
D0153,Selatan,
D0153,Kami,
D0153,mengimbau,
D0153,kepada,
D0153,masyarakat,
D0153,agar,
D0153,selalu,
D0153,waspada,
D0153,dalam,
D0153,menjalani,
D0153,aktivitas,
D0153,seharihari,
D0153,dan,
D0153,tidak,
D0153,segan,
D0153,melapor,
D0153,apabila,
D0153,menemukan,
D0153,adanya,
D0153,tindakan,
D0153,yang,
D0153,mencurigakan,
D0153,atau,
D0153,tindak,
D0153,kriminal,
D0153,di,
D0153,sekitar,
D0153,lingkungan,
D0153,mereka,
D0153,imbaunya,
D0153,Menurutnya,
D0153,tujuan,
D0153,utama,
D0153,dari,
D0153,operasi,
D0153,ini,
D0153,adalah,
D0153,untuk,
D0153,menciptakan,
D0153,rasa,
D0153,aman,
D0153,di,
D0153,tengah,
D0153,masyarakat,
D0153,sekaligus,
D0153,membangun,
D0153,kepercayaan,
D0153,publik,
D0153,terhadap,
D0153,institusi,
D0153,kepolisian,
D0153,Kami,
D0153,ingin,
D0153,memastikan,
D0153,masyarakat,
D0153,dapat,
D0153,menjalani,
D0153,kehidupan,
D0153,seharihari,
D0153,dengan,
D0153,tenang,
D0153,tanpa,
D0153,rasa,
D0153,takut,
D0153,akan,
D0153,kejahatan,
D0153,Operasi,
D0153,ini,
D0153,juga,
D0153,menjadi,
D0153,bentuk,
D0153,nyata,
D0153,kehadiran,
D0153,Polri,
D0153,di,
D0153,tengah,
D0153,masyarakat,
D0153,dalam,
D0153,menjaga,
D0153,ketertiban,
D0153,dan,
D0153,keamanan,
D0153,tegasnya,
D0153,Selain,
D0153,mengamankan,
D0153,lima,
D0153,orang,
D0153,pelaku,
D0153,pencurian,
D0153,dan,
D0153,kekerasan,
D0153,Polres,
D0153,OKU,
D0153,Selatan,
D0153,juga,
D0153,mengamankan,
D0153,10,
D0153,orang,
D0153,tindakan,
D0153,premanisme,
D0153,Namun,
D0153,ke,
D0153,sepuluh,
D0153,orang,
D0153,ini,
D0153,dipulangkan,
D0153,hanya,
D0153,diberi,
D0153,peringatan,
D0153,dan,
D0153,surat,
D0153,pernyataan,
D0153,agar,
D0153,tidak,
D0153,mengulangi,
D0153,perbuatan,
D0153,yang,
D0153,serupa,
D0154,Polisi,
D0154,menangkap,
D0154,tiga,
D0154,orang,
D0154,pelaku,
D0154,pencurian,
D0154,di,
D0154,Lubuklinggau,
D0154,Sumatera,
D0154,Selatan,
D0154,yakni,
D0154,Ide,
D0154,Sailendra,
D0154,42,
D0154,BP,
D0154,16,
D0154,dan,
D0154,LSA,
D0154,15,
D0154,Ternyata,
D0154,LSA,
D0154,yang,
D0154,masih,
D0154,di,
D0154,bawah,
D0154,umur,
D0154,merupakan,
D0154,otak,
D0154,pelaku,
D0154,yang,
D0154,sudah,
D0154,sering,
D0154,melakukan,
D0154,pencurian,
D0154,Ketiganya,
D0154,ditangkap,
D0154,setelah,
D0154,melakukan,
D0154,pencurian,
D0154,di,
D0154,SMPIT,
D0154,ANNIDA,
D0154,Jalan,
D0154,Fatmawati,
D0154,Soekarno,
D0154,RT03,
D0154,Kelurahan,
D0154,Nikan,
D0154,Jaya,
D0154,Kecamatan,
D0154,Lubuklinggau,
D0154,Timur,
D0154,I,
D0154,Lubuklinggau,
D0154,Sumatera,
D0154,Selatan,
D0154,pada,
D0154,Jumat,
D0154,952025,
D0154,sekitar,
D0154,pukul,
D0154,1330,
D0154,WIB,
D0154,Kanit,
D0154,Reskrim,
D0154,Polsek,
D0154,Timur,
D0154,Aiptu,
D0154,Henky,
D0154,Mirwadi,
D0154,mengatakan,
D0154,saat,
D0154,itu,
D0154,LSA,
D0154,mengajak,
D0154,Ide,
D0154,dan,
D0154,BP,
D0154,untuk,
D0154,mencuri,
D0154,blower,
D0154,AC,
D0154,di,
D0154,SMPIT,
D0154,ANNIDA,
D0154,SCROLL,
D0154,TO,
D0154,CONTINUE,
D0154,WITH,
D0154,CONTENT,
D0154,Saat,
D0154,keadaan,
D0154,sedang,
D0154,sepi,
D0154,BP,
D0154,dan,
D0154,LSA,
D0154,menuju,
D0154,ke,
D0154,belakang,
D0154,dinding,
D0154,sekolah,
D0154,itu,
D0154,dan,
D0154,membongkar,
D0154,dua,
D0154,unit,
D0154,blower,
D0154,AC,
D0154,seharga,
D0154,Rp,
D0154,6,
D0154,juta,
D0154,di,
D0154,sana,
D0154,dan,
D0154,langsung,
D0154,dioper,
D0154,diteruskan,
D0154,kepada,
D0154,Ide,
D0154,yang,
D0154,sudah,
D0154,menunggu,
D0154,di,
D0154,atas,
D0154,motor,
D0154,miliknya,
D0154,katanya,
D0154,Rabu,
D0154,1452025,
D0154,Setelah,
D0154,itu,
D0154,kata,
D0154,Henky,
D0154,blower,
D0154,AC,
D0154,tersebut,
D0154,langsung,
D0154,dijualkan,
D0154,kepada,
D0154,seorang,
D0154,pengepul,
D0154,seharga,
D0154,Rp,
D0154,205,
D0154,ribu,
D0154,yang,
D0154,mana,
D0154,uang,
D0154,tersebut,
D0154,digunakan,
D0154,ketiga,
D0154,tersangka,
D0154,untuk,
D0154,membeli,
D0154,rokok,
D0154,dan,
D0154,bermain,
D0154,warnet,
D0154,Setelah,
D0154,melakukan,
D0154,serangkaian,
D0154,penyelidikan,
D0154,kami,
D0154,pun,
D0154,melacak,
D0154,ciriciri,
D0154,motor,
D0154,Ide,
D0154,hingga,
D0154,pada,
D0154,Selasa,
D0154,1352025,
D0154,sekitar,
D0154,pukul,
D0154,1900,
D0154,WIB,
D0154,ketiga,
D0154,pelaku,
D0154,pun,
D0154,langsung,
D0154,diringkus,
D0154,saat,
D0154,sedang,
D0154,berkumpul,
D0154,di,
D0154,rumah,
D0154,Ide,
D0154,di,
D0154,Jalan,
D0154,Pattimura,
D0154,Kelurahan,
D0154,Mesat,
D0154,Jaya,
D0154,Kecamatan,
D0154,Lubuklinggau,
D0154,Timur,
D0154,II,
D0154,jelasnya,
D0154,Setelah,
D0154,dilakukan,
D0154,pemeriksaan,
D0154,sambung,
D0154,Henky,
D0154,ternyata,
D0154,otak,
D0154,pelaku,
D0154,dari,
D0154,aksi,
D0154,pencurian,
D0154,tersebut,
D0154,adalah,
D0154,LSA,
D0154,di,
D0154,mana,
D0154,ia,
D0154,telah,
D0154,melakukan,
D0154,berbagai,
D0154,macam,
D0154,aksi,
D0154,kriminal,
D0154,seperti,
D0154,mencuri,
D0154,pagar,
D0154,rumah,
D0154,ayam,
D0154,membobol,
D0154,rumah,
D0154,tawuran,
D0154,serta,
D0154,penganiayaan,
D0154,Tersangka,
D0154,LSA,
D0154,ini,
D0154,sering,
D0154,melakukan,
D0154,aksi,
D0154,kriminalitas,
D0154,di,
D0154,daerah,
D0154,Lubuklinggau,
D0154,Barat,
D0154,dan,
D0154,Timur,
D0154,Salah,
D0154,satunya,
D0154,itu,
D0154,mencuri,
D0154,pagar,
D0154,pada,
D0154,tahun,
D0154,kemarin,
D0154,dan,
D0154,memang,
D0154,sudah,
D0154,meresahkan,
D0154,warga,
D0154,ungkapnya,
D0154,Henky,
D0154,mengungkapkan,
D0154,saat,
D0154,ini,
D0154,ketiganya,
D0154,sudah,
D0154,ditetapkan,
D0154,sebagai,
D0154,tersangka,
D0154,Sementara,
D0154,LSA,
D0154,dan,
D0154,BP,
D0154,yang,
D0154,masih,
D0154,anakanak,
D0154,diperiksa,
D0154,sebagai,
D0154,anak,
D0154,yang,
D0154,berhadapan,
D0154,dengan,
D0154,hukum,
D0154,Saat,
D0154,ini,
D0154,ketiganya,
D0154,dilakukan,
D0154,penahanan,
D0154,di,
D0154,sel,
D0154,tahanan,
D0154,Mapolres,
D0154,Lubuklinggau,
D0154,guna,
D0154,memperlancar,
D0154,proses,
D0154,penyidikan,
D0154,lebih,
D0154,lanjut,
D0154,tuturnya,
D0155,Puluhan,
D0155,preman,
D0155,diamankan,
D0155,polisi,
D0155,dalam,
D0155,operasi,
D0155,yang,
D0155,berlangsung,
D0155,selama,
D0155,10,
D0155,hari,
D0155,di,
D0155,berbagai,
D0155,wilayah,
D0155,Karawang,
D0155,mulai,
D0155,dari,
D0155,kawasan,
D0155,pertokoan,
D0155,hingga,
D0155,industri,
D0155,Kapolres,
D0155,Karawang,
D0155,AKBP,
D0155,Fiki,
D0155,Novian,
D0155,Ardiansya,
D0155,menuturkan,
D0155,sejumlah,
D0155,pelaku,
D0155,premanisme,
D0155,yang,
D0155,diamankan,
D0155,dinilai,
D0155,telah,
D0155,meresahkan,
D0155,masyarakat,
D0155,khususnya,
D0155,di,
D0155,wilayah,
D0155,perkotaan,
D0155,dan,
D0155,kawasan,
D0155,industri,
D0155,Kami,
D0155,telah,
D0155,mengamankan,
D0155,65,
D0155,pelaku,
D0155,premanisme,
D0155,di,
D0155,sejumlah,
D0155,lokasi,
D0155,rawan,
D0155,termasuk,
D0155,kawasan,
D0155,industri,
D0155,KIIC,
D0155,dan,
D0155,area,
D0155,parkir,
D0155,liar,
D0155,di,
D0155,pertokoan,
D0155,Para,
D0155,pelaku,
D0155,ini,
D0155,diduga,
D0155,telah,
D0155,melakukan,
D0155,tindakan,
D0155,pemalakan,
D0155,intimidasi,
D0155,hingga,
D0155,kekerasan,
D0155,kepada,
D0155,warga,
D0155,dan,
D0155,para,
D0155,pelaku,
D0155,usaha,
D0155,di,
D0155,Karawang,
D0155,kata,
D0155,Fiki,
D0155,dalam,
D0155,sesi,
D0155,rilis,
D0155,di,
D0155,Mapolres,
D0155,Karawang,
D0155,Rabu,
D0155,1452025,
D0155,SCROLL,
D0155,TO,
D0155,CONTINUE,
D0155,WITH,
D0155,CONTENT,
D0155,Operasi,
D0155,yang,
D0155,digelar,
D0155,serentak,
D0155,di,
D0155,seluruh,
D0155,Jawa,
D0155,Barat,
D0155,selama,
D0155,tanggal,
D0155,110,
D0155,Mei,
D0155,ini,
D0155,kata,
D0155,Fiki,
D0155,bertujuan,
D0155,untuk,
D0155,memberantas,
D0155,aksi,
D0155,kriminalitas,
D0155,termasuk,
D0155,pemalakan,
D0155,dan,
D0155,pemerasan,
D0155,dan,
D0155,meningkatkan,
D0155,keamanan,
D0155,serta,
D0155,ketertiban,
D0155,masyarakat,
D0155,Sebagian,
D0155,besar,
D0155,modus,
D0155,para,
D0155,pelaku,
D0155,tindakan,
D0155,premanisme,
D0155,ini,
D0155,ditangkap,
D0155,saat,
D0155,kedapatan,
D0155,meminta,
D0155,uang,
D0155,dengan,
D0155,paksa,
D0155,kepada,
D0155,korban,
D0155,atau,
D0155,pelaku,
D0155,usaha,
D0155,di,
D0155,kawasan,
D0155,industri,
D0155,kata,
D0155,dia,
D0155,Salah,
D0155,satu,
D0155,modus,
D0155,operandi,
D0155,yang,
D0155,terungkap,
D0155,adalah,
D0155,pemerasan,
D0155,terhadap,
D0155,pekerja,
D0155,proyek,
D0155,pemasangan,
D0155,rambu,
D0155,lalu,
D0155,lintas,
D0155,di,
D0155,PT,
D0155,TTMI,
D0155,Kawasan,
D0155,Industri,
D0155,KIIC,
D0155,Para,
D0155,pelaku,
D0155,meminta,
D0155,uang,
D0155,rokok,
D0155,dengan,
D0155,cara,
D0155,mengintimidasi,
D0155,korban,
D0155,lanjutnya,
D0155,Dari,
D0155,para,
D0155,pelaku,
D0155,yang,
D0155,diamankan,
D0155,polisi,
D0155,berhasil,
D0155,menyita,
D0155,sejumlah,
D0155,barang,
D0155,bukti,
D0155,termasuk,
D0155,uang,
D0155,jutaan,
D0155,rupiah,
D0155,hingga,
D0155,senjata,
D0155,tajam,
D0155,Dari,
D0155,tangan,
D0155,pelaku,
D0155,kami,
D0155,amankan,
D0155,puluhan,
D0155,senjata,
D0155,tajam,
D0155,yang,
D0155,digunakan,
D0155,para,
D0155,pelaku,
D0155,untuk,
D0155,mengintimidasi,
D0155,korban,
D0155,dan,
D0155,uang,
D0155,tunai,
D0155,senilai,
D0155,puluhan,
D0155,juta,
D0155,rupiah,
D0155,imbuhnya,
D0155,Atas,
D0155,hasil,
D0155,operasi,
D0155,tersebut,
D0155,pihaknya,
D0155,juga,
D0155,akan,
D0155,meningkatkan,
D0155,patroli,
D0155,di,
D0155,wilayah,
D0155,kawasan,
D0155,industri,
D0155,Karawang,
D0155,guna,
D0155,mencegah,
D0155,aksi,
D0155,premanisme,
D0155,dan,
D0155,menjaga,
D0155,ketertiban,
D0155,di,
D0155,wilayah,
D0155,Karawang,
D0155,Kami,
D0155,juga,
D0155,akan,
D0155,meningkatkan,
D0155,patroli,
D0155,dan,
D0155,pengawasan,
D0155,di,
D0155,kawasan,
D0155,Industri,
D0155,Karawang,
D0155,karena,
D0155,aksi,
D0155,premanisme,
D0155,ini,
D0155,mayoritas,
D0155,terjadi,
D0155,di,
D0155,wilayah,
D0155,industri,
D0155,ungkapnya,
D0155,Dari,
D0155,65,
D0155,pelaku,
D0155,yang,
D0155,diamankan,
D0155,sebagian,
D0155,besar,
D0155,telah,
D0155,menjalani,
D0155,pembinaan,
D0155,di,
D0155,Mapolres,
D0155,Karawang,
D0155,para,
D0155,pelaku,
D0155,tindakan,
D0155,premanisme,
D0155,ini,
D0155,terancam,
D0155,hukuman,
D0155,maksimal,
D0155,sembilan,
D0155,tahun,
D0155,penjara,
D0155,sesuai,
D0155,Pasal,
D0155,368,
D0155,KUHP,
D0155,dan,
D0155,maksimal,
D0155,5,
D0155,tahun,
D0155,penjara,
D0155,sesuai,
D0155,Pasal,
D0155,170,
D0155,KUHP,
D0155,Para,
D0155,pelaku,
D0155,kami,
D0155,sangkakan,
D0155,dengan,
D0155,Pasal,
D0155,368,
D0155,KUHP,
D0155,tentang,
D0155,pemerasan,
D0155,dan,
D0155,Pasal,
D0155,170,
D0155,KUHP,
D0155,tentang,
D0155,kekerasan,
D0155,beberapa,
D0155,diantaranya,
D0155,kami,
D0155,telah,
D0155,lakukan,
D0155,pembinaan,
D0155,pungkasnya,
D0156,Kepolisian,
D0156,Resor,
D0156,Polres,
D0156,Karangasem,
D0156,berhasil,
D0156,mengungkap,
D0156,empat,
D0156,kasus,
D0156,kriminal,
D0156,selama,
D0156,pelaksanaan,
D0156,Operasi,
D0156,Pekat,
D0156,Agung,
D0156,2025,
D0156,Dua,
D0156,kasus,
D0156,penganiayaan,
D0156,dan,
D0156,dua,
D0156,kasus,
D0156,pencurian,
D0156,dengan,
D0156,pemberatan,
D0156,curat,
D0156,serta,
D0156,menetapkan,
D0156,tiga,
D0156,tersangka,
D0156,Salah,
D0156,satu,
D0156,kasus,
D0156,yang,
D0156,menjadi,
D0156,sorotan,
D0156,melibatkan,
D0156,tersangka,
D0156,Rama,
D0156,Nurlia,
D0156,Sitorus,
D0156,46,
D0156,warga,
D0156,Desa,
D0156,Purwakerti,
D0156,Kecamatan,
D0156,Abang,
D0156,Karangasem,
D0156,Ia,
D0156,menganiaya,
D0156,salah,
D0156,satu,
D0156,anggota,
D0156,Satreskrim,
D0156,Polres,
D0156,Karangasem,
D0156,dengan,
D0156,menggigit,
D0156,tangan,
D0156,petugas,
D0156,saat,
D0156,hendak,
D0156,ditahan,
D0156,pada,
D0156,Sabtu,
D0156,542025,
D0156,Nurlia,
D0156,tidak,
D0156,terima,
D0156,dan,
D0156,emosi,
D0156,ketika,
D0156,hendak,
D0156,ditahan,
D0156,dan,
D0156,langsung,
D0156,menyerang,
D0156,salah,
D0156,satu,
D0156,anggota,
D0156,Reskrim,
D0156,dengan,
D0156,cara,
D0156,menggigit,
D0156,tangannya,
D0156,ujar,
D0156,Kasi,
D0156,Humas,
D0156,Polres,
D0156,Karangasem,
D0156,Iptu,
D0156,I,
D0156,Gede,
D0156,Sukadana,
D0156,saat,
D0156,konferensi,
D0156,pers,
D0156,Selasa,
D0156,1352025,
D0156,SCROLL,
D0156,TO,
D0156,CONTINUE,
D0156,WITH,
D0156,CONTENT,
D0156,Rama,
D0156,Nurlia,
D0156,sebelumnya,
D0156,terlibat,
D0156,dalam,
D0156,kasus,
D0156,pengancaman,
D0156,yang,
D0156,mengganggu,
D0156,ketertiban,
D0156,warga,
D0156,di,
D0156,wilayah,
D0156,Amed,
D0156,Ia,
D0156,juga,
D0156,sempat,
D0156,melawan,
D0156,pecalang,
D0156,dan,
D0156,Bendesa,
D0156,Adat,
D0156,saat,
D0156,dilakukan,
D0156,upaya,
D0156,mediasi,
D0156,Pelaku,
D0156,sempat,
D0156,viral,
D0156,di,
D0156,media,
D0156,sosial,
D0156,beberapa,
D0156,waktu,
D0156,yang,
D0156,lalu,
D0156,karena,
D0156,mengganggu,
D0156,keamanan,
D0156,di,
D0156,wilayah,
D0156,Amed,
D0156,Pelaku,
D0156,juga,
D0156,merupakan,
D0156,seorang,
D0156,residivis,
D0156,kasus,
D0156,pencurian,
D0156,kata,
D0156,Sukadana,
D0156,Selain,
D0156,kasus,
D0156,tersebut,
D0156,Polres,
D0156,Karangasem,
D0156,juga,
D0156,mengungkap,
D0156,kasus,
D0156,penganiayaan,
D0156,lain,
D0156,yang,
D0156,dilakukan,
D0156,I,
D0156,Nyoman,
D0156,Diarta,
D0156,terhadap,
D0156,Muhammad,
D0156,Anugrah,
D0156,di,
D0156,wilayah,
D0156,Kecamatan,
D0156,Rendang,
D0156,Kabupaten,
D0156,Karangasem,
D0156,Penganiayaan,
D0156,dipicu,
D0156,oleh,
D0156,perselisihan,
D0156,terkait,
D0156,penempatan,
D0156,gulungan,
D0156,kabel,
D0156,di,
D0156,dalam,
D0156,area,
D0156,pura,
D0156,milik,
D0156,pelaku,
D0156,Sementara,
D0156,itu,
D0156,dua,
D0156,kasus,
D0156,pencurian,
D0156,dengan,
D0156,pemberatan,
D0156,terjadi,
D0156,di,
D0156,Kecamatan,
D0156,Abang,
D0156,Tersangka,
D0156,berinisial,
D0156,IKAWPS,
D0156,ditangkap,
D0156,setelah,
D0156,membobol,
D0156,rumah,
D0156,warga,
D0156,yang,
D0156,dalam,
D0156,keadaan,
D0156,sepi,
D0156,Ia,
D0156,menggasak,
D0156,sejumlah,
D0156,uang,
D0156,dalam,
D0156,rumah,
D0156,tersebut,
D0157,Dua,
D0157,orang,
D0157,preman,
D0157,ditangkap,
D0157,unit,
D0157,Resmob,
D0157,Sat,
D0157,Reskrim,
D0157,Polrestabes,
D0157,Semarang,
D0157,Para,
D0157,pelaku,
D0157,itu,
D0157,menjambret,
D0157,dengan,
D0157,modus,
D0157,menodongkan,
D0157,senjata,
D0157,tajam,
D0157,kepada,
D0157,para,
D0157,korban,
D0157,Kedua,
D0157,tersangka,
D0157,itu,
D0157,adalah,
D0157,Mohamad,
D0157,Syafudin,
D0157,alias,
D0157,Kepik,
D0157,33,
D0157,Warga,
D0157,Kelurahan,
D0157,Kuningan,
D0157,Semarang,
D0157,Utara,
D0157,dan,
D0157,Trikora,
D0157,Danu,
D0157,Setiawan,
D0157,40,
D0157,warga,
D0157,Kebonharjo,
D0157,Aksi,
D0157,terakhir,
D0157,mereka,
D0157,dilakukan,
D0157,di,
D0157,Jalan,
D0157,Pengapon,
D0157,Raya,
D0157,Kota,
D0157,Semarang,
D0157,pada,
D0157,Sabtu,
D0157,105,
D0157,lalu,
D0157,pukul,
D0157,2230,
D0157,WIB,
D0157,dan,
D0157,dilaporkan,
D0157,korban,
D0157,pada,
D0157,hari,
D0157,Senin,
D0157,125,
D0157,kemarin,
D0157,Aksi,
D0157,itu,
D0157,sempat,
D0157,terekam,
D0157,CCTV,
D0157,dan,
D0157,terlihat,
D0157,pelaku,
D0157,berjaket,
D0157,abuabu,
D0157,cerah,
D0157,menghampiri,
D0157,korban,
D0157,lakilaki,
D0157,berinisial,
D0157,AD,
D0157,yang,
D0157,sedang,
D0157,duduk,
D0157,di,
D0157,sebuah,
D0157,bengkel,
D0157,tambal,
D0157,ban,
D0157,Korban,
D0157,kemudian,
D0157,berdiri,
D0157,dan,
D0157,tidak,
D0157,lama,
D0157,kemudian,
D0157,pelaku,
D0157,mengeluarkan,
D0157,pisau,
D0157,dari,
D0157,sakunya,
D0157,Korban,
D0157,terlihat,
D0157,sempat,
D0157,lari,
D0157,menjauhi,
D0157,lokasi,
D0157,Ternyata,
D0157,aksi,
D0157,itu,
D0157,dilakukan,
D0157,dua,
D0157,orang,
D0157,SCROLL,
D0157,TO,
D0157,CONTINUE,
D0157,WITH,
D0157,CONTENT,
D0157,Dalam,
D0157,aksinya,
D0157,kedua,
D0157,tersangka,
D0157,mengancam,
D0157,korban,
D0157,dengan,
D0157,menggunakan,
D0157,pisau,
D0157,dan,
D0157,berhasil,
D0157,mengambil,
D0157,uang,
D0157,tunai,
D0157,sebesar,
D0157,Rp,
D0157,400,
D0157,ribu,
D0157,dan,
D0157,satu,
D0157,unit,
D0157,handphone,
D0157,merk,
D0157,Oppo,
D0157,A18,
D0157,warna,
D0157,hitam,
D0157,kata,
D0157,Kasi,
D0157,Humas,
D0157,Polrestabes,
D0157,Semarang,
D0157,Kompol,
D0157,Agung,
D0157,Setyo,
D0157,Budi,
D0157,dalam,
D0157,keterangannya,
D0157,Selasa,
D0157,1352025,
D0157,Tim,
D0157,Resmob,
D0157,Polrestabes,
D0157,Semarang,
D0157,kemudian,
D0157,melakukan,
D0157,penyelidikan,
D0157,dan,
D0157,berhasil,
D0157,mengamankan,
D0157,keduanya,
D0157,Para,
D0157,tersangka,
D0157,kemudian,
D0157,digelandang,
D0157,ke,
D0157,Polrestabes,
D0157,Semarang,
D0157,beserta,
D0157,barang,
D0157,bukti,
D0157,Berdasarkan,
D0157,hasil,
D0157,penyelidikan,
D0157,polisi,
D0157,menangkap,
D0157,dua,
D0157,tersangka,
D0157,Polisi,
D0157,berhasil,
D0157,menyita,
D0157,beberapa,
D0157,barang,
D0157,bukti,
D0157,termasuk,
D0157,handphone,
D0157,korban,
D0157,tas,
D0157,selempang,
D0157,senjata,
D0157,tajam,
D0157,jenis,
D0157,pisau,
D0157,lipat,
D0157,jaket,
D0157,dan,
D0157,sepeda,
D0157,motor,
D0157,yang,
D0157,digunakan,
D0157,untuk,
D0157,aksi,
D0157,kejahatan,
D0157,ujarnya,
D0157,Kedua,
D0157,tersangka,
D0157,akan,
D0157,dijerat,
D0157,dengan,
D0157,Pasal,
D0157,365,
D0157,KUHP,
D0157,tentang,
D0157,pencurian,
D0157,dengan,
D0157,kekerasan,
D0157,dengan,
D0157,ancaman,
D0157,hukuman,
D0157,sembilan,
D0157,tahun,
D0157,penjara,
D0158,Ahmad,
D0158,Handa,
D0158,30,
D0158,seorang,
D0158,pengantin,
D0158,lakilaki,
D0158,di,
D0158,Palembang,
D0158,Sumatera,
D0158,Selatan,
D0158,Sumsel,
D0158,tibatiba,
D0158,dibacok,
D0158,dan,
D0158,ditembak,
D0158,Peristiwa,
D0158,mengerikan,
D0158,itu,
D0158,terjadi,
D0158,ketika,
D0158,Ahmad,
D0158,hendak,
D0158,melakukan,
D0158,akad,
D0158,nikah,
D0158,Terungkap,
D0158,pelaku,
D0158,yang,
D0158,sudah,
D0158,ditangkap,
D0158,menyimpan,
D0158,dendam,
D0158,kepada,
D0158,Ahmad,
D0158,selama,
D0158,bertahuntahun,
D0158,Pembacokan,
D0158,terjadi,
D0158,di,
D0158,depan,
D0158,lokasi,
D0158,akad,
D0158,dan,
D0158,resepsinya,
D0158,Jalan,
D0158,Panca,
D0158,Usaha,
D0158,Kelurahan,
D0158,5,
D0158,Ulu,
D0158,Kecamatan,
D0158,Seberang,
D0158,Ulu,
D0158,I,
D0158,Palembang,
D0158,pada,
D0158,Sabtu,
D0158,1052025,
D0158,sekitar,
D0158,pukul,
D0158,1000,
D0158,WIB,
D0158,Penyerangan,
D0158,yang,
D0158,dialaminya,
D0158,Ahmad,
D0158,terjadi,
D0158,saat,
D0158,korban,
D0158,baru,
D0158,saja,
D0158,turun,
D0158,dari,
D0158,mobilnya,
D0158,hendak,
D0158,melaksanakan,
D0158,akad,
D0158,nikah,
D0158,Saat,
D0158,itu,
D0158,ada,
D0158,sejumlah,
D0158,pria,
D0158,menggunakan,
D0158,mobil,
D0158,mendekat,
D0158,SCROLL,
D0158,TO,
D0158,CONTINUE,
D0158,WITH,
D0158,CONTENT,
D0158,Aku,
D0158,baru,
D0158,sampai,
D0158,tadi,
D0158,Baru,
D0158,turun,
D0158,dari,
D0158,pintu,
D0158,mobil,
D0158,langsung,
D0158,dibacok,
D0158,ungkap,
D0158,Ahmad,
D0158,saat,
D0158,ditemui,
D0158,media,
D0158,Minggu,
D0158,dilansir,
D0158,detikSumbagsel,
D0158,Ahmad,
D0158,mengatakan,
D0158,ada,
D0158,lima,
D0158,orang,
D0158,yang,
D0158,berada,
D0158,di,
D0158,dalam,
D0158,mobil,
D0158,tersebut,
D0158,Tiga,
D0158,orang,
D0158,yaitu,
D0158,BD,
D0158,HL,
D0158,dan,
D0158,JN,
D0158,membacoknya,
D0158,dengan,
D0158,membabi,
D0158,buta,
D0158,sedangkan,
D0158,satu,
D0158,lainnya,
D0158,JN,
D0158,membawa,
D0158,senjata,
D0158,api,
D0158,rakitan,
D0158,senpira,
D0158,Tiga,
D0158,orang,
D0158,itu,
D0158,kapak,
D0158,saya,
D0158,pakai,
D0158,sangkur,
D0158,Satunya,
D0158,JN,
D0158,alias,
D0158,IY,
D0158,bawa,
D0158,pistol,
D0158,sambil,
D0158,mengamankan,
D0158,mobil,
D0158,Pistol,
D0158,betulan,
D0158,bukan,
D0158,mainmainan,
D0158,ungkapnya,
D0158,Ahmad,
D0158,mengungkapkan,
D0158,JN,
D0158,menembaknya,
D0158,sebanyak,
D0158,dua,
D0158,kali,
D0158,Tembakan,
D0158,pertama,
D0158,meleset,
D0158,sehingga,
D0158,terduga,
D0158,pelaku,
D0158,tersebut,
D0158,menembak,
D0158,lagi,
D0158,ke,
D0158,arah,
D0158,atas,
D0158,Dia,
D0158,ini,
D0158,sempat,
D0158,menembak,
D0158,saya,
D0158,tapi,
D0158,saya,
D0158,mengelak,
D0158,Jadilah,
D0158,kena,
D0158,tangan,
D0158,Lalu,
D0158,dia,
D0158,tembak,
D0158,lagi,
D0158,ke,
D0158,atas,
D0158,jelasnya,
D0158,Ahmad,
D0158,menduga,
D0158,pembacokan,
D0158,yang,
D0158,dilakukan,
D0158,para,
D0158,pelaku,
D0158,karena,
D0158,dendam,
D0158,kepada,
D0158,dirinya,
D0158,Sebab,
D0158,korban,
D0158,sempat,
D0158,bertengkar,
D0158,dengan,
D0158,salah,
D0158,satu,
D0158,pelaku,
D0158,pada,
D0158,2019,
D0158,Saat,
D0158,itu,
D0158,terduga,
D0158,pelaku,
D0158,meneriakinya,
D0158,sebagai,
D0158,maling,
D0158,Dia,
D0158,pelaku,
D0158,ini,
D0158,menuduh,
D0158,aku,
D0158,jadi,
D0158,cepu,
D0158,tapi,
D0158,aku,
D0158,tidak,
D0158,merasa,
D0158,Ini,
D0158,dendam,
D0158,lama,
D0158,kejadiannya,
D0158,tahun,
D0158,2019,
D0158,ungkapnya,
D0158,Waktu,
D0158,itu,
D0158,pelaku,
D0158,dia,
D0158,teriaki,
D0158,aku,
D0158,maling,
D0158,di,
D0158,atas,
D0158,Jembatan,
D0158,Kertapati,
D0158,Lalu,
D0158,kami,
D0158,berkelahi,
D0158,sambungnya,
D0158,Diduga,
D0158,terlapor,
D0158,memendam,
D0158,emosi,
D0158,dan,
D0158,memanfaatkan,
D0158,momen,
D0158,pernikahannya,
D0158,tersebut,
D0158,untuk,
D0158,membalas,
D0158,Kejadiannya,
D0158,baru,
D0158,sekarang,
D0158,dia,
D0158,balas,
D0158,dendamnya,
D0158,Mungkin,
D0158,dia,
D0158,tau,
D0158,kalau,
D0158,aku,
D0158,mau,
D0158,nikah,
D0158,tidak,
D0158,ada,
D0158,persiapan,
D0158,untuk,
D0158,membalas,
D0158,ujarnya,
D0158,Sementara,
D0158,itu,
D0158,Kapolsek,
D0158,Seberang,
D0158,Ulu,
D0158,I,
D0158,Palembang,
D0158,AKP,
D0158,Heri,
D0158,mengatakan,
D0158,polisi,
D0158,sudah,
D0158,mengamankan,
D0158,mobil,
D0158,milik,
D0158,terduga,
D0158,pelaku,
D0158,yang,
D0158,membacok,
D0158,korban,
D0158,Ahmad,
D0158,Dari,
D0158,dalam,
D0158,mobil,
D0158,itu,
D0158,sambung,
D0158,Hari,
D0158,pihaknya,
D0158,menemukan,
D0158,senjata,
D0158,tajam,
D0158,dan,
D0158,handphone,
D0158,diduga,
D0158,milik,
D0158,para,
D0158,pelaku,
D0158,Mobil,
D0158,pelaku,
D0158,kami,
D0158,amankan,
D0158,di,
D0158,dalam,
D0158,mobil,
D0158,ditemukan,
D0158,senjata,
D0158,tajam,
D0158,dan,
D0158,ada,
D0158,HP,
D0158,katanya,
D0158,Minggu,
D0158,Heri,
D0158,mengatakan,
D0158,saat,
D0158,pihaknya,
D0158,masih,
D0158,memburu,
D0158,para,
D0158,pelaku,
D0158,yang,
D0158,membacok,
D0158,korban,
D0158,Dia,
D0158,membenarkan,
D0158,saat,
D0158,kejadian,
D0158,ada,
D0158,tembakan,
D0158,dari,
D0158,salah,
D0158,satu,
D0158,pelaku,
D0158,ke,
D0158,korban,
D0158,Pengantin,
D0158,diserang,
D0158,oleh,
D0158,pelaku,
D0158,tidak,
D0158,dikenal,
D0158,menggunakan,
D0158,senjata,
D0158,tajam,
D0158,dan,
D0158,ada,
D0158,senjata,
D0158,api,
D0158,hingga,
D0158,korban,
D0158,harus,
D0158,dirawat,
D0158,intensif,
D0158,di,
D0158,rumah,
D0158,sakit,
D0158,dan,
D0158,pelaku,
D0158,sedang,
D0158,kita,
D0158,buru,
D0158,ungkapnya,
D0158,Artikel,
D0158,ini,
D0158,sudah,
D0158,tayang,
D0158,di,
D0158,detikSumbagsel,
D0158,baca,
D0158,selengkapnya,
D0158,di,
D0158,sini,
D0159,Polisi,
D0159,menangkap,
D0159,pria,
D0159,bernama,
D0159,Hanafi,
D0159,33,
D0159,karena,
D0159,menganiaya,
D0159,abang,
D0159,kandungnya,
D0159,Hermansyah,
D0159,41,
D0159,hingga,
D0159,tewas,
D0159,di,
D0159,Kabupaten,
D0159,Batu,
D0159,Bara,
D0159,Sumatera,
D0159,Utara,
D0159,Sumut,
D0159,Peristiwa,
D0159,disebut,
D0159,dipicu,
D0159,karena,
D0159,persoalan,
D0159,makanan,
D0159,Kasi,
D0159,Humas,
D0159,Polres,
D0159,Batu,
D0159,Bara,
D0159,Iptu,
D0159,Ahmad,
D0159,Fahmi,
D0159,mengatakan,
D0159,korban,
D0159,dan,
D0159,pelaku,
D0159,tinggal,
D0159,bersama,
D0159,di,
D0159,rumah,
D0159,tersebut,
D0159,Penganiayaan,
D0159,itu,
D0159,diduga,
D0159,dipicu,
D0159,karena,
D0159,pelaku,
D0159,menghabisi,
D0159,makanan,
D0159,di,
D0159,rumah,
D0159,tersebut,
D0159,Iya,
D0159,tinggal,
D0159,bersama,
D0159,Motifnya,
D0159,karena,
D0159,makanan,
D0159,si,
D0159,pelaku,
D0159,dimakannya,
D0159,makanan,
D0159,di,
D0159,rumah,
D0159,tanpa,
D0159,memikirkan,
D0159,untuk,
D0159,saudaranya,
D0159,yang,
D0159,lain,
D0159,kata,
D0159,Ahmad,
D0159,saat,
D0159,dikonfirmasi,
D0159,detikSumut,
D0159,Senin,
D0159,1252025,
D0159,SCROLL,
D0159,TO,
D0159,CONTINUE,
D0159,WITH,
D0159,CONTENT,
D0159,Kapolsek,
D0159,Labuhan,
D0159,Ruku,
D0159,AKP,
D0159,Cecep,
D0159,Suhendra,
D0159,mengatakan,
D0159,peristiwa,
D0159,itu,
D0159,terjadi,
D0159,di,
D0159,depan,
D0159,rumah,
D0159,korban,
D0159,dan,
D0159,pelaku,
D0159,di,
D0159,Dusun,
D0159,Cemara,
D0159,Desa,
D0159,Bogak,
D0159,Kecamatan,
D0159,Tanjung,
D0159,Tiram,
D0159,Minggu,
D0159,115,
D0159,sekira,
D0159,pukul,
D0159,1700,
D0159,WIB,
D0159,Kejadian,
D0159,berawal,
D0159,saat,
D0159,pelaku,
D0159,datang,
D0159,ke,
D0159,rumah,
D0159,tersebut,
D0159,dengan,
D0159,menaiki,
D0159,sepeda,
D0159,motor,
D0159,Awalnya,
D0159,saksi,
D0159,melihat,
D0159,pelaku,
D0159,turun,
D0159,dari,
D0159,sepeda,
D0159,motor,
D0159,dan,
D0159,masuk,
D0159,ke,
D0159,dalam,
D0159,rumah,
D0159,kata,
D0159,Cecep,
D0159,Tak,
D0159,lama,
D0159,korban,
D0159,dan,
D0159,pelaku,
D0159,terlibat,
D0159,cekcok,
D0159,Lalu,
D0159,keduanya,
D0159,keluar,
D0159,dari,
D0159,dalam,
D0159,rumah,
D0159,dan,
D0159,berkelahi,
D0159,di,
D0159,depan,
D0159,rumah,
D0159,tersebut,
D0159,Saat,
D0159,itu,
D0159,pelaku,
D0159,memukul,
D0159,kepala,
D0159,abangnya,
D0159,menggunakan,
D0159,kayu,
D0159,hingga,
D0159,membuat,
D0159,korban,
D0159,terjatuh,
D0159,ke,
D0159,tanah,
D0159,Setelah,
D0159,terjatuh,
D0159,pelaku,
D0159,juga,
D0159,masih,
D0159,sempat,
D0159,memukuli,
D0159,korban,
D0159,Pelaku,
D0159,memukul,
D0159,korban,
D0159,memakai,
D0159,kayu,
D0159,di,
D0159,bagian,
D0159,kepala,
D0159,sehingga,
D0159,korban,
D0159,terjatuh,
D0159,jelasnya,
D0159,Warga,
D0159,yang,
D0159,melihat,
D0159,kejadian,
D0159,itu,
D0159,langsung,
D0159,berdatangan,
D0159,dan,
D0159,menghentikan,
D0159,aksi,
D0159,pelaku,
D0159,Warga,
D0159,pun,
D0159,membawa,
D0159,korban,
D0159,ke,
D0159,rumah,
D0159,sakit,
D0159,terdekat,
D0159,menggunakan,
D0159,becak,
D0159,sementara,
D0159,pelaku,
D0159,pergi,
D0159,melarikan,
D0159,diri,
D0159,Namun,
D0159,nahas,
D0159,nyawa,
D0159,korban,
D0159,tidak,
D0159,tertolong,
D0159,Pihak,
D0159,kepolisian,
D0159,yang,
D0159,menerima,
D0159,laporan,
D0159,kejadian,
D0159,itu,
D0159,langsung,
D0159,mendatangi,
D0159,lokasi,
D0159,dan,
D0159,mencari,
D0159,keberadaan,
D0159,pelaku,
D0159,hingga,
D0159,akhirnya,
D0159,mengamankannya,
D0160,Kelompok,
D0160,geng,
D0160,motor,
D0160,terlibat,
D0160,tawuran,
D0160,di,
D0160,Kabupaten,
D0160,Deli,
D0160,Serdang,
D0160,Sumatera,
D0160,Utara,
D0160,Sumut,
D0160,Dalam,
D0160,peristiwa,
D0160,itu,
D0160,seorang,
D0160,remaja,
D0160,berinisial,
D0160,AP,
D0160,18,
D0160,dilaporkan,
D0160,tewas,
D0160,Kapolsek,
D0160,Medan,
D0160,Labuhan,
D0160,Kompol,
D0160,Tohap,
D0160,Sibuea,
D0160,mengatakan,
D0160,peristiwa,
D0160,itu,
D0160,terjadi,
D0160,di,
D0160,Desa,
D0160,Manunggal,
D0160,Kecamatan,
D0160,Labuhan,
D0160,Deli,
D0160,Sabtu,
D0160,105,
D0160,dini,
D0160,hari,
D0160,Peristiwa,
D0160,itu,
D0160,awalnya,
D0160,diketahui,
D0160,pihak,
D0160,kepolisian,
D0160,usai,
D0160,mendapatkan,
D0160,informasi,
D0160,soal,
D0160,adanya,
D0160,konvoi,
D0160,geng,
D0160,motor,
D0160,di,
D0160,Jalan,
D0160,Veteran,
D0160,Desa,
D0160,Manunggal,
D0160,Begitu,
D0160,menerima,
D0160,informasi,
D0160,kami,
D0160,bersama,
D0160,personel,
D0160,Ditsamapta,
D0160,langsung,
D0160,turun,
D0160,ke,
D0160,lokasi,
D0160,Di,
D0160,sana,
D0160,kami,
D0160,melihat,
D0160,sekelompok,
D0160,geng,
D0160,motor,
D0160,konvoi,
D0160,melawan,
D0160,arus,
D0160,Kami,
D0160,segera,
D0160,lakukan,
D0160,pengejaran,
D0160,dan,
D0160,berhasil,
D0160,mengamankan,
D0160,satu,
D0160,orang,
D0160,pelaku,
D0160,jelas,
D0160,Tohap,
D0160,Senin,
D0160,1252025,
D0160,SCROLL,
D0160,TO,
D0160,CONTINUE,
D0160,WITH,
D0160,CONTENT,
D0160,Lalu,
D0160,petugas,
D0160,melakukan,
D0160,penyisiran,
D0160,dan,
D0160,menemukan,
D0160,korban,
D0160,dalam,
D0160,keadaan,
D0160,kritis,
D0160,akibat,
D0160,dibacok,
D0160,Setelah,
D0160,itu,
D0160,korban,
D0160,dilarikan,
D0160,ke,
D0160,rumah,
D0160,sakit,
D0160,untuk,
D0160,mendapat,
D0160,pengobatan,
D0160,tetapi,
D0160,nyawanya,
D0160,korban,
D0160,tak,
D0160,tertolong,
D0160,Aksi,
D0160,brutal,
D0160,tersebut,
D0160,menewaskan,
D0160,satu,
D0160,remaja,
D0160,inisial,
D0160,AP,
D0160,yang,
D0160,ditemukan,
D0160,bersimbah,
D0160,darah,
D0160,di,
D0160,tengah,
D0160,jalan,
D0160,Korban,
D0160,segera,
D0160,dilarikan,
D0160,ke,
D0160,RS,
D0160,Sinar,
D0160,Husni,
D0160,untuk,
D0160,mendapat,
D0160,pertolongan,
D0160,medis,
D0160,namun,
D0160,nyawanya,
D0160,tak,
D0160,tertolong,
D0160,kata,
D0160,Tohap,
D0160,Pihak,
D0160,kepolisian,
D0160,pun,
D0160,melakukan,
D0160,penyelidikan,
D0160,dan,
D0160,mengamankan,
D0160,total,
D0160,sembilan,
D0160,pelaku,
D0160,Kesembilannya,
D0160,yakni,
D0160,IR,
D0160,MS,
D0160,MA,
D0160,MLH,
D0160,LHL,
D0160,MDKP,
D0160,DRP,
D0160,HR,
D0160,dan,
D0160,AAL,
D0160,Para,
D0160,pelaku,
D0160,berasal,
D0160,dari,
D0160,sejumlah,
D0160,kelompok,
D0160,geng,
D0160,motor,
D0160,di,
D0160,antaranya,
D0160,Uyut,
D0160,Timur,
D0160,Ready,
D0160,Spartan,
D0160,dan,
D0160,Ronsen,
D0160,Dari,
D0160,hasil,
D0160,interogasi,
D0160,diketahui,
D0160,bahwa,
D0160,aksi,
D0160,tawuran,
D0160,ini,
D0160,merupakan,
D0160,kesepakatan,
D0160,antara,
D0160,Geng,
D0160,Uyut,
D0160,Timur,
D0160,Ready,
D0160,Dokma,
D0160,dan,
D0160,Ronsen,
D0160,yang,
D0160,ingin,
D0160,menyerang,
D0160,Geng,
D0160,T3,
D0160,yang,
D0160,berisi,
D0160,kelompok,
D0160,Spartan,
D0160,Wak,
D0160,Ling,
D0160,dan,
D0160,Buldam,
D0160,Tawuran,
D0160,ini,
D0160,melibatkan,
D0160,senjata,
D0160,tajam,
D0160,yang,
D0160,kemudian,
D0160,berhasil,
D0160,diamankan,
D0160,sebagai,
D0160,barang,
D0160,bukti,
D0160,sebutnya,
D0160,Tohap,
D0160,menyebut,
D0160,pihaknya,
D0160,masih,
D0160,mendalami,
D0160,peranperan,
D0160,para,
D0160,pelaku,
D0160,tersebut,
D0160,Selain,
D0160,itu,
D0160,petugas,
D0160,juga,
D0160,tengah,
D0160,menyelidiki,
D0160,motif,
D0160,tawuran,
D0160,itu,
D0160,Kami,
D0160,akan,
D0160,proses,
D0160,para,
D0160,pelaku,
D0160,secara,
D0160,hukum,
D0160,Saat,
D0160,ini,
D0160,penyidikan,
D0160,masih,
D0160,terus,
D0160,berjalan,
D0160,untuk,
D0160,mendalami,
D0160,peran,
D0160,masingmasing,
D0160,pelaku,
D0160,dan,
D0160,kemungkinan,
D0160,keterlibatan,
D0160,pelaku,
D0160,lainnya,
D0160,pungkasnya,
D0160,Plh,
D0160,Kapolres,
D0160,Pelabuhan,
D0160,Belawan,
D0160,AKBP,
D0160,Wahyudi,
D0160,Rahman,
D0160,menyebut,
D0160,korban,
D0160,mengalami,
D0160,luka,
D0160,bacok,
D0160,di,
D0160,bagian,
D0160,kepala,
D0160,dan,
D0160,perut,
D0160,Saat,
D0160,ini,
D0160,petugas,
D0160,masih,
D0160,memburu,
D0160,pelaku,
D0160,lainnya,
D0160,Dibacok,
D0160,korban,
D0160,luka,
D0160,robek,
D0160,pada,
D0160,bagian,
D0160,atas,
D0160,kepala,
D0160,robek,
D0160,pada,
D0160,bagian,
D0160,perut,
D0160,sebelah,
D0160,kanan,
D0160,dan,
D0160,lecet,
D0160,pada,
D0160,paha,
D0160,sebelah,
D0160,kiri,
D0160,kata,
D0160,Wahyudi,
D0161,Seorang,
D0161,pria,
D0161,bernama,
D0161,Hanafi,
D0161,33,
D0161,menganiaya,
D0161,abangnya,
D0161,Hermansyah,
D0161,41,
D0161,hingga,
D0161,terbunuh,
D0161,di,
D0161,Kabupaten,
D0161,Batu,
D0161,Bara,
D0161,Sumatera,
D0161,Utara,
D0161,Sumut,
D0161,Saat,
D0161,ini,
D0161,pelaku,
D0161,Hanafi,
D0161,telah,
D0161,diamankan,
D0161,kepolisian,
D0161,Kapolsek,
D0161,Labuhan,
D0161,Ruku,
D0161,AKP,
D0161,Cecep,
D0161,Suhendra,
D0161,mengatakan,
D0161,peristiwa,
D0161,itu,
D0161,terjadi,
D0161,di,
D0161,depan,
D0161,rumah,
D0161,korban,
D0161,dan,
D0161,pelaku,
D0161,di,
D0161,Dusun,
D0161,Cemara,
D0161,Desa,
D0161,Bogak,
D0161,Kecamatan,
D0161,Tanjung,
D0161,Tiram,
D0161,Minggu,
D0161,115,
D0161,sekira,
D0161,pukul,
D0161,1700,
D0161,WIB,
D0161,Kejadian,
D0161,berawal,
D0161,saat,
D0161,pelaku,
D0161,datang,
D0161,ke,
D0161,rumah,
D0161,tersebut,
D0161,dengan,
D0161,menaiki,
D0161,sepeda,
D0161,motor,
D0161,Awalnya,
D0161,saksi,
D0161,pelaku,
D0161,melihat,
D0161,turun,
D0161,dari,
D0161,sepeda,
D0161,motor,
D0161,dan,
D0161,masuk,
D0161,ke,
D0161,dalam,
D0161,rumah,
D0161,kata,
D0161,Cecep,
D0161,Senin,
D0161,1252025,
D0161,SCROLL,
D0161,TO,
D0161,CONTINUE,
D0161,WITH,
D0161,CONTENT,
D0161,Tak,
D0161,lama,
D0161,korban,
D0161,dan,
D0161,pelaku,
D0161,terlibat,
D0161,cekcok,
D0161,Lalu,
D0161,keduanya,
D0161,keluar,
D0161,dari,
D0161,dalam,
D0161,rumah,
D0161,dan,
D0161,berkelahi,
D0161,di,
D0161,depan,
D0161,rumah,
D0161,tersebut,
D0161,Saat,
D0161,itu,
D0161,pelaku,
D0161,memukul,
D0161,kepala,
D0161,abangnya,
D0161,menggunakan,
D0161,kayu,
D0161,hingga,
D0161,membuat,
D0161,korban,
D0161,terjatuh,
D0161,ke,
D0161,tanah,
D0161,Setelah,
D0161,terjatuh,
D0161,pelaku,
D0161,juga,
D0161,masih,
D0161,sempat,
D0161,memukuli,
D0161,korban,
D0161,Pelaku,
D0161,memukul,
D0161,korban,
D0161,memakai,
D0161,kayu,
D0161,di,
D0161,bagian,
D0161,kepala,
D0161,sehingga,
D0161,korban,
D0161,terjatuh,
D0161,jelasnya,
D0161,Warga,
D0161,yang,
D0161,melihat,
D0161,kejadian,
D0161,itu,
D0161,langsung,
D0161,datang,
D0161,dan,
D0161,menghentikan,
D0161,aksi,
D0161,pelaku,
D0161,Warga,
D0161,pun,
D0161,membawa,
D0161,korban,
D0161,ke,
D0161,rumah,
D0161,sakit,
D0161,terdekat,
D0161,menggunakan,
D0161,becak,
D0161,sementara,
D0161,pelaku,
D0161,melarikan,
D0161,diri,
D0161,Namun,
D0161,kenyataannya,
D0161,nyawa,
D0161,korban,
D0161,tidak,
D0161,tertolong,
D0161,Pihak,
D0161,kepolisian,
D0161,yang,
D0161,menerima,
D0161,laporan,
D0161,kejadian,
D0161,itu,
D0161,langsung,
D0161,mendatangi,
D0161,lokasi,
D0161,dan,
D0161,mencari,
D0161,keberadaan,
D0161,pelaku,
D0161,hingga,
D0161,akhirnya,
D0161,mengamankannya,
D0161,Cecep,
D0161,belum,
D0161,memerinci,
D0161,motif,
D0161,pembunuhan,
D0161,itumengamankannya,
D0161,Cecep,
D0161,belum,
D0161,memerinci,
D0161,motif,
D0161,pembunuhan,
D0161,itu,
D0161,Kami,
D0161,telah,
D0161,mendatangi,
D0161,TKP,
D0161,dan,
D0161,mengamankan,
D0161,pelaku,
D0161,tutupnyaTKP,
D0161,dan,
D0161,mengamankan,
D0161,pelaku,
D0161,pungkasnya,
D0162,Dua,
D0162,mahasiswa,
D0162,berinisial,
D0162,AS,
D0162,20,
D0162,dan,
D0162,FH,
D0162,20,
D0162,menunjukkan,
D0162,sikap,
D0162,tak,
D0162,sportif,
D0162,bahkan,
D0162,kriminal,
D0162,Keduanya,
D0162,menikam,
D0162,lawan,
D0162,main,
D0162,futsal,
D0162,mereka,
D0162,karena,
D0162,tak,
D0162,terima,
D0162,kalah,
D0162,Kapolrestabes,
D0162,Medan,
D0162,Kombes,
D0162,Gidion,
D0162,Arif,
D0162,Setyawan,
D0162,menjelaskan,
D0162,Kejadian,
D0162,itu,
D0162,terjadi,
D0162,di,
D0162,Jalan,
D0162,Perhubungan,
D0162,Desa,
D0162,Lau,
D0162,Dendang,
D0162,Kecamatan,
D0162,Percut,
D0162,Sei,
D0162,Tuan,
D0162,2,
D0162,Mei,
D0162,2025,
D0162,sekira,
D0162,pukul,
D0162,1930,
D0162,WIB,
D0162,Motifnya,
D0162,kedua,
D0162,pelaku,
D0162,kesal,
D0162,kalah,
D0162,main,
D0162,futsal,
D0162,Kronologi,
D0162,kejadiannya,
D0162,saat,
D0162,itu,
D0162,ketiga,
D0162,korban,
D0162,hendak,
D0162,pulang,
D0162,ke,
D0162,rumah,
D0162,dengan,
D0162,sepeda,
D0162,motor,
D0162,Tibatiba,
D0162,para,
D0162,pelaku,
D0162,datang,
D0162,dengan,
D0162,berboncengan,
D0162,SCROLL,
D0162,TO,
D0162,CONTINUE,
D0162,WITH,
D0162,CONTENT,
D0162,Tepat,
D0162,di,
D0162,Jalan,
D0162,Perhubungan,
D0162,simpang,
D0162,Jalan,
D0162,PWI,
D0162,tibatiba,
D0162,datang,
D0162,dan,
D0162,arah,
D0162,belakang,
D0162,pelapor,
D0162,para,
D0162,pelaku,
D0162,yang,
D0162,mengendarai,
D0162,satu,
D0162,sepeda,
D0162,motor,
D0162,kata,
D0162,Gidion,
D0162,Sabtu,
D0162,1052025,
D0162,kedua,
D0162,pelaku,
D0162,lalu,
D0162,mengadang,
D0162,korban,
D0162,hingga,
D0162,korban,
D0162,terjatuh,
D0162,dari,
D0162,motor,
D0162,setelah,
D0162,itu,
D0162,pelaku,
D0162,langsung,
D0162,memukuli,
D0162,dan,
D0162,menusuk,
D0162,korban,
D0162,dengan,
D0162,sajam,
D0162,Pelapor,
D0162,dan,
D0162,dua,
D0162,korban,
D0162,lainnya,
D0162,berteriak,
D0162,minta,
D0162,tolong,
D0162,hingga,
D0162,warga,
D0162,sekitar,
D0162,datang,
D0162,menolong,
D0162,jelasnya,
D0162,Mendengar,
D0162,korban,
D0162,minta,
D0162,tolong,
D0162,warga,
D0162,pun,
D0162,berdatangan,
D0162,kemudian,
D0162,mengamankan,
D0162,dua,
D0162,pelaku,
D0162,Satu,
D0162,pelaku,
D0162,lainnya,
D0162,berhasil,
D0162,melarikan,
D0162,diri,
D0162,Dua,
D0162,orang,
D0162,pelaku,
D0162,dapat,
D0162,diamankan,
D0162,namun,
D0162,satu,
D0162,orang,
D0162,pelaku,
D0162,melarikan,
D0162,diri,
D0162,kata,
D0162,Gidion,
D0162,Gidion,
D0162,mengatakan,
D0162,peristiwa,
D0162,itu,
D0162,diduga,
D0162,dipicu,
D0162,karena,
D0162,sakit,
D0162,hati,
D0162,Korban,
D0162,mengalahkan,
D0162,pelaku,
D0162,dalam,
D0162,pertandingan,
D0162,futsal,
D0162,Menurut,
D0162,keterangan,
D0162,pelapor,
D0162,bahwa,
D0162,sebelum,
D0162,kejadian,
D0162,tersebut,
D0162,antara,
D0162,para,
D0162,pelaku,
D0162,dan,
D0162,pelapor,
D0162,mengadakan,
D0162,pertandingan,
D0162,futsal,
D0162,Saat,
D0162,pertandingan,
D0162,tim,
D0162,pelaku,
D0162,mengalami,
D0162,kekalahan,
D0162,namun,
D0162,para,
D0162,pelaku,
D0162,tidak,
D0162,terima,
D0162,hingga,
D0162,terjadi,
D0162,penganiayaan,
D0162,terhadap,
D0162,pelapor,
D0162,dan,
D0162,dua,
D0162,korban,
D0162,lainnya,
D0162,pungkasnya,
D0163,Dua,
D0163,mahasiswa,
D0163,menusuk,
D0163,lawan,
D0163,mainnya,
D0163,bermain,
D0163,futsal,
D0163,menggunakan,
D0163,senjata,
D0163,tajam,
D0163,di,
D0163,Kabupaten,
D0163,Deli,
D0163,Serdang,
D0163,Sumatera,
D0163,Utara,
D0163,Sumut,
D0163,Hal,
D0163,itu,
D0163,dipicu,
D0163,karena,
D0163,para,
D0163,pelaku,
D0163,kesal,
D0163,kalah,
D0163,main,
D0163,futsal,
D0163,Kapolrestabes,
D0163,Medan,
D0163,Kombes,
D0163,Gidion,
D0163,Arif,
D0163,Setyawan,
D0163,mengatakan,
D0163,peristiwa,
D0163,itu,
D0163,terjadi,
D0163,di,
D0163,Jalan,
D0163,Perhubungan,
D0163,Desa,
D0163,Lau,
D0163,Dendang,
D0163,Kecamatan,
D0163,Percut,
D0163,Sei,
D0163,Tuan,
D0163,2,
D0163,Mei,
D0163,2025,
D0163,sekira,
D0163,pukul,
D0163,1930,
D0163,WIB,
D0163,Adapun,
D0163,kedua,
D0163,pelaku,
D0163,adalah,
D0163,AS,
D0163,20,
D0163,dan,
D0163,FH,
D0163,20,
D0163,Saat,
D0163,itu,
D0163,ketiga,
D0163,korban,
D0163,hendak,
D0163,pulang,
D0163,ke,
D0163,rumah,
D0163,dengan,
D0163,mengendarai,
D0163,sepeda,
D0163,motor,
D0163,Tepat,
D0163,di,
D0163,Jalan,
D0163,Perhubungan,
D0163,simpang,
D0163,Jalan,
D0163,PWI,
D0163,tibatiba,
D0163,datang,
D0163,dan,
D0163,arah,
D0163,belakang,
D0163,pelapor,
D0163,para,
D0163,pelaku,
D0163,yang,
D0163,mengendarai,
D0163,satu,
D0163,sepeda,
D0163,motor,
D0163,kata,
D0163,Gidion,
D0163,Sabtu,
D0163,1052025,
D0163,SCROLL,
D0163,TO,
D0163,CONTINUE,
D0163,WITH,
D0163,CONTENT,
D0163,Lalu,
D0163,para,
D0163,pelaku,
D0163,mengadang,
D0163,ketiga,
D0163,korban,
D0163,hingga,
D0163,para,
D0163,korban,
D0163,terjatuh,
D0163,dari,
D0163,motor,
D0163,Kemudian,
D0163,para,
D0163,pelaku,
D0163,memukul,
D0163,dan,
D0163,langsung,
D0163,menusuk,
D0163,para,
D0163,korban,
D0163,dengan,
D0163,menggunakan,
D0163,senjata,
D0163,tajam,
D0163,Pelapor,
D0163,dan,
D0163,dua,
D0163,korban,
D0163,lainnya,
D0163,berteriak,
D0163,minta,
D0163,tolong,
D0163,hingga,
D0163,warga,
D0163,sekitar,
D0163,datang,
D0163,menolong,
D0163,jelasnya,
D0163,Warga,
D0163,yang,
D0163,mendengar,
D0163,teriakan,
D0163,korban,
D0163,langsung,
D0163,berdatangan,
D0163,dan,
D0163,mengamankan,
D0163,dua,
D0163,pelaku,
D0163,Sementara,
D0163,satu,
D0163,pelaku,
D0163,lainnya,
D0163,bisa,
D0163,melarikan,
D0163,diri,
D0163,Dua,
D0163,orang,
D0163,pelaku,
D0163,dapat,
D0163,diamankan,
D0163,namun,
D0163,satu,
D0163,orang,
D0163,pelaku,
D0163,melarikan,
D0163,diri,
D0163,kata,
D0163,Gidion,
D0163,Peristiwa,
D0163,itu,
D0163,diduga,
D0163,dipicu,
D0163,karena,
D0163,sakit,
D0163,hati,
D0163,Sebab,
D0163,sebelum,
D0163,kejadian,
D0163,itu,
D0163,tim,
D0163,korban,
D0163,mengalahkan,
D0163,tim,
D0163,pelaku,
D0163,saat,
D0163,bermain,
D0163,futsal,
D0163,Menurut,
D0163,keterangan,
D0163,pelapor,
D0163,bahwa,
D0163,sebelum,
D0163,kejadian,
D0163,tersebut,
D0163,antara,
D0163,para,
D0163,pelaku,
D0163,dan,
D0163,pelapor,
D0163,mengadakan,
D0163,pertandingan,
D0163,futsal,
D0163,Saat,
D0163,pertandingan,
D0163,tim,
D0163,pelaku,
D0163,mengalami,
D0163,kekalahan,
D0163,namun,
D0163,para,
D0163,pelaku,
D0163,tidak,
D0163,terima,
D0163,hingga,
D0163,terjadi,
D0163,penganiayaan,
D0163,terhadap,
D0163,pelapor,
D0163,dan,
D0163,dua,
D0163,korban,
D0163,lainnya,
D0163,pungkasnya,
D0164,Remaja,
D0164,berinisial,
D0164,AF,
D0164,18,
D0164,menjadi,
D0164,korban,
D0164,begal,
D0164,payudara,
D0164,saat,
D0164,naik,
D0164,sepeda,
D0164,motor,
D0164,di,
D0164,jalanan,
D0164,Kota,
D0164,Binjai,
D0164,Sumatera,
D0164,Utara,
D0164,Pelaku,
D0164,berinisial,
D0164,YN,
D0164,34,
D0164,pun,
D0164,sudah,
D0164,ditangkap,
D0164,karena,
D0164,aksi,
D0164,cabulnya,
D0164,itu,
D0164,Kasat,
D0164,Reskrim,
D0164,Polres,
D0164,Binjai,
D0164,Iptu,
D0164,Rino,
D0164,Heriyanto,
D0164,mengatakan,
D0164,peristiwa,
D0164,itu,
D0164,terjadi,
D0164,di,
D0164,Jalan,
D0164,Gugus,
D0164,Depan,
D0164,Kecamatan,
D0164,Binjai,
D0164,Kota,
D0164,Kamis,
D0164,85,
D0164,siang,
D0164,Saat,
D0164,itu,
D0164,korban,
D0164,tengah,
D0164,mengendarai,
D0164,sepeda,
D0164,motor,
D0164,Terlapor,
D0164,tibatiba,
D0164,berada,
D0164,di,
D0164,sebelah,
D0164,kanan,
D0164,korban,
D0164,yang,
D0164,sedang,
D0164,mengendarai,
D0164,motor,
D0164,dan,
D0164,tibatiba,
D0164,terlapor,
D0164,langsung,
D0164,meremas,
D0164,payudara,
D0164,korban,
D0164,kata,
D0164,Rino,
D0164,Sabtu,
D0164,1052025,
D0164,SCROLL,
D0164,TO,
D0164,CONTINUE,
D0164,WITH,
D0164,CONTENT,
D0164,Pada,
D0164,saat,
D0164,yang,
D0164,bersamaan,
D0164,pelaku,
D0164,juga,
D0164,menyampaikan,
D0164,bahwa,
D0164,payudara,
D0164,korban,
D0164,besar,
D0164,Setelah,
D0164,melancarkan,
D0164,aksinya,
D0164,pelaku,
D0164,langsung,
D0164,melarikan,
D0164,diri,
D0164,dengan,
D0164,sepeda,
D0164,motornya,
D0164,Korban,
D0164,pun,
D0164,sempat,
D0164,mengejar,
D0164,pelaku,
D0164,sambil,
D0164,teriak,
D0164,meminta,
D0164,pertolongan,
D0164,Warga,
D0164,yang,
D0164,mendengar,
D0164,teriakan,
D0164,itu,
D0164,langsung,
D0164,mengejar,
D0164,pelaku,
D0164,dan,
D0164,mengamankannya,
D0164,tak,
D0164,jauh,
D0164,dari,
D0164,lokasi,
D0164,kejadian,
D0164,Setelah,
D0164,itu,
D0164,pelaku,
D0164,diserahkan,
D0164,kepada,
D0164,petugas,
D0164,kepolisian,
D0164,Itu,
D0164,kejadiannya,
D0164,spontanitas,
D0164,saja,
D0164,karena,
D0164,ketika,
D0164,itu,
D0164,kena,
D0164,begal,
D0164,payudara,
D0164,si,
D0164,korban,
D0164,teriak,
D0164,makanya,
D0164,langsung,
D0164,dibantu,
D0164,oleh,
D0164,masyarakat,
D0164,diamankan,
D0164,sebutnya,
D0164,Mantan,
D0164,Kapolsek,
D0164,Parapat,
D0164,itu,
D0164,menyebut,
D0164,kasus,
D0164,itu,
D0164,baru,
D0164,saja,
D0164,dilimpahkan,
D0164,dari,
D0164,polsek,
D0164,ke,
D0164,polres,
D0164,Saat,
D0164,ini,
D0164,Satreskrim,
D0164,Polres,
D0164,Binjai,
D0164,tengah,
D0164,mendalami,
D0164,peristiwa,
D0164,itu,
D0164,Informasi,
D0164,awalnya,
D0164,kan,
D0164,ditangani,
D0164,oleh,
D0164,polsek,
D0164,karena,
D0164,ini,
D0164,kasus,
D0164,perempuan,
D0164,dan,
D0164,anak,
D0164,makanya,
D0164,kita,
D0164,yang,
D0164,menangani,
D0164,di,
D0164,polres,
D0164,pungkasnya,
D0165,Berbagai,
D0165,peristiwa,
D0165,dan,
D0165,kasus,
D0165,kriminal,
D0165,terjadi,
D0165,di,
D0165,wilayah,
D0165,Sumatera,
D0165,Utara,
D0165,Sumut,
D0165,dalam,
D0165,sepekan,
D0165,ini,
D0165,Misalnya,
D0165,soal,
D0165,Polda,
D0165,Sumut,
D0165,yang,
D0165,menggerebek,
D0165,rumah,
D0165,produksi,
D0165,dokumen,
D0165,palsu,
D0165,di,
D0165,Medan,
D0165,dan,
D0165,bayi,
D0165,hasil,
D0165,inses,
D0165,atau,
D0165,hubungan,
D0165,sedarah,
D0165,yang,
D0165,dipaketkan,
D0165,lewat,
D0165,ojek,
D0165,online,
D0165,ojol,
D0165,detikSumut,
D0165,akan,
D0165,merangkum,
D0165,beberapa,
D0165,peristiwa,
D0165,dan,
D0165,kasus,
D0165,kriminal,
D0165,yang,
D0165,cukup,
D0165,menghebohkan,
D0165,Pastikan,
D0165,detikers,
D0165,menyimaknya,
D0165,sampai,
D0165,akhir,
D0165,Berikut,
D0165,rinciannya,
D0165,1,
D0165,Rumah,
D0165,Produksi,
D0165,Dokumen,
D0165,Mobil,
D0165,Mewah,
D0165,Palsu,
D0165,Digerebek,
D0165,SCROLL,
D0165,TO,
D0165,CONTINUE,
D0165,WITH,
D0165,CONTENT,
D0165,Ditreskrimum,
D0165,Polda,
D0165,Sumut,
D0165,membongkar,
D0165,rumah,
D0165,produksi,
D0165,dokumen,
D0165,kendaraan,
D0165,palsu,
D0165,untuk,
D0165,berbagai,
D0165,kendaraan,
D0165,termasuk,
D0165,mobil,
D0165,mewah,
D0165,jenis,
D0165,mini,
D0165,cooper,
D0165,Jaringan,
D0165,sindikat,
D0165,ini,
D0165,tidak,
D0165,hanya,
D0165,beraksi,
D0165,di,
D0165,Sumut,
D0165,tetapi,
D0165,juga,
D0165,di,
D0165,sejumlah,
D0165,wilayah,
D0165,lainnya,
D0165,Dari,
D0165,pengungkapan,
D0165,ini,
D0165,petugas,
D0165,turut,
D0165,mengamankan,
D0165,sembilan,
D0165,unit,
D0165,mini,
D0165,cooper,
D0165,yang,
D0165,masih,
D0165,dalam,
D0165,proses,
D0165,perakitan,
D0165,Dirreskrimum,
D0165,Polda,
D0165,Sumut,
D0165,Kombes,
D0165,Sumaryono,
D0165,mengatakan,
D0165,pengungkapan,
D0165,dilakukan,
D0165,di,
D0165,Jalan,
D0165,Jamin,
D0165,Ginting,
D0165,KM,
D0165,14,
D0165,Kecamatan,
D0165,Medan,
D0165,Tuntungan,
D0165,11,
D0165,Maret,
D0165,2025,
D0165,Adapun,
D0165,pelaku,
D0165,utama,
D0165,dalam,
D0165,sindikat,
D0165,ini,
D0165,adalah,
D0165,Janfrisa,
D0165,Sembiring,
D0165,alias,
D0165,JS,
D0165,36,
D0165,Bahwa,
D0165,Ditreskrimum,
D0165,Polda,
D0165,Sumut,
D0165,telah,
D0165,berhasil,
D0165,mengungkap,
D0165,sindikat,
D0165,pemalsuan,
D0165,kendaraan,
D0165,bermotor,
D0165,Bermula,
D0165,pada,
D0165,tanggal,
D0165,11,
D0165,Maret,
D0165,2025,
D0165,kami,
D0165,mendapatkan,
D0165,informasi,
D0165,dari,
D0165,masyarakat,
D0165,yang,
D0165,mengatakan,
D0165,bahwa,
D0165,ada,
D0165,sindikat,
D0165,jual,
D0165,beli,
D0165,dokumen,
D0165,kendaraan,
D0165,bermotor,
D0165,kata,
D0165,Sumaryono,
D0165,Senin,
D0165,552025,
D0165,Berdasarkan,
D0165,informasi,
D0165,tersebut,
D0165,pihak,
D0165,kepolisian,
D0165,melakukan,
D0165,penyelidikan,
D0165,dan,
D0165,mengamankan,
D0165,pelaku,
D0165,Janfrisa,
D0165,Sembiring,
D0165,di,
D0165,Jalan,
D0165,Jamin,
D0165,Ginting,
D0165,Janfrisa,
D0165,berperan,
D0165,sebagai,
D0165,pembuat,
D0165,dokumen,
D0165,palsu,
D0165,untuk,
D0165,mobil,
D0165,dan,
D0165,sepeda,
D0165,motor,
D0165,tersebut,
D0165,Selain,
D0165,menangkap,
D0165,Janfrisa,
D0165,petugas,
D0165,kepolisian,
D0165,mengamankan,
D0165,10,
D0165,pelaku,
D0165,lainnya,
D0165,yakni,
D0165,Muhammad,
D0165,Tebri,
D0165,38,
D0165,Muslim,
D0165,33,
D0165,Edi,
D0165,Nuriswan,
D0165,47,
D0165,Dwi,
D0165,Rijki,
D0165,Suteja,
D0165,31,
D0165,Bobby,
D0165,Leonardus,
D0165,Sembiring,
D0165,42,
D0165,Dedy,
D0165,Saputra,
D0165,46,
D0165,Robi,
D0165,Anzalni,
D0165,36,
D0165,Febi,
D0165,Donal,
D0165,39,
D0165,Leonardus,
D0165,Juivernianto,
D0165,33,
D0165,dan,
D0165,Indra,
D0165,Wijaya,
D0165,30,
D0165,Para,
D0165,pelaku,
D0165,memiliki,
D0165,peran,
D0165,yang,
D0165,berbedabeda,
D0165,mulai,
D0165,dari,
D0165,pemilik,
D0165,bengkel,
D0165,distributor,
D0165,debt,
D0165,collector,
D0165,perantara,
D0165,dan,
D0165,pemesan,
D0165,Sumaryono,
D0165,menyebut,
D0165,tempat,
D0165,yang,
D0165,dikendalikan,
D0165,pelaku,
D0165,Janfrisa,
D0165,Sembiring,
D0165,ini,
D0165,sudah,
D0165,beroperasi,
D0165,sekitar,
D0165,tiga,
D0165,tahun,
D0165,Satu,
D0165,dokumen,
D0165,dijual,
D0165,dari,
D0165,kisaran,
D0165,harga,
D0165,Rp,
D0165,750,
D0165,ribu,
D0165,hingga,
D0165,Rp,
D0165,4,
D0165,juta,
D0165,tergantung,
D0165,jenis,
D0165,kendaraan,
D0165,yang,
D0165,dokumennya,
D0165,akan,
D0165,dipalsukan,
D0165,Selain,
D0165,melalui,
D0165,perantara,
D0165,pelaku,
D0165,juga,
D0165,memperjualbelikannya,
D0165,lewat,
D0165,Facebook,
D0165,Ada,
D0165,sekitar,
D0165,600700,
D0165,dokumen,
D0165,palsu,
D0165,yang,
D0165,telah,
D0165,tersebar,
D0165,2,
D0165,Wanita,
D0165,di,
D0165,Samosir,
D0165,Ngaku,
D0165,Bayinya,
D0165,Usia,
D0165,3,
D0165,Bulan,
D0165,Dicabuli,
D0165,Kakek,
D0165,Satu,
D0165,video,
D0165,yang,
D0165,menyebutkan,
D0165,seorang,
D0165,wanita,
D0165,di,
D0165,Kabupaten,
D0165,Samosir,
D0165,Sumatera,
D0165,mengaku,
D0165,bayi,
D0165,perempuannya,
D0165,yang,
D0165,masih,
D0165,berusia,
D0165,35,
D0165,bulan,
D0165,menjadi,
D0165,korban,
D0165,pencabulan,
D0165,kakek,
D0165,bayi,
D0165,tersebut,
D0165,viral,
D0165,di,
D0165,media,
D0165,sosial,
D0165,Berdasarkan,
D0165,hasil,
D0165,penyelidikan,
D0165,pihak,
D0165,kepolisian,
D0165,dugaan,
D0165,pencabulan,
D0165,tersebut,
D0165,tidak,
D0165,terbukti,
D0165,Kasat,
D0165,Reskrim,
D0165,Polres,
D0165,Samosir,
D0165,AKP,
D0165,Edward,
D0165,Sidauruk,
D0165,mengatakan,
D0165,bahwa,
D0165,dugaan,
D0165,pencabulan,
D0165,tersebut,
D0165,dilaporkan,
D0165,MY,
D0165,ibu,
D0165,bayi,
D0165,tersebut,
D0165,ke,
D0165,polisi,
D0165,pada,
D0165,21,
D0165,April,
D0165,2025,
D0165,Usai,
D0165,menerima,
D0165,laporan,
D0165,itu,
D0165,pihak,
D0165,kepolisian,
D0165,melakukan,
D0165,serangkaian,
D0165,penyelidikan,
D0165,dengan,
D0165,mengecek,
D0165,TKP,
D0165,dan,
D0165,memeriksa,
D0165,sejumlah,
D0165,saksi,
D0165,di,
D0165,antaranya,
D0165,ibu,
D0165,MY,
D0165,dan,
D0165,saudara,
D0165,MY,
D0165,yang,
D0165,tinggal,
D0165,bersama,
D0165,mereka,
D0165,di,
D0165,rumah,
D0165,tersebut,
D0165,Selain,
D0165,itu,
D0165,orang,
D0165,yang,
D0165,dilaporkan,
D0165,MY,
D0165,mencabuli,
D0165,anaknya,
D0165,itu,
D0165,adalah,
D0165,ayah,
D0165,kandungnya,
D0165,sendiri,
D0165,atau,
D0165,kakek,
D0165,bayi,
D0165,tersebut,
D0165,Ayah,
D0165,MY,
D0165,ini,
D0165,juga,
D0165,tinggal,
D0165,bersama,
D0165,mereka,
D0165,di,
D0165,rumah,
D0165,itu,
D0165,Setelah,
D0165,kita,
D0165,terima,
D0165,LP,
D0165,di,
D0165,tanggal,
D0165,21,
D0165,April,
D0165,kita,
D0165,lakukan,
D0165,serangkaian,
D0165,penyelidikan,
D0165,yaitu,
D0165,cek,
D0165,TKP,
D0165,dan,
D0165,olah,
D0165,TKP,
D0165,Lalu,
D0165,langsung,
D0165,membawa,
D0165,ibu,
D0165,dan,
D0165,bayi,
D0165,tersebut,
D0165,ke,
D0165,rumah,
D0165,sakit,
D0165,untuk,
D0165,divisum,
D0165,Sembari,
D0165,menunggu,
D0165,hasil,
D0165,visum,
D0165,kita,
D0165,lakukan,
D0165,permintaan,
D0165,keterangan,
D0165,dari,
D0165,saksisaksi,
D0165,Saksi,
D0165,yang,
D0165,kita,
D0165,periksa,
D0165,orang,
D0165,tua,
D0165,dari,
D0165,si,
D0165,pelapor,
D0165,saudara,
D0165,lakilaki,
D0165,si,
D0165,pelapor,
D0165,baru,
D0165,petugas,
D0165,salah,
D0165,satu,
D0165,puskesmas,
D0165,ada,
D0165,tiga,
D0165,di,
D0165,situ,
D0165,perawat,
D0165,bidan,
D0165,dan,
D0165,dokter,
D0165,kata,
D0165,Edward,
D0165,saat,
D0165,dikonfirmasi,
D0165,detikSumut,
D0165,Senin,
D0165,55,
D0165,Edward,
D0165,menyebut,
D0165,keluarga,
D0165,pelapor,
D0165,tersebut,
D0165,tidak,
D0165,ada,
D0165,yang,
D0165,menyaksikan,
D0165,soal,
D0165,pencabulan,
D0165,seperti,
D0165,yang,
D0165,dilaporkan,
D0165,MY,
D0165,itu,
D0165,Selain,
D0165,itu,
D0165,dari,
D0165,hasil,
D0165,visum,
D0165,juga,
D0165,tidak,
D0165,ditemukan,
D0165,adanya,
D0165,kelainan,
D0165,di,
D0165,kemaluan,
D0165,bayi,
D0165,tersebut,
D0165,Berdasarkan,
D0165,hasil,
D0165,penyelidikan,
D0165,itu,
D0165,kata,
D0165,Edward,
D0165,tidak,
D0165,ditemukan,
D0165,adanya,
D0165,dugaan,
D0165,pencabulan,
D0165,kepada,
D0165,bayi,
D0165,tersebut,
D0165,Alhasil,
D0165,petugas,
D0165,kepolisian,
D0165,memutuskan,
D0165,untuk,
D0165,menghentikan,
D0165,penyelidikan,
D0165,laporan,
D0165,itu,
D0165,pada,
D0165,2,
D0165,Mei,
D0165,Baca,
D0165,selengkapnya,
D0165,di,
D0165,halaman,
D0165,berikut,
D0165,3,
D0165,Pria,
D0165,Diserang,
D0165,Begal,
D0165,Bersajam,
D0165,saat,
D0165,Bawa,
D0165,Balita,
D0165,di,
D0165,Batu,
D0165,Bara,
D0165,MotorUang,
D0165,Dirampas,
D0165,Seorang,
D0165,pria,
D0165,bernama,
D0165,Hendri,
D0165,Yanto,
D0165,33,
D0165,diserang,
D0165,kawanan,
D0165,begal,
D0165,bersenjata,
D0165,tajam,
D0165,saat,
D0165,tengah,
D0165,membawa,
D0165,anaknya,
D0165,yang,
D0165,masih,
D0165,berusia,
D0165,empat,
D0165,tahun,
D0165,di,
D0165,Kabupaten,
D0165,Batu,
D0165,Bara,
D0165,Saat,
D0165,kejadian,
D0165,itu,
D0165,para,
D0165,pelaku,
D0165,merampas,
D0165,sepeda,
D0165,motor,
D0165,dan,
D0165,uang,
D0165,korban,
D0165,Kapolsek,
D0165,Indrapura,
D0165,AKP,
D0165,Reynold,
D0165,Silalahi,
D0165,mengatakan,
D0165,peristiwa,
D0165,itu,
D0165,terjadi,
D0165,di,
D0165,Jalan,
D0165,Acces,
D0165,Road,
D0165,Inalum,
D0165,Kecamatan,
D0165,Sei,
D0165,suka,
D0165,Minggu,
D0165,204,
D0165,sekira,
D0165,pukul,
D0165,0530,
D0165,WIB,
D0165,Saat,
D0165,kejadian,
D0165,korban,
D0165,baru,
D0165,saja,
D0165,dari,
D0165,Rumah,
D0165,Sakit,
D0165,Sapta,
D0165,Medika,
D0165,Desa,
D0165,Tanah,
D0165,Merah,
D0165,dan,
D0165,hendak,
D0165,menuju,
D0165,Desa,
D0165,Pakam,
D0165,Pelapor,
D0165,bersama,
D0165,dengan,
D0165,anak,
D0165,pelapor,
D0165,yang,
D0165,berumur,
D0165,empat,
D0165,tahun,
D0165,Sesampainya,
D0165,di,
D0165,Jalan,
D0165,Acces,
D0165,Road,
D0165,Inalum,
D0165,datang,
D0165,dari,
D0165,belakangnya,
D0165,sepeda,
D0165,motor,
D0165,yang,
D0165,mendekati,
D0165,pelapor,
D0165,kata,
D0165,Reynold,
D0165,Rabu,
D0165,75,
D0165,Reynlod,
D0165,menyebut,
D0165,ada,
D0165,tiga,
D0165,orang,
D0165,yang,
D0165,berada,
D0165,di,
D0165,atas,
D0165,motor,
D0165,itu,
D0165,Kemudian,
D0165,salah,
D0165,seorang,
D0165,pelaku,
D0165,mencoba,
D0165,mencabut,
D0165,kunci,
D0165,kontak,
D0165,motor,
D0165,kroban,
D0165,Tak,
D0165,hanya,
D0165,itu,
D0165,pelaku,
D0165,lain,
D0165,juga,
D0165,menendang,
D0165,motor,
D0165,korban,
D0165,hingga,
D0165,membuat,
D0165,korban,
D0165,dan,
D0165,anaknya,
D0165,terjatuh,
D0165,Pada,
D0165,saat,
D0165,yang,
D0165,bersamaan,
D0165,salah,
D0165,seorang,
D0165,pelaku,
D0165,menyeret,
D0165,sebilah,
D0165,parang,
D0165,dan,
D0165,mencoba,
D0165,mendekati,
D0165,korban,
D0165,Korban,
D0165,yang,
D0165,ketakutan,
D0165,langsung,
D0165,melarikan,
D0165,diri,
D0165,bersama,
D0165,anaknya,
D0165,Para,
D0165,pelaku,
D0165,mengambil,
D0165,motor,
D0165,dan,
D0165,tas,
D0165,berisi,
D0165,uang,
D0165,Rp,
D0165,5,
D0165,juta,
D0165,Pihak,
D0165,kepolisian,
D0165,pun,
D0165,menyelidiki,
D0165,kasus,
D0165,tersebut,
D0165,dan,
D0165,menangkap,
D0165,dua,
D0165,pelaku,
D0165,pada,
D0165,Selasa,
D0165,65,
D0165,malam,
D0165,di,
D0165,daerah,
D0165,Kisaran,
D0165,Adapun,
D0165,keduanya,
D0165,yakni,
D0165,A,
D0165,21,
D0165,dan,
D0165,seorang,
D0165,pelajar,
D0165,berinisial,
D0165,ASN,
D0165,17,
D0165,4,
D0165,Eks,
D0165,Kades,
D0165,di,
D0165,Samosir,
D0165,Korupsi,
D0165,Rp,
D0165,392,
D0165,Juta,
D0165,untuk,
D0165,Kampanye,
D0165,Pilkades,
D0165,Tapi,
D0165,Kalah,
D0165,Mantan,
D0165,kepala,
D0165,desa,
D0165,dua,
D0165,periode,
D0165,di,
D0165,Kabupaten,
D0165,Samosir,
D0165,inisial,
D0165,JS,
D0165,korupsi,
D0165,dana,
D0165,desa,
D0165,sebesar,
D0165,Rp,
D0165,392,
D0165,juta,
D0165,Uang,
D0165,itu,
D0165,digunakan,
D0165,pelaku,
D0165,dana,
D0165,kampanye,
D0165,pemilihan,
D0165,kepala,
D0165,desa,
D0165,pilkades,
D0165,tetapi,
D0165,pelaku,
D0165,kalah,
D0165,Dia,
D0165,ini,
D0165,sudah,
D0165,dua,
D0165,periode,
D0165,Pada,
D0165,2019,
D0165,itu,
D0165,pemilihan,
D0165,dia,
D0165,kalah,
D0165,kata,
D0165,Kasat,
D0165,Reskrim,
D0165,Polres,
D0165,Samosir,
D0165,AKP,
D0165,Edward,
D0165,Sidauruk,
D0165,saat,
D0165,dikonfirmasi,
D0165,detikSumut,
D0165,Kamis,
D0165,85,
D0165,Edward,
D0165,menyebut,
D0165,pelaku,
D0165,JS,
D0165,merupakan,
D0165,Kepala,
D0165,Desa,
D0165,Sampur,
D0165,Toba,
D0165,Kecamatan,
D0165,Harian,
D0165,Pelaku,
D0165,mengorupsi,
D0165,dana,
D0165,desa,
D0165,Tahun,
D0165,Anggaran,
D0165,2019,
D0165,Selain,
D0165,JS,
D0165,petugas,
D0165,kepolisian,
D0165,juga,
D0165,mengamankan,
D0165,tersangka,
D0165,AS,
D0165,sebagai,
D0165,Kaur,
D0165,Keuangan,
D0165,Desa,
D0165,Sampur,
D0165,Toba,
D0165,Perwira,
D0165,pertama,
D0165,polri,
D0165,itu,
D0165,menyebut,
D0165,bahwa,
D0165,setelah,
D0165,pencairan,
D0165,dana,
D0165,desa,
D0165,tersangka,
D0165,JS,
D0165,meminta,
D0165,seluruh,
D0165,dana,
D0165,tersebut,
D0165,kepada,
D0165,AS,
D0165,dengan,
D0165,dalih,
D0165,untuk,
D0165,mengelola,
D0165,pengadaan,
D0165,barang,
D0165,dan,
D0165,jasa,
D0165,secara,
D0165,langsung,
D0165,Namun,
D0165,ternyata,
D0165,sebagian,
D0165,dari,
D0165,dana,
D0165,tersebut,
D0165,dipergunakan,
D0165,JS,
D0165,untuk,
D0165,kepentingan,
D0165,pribadi,
D0165,yaitu,
D0165,membiayai,
D0165,kampanye,
D0165,dalam,
D0165,pemilihan,
D0165,kepala,
D0165,desa,
D0165,tahun,
D0165,2019,
D0165,Setelah,
D0165,melakukan,
D0165,serangkaian,
D0165,penyelidikan,
D0165,petugas,
D0165,kepolisian,
D0165,menetapkan,
D0165,keduanya,
D0165,sebagai,
D0165,tersangka,
D0165,5,
D0165,Modus,
D0165,Ancam,
D0165,Sebar,
D0165,Video,
D0165,Mesum,
D0165,4,
D0165,Pria,
D0165,di,
D0165,Simalungun,
D0165,Perkosa,
D0165,Remaja,
D0165,Seorang,
D0165,remaja,
D0165,berusia,
D0165,13,
D0165,tahun,
D0165,di,
D0165,Kabupaten,
D0165,Simalungun,
D0165,menjadi,
D0165,korban,
D0165,pemerkosaan,
D0165,empat,
D0165,pria,
D0165,Para,
D0165,pelaku,
D0165,melancarkan,
D0165,aksinya,
D0165,dengan,
D0165,modus,
D0165,mengancam,
D0165,akan,
D0165,menyebarkan,
D0165,video,
D0165,mesum,
D0165,korban,
D0165,Kapolres,
D0165,Simalungun,
D0165,AKBP,
D0165,Marganda,
D0165,mengatakan,
D0165,peristiwa,
D0165,itu,
D0165,terjadi,
D0165,pada,
D0165,Minggu,
D0165,45,
D0165,sekitar,
D0165,pukul,
D0165,0030,
D0165,WIB,
D0165,Adapun,
D0165,keempat,
D0165,pelaku,
D0165,adalah,
D0165,AS,
D0165,26,
D0165,JS,
D0165,26,
D0165,KL,
D0165,26,
D0165,dan,
D0165,TB,
D0165,24,
D0165,Keempat,
D0165,tersangka,
D0165,melakukan,
D0165,pencabulan,
D0165,dengan,
D0165,modus,
D0165,operandi,
D0165,mengancam,
D0165,akan,
D0165,menyebarkan,
D0165,video,
D0165,korban,
D0165,dalam,
D0165,kondisi,
D0165,kancing,
D0165,baju,
D0165,terbuka,
D0165,sedang,
D0165,berpelukan,
D0165,dengan,
D0165,seorang,
D0165,lakilaki,
D0165,di,
D0165,dalam,
D0165,rumah,
D0165,orangtuanya,
D0165,yang,
D0165,direkam,
D0165,tersangka,
D0165,AS,
D0165,ujar,
D0165,kata,
D0165,Marganda,
D0165,Kamis,
D0165,85,
D0165,Marganda,
D0165,menyebut,
D0165,peristiwa,
D0165,itu,
D0165,berawal,
D0165,saat,
D0165,AS,
D0165,menghubungi,
D0165,tiga,
D0165,pelakunya,
D0165,lainnya,
D0165,yang,
D0165,tengah,
D0165,minum,
D0165,tuak,
D0165,Lalu,
D0165,AS,
D0165,menyuruh,
D0165,pelaku,
D0165,KL,
D0165,untuk,
D0165,melihat,
D0165,korban,
D0165,yang,
D0165,membawa,
D0165,lakilaki,
D0165,ke,
D0165,rumah,
D0165,orangtuanya,
D0165,Keempat,
D0165,tersangka,
D0165,kemudian,
D0165,mendatangi,
D0165,rumah,
D0165,korban,
D0165,dengan,
D0165,berboncengan,
D0165,sepeda,
D0165,motor,
D0165,Setibanya,
D0165,di,
D0165,lokasi,
D0165,para,
D0165,tersangka,
D0165,menyuruh,
D0165,korban,
D0165,membuka,
D0165,pintu,
D0165,rumah,
D0165,Setelah,
D0165,pintu,
D0165,terbuka,
D0165,mereka,
D0165,melihat,
D0165,empat,
D0165,lakilaki,
D0165,berada,
D0165,di,
D0165,dalam,
D0165,kamar,
D0165,korban,
D0165,Para,
D0165,tersangka,
D0165,pun,
D0165,langsung,
D0165,mengusir,
D0165,keempat,
D0165,lakilaki,
D0165,tersebut,
D0165,keluar,
D0165,dari,
D0165,rumah,
D0165,korban,
D0165,Setelah,
D0165,memastikan,
D0165,tidak,
D0165,ada,
D0165,lagi,
D0165,orang,
D0165,lain,
D0165,di,
D0165,rumah,
D0165,tersangka,
D0165,KL,
D0165,membujuk,
D0165,korban,
D0165,untuk,
D0165,melakukan,
D0165,persetubuhan,
D0165,dengannya,
D0165,dengan,
D0165,janji,
D0165,akan,
D0165,meminta,
D0165,AS,
D0165,menghapus,
D0165,video,
D0165,yang,
D0165,telah,
D0165,direkam,
D0165,Merasa,
D0165,ketakutan,
D0165,korban,
D0165,terpaksa,
D0165,melayani,
D0165,permintaan,
D0165,keempat,
D0165,tersangka,
D0165,dan,
D0165,dicabuli,
D0165,secara,
D0165,bergiliran,
D0165,di,
D0165,dalam,
D0165,kamarnya,
D0165,jelasnya,
D0165,Usai,
D0165,melampiaskan,
D0165,nafsunya,
D0165,keempat,
D0165,pelaku,
D0165,meninggalkan,
D0165,korban,
D0165,Pihak,
D0165,kepolisian,
D0165,pun,
D0165,melakukan,
D0165,penyelidikan,
D0165,dan,
D0165,menangkap,
D0165,keempat,
D0165,pelaku,
D0165,6,
D0165,Pengirim,
D0165,Paket,
D0165,Mayat,
D0165,Bayi,
D0165,Hasil,
D0165,Inses,
D0165,Reynaldi,
D0165,alias,
D0165,R,
D0165,24,
D0165,ditangkap,
D0165,bersama,
D0165,adiknya,
D0165,Najma,
D0165,Hamida,
D0165,alias,
D0165,NH,
D0165,21,
D0165,karena,
D0165,menjadi,
D0165,pengirim,
D0165,paket,
D0165,bayi,
D0165,hasil,
D0165,inses,
D0165,atau,
D0165,hubungan,
D0165,sedarah,
D0165,mereka,
D0165,lewat,
D0165,ojek,
D0165,online,
D0165,Ojol,
D0165,Saat,
D0165,ini,
D0165,keduanya,
D0165,ditahan,
D0165,di,
D0165,Polrestabes,
D0165,Medan,
D0165,Kapolrestabes,
D0165,Medan,
D0165,Kombes,
D0165,Gidion,
D0165,Arif,
D0165,Setyawan,
D0165,menyebut,
D0165,bahwa,
D0165,saat,
D0165,paket,
D0165,tersebut,
D0165,tiba,
D0165,di,
D0165,lokasi,
D0165,pengantaran,
D0165,yakni,
D0165,di,
D0165,Masjid,
D0165,Jamik,
D0165,Jalan,
D0165,Ampera,
D0165,III,
D0165,Kecamatan,
D0165,Medan,
D0165,Timur,
D0165,Kamis,
D0165,85,
D0165,bayi,
D0165,sudah,
D0165,dalam,
D0165,keadaan,
D0165,meninggal,
D0165,Pihaknya,
D0165,masih,
D0165,menunggu,
D0165,hasil,
D0165,scientific,
D0165,investigation,
D0165,terkait,
D0165,penyebab,
D0165,kematian,
D0165,bayi,
D0165,tersebut,
D0165,Kita,
D0165,masih,
D0165,menunggu,
D0165,scientific,
D0165,investigation,
D0165,berikutnya,
D0165,apakah,
D0165,yang,
D0165,menyebabkan,
D0165,kematian,
D0165,seorang,
D0165,bayi,
D0165,tersebut,
D0165,Karena,
D0165,kondisinya,
D0165,sewaktu,
D0165,sampai,
D0165,di,
D0165,tempat,
D0165,ini,
D0165,sudah,
D0165,meninggal,
D0165,dunia,
D0165,kata,
D0165,Gidion,
D0165,saat,
D0165,memberikan,
D0165,keterangan,
D0165,Jumat,
D0165,95,
D0165,Gidion,
D0165,menyebut,
D0165,bahwa,
D0165,kedua,
D0165,pelaku,
D0165,memesan,
D0165,ojol,
D0165,itu,
D0165,pada,
D0165,Kamis,
D0165,pukul,
D0165,0614,
D0165,WIB,
D0165,dengan,
D0165,tujuan,
D0165,ke,
D0165,Jalan,
D0165,Ampera,
D0165,III,
D0165,Saat,
D0165,memesan,
D0165,itu,
D0165,Reynaldi,
D0165,membuat,
D0165,nama,
D0165,pemesan,
D0165,dengan,
D0165,nama,
D0165,Rudi,
D0165,dan,
D0165,membuat,
D0165,penerima,
D0165,fiktif,
D0165,dengan,
D0165,nama,
D0165,Putry,
D0165,yang,
D0165,ternyata,
D0165,itu,
D0165,adalah,
D0165,akun,
D0165,pelaku,
D0165,Najma,
D0165,Kanit,
D0165,PPA,
D0165,Satreskrim,
D0165,Polrestabes,
D0165,Medan,
D0165,Iptu,
D0165,Dearma,
D0165,Sinaga,
D0165,menyebut,
D0165,motif,
D0165,para,
D0165,pelaku,
D0165,mengirimkan,
D0165,paket,
D0165,tersebut,
D0165,ke,
D0165,masjid,
D0165,itu,
D0165,dengan,
D0165,harapan,
D0165,agar,
D0165,bayi,
D0165,tersebut,
D0165,ditemukan,
D0165,marbot,
D0165,masjid,
D0165,dan,
D0165,dikuburkan,
D0165,Kebetulan,
D0165,lokasi,
D0165,masjid,
D0165,itu,
D0165,berdekatan,
D0165,dengan,
D0165,kuburan,
D0165,Dearma,
D0165,menyebut,
D0165,pelaku,
D0165,R,
D0165,mencari,
D0165,lokasi,
D0165,masjid,
D0165,itu,
D0165,secara,
D0165,acak,
D0165,dari,
D0165,google,
D0165,Supaya,
D0165,kalau,
D0165,misalnya,
D0165,dititipkan,
D0165,di,
D0165,masjid,
D0165,nanti,
D0165,pihak,
D0165,marbot,
D0165,yang,
D0165,mengafani,
D0165,kan,
D0165,dekat,
D0165,kuburan,
D0165,kata,
D0165,Dearma,
D0165,Dearma,
D0165,mengatakan,
D0165,bayi,
D0165,tersebut,
D0165,merupakan,
D0165,hasil,
D0165,hubungan,
D0165,sedarah,
D0165,atau,
D0165,inses,
D0165,antara,
D0165,NH,
D0165,dan,
D0165,R,
D0165,Kedua,
D0165,pelaku,
D0165,tidak,
D0165,tinggal,
D0165,bersama,
D0165,Namun,
D0165,R,
D0165,sering,
D0165,menemui,
D0165,NH,
D0165,dan,
D0165,melakukan,
D0165,hubungan,
D0165,badan,
D0165,Sudah,
D0165,ditangkap,
D0165,diduga,
D0165,seperti,
D0165,itu,
D0165,inses,
D0165,abang,
D0165,adik,
D0165,itu,
D0165,ini,
D0165,kami,
D0165,masih,
D0165,pendalaman,
D0165,dulu,
D0165,kata,
D0165,Dearma,
D0165,Kabid,
D0165,Humas,
D0165,Polda,
D0165,Sumut,
D0165,Kombes,
D0165,Ferry,
D0165,Walintukan,
D0165,mengatakan,
D0165,bahwa,
D0165,NH,
D0165,mengetahui,
D0165,dirinya,
D0165,hamil,
D0165,pada,
D0165,Januari,
D0165,2025,
D0165,Lalu,
D0165,pada,
D0165,3,
D0165,Mei,
D0165,2025,
D0165,NH,
D0165,melahirkan,
D0165,bayi,
D0165,tersebut,
D0165,secara,
D0165,prematur,
D0165,di,
D0165,Barak,
D0165,Tambunan,
D0165,Sicanang,
D0165,Kecamatan,
D0165,Medan,
D0165,Belawan,
D0165,Pengakuan,
D0165,NH,
D0165,dia,
D0165,melahirkan,
D0165,di,
D0165,Barak,
D0165,Tambunan,
D0165,Sicanang,
D0165,Belawan,
D0165,dengan,
D0165,cara,
D0165,lahiran,
D0165,sendiri,
D0165,dan,
D0165,membersihkan,
D0165,sendiri,
D0165,kata,
D0165,Ferry,
D0165,Kemudian,
D0165,pada,
D0165,7,
D0165,Mei,
D0165,2025,
D0165,bayi,
D0165,tersebut,
D0165,dibawa,
D0165,NH,
D0165,bersama,
D0165,temannya,
D0165,ke,
D0165,RS,
D0165,Delima,
D0165,Martubung,
D0165,Kecamatan,
D0165,Medan,
D0165,Labuhan,
D0165,Berdasarkan,
D0165,keterangan,
D0165,dokter,
D0165,kata,
D0165,Ferry,
D0165,bayi,
D0165,berjenis,
D0165,kelamin,
D0165,lakilaki,
D0165,itu,
D0165,mengalami,
D0165,kurang,
D0165,gizi,
D0165,karena,
D0165,prematur,
D0165,Saat,
D0165,itu,
D0165,dokter,
D0165,menyarankan,
D0165,agar,
D0165,bayi,
D0165,tersebut,
D0165,dibawa,
D0165,ke,
D0165,RS,
D0165,Pirngadi,
D0165,Nahas,
D0165,pada,
D0165,7,
D0165,Mei,
D0165,sekira,
D0165,pukul,
D0165,2300,
D0165,WIB,
D0165,bayi,
D0165,tersebut,
D0165,meninggal,
D0165,dunia,
D0165,Setelah,
D0165,itu,
D0165,pada,
D0165,8,
D0165,Mei,
D0165,sekira,
D0165,pukul,
D0165,00030,
D0165,WIB,
D0165,NH,
D0165,dan,
D0165,abangnya,
D0165,R,
D0165,membawa,
D0165,mayat,
D0165,bayi,
D0165,itu,
D0165,ke,
D0165,salah,
D0165,satu,
D0165,hotel,
D0165,di,
D0165,daerah,
D0165,Brayan,
D0165,Sekira,
D0165,pukul,
D0165,0600,
D0165,WIB,
D0165,keduanya,
D0165,keluar,
D0165,dari,
D0165,hotel,
D0165,dan,
D0165,memesankan,
D0165,pengiriman,
D0165,lewat,
D0165,aplikasi,
D0165,ojol,
D0165,untuk,
D0165,diantar,
D0165,ke,
D0165,Jalan,
D0165,Ampera,
D0165,III,
D0165,Kecamatan,
D0165,Medan,
D0165,Timur,
D0166,Polisi,
D0166,menangkap,
D0166,dua,
D0166,pria,
D0166,asal,
D0166,Kota,
D0166,Pekanbaru,
D0166,Riau,
D0166,karena,
D0166,kedapatan,
D0166,membawa,
D0166,2,
D0166,kg,
D0166,sabu,
D0166,dan,
D0166,2472,
D0166,butir,
D0166,ekstasi,
D0166,di,
D0166,Palembang,
D0166,Sumatera,
D0166,Selatan,
D0166,Sumsel,
D0166,Kini,
D0166,kedua,
D0166,pelaku,
D0166,sudah,
D0166,ditahan,
D0166,Kapolrestabes,
D0166,Palembang,
D0166,Kombes,
D0166,Harryo,
D0166,Sugihhartono,
D0166,mengatakan,
D0166,keduanya,
D0166,diringkus,
D0166,di,
D0166,depan,
D0166,Terminal,
D0166,Karya,
D0166,Jaya,
D0166,Kecamatan,
D0166,Kertapati,
D0166,Rabu,
D0166,752025,
D0166,sekitar,
D0166,pukul,
D0166,1000,
D0166,WIB,
D0166,Kedua,
D0166,tersangka,
D0166,bernama,
D0166,Ilham,
D0166,Yanuardi,
D0166,34,
D0166,dan,
D0166,Rudi,
D0166,37,
D0166,Anggota,
D0166,kami,
D0166,melakukan,
D0166,penangkapan,
D0166,terhadap,
D0166,dua,
D0166,kurir,
D0166,narkoba,
D0166,di,
D0166,depan,
D0166,Terminal,
D0166,Karya,
D0166,Jaya,
D0166,Kemudian,
D0166,didapati,
D0166,2,
D0166,jenis,
D0166,narkoba,
D0166,yaitu,
D0166,sabu,
D0166,dan,
D0166,ekstasi,
D0166,ungkapnya,
D0166,Sabtu,
D0166,1052025,
D0166,SCROLL,
D0166,TO,
D0166,CONTINUE,
D0166,WITH,
D0166,CONTENT,
D0166,Harryo,
D0166,menjelaskan,
D0166,tersangka,
D0166,Ilham,
D0166,dan,
D0166,Rudi,
D0166,awalnya,
D0166,kedapatan,
D0166,melakukan,
D0166,pelanggaran,
D0166,lalu,
D0166,lintas,
D0166,yaitu,
D0166,tidak,
D0166,mengenakan,
D0166,seatbelt,
D0166,di,
D0166,Poslantas,
D0166,Nilakandi,
D0166,Saat,
D0166,ditegur,
D0166,oleh,
D0166,anggota,
D0166,Satlantas,
D0166,Polrestabes,
D0166,Palembang,
D0166,keduanya,
D0166,kabur,
D0166,hingga,
D0166,akhirnya,
D0166,diberhentikan,
D0166,di,
D0166,Terminal,
D0166,Karya,
D0166,Jaya,
D0166,Kemudian,
D0166,anggota,
D0166,menemukan,
D0166,bekas,
D0166,bong,
D0166,untuk,
D0166,mengisap,
D0166,narkoba,
D0166,Setelah,
D0166,digeledah,
D0166,ditemukanlah,
D0166,beberapa,
D0166,barang,
D0166,yang,
D0166,diduga,
D0166,narkoba,
D0166,jelasnya,
D0166,Harryo,
D0166,menyebut,
D0166,pihaknya,
D0166,menemukan,
D0166,dua,
D0166,bungkus,
D0166,besar,
D0166,berisi,
D0166,butiran,
D0166,sabu,
D0166,dengan,
D0166,plastik,
D0166,teh,
D0166,Cina,
D0166,Di,
D0166,tempat,
D0166,yang,
D0166,sama,
D0166,ditemukan,
D0166,juga,
D0166,dua,
D0166,bungkus,
D0166,plastik,
D0166,berisi,
D0166,tablet,
D0166,ekstasi,
D0166,Usai,
D0166,diidentifikasi,
D0166,dan,
D0166,ditimbang,
D0166,pihaknya,
D0166,mengamankan,
D0166,dua,
D0166,bungkus,
D0166,besar,
D0166,narkoba,
D0166,jenis,
D0166,sabu,
D0166,sebesar,
D0166,2088,
D0166,gram,
D0166,atau,
D0166,2088,
D0166,kg,
D0166,dan,
D0166,2472,
D0166,butir,
D0166,ekstasi,
D0166,dengan,
D0166,berat,
D0166,total,
D0166,933,
D0166,gram,
D0166,Terdapat,
D0166,dua,
D0166,bungkus,
D0166,besar,
D0166,dengan,
D0166,plastik,
D0166,Teh,
D0166,China,
D0166,dan,
D0166,satu,
D0166,bungkus,
D0166,kecil,
D0166,yang,
D0166,saat,
D0166,dibuka,
D0166,isinya,
D0166,butiran,
D0166,sabu,
D0166,Di,
D0166,tempat,
D0166,yang,
D0166,sama,
D0166,ditemukan,
D0166,juga,
D0166,sebungkus,
D0166,plastik,
D0166,berisi,
D0166,2454,
D0166,tablet,
D0166,ekstasi,
D0166,dan,
D0166,18,
D0166,tablet,
D0166,dengan,
D0166,logo,
D0166,Brazil,
D0166,di,
D0166,plastik,
D0166,terpisah,
D0166,jelasnya,
D0166,Barang,
D0166,bukti,
D0166,lain,
D0166,yang,
D0166,diamankan,
D0166,yaitu,
D0166,satu,
D0166,buah,
D0166,tas,
D0166,ransel,
D0166,hitam,
D0166,berisi,
D0166,narkoba,
D0166,yang,
D0166,sedang,
D0166,dikirim,
D0166,sebuah,
D0166,tas,
D0166,selempang,
D0166,hitam,
D0166,sebuah,
D0166,kantong,
D0166,kain,
D0166,hitam,
D0166,putih,
D0166,dan,
D0166,sebuah,
D0166,plastik,
D0166,bubble,
D0166,wrap,
D0166,Kami,
D0166,juga,
D0166,menyita,
D0166,dua,
D0166,buah,
D0166,HP,
D0166,milik,
D0166,kedua,
D0166,tersangka,
D0166,Mobil,
D0166,yang,
D0166,digunakan,
D0166,untuk,
D0166,mengedarkan,
D0166,narkoba,
D0166,tersebut,
D0166,juga,
D0166,kami,
D0166,sita,
D0166,ungkapnya,
D0166,Atas,
D0166,perbuatannya,
D0166,Ilham,
D0166,dan,
D0166,Rudi,
D0166,dipersangkakan,
D0166,Pasal,
D0166,132,
D0166,ayat,
D0166,1,
D0166,UU,
D0166,jo,
D0166,Pasal,
D0166,114,
D0166,ayat,
D0166,2,
D0166,dan,
D0166,Pasal,
D0166,132,
D0166,ayat,
D0166,1,
D0166,jo,
D0166,Pasal,
D0166,112,
D0166,ayat,
D0166,2,
D0166,UU,
D0166,RI,
D0166,nomor,
D0166,35,
D0166,tahun,
D0166,2009,
D0166,tentang,
D0166,Narkotika,
D0166,Tersangka,
D0166,terancam,
D0166,pidana,
D0166,mati,
D0166,atau,
D0166,seumur,
D0166,hidup,
D0166,atau,
D0166,penjara,
D0166,minimal,
D0166,6,
D0166,tahun,
D0166,dan,
D0166,maksimal,
D0166,20,
D0166,tahun,
D0166,Selain,
D0166,itu,
D0166,juga,
D0166,denda,
D0166,minimal,
D0166,Rp,
D0166,1,
D0166,miliar,
D0166,dan,
D0166,maksimal,
D0166,Rp,
D0166,10,
D0166,miliar,
D0166,tegasnya,
D0167,Reynaldi,
D0167,alias,
D0167,R,
D0167,24,
D0167,ditangkap,
D0167,bersama,
D0167,adiknya,
D0167,Najma,
D0167,Hamida,
D0167,alias,
D0167,NH,
D0167,21,
D0167,karena,
D0167,menjadi,
D0167,pengirim,
D0167,paket,
D0167,bayi,
D0167,hasil,
D0167,inses,
D0167,atau,
D0167,hubungan,
D0167,sedarah,
D0167,mereka,
D0167,lewat,
D0167,ojek,
D0167,online,
D0167,Ojol,
D0167,Begini,
D0167,tampang,
D0167,kedua,
D0167,pelaku,
D0167,tersebut,
D0167,Berdasarkan,
D0167,foto,
D0167,yang,
D0167,diterima,
D0167,detikSumut,
D0167,Sabtu,
D0167,1052025,
D0167,kedua,
D0167,pelaku,
D0167,tengah,
D0167,berada,
D0167,di,
D0167,gedung,
D0167,Satreskrim,
D0167,Polrestabes,
D0167,Medan,
D0167,Keduanya,
D0167,terlihat,
D0167,mengenakan,
D0167,baju,
D0167,tahanan,
D0167,sambil,
D0167,memegang,
D0167,papan,
D0167,berisi,
D0167,identitas,
D0167,mereka,
D0167,Kapolrestabes,
D0167,Medan,
D0167,Kombes,
D0167,Gidion,
D0167,Arif,
D0167,Setyawan,
D0167,menyebut,
D0167,bahwa,
D0167,saat,
D0167,paket,
D0167,tersebut,
D0167,tiba,
D0167,di,
D0167,lokasi,
D0167,pengantaran,
D0167,yakni,
D0167,di,
D0167,Masjid,
D0167,Jamik,
D0167,Jalan,
D0167,Ampera,
D0167,III,
D0167,Kecamatan,
D0167,Medan,
D0167,Timur,
D0167,Kamis,
D0167,85,
D0167,bayi,
D0167,sudah,
D0167,dalam,
D0167,keadaan,
D0167,meninggal,
D0167,Pihaknya,
D0167,masih,
D0167,menunggu,
D0167,hasil,
D0167,scientific,
D0167,investigation,
D0167,terkait,
D0167,penyebab,
D0167,kematian,
D0167,bayi,
D0167,tersebut,
D0167,SCROLL,
D0167,TO,
D0167,CONTINUE,
D0167,WITH,
D0167,CONTENT,
D0167,Kita,
D0167,masih,
D0167,menunggu,
D0167,scientific,
D0167,investigation,
D0167,berikutnya,
D0167,apakah,
D0167,yang,
D0167,menyebabkan,
D0167,kematian,
D0167,seorang,
D0167,bayi,
D0167,tersebut,
D0167,Karena,
D0167,kondisinya,
D0167,sewaktu,
D0167,sampai,
D0167,di,
D0167,tempat,
D0167,ini,
D0167,sudah,
D0167,meninggal,
D0167,dunia,
D0167,kata,
D0167,Gidion,
D0167,saat,
D0167,memberikan,
D0167,keterangan,
D0167,Jumat,
D0167,95,
D0167,Gidion,
D0167,menyebut,
D0167,bahwa,
D0167,kedua,
D0167,pelaku,
D0167,memesan,
D0167,ojol,
D0167,itu,
D0167,pada,
D0167,Kamis,
D0167,pukul,
D0167,0614,
D0167,WIB,
D0167,dengan,
D0167,tujuan,
D0167,ke,
D0167,Jalan,
D0167,Ampera,
D0167,III,
D0167,Saat,
D0167,memesan,
D0167,itu,
D0167,Reynaldi,
D0167,membuat,
D0167,nama,
D0167,pemesan,
D0167,dengan,
D0167,nama,
D0167,Rudi,
D0167,dan,
D0167,membuat,
D0167,penerima,
D0167,fiktif,
D0167,dengan,
D0167,nama,
D0167,Putry,
D0167,yang,
D0167,ternyata,
D0167,itu,
D0167,adalah,
D0167,akun,
D0167,pelaku,
D0167,Najma,
D0167,Duaduanya,
D0167,berperan,
D0167,sebagai,
D0167,pengantar,
D0167,dan,
D0167,penerima,
D0167,dalam,
D0167,konteks,
D0167,aplikasi,
D0167,Ojol,
D0167,tersebut,
D0167,Setelah,
D0167,sampai,
D0167,diletakkan,
D0167,di,
D0167,sini,
D0167,masjid,
D0167,marbot,
D0167,dan,
D0167,masyarakat,
D0167,sekitar,
D0167,tidak,
D0167,mengenali,
D0167,nama,
D0167,P,
D0167,Putry,
D0167,dan,
D0167,R,
D0167,Rudi,
D0167,sesuai,
D0167,dalam,
D0167,aplikasi,
D0167,ojol,
D0167,tersebut,
D0167,Aslinya,
D0167,adalah,
D0167,R,
D0167,dan,
D0167,NH,
D0167,Yang,
D0167,memiliki,
D0167,ide,
D0167,untuk,
D0167,mengirim,
D0167,paket,
D0167,mayat,
D0167,bayi,
D0167,tersebut,
D0167,adalah,
D0167,abangnya,
D0167,R,
D0167,ujarnya,
D0167,Mantan,
D0167,Kapolres,
D0167,Jakarta,
D0167,Utara,
D0167,itu,
D0167,menyebut,
D0167,pihaknya,
D0167,masih,
D0167,menunggu,
D0167,hasil,
D0167,autopsi,
D0167,jasad,
D0167,korban,
D0167,Dalam,
D0167,kasus,
D0167,ini,
D0167,kedua,
D0167,pelaku,
D0167,dijerat,
D0167,Pasal,
D0167,80,
D0167,UU,
D0167,Perlindungan,
D0167,Anak,
D0167,Motif,
D0167,Dikirim,
D0167,Lewat,
D0167,Ojol,
D0167,Kanit,
D0167,PPA,
D0167,Satreskrim,
D0167,Polrestabes,
D0167,Medan,
D0167,Iptu,
D0167,Dearma,
D0167,Sinaga,
D0167,menyebut,
D0167,motif,
D0167,para,
D0167,pelaku,
D0167,mengirimkan,
D0167,paket,
D0167,tersebut,
D0167,ke,
D0167,masjid,
D0167,itu,
D0167,dengan,
D0167,harapan,
D0167,agar,
D0167,bayi,
D0167,tersebut,
D0167,ditemukan,
D0167,marbot,
D0167,masjid,
D0167,dan,
D0167,dikuburkan,
D0167,Kebetulan,
D0167,lokasi,
D0167,masjid,
D0167,itu,
D0167,berdekatan,
D0167,dengan,
D0167,kuburan,
D0167,Supaya,
D0167,kalau,
D0167,misalnya,
D0167,dititipkan,
D0167,di,
D0167,masjid,
D0167,nanti,
D0167,pihak,
D0167,marbot,
D0167,yang,
D0167,mengafani,
D0167,kan,
D0167,dekat,
D0167,kuburan,
D0167,kata,
D0167,Dearma,
D0167,Dearma,
D0167,menyebut,
D0167,pelaku,
D0167,R,
D0167,mencari,
D0167,lokasi,
D0167,masjid,
D0167,itu,
D0167,secara,
D0167,acak,
D0167,dari,
D0167,google,
D0167,Lihat,
D0167,dari,
D0167,google,
D0167,masjid,
D0167,yang,
D0167,ada,
D0167,kuburannya,
D0167,jelasnya,
D0167,Dearma,
D0167,mengatakan,
D0167,bayi,
D0167,tersebut,
D0167,merupakan,
D0167,hasil,
D0167,hubungan,
D0167,sedarah,
D0167,atau,
D0167,inses,
D0167,antara,
D0167,NH,
D0167,dan,
D0167,R,
D0167,Keduanya,
D0167,diamankan,
D0167,hari,
D0167,ini,
D0167,Sudah,
D0167,ditangkap,
D0167,diduga,
D0167,seperti,
D0167,itu,
D0167,inses,
D0167,abang,
D0167,adik,
D0167,itu,
D0167,ini,
D0167,kami,
D0167,masih,
D0167,pendalaman,
D0167,dulu,
D0167,kata,
D0167,Dearma,
D0167,Dearma,
D0167,menyebut,
D0167,keduanya,
D0167,tidak,
D0167,tinggal,
D0167,bersama,
D0167,Namun,
D0167,R,
D0167,sering,
D0167,menemui,
D0167,NH,
D0167,dan,
D0167,melakukan,
D0167,hubungan,
D0167,badan,
D0167,Nggak,
D0167,tinggal,
D0167,bareng,
D0167,cuman,
D0167,berulang,
D0167,kali,
D0167,melakukan,
D0167,hubungan,
D0167,badan,
D0167,pungkasnya,
D0167,Kronologi,
D0167,Kabid,
D0167,Humas,
D0167,Polda,
D0167,Sumut,
D0167,Kombes,
D0167,Ferry,
D0167,Walintukan,
D0167,mengatakan,
D0167,bahwa,
D0167,NH,
D0167,mengetahui,
D0167,dirinya,
D0167,hamil,
D0167,pada,
D0167,Januari,
D0167,2025,
D0167,Lalu,
D0167,pada,
D0167,3,
D0167,Mei,
D0167,2025,
D0167,NH,
D0167,melahirkan,
D0167,bayi,
D0167,tersebut,
D0167,secara,
D0167,prematur,
D0167,di,
D0167,Barak,
D0167,Tambunan,
D0167,Sicanang,
D0167,Kecamatan,
D0167,Medan,
D0167,Belawan,
D0167,Pengakuan,
D0167,NH,
D0167,dia,
D0167,melahirkan,
D0167,di,
D0167,Barak,
D0167,Tambunan,
D0167,Sicanang,
D0167,Belawan,
D0167,dengan,
D0167,cara,
D0167,lahiran,
D0167,sendiri,
D0167,dan,
D0167,membersihkan,
D0167,sendiri,
D0167,kata,
D0167,Ferry,
D0167,Kemudian,
D0167,pada,
D0167,7,
D0167,Mei,
D0167,2025,
D0167,bayi,
D0167,tersebut,
D0167,dibawa,
D0167,NH,
D0167,bersama,
D0167,temannya,
D0167,ke,
D0167,RS,
D0167,Delima,
D0167,Martubung,
D0167,Kecamatan,
D0167,Medan,
D0167,Labuhan,
D0167,Berdasarkan,
D0167,keterangan,
D0167,dokter,
D0167,kata,
D0167,Ferry,
D0167,bayi,
D0167,berjenis,
D0167,kelamin,
D0167,lakilaki,
D0167,itu,
D0167,mengalami,
D0167,kurang,
D0167,gizi,
D0167,karena,
D0167,prematur,
D0167,Saat,
D0167,itu,
D0167,dokter,
D0167,menyarankan,
D0167,agar,
D0167,bayi,
D0167,tersebut,
D0167,dibawa,
D0167,ke,
D0167,RS,
D0167,Pirngadi,
D0167,Akan,
D0167,tetapi,
D0167,ibu,
D0167,bayi,
D0167,takut,
D0167,dikarenakan,
D0167,tidak,
D0167,ada,
D0167,datadata,
D0167,keluarga,
D0167,sehingga,
D0167,membawa,
D0167,bayi,
D0167,kembali,
D0167,ke,
D0167,Barak,
D0167,Tambunan,
D0167,Sicanang,
D0167,Belawan,
D0167,jelasnya,
D0167,Nahas,
D0167,pada,
D0167,7,
D0167,Mei,
D0167,sekira,
D0167,pukul,
D0167,2300,
D0167,WIB,
D0167,bayi,
D0167,tersebut,
D0167,meninggal,
D0167,dunia,
D0167,Setelah,
D0167,itu,
D0167,pada,
D0167,8,
D0167,Mei,
D0167,sekira,
D0167,pukul,
D0167,00030,
D0167,WIB,
D0167,NH,
D0167,dan,
D0167,abangnya,
D0167,R,
D0167,membawa,
D0167,mayat,
D0167,bayi,
D0167,itu,
D0167,ke,
D0167,salah,
D0167,satu,
D0167,hotel,
D0167,di,
D0167,daerah,
D0167,Brayan,
D0167,Sekira,
D0167,pukul,
D0167,0600,
D0167,WIB,
D0167,keduanya,
D0167,keluar,
D0167,dari,
D0167,hotel,
D0167,dan,
D0167,memesankan,
D0167,pengiriman,
D0167,lewat,
D0167,aplikasi,
D0167,ojol,
D0167,untuk,
D0167,diantar,
D0167,ke,
D0167,Jalan,
D0167,Ampera,
D0167,III,
D0167,Kecamatan,
D0167,Medan,
D0167,Timur,
D0168,Razia,
D0168,Penyakit,
D0168,Masyarakat,
D0168,Pekat,
D0168,dilakukan,
D0168,Polres,
D0168,Probolinggo,
D0168,Hasilnya,
D0168,polisi,
D0168,berhasil,
D0168,menggerebek,
D0168,salah,
D0168,satu,
D0168,toko,
D0168,penjual,
D0168,minuman,
D0168,keras,
D0168,di,
D0168,Desa,
D0168,Sukodadi,
D0168,Kecamatan,
D0168,Paiton,
D0168,Penggerebekan,
D0168,ini,
D0168,dilakukan,
D0168,Satsamapta,
D0168,Polres,
D0168,Probolinggo,
D0168,pada,
D0168,Jumat,
D0168,952025,
D0168,di,
D0168,toko,
D0168,milik,
D0168,seorang,
D0168,warga,
D0168,berinisial,
D0168,AY,
D0168,43,
D0168,Kapolres,
D0168,Probolinggo,
D0168,AKBP,
D0168,Wisnu,
D0168,Wardana,
D0168,mengatakan,
D0168,razia,
D0168,ini,
D0168,akan,
D0168,terus,
D0168,dilakukan,
D0168,secara,
D0168,rutin,
D0168,untuk,
D0168,menekan,
D0168,peredaran,
D0168,miras,
D0168,yang,
D0168,kerap,
D0168,menjadi,
D0168,pemicu,
D0168,terjadinya,
D0168,gangguan,
D0168,kamtibmas,
D0168,dan,
D0168,tindak,
D0168,kriminalitas,
D0168,SCROLL,
D0168,TO,
D0168,CONTINUE,
D0168,WITH,
D0168,CONTENT,
D0168,Kami,
D0168,berkomitmen,
D0168,untuk,
D0168,memberantas,
D0168,peredaran,
D0168,miras,
D0168,karena,
D0168,sangat,
D0168,meresahkan,
D0168,masyarakat,
D0168,dan,
D0168,dapat,
D0168,menimbulkan,
D0168,dampak,
D0168,negatif,
D0168,terutama,
D0168,bagi,
D0168,generasi,
D0168,muda,
D0168,kata,
D0168,Wisnu,
D0168,Selain,
D0168,menyita,
D0168,puluhan,
D0168,miras,
D0168,lanjut,
D0168,Kapolres,
D0168,Probolinggo,
D0168,petugas,
D0168,Patroli,
D0168,Sat,
D0168,Samapta,
D0168,Polres,
D0168,Probolinggo,
D0168,juga,
D0168,mengamankan,
D0168,AY,
D0168,43,
D0168,sebagai,
D0168,penjual,
D0168,miras,
D0168,untuk,
D0168,dikenakan,
D0168,tipiring,
D0168,AY,
D0168,diamankan,
D0168,untuk,
D0168,dimintai,
D0168,keterangan,
D0168,lebih,
D0168,lanjut,
D0168,untuk,
D0168,proses,
D0168,hukum,
D0168,sesuai,
D0168,dengan,
D0168,peraturan,
D0168,yang,
D0168,berlaku,
D0168,tutur,
D0168,Wisnu,
D0168,Wisnu,
D0168,juga,
D0168,meminta,
D0168,kerja,
D0168,sama,
D0168,masyarakat,
D0168,untuk,
D0168,memberikan,
D0168,informasi,
D0168,kepada,
D0168,pihak,
D0168,kepolisian,
D0168,jika,
D0168,mengetahui,
D0168,adanya,
D0168,aktivitas,
D0168,peredaran,
D0168,miras,
D0168,Peran,
D0168,serta,
D0168,masyarakat,
D0168,sangat,
D0168,penting,
D0168,dalam,
D0168,menciptakan,
D0168,lingkungan,
D0168,yang,
D0168,aman,
D0168,dan,
D0168,bebas,
D0168,dari,
D0168,peredaran,
D0168,miras,
D0168,ilegal,
D0168,ujarnya,
D0168,Ini,
D0168,juga,
D0168,sebagai,
D0168,komitmen,
D0168,kami,
D0168,yang,
D0168,tidak,
D0168,akan,
D0168,memberi,
D0168,toleransi,
D0168,dan,
D0168,pandang,
D0168,bulu,
D0168,Pastikan,
D0168,semua,
D0168,disikat,
D0168,demi,
D0168,menjaga,
D0168,Kamtibmas,
D0168,di,
D0168,wilayah,
D0168,hukum,
D0168,Polres,
D0168,Probolinggo,
D0168,pungkasnya,
D0169,Polisi,
D0169,menangkap,
D0169,pengirim,
D0169,paket,
D0169,mayat,
D0169,bayi,
D0169,lewat,
D0169,ojek,
D0169,online,
D0169,ojol,
D0169,di,
D0169,Kota,
D0169,Medan,
D0169,Sumatera,
D0169,Utara,
D0169,Sumut,
D0169,Ternyata,
D0169,bayi,
D0169,tersebut,
D0169,merupakan,
D0169,hasil,
D0169,hubungan,
D0169,sedarah,
D0169,atau,
D0169,inses,
D0169,Sudah,
D0169,ditangkap,
D0169,diduga,
D0169,seperti,
D0169,itu,
D0169,inses,
D0169,abang,
D0169,adik,
D0169,itu,
D0169,ini,
D0169,kami,
D0169,masih,
D0169,pendalaman,
D0169,dulu,
D0169,kata,
D0169,Kanit,
D0169,PPA,
D0169,Satreskrim,
D0169,Polrestabes,
D0169,Medan,
D0169,Iptu,
D0169,Dearma,
D0169,Sinaga,
D0169,saat,
D0169,dikonfirmasi,
D0169,detikSumut,
D0169,Jumat,
D0169,952025,
D0169,Dearma,
D0169,memerinci,
D0169,kedua,
D0169,pelaku,
D0169,adalah,
D0169,NH,
D0169,dan,
D0169,R,
D0169,Keduanya,
D0169,diamankan,
D0169,hari,
D0169,ini,
D0169,Setelah,
D0169,diamankan,
D0169,keduanya,
D0169,dibawa,
D0169,ke,
D0169,Polrestabes,
D0169,Medan,
D0169,SCROLL,
D0169,TO,
D0169,CONTINUE,
D0169,WITH,
D0169,CONTENT,
D0169,Sudah,
D0169,di,
D0169,Polrestabes,
D0169,tadi,
D0169,pagi,
D0169,sudah,
D0169,diamankan,
D0169,duaduanya,
D0169,jelasnya,
D0169,Dearma,
D0169,menyebut,
D0169,keduanya,
D0169,tidak,
D0169,tinggal,
D0169,bersama,
D0169,Namun,
D0169,R,
D0169,sering,
D0169,menemui,
D0169,NM,
D0169,dan,
D0169,melakukan,
D0169,hubungan,
D0169,badan,
D0169,Nggak,
D0169,tinggal,
D0169,bareng,
D0169,cuman,
D0169,berulang,
D0169,kali,
D0169,melakukan,
D0169,hubungan,
D0169,badan,
D0169,pungkasnya,
D0169,Sebelumnya,
D0169,Kasubbid,
D0169,Penmas,
D0169,Polda,
D0169,Sumut,
D0169,Kompol,
D0169,Siti,
D0169,Rohani,
D0169,Tampubolon,
D0169,mengatakan,
D0169,paket,
D0169,itu,
D0169,awalnya,
D0169,diterima,
D0169,pengemudi,
D0169,ojol,
D0169,inisial,
D0169,MYA,
D0169,35,
D0169,pagi,
D0169,tadi,
D0169,Paket,
D0169,itu,
D0169,rencananya,
D0169,akan,
D0169,diantar,
D0169,ke,
D0169,Jalan,
D0169,Ampera,
D0169,III,
D0169,Kecamatan,
D0169,Medan,
D0169,Timur,
D0169,Bayinya,
D0169,lakilaki,
D0169,sudah,
D0169,meninggal,
D0169,kata,
D0169,Siti,
D0169,Kamis,
D0169,85,
D0169,Siti,
D0169,menyebut,
D0169,pengantaran,
D0169,paket,
D0169,itu,
D0169,dipesan,
D0169,melalui,
D0169,aplikasi,
D0169,ojek,
D0169,online,
D0169,oleh,
D0169,inisial,
D0169,R,
D0169,Usai,
D0169,menerima,
D0169,pesanan,
D0169,itu,
D0169,MYA,
D0169,pun,
D0169,menuju,
D0169,lokasi,
D0169,penjemputan,
D0169,dan,
D0169,bertemu,
D0169,sepasang,
D0169,suami,
D0169,istri,
D0169,Setelah,
D0169,bertemu,
D0169,dengan,
D0169,pemesan,
D0169,yakni,
D0169,sepasang,
D0169,suami,
D0169,istri,
D0169,saksi,
D0169,MYA,
D0169,menerima,
D0169,orderan,
D0169,sebuah,
D0169,bungkusan,
D0169,yang,
D0169,di,
D0169,dalamnya,
D0169,berisikan,
D0169,kain,
D0169,jelasnya,
D0169,Saat,
D0169,itu,
D0169,R,
D0169,menjelaskan,
D0169,bahwa,
D0169,pesanan,
D0169,itu,
D0169,akan,
D0169,diterima,
D0169,oleh,
D0169,inisial,
D0169,P,
D0169,Saat,
D0169,itu,
D0169,R,
D0169,turut,
D0169,memberikan,
D0169,uang,
D0169,biaya,
D0169,pengantaran,
D0169,sebanyak,
D0169,Rp,
D0169,15,
D0169,ribu,
D0169,Kemudian,
D0169,pengemudi,
D0169,ojol,
D0169,itu,
D0169,pun,
D0169,pergi,
D0169,mengantarkan,
D0169,paket,
D0169,tersebut,
D0169,ke,
D0169,arah,
D0169,tujuan,
D0169,Setibanya,
D0169,di,
D0169,alamat,
D0169,pengantaran,
D0169,pengemudi,
D0169,mengirim,
D0169,pesan,
D0169,ke,
D0169,P,
D0169,dan,
D0169,menyampaikan,
D0169,telah,
D0169,tiba,
D0169,di,
D0169,sekitar,
D0169,kuburan,
D0169,Saat,
D0169,itu,
D0169,P,
D0169,meminta,
D0169,pengemudi,
D0169,ojol,
D0169,tersebut,
D0169,untuk,
D0169,meletakkan,
D0169,paket,
D0169,itu,
D0169,di,
D0169,teras,
D0169,masjid,
D0169,di,
D0169,sekitar,
D0169,lokasi,
D0169,Pengemudi,
D0169,pun,
D0169,sempat,
D0169,menyampaikan,
D0169,bahwa,
D0169,dirinya,
D0169,tidak,
D0169,bisa,
D0169,meletakkan,
D0169,paket,
D0169,itu,
D0169,begitu,
D0169,saja,
D0169,Namun,
D0169,setelah,
D0169,itu,
D0169,P,
D0169,tidak,
D0169,lagi,
D0169,merespons,
D0169,chat,
D0169,tersebut,
D0169,Karena,
D0169,nggak,
D0169,dibalas,
D0169,saksi,
D0169,menanyakan,
D0169,kepada,
D0169,ibuibu,
D0169,soal,
D0169,keberadaan,
D0169,rumah,
D0169,P,
D0169,Ibu,
D0169,tersebut,
D0169,mengatakan,
D0169,nggak,
D0169,ada,
D0169,atas,
D0169,nama,
D0169,di,
D0169,sebelah,
D0169,masjid,
D0169,ujarnya,
D0169,Setelah,
D0169,itu,
D0169,pengemudi,
D0169,pun,
D0169,mengambil,
D0169,bungkusan,
D0169,tersebut,
D0169,Saat,
D0169,itu,
D0169,MYA,
D0169,kaget,
D0169,karena,
D0169,melihat,
D0169,wajah,
D0169,seorang,
D0169,bayi,
D0169,dari,
D0169,dalam,
D0169,bungkusan,
D0169,itu,
D0169,Saksi,
D0169,mengambil,
D0169,orderan,
D0169,dari,
D0169,stang,
D0169,kereta,
D0169,motor,
D0169,dan,
D0169,menurunkan,
D0169,Saksi,
D0169,melihat,
D0169,sajadah,
D0169,biru,
D0169,dan,
D0169,di,
D0169,bawahnya,
D0169,langsung,
D0169,melihat,
D0169,wajah,
D0169,bayi,
D0169,Saksi,
D0169,pun,
D0169,langsung,
D0169,kaget,
D0169,dan,
D0169,merapat,
D0169,ke,
D0169,arah,
D0169,ibuibu,
D0169,dan,
D0169,disaksikan,
D0169,oleh,
D0169,kepling,
D0169,Kemudian,
D0169,kepling,
D0169,melaporkan,
D0169,kejadian,
D0169,tersebut,
D0169,pungkasnya,
D0169,Lihat,
D0169,juga,
D0169,Video,
D0169,Cerita,
D0169,di,
D0169,Balik,
D0169,Kasus,
D0169,Sejoli,
D0169,Buang,
D0169,Bayi,
D0169,di,
D0169,Pulogadung,
D0169,Jaktim,
D0169,GambasVideo,
D0169,20detik,
D0170,Polisi,
D0170,menangkap,
D0170,dua,
D0170,orang,
D0170,pria,
D0170,inisial,
D0170,J,
D0170,18,
D0170,dan,
D0170,JH,
D0170,30,
D0170,karena,
D0170,diduga,
D0170,telah,
D0170,menyetubuhi,
D0170,remaja,
D0170,perempuan,
D0170,berusia,
D0170,14,
D0170,tahun,
D0170,hingga,
D0170,hamil,
D0170,di,
D0170,Bangka,
D0170,Barat,
D0170,Babar,
D0170,Bangka,
D0170,Belitung,
D0170,Pelaku,
D0170,J,
D0170,diketahui,
D0170,merupakan,
D0170,sepupu,
D0170,korban,
D0170,Benar,
D0170,terduga,
D0170,pelaku,
D0170,sudah,
D0170,kami,
D0170,amankan,
D0170,dan,
D0170,ditetapkan,
D0170,sebagai,
D0170,tersangka,
D0170,inisialnya,
D0170,J,
D0170,dan,
D0170,JH,
D0170,kata,
D0170,Kapolres,
D0170,Babar,
D0170,AKBP,
D0170,Pradana,
D0170,Aditya,
D0170,Nugraha,
D0170,Rabu,
D0170,752025,
D0170,malam,
D0170,melansir,
D0170,detikSumbagsel,
D0170,Tersangka,
D0170,J,
D0170,ini,
D0170,adalah,
D0170,orang,
D0170,terdekat,
D0170,korban,
D0170,sepupu,
D0170,Sedangkan,
D0170,JH,
D0170,tidak,
D0170,ada,
D0170,hubungan,
D0170,keluarga,
D0170,hanya,
D0170,sebatas,
D0170,kenal,
D0170,timpalnya,
D0170,SCROLL,
D0170,TO,
D0170,CONTINUE,
D0170,WITH,
D0170,CONTENT,
D0170,Pradana,
D0170,mengatakan,
D0170,J,
D0170,dan,
D0170,JH,
D0170,sudah,
D0170,dilakukan,
D0170,penahanan,
D0170,di,
D0170,Mapolres,
D0170,Babar,
D0170,Sementara,
D0170,untuk,
D0170,korban,
D0170,sedang,
D0170,menjalani,
D0170,pemulihan,
D0170,psikologis,
D0170,Kedua,
D0170,pelaku,
D0170,dijerat,
D0170,dengan,
D0170,Pasal,
D0170,76D,
D0170,jo,
D0170,Pasal,
D0170,81,
D0170,Undangundang,
D0170,UU,
D0170,Nomor,
D0170,35,
D0170,Tahun,
D0170,2014,
D0170,tentang,
D0170,Perlindungan,
D0170,Anak,
D0170,dengan,
D0170,ancaman,
D0170,pidana,
D0170,minimal,
D0170,5,
D0170,tahun,
D0170,hingga,
D0170,maksimal,
D0170,15,
D0170,tahun,
D0170,penjara,
D0170,tegas,
D0170,Kapolres,
D0170,Pradana,
D0170,mengatakan,
D0170,kasus,
D0170,tersebut,
D0170,terbongkar,
D0170,ketika,
D0170,pihak,
D0170,keluarga,
D0170,curiga,
D0170,melihat,
D0170,perut,
D0170,korban,
D0170,membesar,
D0170,atau,
D0170,buncit,
D0170,Hasil,
D0170,pemeriksaan,
D0170,dokter,
D0170,menyebut,
D0170,jika,
D0170,korban,
D0170,sedang,
D0170,hamil,
D0170,7,
D0170,bulan,
D0170,Setelah,
D0170,diperiksa,
D0170,oleh,
D0170,dokter,
D0170,kandungan,
D0170,korban,
D0170,dinyatakan,
D0170,sedang,
D0170,hamil,
D0170,30,
D0170,minggu,
D0170,atau,
D0170,7,
D0170,bulan,
D0170,setengah,
D0170,ungkapnya,
D0170,Setelah,
D0170,didesak,
D0170,lanjut,
D0170,Kapolres,
D0170,korban,
D0170,mengaku,
D0170,pernah,
D0170,diajak,
D0170,bersetubuh,
D0170,oleh,
D0170,sepupunya,
D0170,J,
D0170,dan,
D0170,kenalannya,
D0170,berinisial,
D0170,JH,
D0170,Mendengar,
D0170,pengakuan,
D0170,itu,
D0170,keluarga,
D0170,kemudian,
D0170,melaporkan,
D0170,pelaku,
D0170,ke,
D0170,polisi,
D0170,Setelah,
D0170,dilakukan,
D0170,penyelidikan,
D0170,dan,
D0170,dengan,
D0170,alat,
D0170,bukti,
D0170,yang,
D0170,cukup,
D0170,mereka,
D0170,ditetapkan,
D0170,tersangka,
D0170,dan,
D0170,diamankan,
D0170,kemarin,
D0170,tukasnya,
D0171,Seorang,
D0171,sopir,
D0171,travel,
D0171,berinisial,
D0171,DW,
D0171,4,
D0171,di,
D0171,Kendari,
D0171,Sulawesi,
D0171,Tenggara,
D0171,Sultra,
D0171,tewas,
D0171,ditikam,
D0171,penumpangnya,
D0171,Motif,
D0171,pelaku,
D0171,diduga,
D0171,kesal,
D0171,karena,
D0171,sempat,
D0171,ditinggal,
D0171,korban,
D0171,di,
D0171,terminal,
D0171,Korban,
D0171,meninggal,
D0171,dunia,
D0171,di,
D0171,rumah,
D0171,sakit,
D0171,kata,
D0171,Kapolsek,
D0171,Baruga,
D0171,AKP,
D0171,Marjuni,
D0171,dilansir,
D0171,detikSulsel,
D0171,Kamis,
D0171,852025,
D0171,Peristiwa,
D0171,itu,
D0171,terjadi,
D0171,di,
D0171,Terminal,
D0171,Baruga,
D0171,Kecamatan,
D0171,Baruga,
D0171,Kendari,
D0171,Sabtu,
D0171,35,
D0171,sekitar,
D0171,pukul,
D0171,0130,
D0171,Wita,
D0171,Awalnya,
D0171,pelaku,
D0171,datang,
D0171,dan,
D0171,meminta,
D0171,diantar,
D0171,pulang,
D0171,ke,
D0171,ke,
D0171,Kecamatan,
D0171,Tinanggea,
D0171,Kabupaten,
D0171,Konawe,
D0171,Selatan,
D0171,SCROLL,
D0171,TO,
D0171,CONTINUE,
D0171,WITH,
D0171,CONTENT,
D0171,Korban,
D0171,sepakat,
D0171,akan,
D0171,mengantar,
D0171,pelaku,
D0171,ke,
D0171,Tinanggea,
D0171,tapi,
D0171,situasinya,
D0171,malam,
D0171,Korban,
D0171,menjanjikan,
D0171,akan,
D0171,mengantar,
D0171,besok,
D0171,ujarnya,
D0171,Korban,
D0171,sempat,
D0171,menawarkan,
D0171,agar,
D0171,pelaku,
D0171,tidur,
D0171,dan,
D0171,menyimpan,
D0171,barang,
D0171,bawaannya,
D0171,di,
D0171,dalam,
D0171,mobilnya,
D0171,Namun,
D0171,pelaku,
D0171,keluar,
D0171,dari,
D0171,mobil,
D0171,sekitar,
D0171,pukul,
D0171,0100,
D0171,Wita,
D0171,untuk,
D0171,mencari,
D0171,makanan,
D0171,Pelaku,
D0171,ini,
D0171,sempat,
D0171,keluar,
D0171,mencari,
D0171,makan,
D0171,sekitar,
D0171,30,
D0171,menit,
D0171,ungkap,
D0171,Marjuni,
D0171,Saat,
D0171,pelaku,
D0171,kembali,
D0171,ia,
D0171,mendapati,
D0171,korban,
D0171,dan,
D0171,mobilnya,
D0171,tak,
D0171,ada,
D0171,di,
D0171,lokasi,
D0171,Pelaku,
D0171,lalu,
D0171,mencari,
D0171,keberadaan,
D0171,korban,
D0171,Beberapa,
D0171,saat,
D0171,kemudian,
D0171,korban,
D0171,kembali,
D0171,ke,
D0171,lokasi,
D0171,awal,
D0171,Di,
D0171,situlah,
D0171,terjadi,
D0171,cekcok,
D0171,Di,
D0171,situ,
D0171,terjadi,
D0171,cekcok,
D0171,antara,
D0171,korban,
D0171,dan,
D0171,pelaku,
D0171,Pelaku,
D0171,langsung,
D0171,mengambil,
D0171,batu,
D0171,dan,
D0171,memukul,
D0171,kepala,
D0171,korban,
D0171,tuturnya,
D0171,Korban,
D0171,sempat,
D0171,melakukan,
D0171,perlawanan,
D0171,dan,
D0171,membanting,
D0171,pelaku,
D0171,ke,
D0171,aspal,
D0171,Namun,
D0171,pelaku,
D0171,mengambil,
D0171,badik,
D0171,di,
D0171,tasnya,
D0171,dan,
D0171,langsung,
D0171,menikam,
D0171,korban,
D0171,tiga,
D0171,kali,
D0171,Jadi,
D0171,luka,
D0171,dipukul,
D0171,kepala,
D0171,pakai,
D0171,batu,
D0171,satu,
D0171,tikaman,
D0171,di,
D0171,kepala,
D0171,di,
D0171,dada,
D0171,dan,
D0171,perut,
D0171,ucap,
D0171,Marjuni,
D0171,Korban,
D0171,tidak,
D0171,tewas,
D0171,di,
D0171,TKP,
D0171,namun,
D0171,sempat,
D0171,mendatangi,
D0171,kantor,
D0171,polisi,
D0171,kemudian,
D0171,dilarikan,
D0171,ke,
D0171,rumah,
D0171,sakit,
D0171,Saat,
D0171,menjalani,
D0171,perawatan,
D0171,di,
D0171,RS,
D0171,korban,
D0171,meninggal,
D0171,dunia,
D0171,Iya,
D0171,korban,
D0171,datang,
D0171,melapor,
D0171,sendiri,
D0171,setelah,
D0171,itu,
D0171,ada,
D0171,anggota,
D0171,yang,
D0171,mengantar,
D0171,ke,
D0171,rumah,
D0171,sakit,
D0171,dan,
D0171,ada,
D0171,yang,
D0171,mengejar,
D0171,pelaku,
D0171,bebernya,
D0172,Seorang,
D0172,pria,
D0172,di,
D0172,Tomohon,
D0172,Sulawesi,
D0172,Utara,
D0172,Sulut,
D0172,inisial,
D0172,DD,
D0172,19,
D0172,tewas,
D0172,ditikam,
D0172,rekannya,
D0172,inisial,
D0172,VM,
D0172,saat,
D0172,pesta,
D0172,minuman,
D0172,keras,
D0172,miras,
D0172,Pelaku,
D0172,menyerang,
D0172,korban,
D0172,usai,
D0172,terjadi,
D0172,cekcok,
D0172,antara,
D0172,keduanya,
D0172,Korban,
D0172,ditikam,
D0172,temannya,
D0172,saat,
D0172,pesta,
D0172,miras,
D0172,yang,
D0172,menurut,
D0172,saksi,
D0172,tersangka,
D0172,dan,
D0172,korban,
D0172,terjadi,
D0172,adu,
D0172,mulut,
D0172,karena,
D0172,korban,
D0172,sempat,
D0172,pergi,
D0172,tanpa,
D0172,memberitahu,
D0172,saat,
D0172,pesta,
D0172,miras,
D0172,Pelaku,
D0172,masih,
D0172,dicari,
D0172,korban,
D0172,sudah,
D0172,meninggal,
D0172,infonya,
D0172,warga,
D0172,Tuminting,
D0172,Kota,
D0172,Manado,
D0172,kata,
D0172,Kasat,
D0172,Reskrim,
D0172,Polresta,
D0172,Tomohon,
D0172,Iptu,
D0172,Stefi,
D0172,Sumolang,
D0172,Rabu,
D0172,752025,
D0172,melansir,
D0172,detikSulsel,
D0172,Peristiwa,
D0172,penikaman,
D0172,tersebut,
D0172,terjadi,
D0172,di,
D0172,Kelurahan,
D0172,Pangolombian,
D0172,Kecamatan,
D0172,Tomohon,
D0172,Selatan,
D0172,pada,
D0172,Selasa,
D0172,65,
D0172,sekitar,
D0172,pukul,
D0172,1700,
D0172,Wita,
D0172,Mulanya,
D0172,korban,
D0172,dan,
D0172,tersangka,
D0172,sedang,
D0172,ikut,
D0172,pesta,
D0172,miras,
D0172,bersama,
D0172,dengan,
D0172,temantemannya,
D0172,di,
D0172,salah,
D0172,satu,
D0172,rumah,
D0172,warga,
D0172,SCROLL,
D0172,TO,
D0172,CONTINUE,
D0172,WITH,
D0172,CONTENT,
D0172,Jadi,
D0172,mereka,
D0172,ketika,
D0172,itu,
D0172,sedang,
D0172,duduk,
D0172,minumminum,
D0172,minuman,
D0172,keras,
D0172,di,
D0172,salah,
D0172,satu,
D0172,rumah,
D0172,warga,
D0172,yang,
D0172,adalah,
D0172,TKP,
D0172,tempat,
D0172,kejadian,
D0172,perkara,
D0172,kata,
D0172,Stefi,
D0172,Lalu,
D0172,korban,
D0172,sempat,
D0172,keluar,
D0172,dari,
D0172,tempat,
D0172,mereka,
D0172,pesta,
D0172,miras,
D0172,namun,
D0172,tidak,
D0172,memberitahu,
D0172,temantemannya,
D0172,yang,
D0172,lain,
D0172,Ketika,
D0172,korban,
D0172,kembali,
D0172,ke,
D0172,lokasi,
D0172,pesta,
D0172,miras,
D0172,korban,
D0172,kemudian,
D0172,ditegur,
D0172,sehingga,
D0172,terjadi,
D0172,adu,
D0172,mulut,
D0172,dengan,
D0172,pelaku,
D0172,Korban,
D0172,ditegur,
D0172,kenapa,
D0172,keluar,
D0172,tidak,
D0172,bilang,
D0172,Karena,
D0172,banyak,
D0172,orang,
D0172,di,
D0172,situ,
D0172,dan,
D0172,mereka,
D0172,melihat,
D0172,sudah,
D0172,hampir,
D0172,berkelahi,
D0172,jadi,
D0172,mereka,
D0172,redakan,
D0172,Namun,
D0172,ternyata,
D0172,masih,
D0172,berlanjut,
D0172,jelas,
D0172,Stefi,
D0172,Lanjut,
D0172,Stefi,
D0172,saat,
D0172,berjalan,
D0172,ke,
D0172,arah,
D0172,teras,
D0172,rumah,
D0172,korban,
D0172,dan,
D0172,pelaku,
D0172,kembali,
D0172,cekcok,
D0172,Pelaku,
D0172,lalu,
D0172,mencabut,
D0172,pisau,
D0172,dan,
D0172,menikam,
D0172,korban,
D0172,Setelah,
D0172,nampak,
D0172,akan,
D0172,berkelahi,
D0172,pelaku,
D0172,yang,
D0172,lebih,
D0172,dulu,
D0172,mencabut,
D0172,pisau,
D0172,kemudian,
D0172,menikam,
D0172,korban,
D0172,Korban,
D0172,mendapat,
D0172,tikaman,
D0172,di,
D0172,rusuk,
D0172,kiri,
D0172,belakang,
D0172,dan,
D0172,leher,
D0172,Tersangka,
D0172,kemudian,
D0172,melarikan,
D0172,diri,
D0172,ungkapnya,
D0172,Stefi,
D0172,menjelaskan,
D0172,hingga,
D0172,kini,
D0172,pelaku,
D0172,masih,
D0172,dalam,
D0172,pencarian,
D0172,Sementara,
D0172,korban,
D0172,dilarikan,
D0172,ke,
D0172,rumah,
D0172,sakit,
D0172,namun,
D0172,nyawanya,
D0172,tidak,
D0172,tertolong,
D0172,Barang,
D0172,buktinya,
D0172,masih,
D0172,dicari,
D0172,apakah,
D0172,dibawa,
D0172,tersangka,
D0172,atau,
D0172,dibuang,
D0172,tapi,
D0172,di,
D0172,TKP,
D0172,tidak,
D0172,ada,
D0172,katanya,
D0172,Stefi,
D0172,menambahkan,
D0172,pihaknya,
D0172,masih,
D0172,akan,
D0172,mendalami,
D0172,terkait,
D0172,motif,
D0172,penikaman,
D0172,tersebut,
D0172,Sebab,
D0172,berdasarkan,
D0172,informasi,
D0172,yang,
D0172,diterima,
D0172,polisi,
D0172,pelaku,
D0172,dan,
D0172,korban,
D0172,pernah,
D0172,punya,
D0172,persoalan,
D0172,yang,
D0172,sudah,
D0172,lama,
D0172,Dari,
D0172,keterangan,
D0172,saksi,
D0172,dugaan,
D0172,sementara,
D0172,pelaku,
D0172,tidak,
D0172,senang,
D0172,ketika,
D0172,korban,
D0172,keluar,
D0172,dari,
D0172,lokasi,
D0172,miras,
D0172,namun,
D0172,tidak,
D0172,memberitahu,
D0172,Namun,
D0172,ada,
D0172,informasi,
D0172,juga,
D0172,mereka,
D0172,berdua,
D0172,memang,
D0172,ada,
D0172,persoalan,
D0172,lama,
D0172,tapi,
D0172,belum,
D0172,tau,
D0172,masalah,
D0172,apa,
D0172,masih,
D0172,akan,
D0172,pendalaman,
D0172,pungkasnya,
D0173,Pria,
D0173,inisial,
D0173,MF,
D0173,34,
D0173,yang,
D0173,berprofesi,
D0173,sebagai,
D0173,nelayan,
D0173,diduga,
D0173,mencabuli,
D0173,seorang,
D0173,siswi,
D0173,SMP,
D0173,berusia,
D0173,15,
D0173,tahun,
D0173,di,
D0173,Kabupaten,
D0173,Natuna,
D0173,Kepulauan,
D0173,Riau,
D0173,Kepri,
D0173,Saat,
D0173,ini,
D0173,pelaku,
D0173,MF,
D0173,telah,
D0173,ditangkap,
D0173,pihak,
D0173,kepolisian,
D0173,Satreskrim,
D0173,Polres,
D0173,Natuna,
D0173,mengungkap,
D0173,kasus,
D0173,dugaan,
D0173,tindak,
D0173,pidana,
D0173,persetubuhan,
D0173,atau,
D0173,pencabulan,
D0173,terhadap,
D0173,anak,
D0173,di,
D0173,bawah,
D0173,umur,
D0173,yang,
D0173,terjadi,
D0173,di,
D0173,Kabupaten,
D0173,Natuna,
D0173,kata,
D0173,Kapolres,
D0173,Natuna,
D0173,AKBP,
D0173,Novyan,
D0173,Aries,
D0173,Efendie,
D0173,dalam,
D0173,keterangannya,
D0173,Kamis,
D0173,852025,
D0173,Peristiwa,
D0173,pencabulan,
D0173,itu,
D0173,terungkap,
D0173,setelah,
D0173,orang,
D0173,tua,
D0173,korban,
D0173,melaporkan,
D0173,perbuatan,
D0173,pelaku,
D0173,MF,
D0173,terhadap,
D0173,anaknya,
D0173,pada,
D0173,April,
D0173,2025,
D0173,Polisi,
D0173,kemudian,
D0173,melakukan,
D0173,penyelidikan,
D0173,dan,
D0173,menangkap,
D0173,pelaku,
D0173,MF,
D0173,SCROLL,
D0173,TO,
D0173,CONTINUE,
D0173,WITH,
D0173,CONTENT,
D0173,Penyidik,
D0173,mengamankan,
D0173,sejumlah,
D0173,barang,
D0173,bukti,
D0173,dari,
D0173,korban,
D0173,maupun,
D0173,tersangka,
D0173,serta,
D0173,telah,
D0173,memeriksa,
D0173,sedikitnya,
D0173,empat,
D0173,orang,
D0173,saksi,
D0173,guna,
D0173,menguatkan,
D0173,buktibukti,
D0173,dalam,
D0173,kasus,
D0173,ini,
D0173,ujarnya,
D0173,Dari,
D0173,pemeriksaan,
D0173,polisi,
D0173,aksi,
D0173,pencabulan,
D0173,yang,
D0173,dilakukan,
D0173,MF,
D0173,lebih,
D0173,dari,
D0173,satu,
D0173,kali,
D0173,Pelaku,
D0173,mengaku,
D0173,mencabuli,
D0173,korban,
D0173,sebanyak,
D0173,13,
D0173,kali,
D0173,dalam,
D0173,kurun,
D0173,waktu,
D0173,satu,
D0173,minggu,
D0173,Dari,
D0173,hasil,
D0173,pemeriksaan,
D0173,tersangka,
D0173,diduga,
D0173,telah,
D0173,melakukan,
D0173,perbuatan,
D0173,tersebut,
D0173,sebanyak,
D0173,13,
D0173,kali,
D0173,ujarnya,
D0173,Dalam,
D0173,melancarkan,
D0173,aksinya,
D0173,Pelaku,
D0173,MF,
D0173,mengimingi,
D0173,korban,
D0173,dengan,
D0173,sejumlah,
D0173,uang,
D0173,dan,
D0173,makanan,
D0173,Selain,
D0173,itu,
D0173,pelaku,
D0173,juga,
D0173,menjanjikan,
D0173,akan,
D0173,memperjelas,
D0173,status,
D0173,keduanya,
D0173,dengan,
D0173,bertunangan,
D0173,dengan,
D0173,korban,
D0173,Dalam,
D0173,pengakuannya,
D0173,tersangka,
D0173,kerap,
D0173,memberikan,
D0173,uang,
D0173,makanan,
D0173,serta,
D0173,janji,
D0173,akan,
D0173,bertunangan,
D0173,kepada,
D0173,korban,
D0173,ujarnya,
D0173,Atas,
D0173,perbuatannya,
D0173,pelaku,
D0173,MF,
D0173,dijerat,
D0173,dengan,
D0173,Undangundang,
D0173,Perlindungan,
D0173,Anak,
D0173,Pelaku,
D0173,MF,
D0173,terancam,
D0173,pidana,
D0173,penjara,
D0173,maksimal,
D0173,15,
D0173,tahun,
D0173,dengan,
D0173,denda,
D0173,maksimal,
D0173,Rp,
D0173,5,
D0173,miliar,
D0173,Tersangka,
D0173,terancam,
D0173,hukuman,
D0173,pidana,
D0173,penjara,
D0173,paling,
D0173,singkat,
D0173,5,
D0173,tahun,
D0173,dan,
D0173,paling,
D0173,lama,
D0173,15,
D0173,tahun,
D0173,serta,
D0173,denda,
D0173,maksimal,
D0173,sebesar,
D0173,Rp5,
D0173,miliar,
D0173,ujarnya,
D0173,Novyan,
D0173,menegaskan,
D0173,pihaknya,
D0173,berkomitmen,
D0173,menindak,
D0173,tegas,
D0173,segala,
D0173,bentuk,
D0173,kekerasan,
D0173,terhadap,
D0173,anak,
D0173,Ia,
D0173,mengimbau,
D0173,kepada,
D0173,masyarakat,
D0173,agar,
D0173,berani,
D0173,melaporkan,
D0173,kejadian,
D0173,serupa,
D0173,yang,
D0173,terjadi,
D0173,di,
D0173,tengah,
D0173,masyarakat,
D0173,Kami,
D0173,mengimbau,
D0173,kepada,
D0173,masyarakat,
D0173,agar,
D0173,lebih,
D0173,peka,
D0173,dan,
D0173,berani,
D0173,melaporkan,
D0173,apabila,
D0173,mengetahui,
D0173,kasus,
D0173,serupa,
D0173,di,
D0173,lingkungan,
D0173,sekitarnya,
D0173,Kami,
D0173,berkomitmen,
D0173,menindak,
D0173,tegas,
D0173,segala,
D0173,bentuk,
D0173,kekerasan,
D0173,terhadap,
D0173,anak,
D0173,ujarnya,
D0174,RT,
D0174,alias,
D0174,Jambul,
D0174,38,
D0174,menganiaya,
D0174,ayah,
D0174,tirinya,
D0174,ES,
D0174,64,
D0174,hingga,
D0174,tewas,
D0174,Aksi,
D0174,sadis,
D0174,yang,
D0174,dilakukan,
D0174,Jambul,
D0174,dipicu,
D0174,masalah,
D0174,sepele,
D0174,yakni,
D0174,tak,
D0174,diberi,
D0174,pinjam,
D0174,sepeda,
D0174,motor,
D0174,Peristiwa,
D0174,penganiayaan,
D0174,berujung,
D0174,maut,
D0174,itu,
D0174,terjadi,
D0174,di,
D0174,Desa,
D0174,Ciapus,
D0174,Kecamatan,
D0174,Banjaran,
D0174,Kabupaten,
D0174,Bandung,
D0174,pada,
D0174,Senin,
D0174,55,
D0174,lalu,
D0174,Kejadian,
D0174,bermula,
D0174,saat,
D0174,Jambul,
D0174,hendak,
D0174,meminjam,
D0174,sepeda,
D0174,motor,
D0174,ke,
D0174,ayah,
D0174,tirinya,
D0174,itu,
D0174,Namun,
D0174,korban,
D0174,tak,
D0174,memberi,
D0174,pinjam,
D0174,Korban,
D0174,tidak,
D0174,memberi,
D0174,pinjam,
D0174,terjadi,
D0174,percekcokan,
D0174,sehingga,
D0174,pelaku,
D0174,menganiaya,
D0174,korban,
D0174,bapak,
D0174,tiri,
D0174,inisial,
D0174,ES,
D0174,di,
D0174,bagian,
D0174,belakang,
D0174,menggunakan,
D0174,balok,
D0174,beberapa,
D0174,kali,
D0174,dipukul,
D0174,kemudian,
D0174,korban,
D0174,terjatuh,
D0174,ujar,
D0174,Kapolresta,
D0174,Bandung,
D0174,Kombes,
D0174,Aldi,
D0174,Subartono,
D0174,di,
D0174,Mapolresta,
D0174,Bandung,
D0174,Rabu,
D0174,752025,
D0174,SCROLL,
D0174,TO,
D0174,CONTINUE,
D0174,WITH,
D0174,CONTENT,
D0174,Tak,
D0174,hanya,
D0174,menganiaya,
D0174,ayah,
D0174,tirinya,
D0174,saja,
D0174,Jambul,
D0174,yang,
D0174,saat,
D0174,itu,
D0174,terpengaruh,
D0174,minuman,
D0174,keras,
D0174,juga,
D0174,menganiaya,
D0174,ibunya,
D0174,Setelah,
D0174,itu,
D0174,juga,
D0174,pelaku,
D0174,sempat,
D0174,menganiaya,
D0174,ibunya,
D0174,Di,
D0174,sini,
D0174,korbannya,
D0174,ada,
D0174,dua,
D0174,bapak,
D0174,tiri,
D0174,meninggal,
D0174,dunia,
D0174,dan,
D0174,ibunya,
D0174,luka,
D0174,dorongan,
D0174,dan,
D0174,ada,
D0174,bekas,
D0174,gigitan,
D0174,kata,
D0174,Aldi,
D0174,Aksi,
D0174,sadis,
D0174,yang,
D0174,dilakukan,
D0174,Jambul,
D0174,membuat,
D0174,warga,
D0174,bertindak,
D0174,saat,
D0174,itu,
D0174,Warga,
D0174,langsung,
D0174,mengamankan,
D0174,Jambul,
D0174,Kami,
D0174,langsung,
D0174,pergi,
D0174,ke,
D0174,TKP,
D0174,dan,
D0174,olah,
D0174,TKP,
D0174,membawa,
D0174,korban,
D0174,ke,
D0174,rumah,
D0174,sakit,
D0174,melakukan,
D0174,autopsi,
D0174,kepada,
D0174,korban,
D0174,serta,
D0174,memeriksa,
D0174,saksisaksi,
D0174,jelasnya,
D0174,Aldi,
D0174,mengungkapkan,
D0174,Jambul,
D0174,merupakan,
D0174,seorang,
D0174,residivis,
D0174,dan,
D0174,kerap,
D0174,melakukan,
D0174,tindak,
D0174,pidana,
D0174,Sehingga,
D0174,hal,
D0174,tersebut,
D0174,yang,
D0174,membuat,
D0174,orang,
D0174,tuanya,
D0174,enggan,
D0174,untuk,
D0174,memberi,
D0174,pinjam,
D0174,motor,
D0174,Jadi,
D0174,menurut,
D0174,korban,
D0174,ibu,
D0174,ini,
D0174,menjelaskan,
D0174,bahwa,
D0174,memang,
D0174,almarhum,
D0174,tidak,
D0174,memberikan,
D0174,karena,
D0174,khawatir,
D0174,motornya,
D0174,akan,
D0174,digelapkan,
D0174,atau,
D0174,digadaikan,
D0174,Sehingga,
D0174,almarhum,
D0174,tidak,
D0174,memberikan,
D0174,sepeda,
D0174,motor,
D0174,yang,
D0174,akan,
D0174,dipinjam,
D0174,oleh,
D0174,pelaku,
D0174,kata,
D0174,Aldi,
D0174,Atas,
D0174,perbuatannya,
D0174,tersangka,
D0174,dijerat,
D0174,dengan,
D0174,pasal,
D0174,44,
D0174,ayat,
D0174,2,
D0174,dan,
D0174,ayat,
D0174,3,
D0174,UU,
D0174,RI,
D0174,No,
D0174,23,
D0174,tahun,
D0174,2004,
D0174,tentang,
D0174,Penghapusan,
D0174,KDRT,
D0174,dan,
D0174,atau,
D0174,Pasal,
D0174,338,
D0174,KUHP,
D0174,dan,
D0174,atau,
D0174,Pasal,
D0174,351,
D0174,ayat,
D0174,2,
D0174,dan,
D0174,3,
D0174,KUHPidana,
D0174,dengan,
D0174,ancaman,
D0174,hukuman,
D0174,20,
D0174,tahun,
D0174,penjara,
D0175,Seorang,
D0175,pria,
D0175,bernama,
D0175,Hendri,
D0175,Yanto,
D0175,33,
D0175,diserang,
D0175,kawanan,
D0175,begal,
D0175,bersenjata,
D0175,tajam,
D0175,saat,
D0175,tengah,
D0175,membawa,
D0175,anaknya,
D0175,yang,
D0175,masih,
D0175,berusia,
D0175,empat,
D0175,tahun,
D0175,di,
D0175,Kabupaten,
D0175,Batu,
D0175,Bara,
D0175,Sumatera,
D0175,Utara,
D0175,Sumut,
D0175,Saat,
D0175,kejadian,
D0175,itu,
D0175,para,
D0175,pelaku,
D0175,merampas,
D0175,sepeda,
D0175,motor,
D0175,dan,
D0175,uang,
D0175,korban,
D0175,Kapolsek,
D0175,Indrapura,
D0175,AKP,
D0175,Reynold,
D0175,Silalahi,
D0175,mengatakan,
D0175,peristiwa,
D0175,itu,
D0175,terjadi,
D0175,di,
D0175,Jalan,
D0175,Acces,
D0175,Road,
D0175,Inalum,
D0175,Kecamatan,
D0175,Sei,
D0175,suka,
D0175,Minggu,
D0175,2042025,
D0175,sekira,
D0175,pukul,
D0175,0530,
D0175,WIB,
D0175,Saat,
D0175,kejadian,
D0175,korban,
D0175,baru,
D0175,saja,
D0175,dari,
D0175,Rumah,
D0175,Sakit,
D0175,Sapta,
D0175,Medika,
D0175,Desa,
D0175,Tanah,
D0175,Merah,
D0175,dan,
D0175,hendak,
D0175,menuju,
D0175,Desa,
D0175,Pakam,
D0175,Pelapor,
D0175,bersama,
D0175,dengan,
D0175,anak,
D0175,pelapor,
D0175,yang,
D0175,berumur,
D0175,empat,
D0175,tahun,
D0175,Sesampainya,
D0175,di,
D0175,Jalan,
D0175,Acces,
D0175,Road,
D0175,Inalum,
D0175,datang,
D0175,dari,
D0175,belakangnya,
D0175,sepeda,
D0175,motor,
D0175,yang,
D0175,mendekati,
D0175,pelapor,
D0175,kata,
D0175,Reynold,
D0175,Rabu,
D0175,75,
D0175,SCROLL,
D0175,TO,
D0175,CONTINUE,
D0175,WITH,
D0175,CONTENT,
D0175,Reynold,
D0175,menyebut,
D0175,ada,
D0175,tiga,
D0175,orang,
D0175,yang,
D0175,berada,
D0175,di,
D0175,atas,
D0175,motor,
D0175,itu,
D0175,Kemudian,
D0175,salah,
D0175,seorang,
D0175,pelaku,
D0175,mencoba,
D0175,mencabut,
D0175,kunci,
D0175,kontak,
D0175,motor,
D0175,kroban,
D0175,Tak,
D0175,hanya,
D0175,itu,
D0175,pelaku,
D0175,lain,
D0175,juga,
D0175,menendang,
D0175,motor,
D0175,korban,
D0175,hingga,
D0175,membuat,
D0175,korban,
D0175,dan,
D0175,anaknya,
D0175,terjatuh,
D0175,Pada,
D0175,saat,
D0175,yang,
D0175,bersamaan,
D0175,salah,
D0175,seorang,
D0175,pelaku,
D0175,menggeret,
D0175,sebilah,
D0175,parang,
D0175,dan,
D0175,mencoba,
D0175,mendekati,
D0175,korban,
D0175,Korban,
D0175,yang,
D0175,ketakutan,
D0175,langsung,
D0175,melarikan,
D0175,diri,
D0175,bersama,
D0175,anaknya,
D0175,Pelapor,
D0175,berusaha,
D0175,lari,
D0175,lalu,
D0175,pelaku,
D0175,lainnya,
D0175,mengambil,
D0175,motor,
D0175,pelapor,
D0175,serta,
D0175,tas,
D0175,selempang,
D0175,warna,
D0175,hitam,
D0175,yang,
D0175,berisikan,
D0175,uang,
D0175,tunai,
D0175,sebesar,
D0175,Rp,
D0175,5,
D0175,juta,
D0175,dan,
D0175,dua,
D0175,hp,
D0175,yang,
D0175,di,
D0175,simpan,
D0175,di,
D0175,dalam,
D0175,bagasi,
D0175,motor,
D0175,jelasnya,
D0175,Usai,
D0175,melancarkan,
D0175,aksinya,
D0175,para,
D0175,pelaku,
D0175,pergi,
D0175,melarikan,
D0175,diri,
D0175,membawa,
D0175,barangbarang,
D0175,korban,
D0175,Akibat,
D0175,kejadian,
D0175,itu,
D0175,korban,
D0175,mengalami,
D0175,kerugian,
D0175,hingga,
D0175,Rp,
D0175,32,
D0175,juta,
D0175,dan,
D0175,memutuskan,
D0175,untuk,
D0175,membuat,
D0175,laporan,
D0175,ke,
D0175,Polsek,
D0175,Indrapura,
D0175,pada,
D0175,2,
D0175,Mei,
D0175,2025,
D0175,Pihak,
D0175,kepolisian,
D0175,pun,
D0175,menyelidiki,
D0175,kasus,
D0175,tersebut,
D0175,dan,
D0175,menangkap,
D0175,dua,
D0175,pelaku,
D0175,pada,
D0175,Selasa,
D0175,65,
D0175,malam,
D0175,di,
D0175,daerah,
D0175,Kisaran,
D0175,Adapun,
D0175,keduanya,
D0175,yakni,
D0175,A,
D0175,21,
D0175,dan,
D0175,seorang,
D0175,pelajar,
D0175,berinisial,
D0175,ASN,
D0175,17,
D0175,Usai,
D0175,ditangkap,
D0175,keduanya,
D0175,diboyong,
D0175,ke,
D0175,Polsek,
D0175,Indrapura,
D0175,untuk,
D0175,proses,
D0175,pemeriksaan,
D0175,lebuh,
D0175,lanjut,
D0175,Pihak,
D0175,kepolisian,
D0175,masih,
D0175,mendalami,
D0175,lebih,
D0175,lanjut,
D0175,soal,
D0175,pencurian,
D0175,itu,
D0175,Pelaku,
D0175,diketahui,
D0175,sedang,
D0175,berada,
D0175,di,
D0175,daerah,
D0175,Kisaran,
D0175,Tim,
D0175,opsnal,
D0175,langsung,
D0175,berangkat,
D0175,melakukan,
D0175,penangkapan,
D0175,pada,
D0175,Selasa,
D0175,sekira,
D0175,pukul,
D0175,2200,
D0175,WIB,
D0175,pungkasnya,
D0176,ASN,
D0176,di,
D0176,RS,
D0176,Universitas,
D0176,Riau,
D0176,Hendra,
D0176,Wirman,
D0176,melepaskan,
D0176,tembakan,
D0176,senapan,
D0176,angin,
D0176,ke,
D0176,arah,
D0176,kerumunan,
D0176,remaja,
D0176,yang,
D0176,tengah,
D0176,berkelahi,
D0176,di,
D0176,Jalan,
D0176,Taman,
D0176,Karya,
D0176,Tembakan,
D0176,itu,
D0176,mengenai,
D0176,Muhammad,
D0176,Ikhsan,
D0176,15,
D0176,hingga,
D0176,kehilangan,
D0176,nyawa,
D0176,Pelaku,
D0176,nekat,
D0176,melakukan,
D0176,hal,
D0176,tersebut,
D0176,karena,
D0176,kesal,
D0176,melihat,
D0176,kerumunan,
D0176,remaja,
D0176,yang,
D0176,berkelahi,
D0176,pada,
D0176,Rabu,
D0176,304,
D0176,Pelaku,
D0176,sempat,
D0176,berusaha,
D0176,membawa,
D0176,korban,
D0176,ke,
D0176,RS,
D0176,USU,
D0176,agar,
D0176,mendapat,
D0176,perawatan,
D0176,yang,
D0176,lebih,
D0176,baik,
D0176,Kasat,
D0176,Reskrim,
D0176,Polresta,
D0176,Pekanbaru,
D0176,Kompol,
D0176,Berry,
D0176,Juana,
D0176,Putra,
D0176,menyebut,
D0176,penembakan,
D0176,terjadi,
D0176,Rabu,
D0176,30,
D0176,April,
D0176,2025,
D0176,malam,
D0176,Saat,
D0176,itu,
D0176,korban,
D0176,berjanjian,
D0176,dengan,
D0176,temannya,
D0176,untuk,
D0176,berkelahi,
D0176,di,
D0176,Jalan,
D0176,Taman,
D0176,Karya,
D0176,SCROLL,
D0176,TO,
D0176,CONTINUE,
D0176,WITH,
D0176,CONTENT,
D0176,Awalnya,
D0176,korban,
D0176,dan,
D0176,para,
D0176,saksi,
D0176,bersepakat,
D0176,dengan,
D0176,anak,
D0176,perumahan,
D0176,Graha,
D0176,Bangun,
D0176,akan,
D0176,melakukan,
D0176,perkelahain,
D0176,tanding,
D0176,satu,
D0176,lawan,
D0176,satu,
D0176,di,
D0176,Jalan,
D0176,Taman,
D0176,Karya,
D0176,Setelah,
D0176,berkumpul,
D0176,mereka,
D0176,berkelahi,
D0176,satu,
D0176,lawan,
D0176,satu,
D0176,kata,
D0176,Berry,
D0176,Selasa,
D0176,652025,
D0176,Selanjutnya,
D0176,temanteman,
D0176,korban,
D0176,yang,
D0176,berjumlah,
D0176,sekitar,
D0176,30,
D0176,orang,
D0176,membentuk,
D0176,lingkaran,
D0176,Mereka,
D0176,saling,
D0176,bersorak,
D0176,seraya,
D0176,memberi,
D0176,dukungan,
D0176,hingga,
D0176,menimbulkan,
D0176,suara,
D0176,ribut,
D0176,Tak,
D0176,lama,
D0176,terdengar,
D0176,suara,
D0176,ledakan,
D0176,sebanyak,
D0176,1,
D0176,kali,
D0176,Seketika,
D0176,itu,
D0176,korban,
D0176,Muhammad,
D0176,ihsan,
D0176,langsung,
D0176,terjatuh,
D0176,ke,
D0176,tanah,
D0176,dengan,
D0176,kondisi,
D0176,telengkup,
D0176,Temanteman,
D0176,korban,
D0176,langsung,
D0176,berlarian,
D0176,menyelamatkan,
D0176,diri,
D0176,Namun,
D0176,beberapa,
D0176,saksi,
D0176,lain,
D0176,melihat,
D0176,seorang,
D0176,lakilaki,
D0176,merupakan,
D0176,pemilik,
D0176,rumah,
D0176,yang,
D0176,tidak,
D0176,jauh,
D0176,dari,
D0176,tempat,
D0176,terjadinya,
D0176,penembakan,
D0176,mengarahkan,
D0176,laras,
D0176,sanjatanya,
D0176,ke,
D0176,titik,
D0176,kumpul,
D0176,Pelaku,
D0176,bilang,
D0176,Mati,
D0176,kalian,
D0176,dan,
D0176,kemudian,
D0176,pelaku,
D0176,keluar,
D0176,rumah,
D0176,dengan,
D0176,menenteng,
D0176,senjata,
D0176,senapan,
D0176,anginya,
D0176,Pelaku,
D0176,datangi,
D0176,korban,
D0176,yang,
D0176,sudah,
D0176,terkapar,
D0176,kata,
D0176,Berry,
D0176,Pelaku,
D0176,sempat,
D0176,mengangkut,
D0176,korban,
D0176,ke,
D0176,rumah,
D0176,sakit,
D0176,Unri,
D0176,Pelaku,
D0176,dan,
D0176,barang,
D0176,bukti,
D0176,sudah,
D0176,diamankan,
D0176,Korban,
D0176,meninggal,
D0176,dengan,
D0176,luka,
D0176,tembak,
D0176,di,
D0176,belakang,
D0176,kepala,
D0176,kata,
D0176,Berry,
D0176,Selain,
D0176,luka,
D0176,tembak,
D0176,di,
D0176,kepala,
D0176,bagian,
D0176,belakang,
D0176,Sedangkan,
D0176,sepucuk,
D0176,senapan,
D0176,angin,
D0176,yang,
D0176,digunakan,
D0176,juga,
D0176,telah,
D0176,diamankan,
D0176,Barang,
D0176,bukti,
D0176,ada,
D0176,senapan,
D0176,angin,
D0176,merek,
D0176,style,
D0176,Semua,
D0176,sudah,
D0176,diamankan,
D0176,malam,
D0176,setelah,
D0176,penembakan,
D0176,kata,
D0176,Berry,
D0176,Kapolsek,
D0176,Bina,
D0176,Widya,
D0176,Kompol,
D0176,Mangihut,
D0176,Sinurat,
D0176,mengatakan,
D0176,pelaku,
D0176,tercatat,
D0176,ASN,
D0176,di,
D0176,RS,
D0176,Univeritas,
D0176,Riau,
D0176,Unri,
D0176,Pelaku,
D0176,mengakui,
D0176,aksinya,
D0176,dilakukan,
D0176,karena,
D0176,kesal,
D0176,mendengar,
D0176,keributan,
D0176,Pelaku,
D0176,ini,
D0176,ASN,
D0176,di,
D0176,RS,
D0176,Unri,
D0176,bagian,
D0176,Instalasi,
D0176,Sarana,
D0176,dan,
D0176,Prasarana,
D0176,Sudah,
D0176,diamankan,
D0176,kata,
D0176,Kapolsek,
D0176,Atas,
D0176,perbuatannya,
D0176,pelaku,
D0176,ditetapkan,
D0176,sebagai,
D0176,tersangka,
D0176,dan,
D0176,ditahan,
D0176,di,
D0176,Polsek,
D0176,Binawidya,
D0176,Dia,
D0176,dijerat,
D0176,Pasal,
D0176,80,
D0176,ayat,
D0176,2,
D0176,tentang,
D0176,Perlindunhan,
D0176,Anak,
D0176,dan,
D0176,UU,
D0176,Darurat,
D0177,Tiga,
D0177,tersangka,
D0177,pencurian,
D0177,di,
D0177,swalayan,
D0177,Jalan,
D0177,Raya,
D0177,Dandong,
D0177,Kecamatan,
D0177,Srengat,
D0177,Kabupaten,
D0177,Blitar,
D0177,ditangkap,
D0177,polisi,
D0177,Komplotan,
D0177,pencuri,
D0177,itu,
D0177,telah,
D0177,beraksi,
D0177,di,
D0177,21,
D0177,TKP,
D0177,yang,
D0177,berbeda,
D0177,Kapolres,
D0177,Blitar,
D0177,Kota,
D0177,AKBP,
D0177,Titus,
D0177,Yudho,
D0177,Uly,
D0177,mengatakan,
D0177,pencurian,
D0177,dengan,
D0177,pemberatan,
D0177,curat,
D0177,itu,
D0177,berhasil,
D0177,diungkap,
D0177,setelah,
D0177,dilakukan,
D0177,penyelidikan,
D0177,Tim,
D0177,Satreskrim,
D0177,Polres,
D0177,Blitar,
D0177,Kota,
D0177,berhasil,
D0177,menangkap,
D0177,tiga,
D0177,pelaku,
D0177,salah,
D0177,satunya,
D0177,merupakan,
D0177,anak,
D0177,di,
D0177,bawah,
D0177,umur,
D0177,Ada,
D0177,tiga,
D0177,tersangka,
D0177,yang,
D0177,kami,
D0177,amankan,
D0177,diantarnya,
D0177,JA,
D0177,25,
D0177,dan,
D0177,DP,
D0177,18,
D0177,warga,
D0177,Ngancar,
D0177,Kediri,
D0177,Kemudian,
D0177,tersangka,
D0177,anak,
D0177,di,
D0177,bawah,
D0177,umur,
D0177,RS,
D0177,17,
D0177,warga,
D0177,Kecamatan,
D0177,Udanawu,
D0177,Kabupaten,
D0177,Blitar,
D0177,terangnya,
D0177,saat,
D0177,press,
D0177,release,
D0177,di,
D0177,Mapolres,
D0177,Blitar,
D0177,Kota,
D0177,Selasa,
D0177,652025,
D0177,SCROLL,
D0177,TO,
D0177,CONTINUE,
D0177,WITH,
D0177,CONTENT,
D0177,Yudho,
D0177,menyebutkan,
D0177,ada,
D0177,sejumlah,
D0177,barang,
D0177,bukti,
D0177,yang,
D0177,diamankan,
D0177,yakni,
D0177,linggis,
D0177,besi,
D0177,palu,
D0177,dan,
D0177,sebagainya,
D0177,Para,
D0177,tersangka,
D0177,berbagi,
D0177,peran,
D0177,dalam,
D0177,aksi,
D0177,pencurian,
D0177,tersebut,
D0177,Mulanya,
D0177,JA,
D0177,berperan,
D0177,mengamati,
D0177,situasi,
D0177,dan,
D0177,melakukan,
D0177,survei,
D0177,lokasi,
D0177,sebelum,
D0177,melakukan,
D0177,pencurian,
D0177,Sementara,
D0177,DP,
D0177,dan,
D0177,RS,
D0177,yang,
D0177,mencuri,
D0177,barang,
D0177,di,
D0177,swalayan,
D0177,tersebut,
D0177,Mereka,
D0177,merupakan,
D0177,komplotan,
D0177,dan,
D0177,memiliki,
D0177,peran,
D0177,masingmasing,
D0177,katanya,
D0177,Aksi,
D0177,pencurian,
D0177,komplotan,
D0177,itu,
D0177,menyebabkan,
D0177,swalayan,
D0177,mengalami,
D0177,kerugian,
D0177,hingga,
D0177,Rp,
D0177,285,
D0177,juta,
D0177,Para,
D0177,tersangka,
D0177,berhasil,
D0177,menggasak,
D0177,ratusan,
D0177,pak,
D0177,rokok,
D0177,berbagai,
D0177,merek,
D0177,dan,
D0177,uang,
D0177,tunai,
D0177,sekitar,
D0177,Rp,
D0177,19,
D0177,juta,
D0177,Berdasarkan,
D0177,hasil,
D0177,penyelidikan,
D0177,dan,
D0177,pengembangan,
D0177,lanjut,
D0177,Yudho,
D0177,tiga,
D0177,tersangka,
D0177,telah,
D0177,melancarkan,
D0177,aksi,
D0177,pencurian,
D0177,di,
D0177,21,
D0177,TKP,
D0177,berbeda,
D0177,Para,
D0177,tersangka,
D0177,tidak,
D0177,hanya,
D0177,melakukan,
D0177,pencurian,
D0177,di,
D0177,wilayah,
D0177,hukum,
D0177,Polres,
D0177,Blitar,
D0177,Kota,
D0177,Kediri,
D0177,dan,
D0177,Magetan,
D0177,Sedikitnya,
D0177,ada,
D0177,sekitar,
D0177,21,
D0177,TKP,
D0177,di,
D0177,berbagai,
D0177,wilayah,
D0177,yang,
D0177,menjadi,
D0177,sasaran,
D0177,para,
D0177,tersangka,
D0177,Mereka,
D0177,komplotan,
D0177,mencuri,
D0177,barang,
D0177,berharga,
D0177,mulai,
D0177,dari,
D0177,motor,
D0177,HP,
D0177,dan,
D0177,sebagainya,
D0177,jelasnya,
D0177,Atas,
D0177,perbuatannya,
D0177,itu,
D0177,para,
D0177,tersangka,
D0177,akan,
D0177,dikenakan,
D0177,pasal,
D0177,363,
D0177,ayat,
D0177,2,
D0177,KUHP,
D0177,tentang,
D0177,pencurian,
D0177,dengan,
D0177,pemberatan,
D0177,Adapun,
D0177,ancaman,
D0177,hukuman,
D0177,yakni,
D0177,maksimal,
D0177,9,
D0177,tahun,
D0177,penjara,
D0177,Masingmasing,
D0177,akan,
D0177,dikenakan,
D0177,pasal,
D0177,sesuai,
D0177,dengan,
D0177,perannya,
D0177,saat,
D0177,pencurian,
D0177,itu,
D0177,Yang,
D0177,jelas,
D0177,kami,
D0177,tetap,
D0177,mengimbau,
D0177,masyarakat,
D0177,untuk,
D0177,waspada,
D0177,terhadap,
D0177,barang,
D0177,berharga,
D0177,segera,
D0177,melapor,
D0177,apabila,
D0177,mengetahui,
D0177,tindakan,
D0177,pidana,
D0177,dan,
D0177,kriminalitas,
D0177,lainnya,
D0177,tegasnya,
D0177,Sebelumnya,
D0177,sebuah,
D0177,swalayan,
D0177,di,
D0177,Jalan,
D0177,Raya,
D0177,Dandong,
D0177,Kecamatan,
D0177,Srengat,
D0177,Kabupaten,
D0177,Blitar,
D0177,dibobol,
D0177,maling,
D0177,Ratusan,
D0177,bungkus,
D0177,rokok,
D0177,berbagai,
D0177,merek,
D0177,raib,
D0177,digondol,
D0177,Akibatnya,
D0177,swalayan,
D0177,rugi,
D0177,hingga,
D0177,Rp,
D0177,28,
D0177,juta,
D0177,Salah,
D0177,seorang,
D0177,karyawan,
D0177,Dewi,
D0177,Arisita,
D0177,mengaku,
D0177,mendapati,
D0177,swalayan,
D0177,sudah,
D0177,dalam,
D0177,keadaan,
D0177,berantakan,
D0177,Ia,
D0177,mengecek,
D0177,laci,
D0177,kasir,
D0177,dan,
D0177,mendapati,
D0177,sejumlah,
D0177,uang,
D0177,yang,
D0177,hilang,
D0177,Selanjutnya,
D0177,mengecek,
D0177,seluruh,
D0177,sudut,
D0177,swalayan,
D0177,dan,
D0177,melihat,
D0177,sebuah,
D0177,lubang,
D0177,di,
D0177,bagian,
D0177,belakang,
D0177,Saya,
D0177,masuk,
D0177,toko,
D0177,sekitar,
D0177,pukul,
D0177,0602,
D0177,WIB,
D0177,itu,
D0177,toko,
D0177,sudah,
D0177,berantakan,
D0177,rak,
D0177,rokok,
D0177,Saya,
D0177,cek,
D0177,belakang,
D0177,itu,
D0177,ada,
D0177,lubang,
D0177,di,
D0177,tembok,
D0177,sama,
D0177,laci,
D0177,kasir,
D0177,juga,
D0177,kosong,
D0177,Sudah,
D0177,tidak,
D0177,ada,
D0177,uangnya,
D0177,katanya,
D0177,Rabu,
D0177,942025,
D0178,Seorang,
D0178,remaja,
D0178,di,
D0178,Pekanbaru,
D0178,Riau,
D0178,Muhammad,
D0178,Ikhsan,
D0178,15,
D0178,tewas,
D0178,akibat,
D0178,ditembak,
D0178,senapan,
D0178,angin,
D0178,Korban,
D0178,ditembak,
D0178,saat,
D0178,sedang,
D0178,berkelahi,
D0178,dengan,
D0178,temannya,
D0178,di,
D0178,Jalan,
D0178,Taman,
D0178,Karya,
D0178,Kasat,
D0178,Reskrim,
D0178,Polresta,
D0178,Pekanbaru,
D0178,Kompol,
D0178,Berry,
D0178,Juana,
D0178,Putra,
D0178,menyebut,
D0178,penembakan,
D0178,terjadi,
D0178,Rabu,
D0178,3042025,
D0178,malam,
D0178,Saat,
D0178,itu,
D0178,korban,
D0178,berjanjian,
D0178,dengan,
D0178,temannya,
D0178,untuk,
D0178,berkelahi,
D0178,di,
D0178,Jalan,
D0178,Taman,
D0178,Karya,
D0178,SCROLL,
D0178,TO,
D0178,CONTINUE,
D0178,WITH,
D0178,CONTENT,
D0178,Awalnya,
D0178,korban,
D0178,dan,
D0178,para,
D0178,saksi,
D0178,bersepakat,
D0178,dengan,
D0178,anak,
D0178,perumahan,
D0178,Graha,
D0178,Bangun,
D0178,akan,
D0178,melakukan,
D0178,perkelahian,
D0178,tanding,
D0178,satu,
D0178,lawan,
D0178,satu,
D0178,di,
D0178,Jalan,
D0178,Taman,
D0178,Karya,
D0178,Setelah,
D0178,berkumpul,
D0178,mereka,
D0178,berkelahi,
D0178,satu,
D0178,lawan,
D0178,satu,
D0178,kata,
D0178,Berry,
D0178,Selasa,
D0178,652025,
D0178,Selanjutnya,
D0178,temanteman,
D0178,korban,
D0178,yang,
D0178,berjumlah,
D0178,sekitar,
D0178,30,
D0178,orang,
D0178,membentuk,
D0178,lingkaran,
D0178,Mereka,
D0178,saling,
D0178,bersorak,
D0178,seraya,
D0178,memberi,
D0178,dukungan,
D0178,hingga,
D0178,menimbulkan,
D0178,suara,
D0178,ribut,
D0178,Tak,
D0178,lama,
D0178,terdengar,
D0178,suara,
D0178,ledakan,
D0178,sebanyak,
D0178,1,
D0178,kali,
D0178,Seketika,
D0178,itu,
D0178,korban,
D0178,Muhammad,
D0178,Ihsan,
D0178,langsung,
D0178,terjatuh,
D0178,ke,
D0178,tanah,
D0178,dengan,
D0178,kondisi,
D0178,terlengkup,
D0178,Temanteman,
D0178,korban,
D0178,langsung,
D0178,berlarian,
D0178,menyelamatkan,
D0178,diri,
D0178,Namun,
D0178,beberapa,
D0178,saksi,
D0178,lain,
D0178,melihat,
D0178,seorang,
D0178,lakilaki,
D0178,merupakan,
D0178,pemilik,
D0178,rumah,
D0178,yang,
D0178,tidak,
D0178,jauh,
D0178,dari,
D0178,tempat,
D0178,terjadinya,
D0178,penembakan,
D0178,mengarahkan,
D0178,laras,
D0178,senjatanya,
D0178,ke,
D0178,titik,
D0178,kumpul,
D0178,Pelaku,
D0178,bilang,
D0178,mati,
D0178,kalian,
D0178,dan,
D0178,kemudian,
D0178,pelaku,
D0178,keluar,
D0178,rumah,
D0178,dengan,
D0178,menenteng,
D0178,senjata,
D0178,senapan,
D0178,anginnya,
D0178,Pelaku,
D0178,datangi,
D0178,korban,
D0178,yang,
D0178,sudah,
D0178,terkapar,
D0178,kata,
D0178,Berry,
D0178,Pelaku,
D0178,yang,
D0178,belakangan,
D0178,diketahui,
D0178,adalah,
D0178,Hendra,
D0178,Wirman,
D0178,lalu,
D0178,menolong,
D0178,korban,
D0178,Korban,
D0178,diangkut,
D0178,menuju,
D0178,rumah,
D0178,sakit,
D0178,Unri,
D0178,namun,
D0178,akhirnya,
D0178,tak,
D0178,berhasil,
D0178,diselamatkan,
D0178,Pelaku,
D0178,dan,
D0178,barang,
D0178,bukti,
D0178,sudah,
D0178,diamankan,
D0178,Korban,
D0178,meninggal,
D0178,dengan,
D0178,luka,
D0178,tembak,
D0178,di,
D0178,belakang,
D0178,kepala,
D0178,kata,
D0178,Berry,
D0179,Dua,
D0179,pria,
D0179,merusak,
D0179,dan,
D0179,mencuri,
D0179,lempengan,
D0179,kuningan,
D0179,tugu,
D0179,ayam,
D0179,Dayok,
D0179,Mirah,
D0179,yang,
D0179,merupakan,
D0179,ikon,
D0179,Kota,
D0179,Pematangsiantar,
D0179,Akibat,
D0179,ulah,
D0179,pelaku,
D0179,Pemkot,
D0179,Pematangsiantar,
D0179,mengalami,
D0179,kerugian,
D0179,hingga,
D0179,Rp,
D0179,70,
D0179,juta,
D0179,Kasi,
D0179,Humas,
D0179,Polres,
D0179,Pematangsiantar,
D0179,Iptu,
D0179,Agustina,
D0179,Triyadewi,
D0179,mengatakan,
D0179,pencurian,
D0179,itu,
D0179,terjadi,
D0179,pada,
D0179,6,
D0179,April,
D0179,2025,
D0179,dini,
D0179,hari,
D0179,tepatnya,
D0179,di,
D0179,Jalan,
D0179,Ahmad,
D0179,Yani,
D0179,Kecamatan,
D0179,Siantar,
D0179,Timur,
D0179,Adapun,
D0179,kedua,
D0179,pelaku,
D0179,yakni,
D0179,Selamat,
D0179,31,
D0179,dan,
D0179,temannya,
D0179,dan,
D0179,Monang,
D0179,Hutasohit,
D0179,Tersangka,
D0179,Selamat,
D0179,melakukan,
D0179,pencurian,
D0179,bersama,
D0179,seorang,
D0179,rekannya,
D0179,yang,
D0179,masih,
D0179,dalam,
D0179,pencarian,
D0179,kata,
D0179,Agustina,
D0179,Selasa,
D0179,652025,
D0179,SCROLL,
D0179,TO,
D0179,CONTINUE,
D0179,WITH,
D0179,CONTENT,
D0179,Agustina,
D0179,menyebut,
D0179,para,
D0179,pelaku,
D0179,mencuri,
D0179,dengan,
D0179,menaiki,
D0179,tugu,
D0179,tersebut,
D0179,Awalnya,
D0179,pelaku,
D0179,mengambil,
D0179,lempengan,
D0179,di,
D0179,bagian,
D0179,ekor,
D0179,Lalu,
D0179,keesokan,
D0179,harinya,
D0179,para,
D0179,pelaku,
D0179,datang,
D0179,kembali,
D0179,dan,
D0179,mengambil,
D0179,di,
D0179,bagian,
D0179,kakinya,
D0179,Barang,
D0179,curian,
D0179,itu,
D0179,lalu,
D0179,dijual,
D0179,para,
D0179,pelaku,
D0179,Tersangka,
D0179,menaiki,
D0179,Tugu,
D0179,Dayok,
D0179,Mirah,
D0179,dan,
D0179,melakukan,
D0179,pencongkelan,
D0179,untuk,
D0179,mencuri,
D0179,bagian,
D0179,ekor,
D0179,Dayok,
D0179,Mirah,
D0179,Kemudian,
D0179,esok,
D0179,harinya,
D0179,dengan,
D0179,cara,
D0179,yang,
D0179,sama,
D0179,tersangka,
D0179,S,
D0179,mencuri,
D0179,bagian,
D0179,kanan,
D0179,Dayok,
D0179,Mirah,
D0179,tersebut,
D0179,Kemudian,
D0179,tersangka,
D0179,mengambil,
D0179,kuningan,
D0179,bagian,
D0179,ekor,
D0179,dan,
D0179,kaki,
D0179,kanan,
D0179,Dayok,
D0179,Mirah,
D0179,tersebut,
D0179,lalu,
D0179,menjualnya,
D0179,jelasnya,
D0179,Aksi,
D0179,pencurian,
D0179,itu,
D0179,lalu,
D0179,diketahui,
D0179,pihak,
D0179,Pemkot,
D0179,Pematangsiantar,
D0179,pada,
D0179,9,
D0179,April,
D0179,2025,
D0179,Atas,
D0179,kejadian,
D0179,itu,
D0179,Pemko,
D0179,Pematangsiantar,
D0179,membuat,
D0179,laporan,
D0179,ke,
D0179,polisi,
D0179,Usai,
D0179,menerima,
D0179,laporan,
D0179,itu,
D0179,petugas,
D0179,kepolisian,
D0179,menyelidiki,
D0179,keberadaan,
D0179,pelaku,
D0179,dan,
D0179,menangkap,
D0179,salah,
D0179,seorang,
D0179,di,
D0179,antaranya,
D0179,pada,
D0179,Rabu,
D0179,234,
D0179,di,
D0179,Jalan,
D0179,Sisingamangaraja,
D0179,Kecamatan,
D0179,Siantar,
D0179,Utara,
D0179,Pelaku,
D0179,mengakui,
D0179,bahwa,
D0179,dia,
D0179,telah,
D0179,melakukan,
D0179,pencurian,
D0179,Tugu,
D0179,Dayok,
D0179,Mirah,
D0179,bersama,
D0179,temannya,
D0179,Akibat,
D0179,pengrusakan,
D0179,dan,
D0179,pencurian,
D0179,itu,
D0179,Pemko,
D0179,mengalami,
D0179,kerugian,
D0179,ditafsir,
D0179,kurang,
D0179,lebih,
D0179,Rp,
D0179,70,
D0179,juta,
D0179,pungkasnya,
D0180,Pria,
D0180,inisial,
D0180,RA,
D0180,23,
D0180,di,
D0180,Musi,
D0180,Banyuasin,
D0180,Muba,
D0180,Sumatera,
D0180,Selatan,
D0180,Sumsel,
D0180,ditangkap,
D0180,polisi,
D0180,karena,
D0180,mencabuli,
D0180,anak,
D0180,berusia,
D0180,10,
D0180,tahun,
D0180,Atas,
D0180,perbuatannya,
D0180,pelaku,
D0180,kini,
D0180,telah,
D0180,ditetapkan,
D0180,sebagai,
D0180,tersangka,
D0180,Melansir,
D0180,detikSumbagsel,
D0180,aksi,
D0180,bejat,
D0180,itu,
D0180,dilakukan,
D0180,pelaku,
D0180,di,
D0180,rumah,
D0180,korban,
D0180,di,
D0180,Kecamatan,
D0180,Babat,
D0180,Toman,
D0180,Kabupaten,
D0180,Muba,
D0180,Selasa,
D0180,2942025,
D0180,sekitar,
D0180,pukul,
D0180,1100,
D0180,WIB,
D0180,Dari,
D0180,informasi,
D0180,yang,
D0180,diterima,
D0180,peristiwa,
D0180,itu,
D0180,berawal,
D0180,saat,
D0180,pelaku,
D0180,datang,
D0180,ke,
D0180,rumah,
D0180,korban,
D0180,dengan,
D0180,alasan,
D0180,ingin,
D0180,mengecas,
D0180,handphone,
D0180,HP,
D0180,miliknya,
D0180,Tetapi,
D0180,tibatiba,
D0180,pelaku,
D0180,langsung,
D0180,memeluk,
D0180,badan,
D0180,korban,
D0180,dari,
D0180,belakang,
D0180,serta,
D0180,mencium,
D0180,bibirnya,
D0180,SCROLL,
D0180,TO,
D0180,CONTINUE,
D0180,WITH,
D0180,CONTENT,
D0180,Bukan,
D0180,itu,
D0180,saja,
D0180,pelaku,
D0180,juga,
D0180,berusaha,
D0180,melakukan,
D0180,upaya,
D0180,pemerkosaan,
D0180,terhadap,
D0180,korban,
D0180,Saat,
D0180,kejadian,
D0180,korban,
D0180,sedang,
D0180,berada,
D0180,di,
D0180,dapur,
D0180,Namun,
D0180,korban,
D0180,melakukan,
D0180,perlawanan,
D0180,RA,
D0180,berusaha,
D0180,untuk,
D0180,melakukan,
D0180,upaya,
D0180,pemerkosaan,
D0180,kemudian,
D0180,korban,
D0180,melakukan,
D0180,perlawanan,
D0180,dengan,
D0180,cara,
D0180,memukul,
D0180,menggunakan,
D0180,sapu,
D0180,kepada,
D0180,pelaku,
D0180,Korban,
D0180,menjerit,
D0180,meronta,
D0180,dan,
D0180,berlari,
D0180,keluar,
D0180,rumah,
D0180,untuk,
D0180,meminta,
D0180,tolong,
D0180,kata,
D0180,Kasat,
D0180,Reskrim,
D0180,Polres,
D0180,Muba,
D0180,AKP,
D0180,M,
D0180,Afhi,
D0180,Abrianto,
D0180,Melihat,
D0180,korban,
D0180,berlari,
D0180,keluar,
D0180,pelaku,
D0180,langsung,
D0180,melarikan,
D0180,diri,
D0180,menggunakan,
D0180,sepeda,
D0180,motor,
D0180,Korban,
D0180,langsung,
D0180,memberitahukan,
D0180,kejadian,
D0180,tersebut,
D0180,kepada,
D0180,orang,
D0180,tuanya,
D0180,Pelaku,
D0180,R,
D0180,kembali,
D0180,lagi,
D0180,ke,
D0180,rumah,
D0180,korban,
D0180,dengan,
D0180,alasan,
D0180,ingin,
D0180,mengambil,
D0180,HP,
D0180,yang,
D0180,dicas,
D0180,di,
D0180,rumah,
D0180,tersebut,
D0180,Pelaku,
D0180,langsung,
D0180,diamankan,
D0180,oleh,
D0180,saudara,
D0180,P,
D0180,dan,
D0180,J,
D0180,ujarnya,
D0180,Tak,
D0180,terima,
D0180,kejadian,
D0180,yang,
D0180,dialami,
D0180,anaknya,
D0180,orang,
D0180,tua,
D0180,korban,
D0180,lalu,
D0180,melaporkan,
D0180,pelaku,
D0180,ke,
D0180,Polsek,
D0180,Babat,
D0180,Toman,
D0180,Setelah,
D0180,dilakukan,
D0180,penyelidikan,
D0180,dan,
D0180,pemeriksaan,
D0180,para,
D0180,saksisaksi,
D0180,serta,
D0180,berdasarkan,
D0180,gelar,
D0180,perkara,
D0180,RA,
D0180,ditetapkan,
D0180,sebagai,
D0180,tersangka,
D0180,Atas,
D0180,perbuatannya,
D0180,tersangka,
D0180,dijerat,
D0180,dengan,
D0180,Pasal,
D0180,82,
D0180,ayat,
D0180,1,
D0180,Jo,
D0180,Pasal,
D0180,76,
D0180,E,
D0180,UU,
D0180,RI,
D0180,Nomor,
D0180,35,
D0180,tahun,
D0180,2014,
D0180,tentang,
D0180,perubahan,
D0180,atas,
D0180,UU,
D0180,RI,
D0180,Nomor,
D0180,23,
D0180,tahun,
D0180,2002,
D0180,tentang,
D0180,Perlindungan,
D0180,Anak,
D0181,Polres,
D0181,Pelabuhan,
D0181,Belawan,
D0181,menangkap,
D0181,7,
D0181,orang,
D0181,pelaku,
D0181,tawuran,
D0181,di,
D0181,Kelurahan,
D0181,Tanjung,
D0181,Mulia,
D0181,Kecamatan,
D0181,Medan,
D0181,Deli,
D0181,Kota,
D0181,Medan,
D0181,Ketujuhnya,
D0181,ditangkap,
D0181,usai,
D0181,remaja,
D0181,berinisial,
D0181,F,
D0181,17,
D0181,meninggal,
D0181,dunia,
D0181,saat,
D0181,tawuran,
D0181,itu,
D0181,Kapolres,
D0181,Pelabuhan,
D0181,Belawan,
D0181,AKBP,
D0181,Oloan,
D0181,Siahaan,
D0181,mengatakan,
D0181,peristiwa,
D0181,tawuran,
D0181,itu,
D0181,terjadi,
D0181,pada,
D0181,Jumat,
D0181,25,
D0181,pukul,
D0181,0200,
D0181,WIB,
D0181,Awalnya,
D0181,3,
D0181,orang,
D0181,pelaku,
D0181,ditangkap,
D0181,dan,
D0181,hasil,
D0181,pengembangan,
D0181,ditangkap,
D0181,4,
D0181,orang,
D0181,lagi,
D0181,Begitu,
D0181,mendapat,
D0181,informasi,
D0181,adanya,
D0181,tawuran,
D0181,di,
D0181,lokasi,
D0181,personel,
D0181,Polsek,
D0181,Medan,
D0181,Labuhan,
D0181,segera,
D0181,turun,
D0181,ke,
D0181,lapangan,
D0181,Dalam,
D0181,waktu,
D0181,singkat,
D0181,tiga,
D0181,pelaku,
D0181,berhasil,
D0181,diamankan,
D0181,dan,
D0181,dari,
D0181,hasil,
D0181,pengembangan,
D0181,empat,
D0181,pelaku,
D0181,lainnya,
D0181,turut,
D0181,ditangkap,
D0181,Kata,
D0181,AKBP,
D0181,Oloan,
D0181,Siahaan,
D0181,dalam,
D0181,keterangannya,
D0181,Sabtu,
D0181,352025,
D0181,SCROLL,
D0181,TO,
D0181,CONTINUE,
D0181,WITH,
D0181,CONTENT,
D0181,Ketujuh,
D0181,pelaku,
D0181,yang,
D0181,diamankan,
D0181,adalah,
D0181,KS,
D0181,17,
D0181,DF,
D0181,17,
D0181,MJA,
D0181,17,
D0181,FA,
D0181,15,
D0181,RR,
D0181,18,
D0181,MH,
D0181,20,
D0181,dan,
D0181,KH,
D0181,17,
D0181,Dari,
D0181,tangan,
D0181,mereka,
D0181,petugas,
D0181,menyita,
D0181,lima,
D0181,bilah,
D0181,senjata,
D0181,tajam,
D0181,berbagai,
D0181,bentuk,
D0181,termasuk,
D0181,parang,
D0181,sisir,
D0181,yang,
D0181,digunakan,
D0181,tersangka,
D0181,KS,
D0181,untuk,
D0181,membacok,
D0181,korban,
D0181,Kapolres,
D0181,menjelaskan,
D0181,bahwa,
D0181,tawuran,
D0181,ini,
D0181,dipicu,
D0181,oleh,
D0181,saling,
D0181,ejek,
D0181,antara,
D0181,dua,
D0181,kelompok,
D0181,remaja,
D0181,yakni,
D0181,Kelompok,
D0181,Remaja,
D0181,Independen,
D0181,KRI,
D0181,dan,
D0181,Warbuji,
D0181,Warung,
D0181,Buk,
D0181,Jija,
D0181,melalui,
D0181,media,
D0181,sosial,
D0181,yang,
D0181,kemudian,
D0181,berujung,
D0181,pada,
D0181,kesepakatan,
D0181,untuk,
D0181,melakukan,
D0181,tawuran,
D0181,Kedua,
D0181,kelompok,
D0181,ini,
D0181,berasal,
D0181,dari,
D0181,Kelurahan,
D0181,Tanjung,
D0181,Mulia,
D0181,Remaja,
D0181,tersebut,
D0181,dibacok,
D0181,menggunakan,
D0181,parang,
D0181,sisir,
D0181,di,
D0181,bagian,
D0181,kepala,
D0181,Remaja,
D0181,tersebut,
D0181,kemudian,
D0181,langsung,
D0181,tidak,
D0181,sadarkan,
D0181,diri,
D0181,Kedua,
D0181,kelompok,
D0181,berasal,
D0181,dari,
D0181,Kelurahan,
D0181,Tanjung,
D0181,Mulia,
D0181,Saat,
D0181,sebagian,
D0181,kelompok,
D0181,Warbuji,
D0181,hendak,
D0181,menuju,
D0181,lokasi,
D0181,menggunakan,
D0181,dua,
D0181,sepeda,
D0181,motor,
D0181,mereka,
D0181,bertemu,
D0181,kelompok,
D0181,KRI,
D0181,Tanpa,
D0181,banyak,
D0181,bicara,
D0181,kelompok,
D0181,KRI,
D0181,langsung,
D0181,menyerang,
D0181,Korban,
D0181,dibacok,
D0181,oleh,
D0181,KS,
D0181,menggunakan,
D0181,parang,
D0181,sisir,
D0181,mengenai,
D0181,bagian,
D0181,kepala,
D0181,Korban,
D0181,jatuh,
D0181,dan,
D0181,tidak,
D0181,sadarkan,
D0181,diri,
D0181,sedangkan,
D0181,temantemannya,
D0181,melarikan,
D0181,diri,
D0181,karena,
D0181,kalah,
D0181,jumlah,
D0181,ucapnya,
D0181,Oloan,
D0181,juga,
D0181,mengultimatum,
D0181,agar,
D0181,3,
D0181,pelaku,
D0181,yang,
D0181,masuk,
D0181,dalam,
D0181,daftar,
D0181,pencarian,
D0181,orang,
D0181,DPO,
D0181,untuk,
D0181,menyerahkan,
D0181,diri,
D0181,Ketiganya,
D0181,adalah,
D0181,D,
D0181,E,
D0181,dan,
D0181,M,
D0181,yang,
D0181,merupakan,
D0181,otak,
D0181,di,
D0181,balik,
D0181,aksi,
D0181,tersebut,
D0181,Kami,
D0181,beri,
D0181,waktu,
D0181,dua,
D0181,kali,
D0181,24,
D0181,jam,
D0181,kepada,
D0181,para,
D0181,DPO,
D0181,untuk,
D0181,menyerahkan,
D0181,diri,
D0181,Bila,
D0181,tidak,
D0181,kami,
D0181,akan,
D0181,lakukan,
D0181,penangkapan,
D0181,dalam,
D0181,kondisi,
D0181,apa,
D0181,pun,
D0181,Polres,
D0181,Pelabuhan,
D0181,Belawan,
D0181,akan,
D0181,terus,
D0181,memburu,
D0181,pelaku,
D0181,baik,
D0181,dari,
D0181,kelompok,
D0181,KRI,
D0181,maupun,
D0181,Warbuji,
D0181,Tidak,
D0181,ada,
D0181,ruang,
D0181,untuk,
D0181,tawuran,
D0181,di,
D0181,wilayah,
D0181,kami,
D0181,ujarnya,
D0181,Atas,
D0181,perbuatannya,
D0181,para,
D0181,tersangka,
D0181,dijerat,
D0181,dengan,
D0181,Pasal,
D0181,354,
D0181,ayat,
D0181,2,
D0181,subsider,
D0181,353,
D0181,ayat,
D0181,3,
D0181,Jo,
D0181,Pasal,
D0181,110,
D0181,KUHP,
D0181,dengan,
D0181,ancaman,
D0181,pidana,
D0181,penjara,
D0181,maksimal,
D0181,10,
D0181,tahun,
D0181,Saat,
D0181,ini,
D0181,ketujuh,
D0181,pelaku,
D0181,masih,
D0181,menjalani,
D0181,proses,
D0181,penyidikan,
D0181,lebih,
D0181,lanjut,
D0181,di,
D0181,Polsek,
D0181,Medan,
D0181,Labuhan,
D0182,Ermynoldus,
D0182,Adam,
D0182,Senlau,
D0182,alias,
D0182,Gomez,
D0182,31,
D0182,pemalak,
D0182,sejumlah,
D0182,pemilik,
D0182,toko,
D0182,kelontong,
D0182,dan,
D0182,usaha,
D0182,gorengan,
D0182,di,
D0182,Kelurahan,
D0182,Oesapa,
D0182,Kecamatan,
D0182,Kelapa,
D0182,lima,
D0182,Kota,
D0182,Kupang,
D0182,Nusa,
D0182,Tenggara,
D0182,Timur,
D0182,NTT,
D0182,ditangkap,
D0182,polisi,
D0182,Sabtu,
D0182,352025,
D0182,Gomez,
D0182,merupakan,
D0182,residivis,
D0182,kasus,
D0182,pembunuhan,
D0182,Kami,
D0182,sampaikan,
D0182,bahwa,
D0182,Gomez,
D0182,pelaku,
D0182,pemerasan,
D0182,dan,
D0182,pemalakan,
D0182,yang,
D0182,lagi,
D0182,viral,
D0182,di,
D0182,media,
D0182,sosial,
D0182,sudah,
D0182,kami,
D0182,tangkap,
D0182,tadi,
D0182,pagi,
D0182,di,
D0182,lokasi,
D0182,Car,
D0182,Free,
D0182,Day,
D0182,CFD,
D0182,Jalan,
D0182,El,
D0182,Tari,
D0182,Kota,
D0182,Kupang,
D0182,ujar,
D0182,Kapolresta,
D0182,Kupang,
D0182,Kota,
D0182,Kombes,
D0182,Aldinan,
D0182,Manurung,
D0182,kepada,
D0182,detikBali,
D0182,Sabtu,
D0182,Aldinan,
D0182,mengatakan,
D0182,pria,
D0182,asal,
D0182,Kabupaten,
D0182,Alor,
D0182,yang,
D0182,tinggal,
D0182,menetap,
D0182,di,
D0182,Asrama,
D0182,Pemda,
D0182,Alor,
D0182,Kelurahan,
D0182,Lasiana,
D0182,Kecamatan,
D0182,Kelapa,
D0182,Lima,
D0182,itu,
D0182,ditangkap,
D0182,atas,
D0182,laporan,
D0182,dari,
D0182,salah,
D0182,satu,
D0182,korban,
D0182,pemerasan,
D0182,MSAP,
D0182,SCROLL,
D0182,TO,
D0182,CONTINUE,
D0182,WITH,
D0182,CONTENT,
D0182,Dia,
D0182,melaporkan,
D0182,pemerasan,
D0182,yang,
D0182,dialaminya,
D0182,pada,
D0182,Rabu,
D0182,3042024,
D0182,sekitar,
D0182,pukul,
D0182,2100,
D0182,Wita,
D0182,Saat,
D0182,itu,
D0182,Gomez,
D0182,memalak,
D0182,MSAP,
D0182,yang,
D0182,sedang,
D0182,menjual,
D0182,aneka,
D0182,gorengan,
D0182,di,
D0182,Jalan,
D0182,Siliwangi,
D0182,Kelurahan,
D0182,Oesapa,
D0182,Menurut,
D0182,Aldinan,
D0182,saat,
D0182,kejadian,
D0182,MSAP,
D0182,bersama,
D0182,anak,
D0182,buahnya,
D0182,NT,
D0182,tengah,
D0182,menjaga,
D0182,jualannya,
D0182,itu,
D0182,Tak,
D0182,lama,
D0182,kemudian,
D0182,Gomez,
D0182,datang,
D0182,tanpa,
D0182,mengenakan,
D0182,baju,
D0182,dan,
D0182,langsung,
D0182,meminta,
D0182,MSAP,
D0182,dengan,
D0182,nada,
D0182,tinggi,
D0182,agar,
D0182,segera,
D0182,dibungkuskan,
D0182,gorengan,
D0182,Jadi,
D0182,saat,
D0182,itu,
D0182,korban,
D0182,merasa,
D0182,panik,
D0182,sehingga,
D0182,saksi,
D0182,NT,
D0182,bertanya,
D0182,kepada,
D0182,si,
D0182,Gomez,
D0182,itu,
D0182,bahwa,
D0182,mau,
D0182,bungkus,
D0182,berapa,
D0182,buah,
D0182,tetapi,
D0182,Gomez,
D0182,menjawab,
D0182,terserah,
D0182,kau,
D0182,mau,
D0182,bungkus,
D0182,berapa,
D0182,saja,
D0182,tutur,
D0182,Aldinan,
D0182,Setelah,
D0182,itu,
D0182,NT,
D0182,langsung,
D0182,membungkus,
D0182,sejumlah,
D0182,aneka,
D0182,gorengan,
D0182,Namun,
D0182,Gomez,
D0182,meminta,
D0182,agar,
D0182,ditambah,
D0182,lagi,
D0182,dengan,
D0182,nada,
D0182,ancaman,
D0182,Selanjutnya,
D0182,Gomez,
D0182,mendatangi,
D0182,sebuah,
D0182,warung,
D0182,nasi,
D0182,geprek,
D0182,milik,
D0182,warga,
D0182,lainnya,
D0182,MK,
D0182,yang,
D0182,tak,
D0182,jauh,
D0182,dari,
D0182,lokasi,
D0182,pemalakan,
D0182,awal,
D0182,Di,
D0182,sana,
D0182,Gomez,
D0182,meminta,
D0182,dua,
D0182,bungkus,
D0182,nasi,
D0182,ayam,
D0182,geprek,
D0182,kepada,
D0182,MK,
D0182,Setelah,
D0182,itu,
D0182,Gomez,
D0182,langsung,
D0182,kabur,
D0182,tanpa,
D0182,membayar,
D0182,Menurut,
D0182,keterangan,
D0182,MK,
D0182,Gomez,
D0182,sudah,
D0182,biasa,
D0182,datang,
D0182,ambil,
D0182,nasi,
D0182,ayam,
D0182,geprek,
D0182,tanpa,
D0182,membayar,
D0182,dan,
D0182,kalau,
D0182,tidak,
D0182,dikasih,
D0182,maka,
D0182,dia,
D0182,akan,
D0182,mendobrak,
D0182,gerobak,
D0182,jualannya,
D0182,terang,
D0182,Aldinan,
D0182,Selain,
D0182,gorengan,
D0182,dan,
D0182,ayam,
D0182,geprek,
D0182,Gomez,
D0182,juga,
D0182,mengambil,
D0182,sejumlah,
D0182,bungkus,
D0182,rokok,
D0182,di,
D0182,toko,
D0182,kelontong,
D0182,milik,
D0182,dua,
D0182,warga,
D0182,yakni,
D0182,Z,
D0182,dan,
D0182,MSM,
D0182,tanpa,
D0182,dibayar,
D0182,Atas,
D0182,kejadian,
D0182,itu,
D0182,MSAP,
D0182,langsung,
D0182,membuat,
D0182,laporan,
D0182,ke,
D0182,Polresta,
D0182,Kupang,
D0182,Kota,
D0182,untuk,
D0182,diproses,
D0182,hukum,
D0182,Saat,
D0182,ini,
D0182,kami,
D0182,sudah,
D0182,memeriksa,
D0182,tiga,
D0182,orang,
D0182,saksi,
D0182,dan,
D0182,empat,
D0182,korban,
D0182,untuk,
D0182,melengkapi,
D0182,berkas,
D0182,penetapan,
D0182,tersangka,
D0182,secepatnya,
D0182,beber,
D0182,Aldinan,
D0182,Aldinan,
D0182,menambahkan,
D0182,warga,
D0182,di,
D0182,sekitar,
D0182,Kelurahan,
D0182,Lasiana,
D0182,dan,
D0182,Oesapa,
D0182,sering,
D0182,diresahkan,
D0182,dan,
D0182,diancam,
D0182,oleh,
D0182,kelakuan,
D0182,Gomez,
D0182,Diketahui,
D0182,Gomez,
D0182,merupakan,
D0182,residivis,
D0182,pembunuhan,
D0182,terhadap,
D0182,Xaverianus,
D0182,Lawan,
D0182,Geroda,
D0182,alias,
D0182,Heri,
D0182,Lamawuran,
D0182,pada,
D0182,Jumat,
D0182,7102016,
D0182,dini,
D0182,hari,
D0182,Saat,
D0182,itu,
D0182,Heri,
D0182,yang,
D0182,merupakan,
D0182,mahasiswa,
D0182,asal,
D0182,Adonara,
D0182,Flores,
D0182,Timur,
D0182,itu,
D0182,sedang,
D0182,mengikuti,
D0182,pesta,
D0182,wisuda,
D0182,saudaranya,
D0182,di,
D0182,Kelurahan,
D0182,Lasiana,
D0182,Kecamatan,
D0182,Kelapa,
D0182,Lima,
D0182,Setelah,
D0182,jadi,
D0182,buronan,
D0182,selama,
D0182,satu,
D0182,tahun,
D0182,lebih,
D0182,polisi,
D0182,akhirnya,
D0182,berhasil,
D0182,menangkap,
D0182,Gomez,
D0182,di,
D0182,Kota,
D0182,Tangerang,
D0182,Banten,
D0182,pada,
D0182,Februari,
D0182,2018,
D0182,Namun,
D0182,dia,
D0182,hanya,
D0182,dihukum,
D0182,beberapa,
D0182,tahun,
D0183,Sindikat,
D0183,pemalsuan,
D0183,dokumen,
D0183,dari,
D0183,KTP,
D0183,hingga,
D0183,buku,
D0183,nikah,
D0183,di,
D0183,Bengkalis,
D0183,dibongkar,
D0183,Polda,
D0183,Riau,
D0183,Berikut,
D0183,faktafakta,
D0183,kasus,
D0183,tersebut,
D0183,Dalam,
D0183,kasus,
D0183,ini,
D0183,empat,
D0183,orang,
D0183,ditangkap,
D0183,dan,
D0183,ditetapkan,
D0183,sebagai,
D0183,tersangka,
D0183,Penangkapan,
D0183,dilakukan,
D0183,2324,
D0183,April,
D0183,2025,
D0183,usai,
D0183,tim,
D0183,siber,
D0183,menemukan,
D0183,akun,
D0183,media,
D0183,sosial,
D0183,Facebook,
D0183,dan,
D0183,Instagram,
D0183,milik,
D0183,RWY,
D0183,yang,
D0183,menawarkan,
D0183,jasa,
D0183,pengurusan,
D0183,dokumen,
D0183,resmi,
D0183,RWY,
D0183,menawarkan,
D0183,jasa,
D0183,pembuatan,
D0183,dokumen,
D0183,KTP,
D0183,akta,
D0183,kelahiran,
D0183,kartu,
D0183,keluarga,
D0183,hingga,
D0183,buku,
D0183,nikah,
D0183,Ia,
D0183,menawarkan,
D0183,jasa,
D0183,tersebut,
D0183,lewat,
D0183,biro,
D0183,Sultan,
D0183,Biro,
D0183,Jasa,
D0183,dengan,
D0183,mencantumkan,
D0183,nomor,
D0183,telepon,
D0183,SCROLL,
D0183,TO,
D0183,CONTINUE,
D0183,WITH,
D0183,CONTENT,
D0183,Pelaku,
D0183,memalsukan,
D0183,identitas,
D0183,warga,
D0183,dengan,
D0183,imbalan,
D0183,uang,
D0183,dan,
D0183,dokumen,
D0183,yang,
D0183,mereka,
D0183,hasilkan,
D0183,bisa,
D0183,disalahgunakan,
D0183,untuk,
D0183,berbagai,
D0183,tindak,
D0183,pidana,
D0183,lain,
D0183,kata,
D0183,Direktur,
D0183,Reskrimsus,
D0183,Polda,
D0183,Riau,
D0183,Kombes,
D0183,Ade,
D0183,Kuncoro,
D0183,di,
D0183,Mapolda,
D0183,Rabu,
D0183,3042025,
D0183,RWY,
D0183,merupakan,
D0183,pelaku,
D0183,utama,
D0183,yakni,
D0183,pemilik,
D0183,akun,
D0183,Sultan,
D0183,Biro,
D0183,Jasa,
D0183,Ia,
D0183,ditangkap,
D0183,Rabu,
D0183,23,
D0183,April,
D0183,lalu,
D0183,pukul,
D0183,1500,
D0183,WIB,
D0183,di,
D0183,Jalan,
D0183,Lintas,
D0183,PekanbaruKuantan,
D0183,Singingi,
D0183,RWY,
D0183,juga,
D0183,mempunyai,
D0183,2,
D0183,KTP,
D0183,dengan,
D0183,NIK,
D0183,berbeda,
D0183,dan,
D0183,tidak,
D0183,memiliki,
D0183,izin,
D0183,untuk,
D0183,menjalankan,
D0183,jasa,
D0183,tersebut,
D0183,Hasil,
D0183,pemeriksaan,
D0183,penyidik,
D0183,diketahui,
D0183,RWY,
D0183,menerima,
D0183,pesanan,
D0183,pembuatan,
D0183,2,
D0183,KTP,
D0183,atas,
D0183,nama,
D0183,Ramadhani,
D0183,dan,
D0183,Ernawaty,
D0183,Ada,
D0183,buku,
D0183,nikah,
D0183,atas,
D0183,nama,
D0183,yang,
D0183,sama,
D0183,juga,
D0183,katanya,
D0183,Polisi,
D0183,menyita,
D0183,uang,
D0183,Rp,
D0183,5,
D0183,juta,
D0183,yang,
D0183,ditransfer,
D0183,korban,
D0183,untuk,
D0183,membuat,
D0183,KTP,
D0183,di,
D0183,biro,
D0183,jasa,
D0183,RWY,
D0183,Sementara,
D0183,untuk,
D0183,pembuatan,
D0183,buku,
D0183,nikah,
D0183,sudah,
D0183,dicetak,
D0183,oleh,
D0183,RWY,
D0183,namun,
D0183,pemesan,
D0183,belum,
D0183,membayarnya,
D0183,Sejumlah,
D0183,barang,
D0183,bukti,
D0183,lain,
D0183,juga,
D0183,diamankan,
D0183,yakni,
D0183,dua,
D0183,unit,
D0183,ponsel,
D0183,satu,
D0183,komputer,
D0183,buku,
D0183,tabungan,
D0183,dan,
D0183,empat,
D0183,identitas,
D0183,diri,
D0183,miliknya,
D0183,yang,
D0183,diduga,
D0183,palsu,
D0183,Dalam,
D0183,pengembangan,
D0183,kasus,
D0183,itu,
D0183,polisi,
D0183,juga,
D0183,menangkap,
D0183,tiga,
D0183,tersangka,
D0183,lainnya,
D0183,yakni,
D0183,FHS,
D0183,RWT,
D0183,dan,
D0183,SHP,
D0183,FHS,
D0183,ditangkap,
D0183,di,
D0183,Marpoyan,
D0183,Damai,
D0183,ia,
D0183,bertugas,
D0183,mencetak,
D0183,fisik,
D0183,KTP,
D0183,menggunakan,
D0183,blanko,
D0183,asli,
D0183,yang,
D0183,diperoleh,
D0183,dari,
D0183,SHP,
D0183,FHS,
D0183,membayar,
D0183,SHP,
D0183,sebesar,
D0183,Rp,
D0183,400000,
D0183,untuk,
D0183,menerbitkan,
D0183,NIK,
D0183,termasuk,
D0183,surat,
D0183,keterangan,
D0183,pindah,
D0183,warga,
D0183,negara,
D0183,Indonesia,
D0183,SKPWNI,
D0183,RWT,
D0183,bertanggung,
D0183,jawab,
D0183,atas,
D0183,pembuatan,
D0183,buku,
D0183,nikah,
D0183,palsu,
D0183,Ia,
D0183,memesan,
D0183,buku,
D0183,nikah,
D0183,kosong,
D0183,dari,
D0183,Bekasi,
D0183,kemudian,
D0183,mencetak,
D0183,data,
D0183,pasangan,
D0183,Ramadhani,
D0183,dan,
D0183,Ernawaty,
D0183,di,
D0183,dalamnya,
D0183,RWT,
D0183,menerima,
D0183,upah,
D0183,sebesar,
D0183,Rp,
D0183,600000,
D0183,per,
D0183,buku,
D0183,nikah,
D0183,katanya,
D0183,SHP,
D0183,merupakan,
D0183,honorer,
D0183,aktif,
D0183,di,
D0183,Disdukcapil,
D0183,Kecamatan,
D0183,Pinggir,
D0183,yang,
D0183,kemudian,
D0183,ditangkap,
D0183,Kamis,
D0183,244,
D0183,di,
D0183,kantornya,
D0183,saat,
D0183,berdinas,
D0183,Ia,
D0183,diduga,
D0183,menerbitkan,
D0183,NIK,
D0183,dan,
D0183,satu,
D0183,SKP,
D0183,Palsu,
D0183,Dari,
D0183,tangan,
D0183,SHP,
D0183,tim,
D0183,menyita,
D0183,komputer,
D0183,printer,
D0183,ponsel,
D0183,dan,
D0183,sejumlah,
D0183,dokumen,
D0183,penting,
D0183,lainnya,
D0183,Ada,
D0183,KTP,
D0183,dan,
D0183,KK,
D0183,atas,
D0183,nama,
D0183,Ramadhani,
D0183,dan,
D0183,Ernawaty,
D0183,kata,
D0183,Ade,
D0183,Ade,
D0183,mengaku,
D0183,sangat,
D0183,menyayangkan,
D0183,aksi,
D0183,para,
D0183,pelaku,
D0183,Apalagi,
D0183,sampai,
D0183,melibatkan,
D0183,pegawai,
D0183,honorer,
D0183,yang,
D0183,mencari,
D0183,celah,
D0183,demi,
D0183,mendapatkan,
D0183,keuntungan,
D0183,Atas,
D0183,perbuatannya,
D0183,para,
D0183,tersangka,
D0183,dijerat,
D0183,Pasal,
D0183,51,
D0183,ayat,
D0183,1,
D0183,juncto,
D0183,Pasal,
D0183,35,
D0183,UndangUndang,
D0183,Nomor,
D0183,11,
D0183,Tahun,
D0183,2008,
D0183,tentang,
D0183,Informasi,
D0183,dan,
D0183,Transaksi,
D0183,Elektronik,
D0183,ITE,
D0183,Ada,
D0183,pula,
D0183,Pasal,
D0183,67,
D0183,ayat,
D0183,1,
D0183,juncto,
D0183,Pasal,
D0183,65,
D0183,ayat,
D0183,1,
D0183,UU,
D0183,Nomor,
D0183,27,
D0183,Tahun,
D0183,2022,
D0183,tentang,
D0183,Perlindungan,
D0183,Data,
D0183,Pribadi,
D0183,dan,
D0183,Pasal,
D0183,266,
D0183,jo,
D0183,Pasal,
D0183,55,
D0183,dan,
D0183,56,
D0183,KUHP,
D0183,tentang,
D0183,pemalsuan,
D0183,keterangan,
D0183,dalam,
D0183,akta,
D0183,otentik,
D0184,Satresnarkoba,
D0184,Polrestabes,
D0184,Medan,
D0184,menangkap,
D0184,bandar,
D0184,besar,
D0184,narkoba,
D0184,inisial,
D0184,MJ,
D0184,30,
D0184,saat,
D0184,penggerebekan,
D0184,di,
D0184,Kabupaten,
D0184,Deli,
D0184,Serdang,
D0184,Sumatera,
D0184,Utara,
D0184,Sumut,
D0184,Saat,
D0184,proses,
D0184,penangkapan,
D0184,itu,
D0184,polisi,
D0184,sempat,
D0184,dihalanghalangi,
D0184,dan,
D0184,dilempari,
D0184,batu,
D0184,Kasat,
D0184,Narkoba,
D0184,Polrestabes,
D0184,Medan,
D0184,AKBP,
D0184,Thommy,
D0184,Aruan,
D0184,mengatakan,
D0184,penggerebekan,
D0184,dilakukan,
D0184,tepatnya,
D0184,di,
D0184,Jalan,
D0184,M,
D0184,Yusuf,
D0184,Jintan,
D0184,Kecamatan,
D0184,Percut,
D0184,Sei,
D0184,Tuan,
D0184,kemarin,
D0184,sore,
D0184,Saat,
D0184,penggerebekan,
D0184,itu,
D0184,petugas,
D0184,sempat,
D0184,dihalanghalangi,
D0184,pihak,
D0184,keluarga,
D0184,saat,
D0184,akan,
D0184,mendobrak,
D0184,rumah,
D0184,diduga,
D0184,tempat,
D0184,pelaku,
D0184,Dihalanghalangi,
D0184,karena,
D0184,nggak,
D0184,mau,
D0184,rumahnya,
D0184,digeledah,
D0184,pihak,
D0184,keluarga,
D0184,Kita,
D0184,kasih,
D0184,komunikasi,
D0184,persuasif,
D0184,saja,
D0184,pada,
D0184,akhirnya,
D0184,yang,
D0184,bersangkutan,
D0184,akhirnya,
D0184,memperbolehkan,
D0184,Dari,
D0184,penyelidikan,
D0184,yang,
D0184,kita,
D0184,lakukan,
D0184,dia,
D0184,MJ,
D0184,termasuk,
D0184,bandar,
D0184,besar,
D0184,juga,
D0184,di,
D0184,lokasi,
D0184,itu,
D0184,kata,
D0184,Thommy,
D0184,saat,
D0184,dikonfirmasi,
D0184,detikSumut,
D0184,Rabu,
D0184,304,
D0184,SCROLL,
D0184,TO,
D0184,CONTINUE,
D0184,WITH,
D0184,CONTENT,
D0184,Thommy,
D0184,menyebut,
D0184,selain,
D0184,dihalanghalangi,
D0184,petugas,
D0184,juga,
D0184,sempat,
D0184,dilempari,
D0184,batu,
D0184,oleh,
D0184,orang,
D0184,tak,
D0184,kenal,
D0184,OTK,
D0184,Pihaknya,
D0184,tidak,
D0184,mengetahui,
D0184,pasti,
D0184,siapa,
D0184,yang,
D0184,melempari,
D0184,itu,
D0184,karena,
D0184,sudah,
D0184,malam,
D0184,Beruntung,
D0184,tidak,
D0184,ada,
D0184,petugas,
D0184,yang,
D0184,mengalami,
D0184,lukaluka,
D0184,akibat,
D0184,pelemparan,
D0184,itu,
D0184,Yang,
D0184,melempar,
D0184,itu,
D0184,OTK,
D0184,karena,
D0184,dari,
D0184,kegelapan,
D0184,gitu,
D0184,kita,
D0184,nggak,
D0184,sempat,
D0184,tahu,
D0184,siapa,
D0184,itu,
D0184,pelakunya,
D0184,jelasnya,
D0184,Ia,
D0184,menyebut,
D0184,Mj,
D0184,diamankan,
D0184,dari,
D0184,ruang,
D0184,karaoke,
D0184,di,
D0184,lantai,
D0184,dua,
D0184,rumah,
D0184,tersebut,
D0184,Saat,
D0184,penggerebekan,
D0184,itu,
D0184,MJ,
D0184,tidak,
D0184,mengetahui,
D0184,soal,
D0184,kedatangan,
D0184,petugas,
D0184,kepolisian,
D0184,sehingga,
D0184,dapat,
D0184,segera,
D0184,diamankan,
D0184,Thommy,
D0184,menyebut,
D0184,penangkapan,
D0184,MJ,
D0184,itu,
D0184,merupakan,
D0184,pengembangan,
D0184,dari,
D0184,kasus,
D0184,sebelumnya,
D0184,Saat,
D0184,ini,
D0184,pihaknya,
D0184,masih,
D0184,mendalami,
D0184,lebih,
D0184,lanjut,
D0184,soal,
D0184,jaringan,
D0184,narkoba,
D0184,tersebut,
D0184,Ini,
D0184,merupakan,
D0184,hasil,
D0184,pengembangan,
D0184,dari,
D0184,pengungkapan,
D0184,yang,
D0184,sebelumnya,
D0184,kami,
D0184,lakukan,
D0184,ungkapnya,
D0184,Selain,
D0184,menangkap,
D0184,MJ,
D0184,petugas,
D0184,kepolisian,
D0184,juga,
D0184,mengamankan,
D0184,sabusabu,
D0184,sekitar,
D0184,380,
D0184,gram,
D0184,Barang,
D0184,haram,
D0184,itu,
D0184,disimpan,
D0184,pelaku,
D0184,di,
D0184,dispenser,
D0184,Thommu,
D0184,menyebut,
D0184,ada,
D0184,sekitar,
D0184,tiga,
D0184,rumah,
D0184,yang,
D0184,diduga,
D0184,berkaitan,
D0184,dengan,
D0184,MJ,
D0184,yang,
D0184,turut,
D0184,digeledah,
D0184,Kalau,
D0184,yang,
D0184,lokasi,
D0184,kemarin,
D0184,itu,
D0184,sekitar,
D0184,380,
D0184,gram,
D0184,sabu,
D0184,iya,
D0184,betul,
D0184,di,
D0184,dispenser,
D0184,disembunyikan,
D0184,pungkasnya,
D0185,Bocah,
D0185,perempuan,
D0185,berusia,
D0185,10,
D0185,tahun,
D0185,di,
D0185,Kabupaten,
D0185,Nias,
D0185,Utara,
D0185,Sumatera,
D0185,Utara,
D0185,Sumut,
D0185,disetubuhi,
D0185,tetangganya,
D0185,yang,
D0185,merupakan,
D0185,seorang,
D0185,guru,
D0185,honorer,
D0185,berinisial,
D0185,AZ,
D0185,38,
D0185,Perbuatan,
D0185,pelaku,
D0185,itu,
D0185,terungkap,
D0185,dari,
D0185,chat,
D0185,tak,
D0185,senonoh,
D0185,yang,
D0185,dikirim,
D0185,ke,
D0185,korban,
D0185,Kasi,
D0185,Humas,
D0185,Polres,
D0185,Nias,
D0185,Aipda,
D0185,M,
D0185,Motivasi,
D0185,Gea,
D0185,mengatakan,
D0185,kasus,
D0185,itu,
D0185,terungkap,
D0185,pada,
D0185,19,
D0185,Februari,
D0185,2025,
D0185,Saat,
D0185,itu,
D0185,keluarga,
D0185,korban,
D0185,menanyakan,
D0185,ke,
D0185,korban,
D0185,terkait,
D0185,isi,
D0185,percakapannya,
D0185,dengan,
D0185,pelaku,
D0185,Saat,
D0185,itu,
D0185,saksi,
D0185,bertanya,
D0185,kepada,
D0185,korban,
D0185,tentang,
D0185,perbuatan,
D0185,terlapor,
D0185,karena,
D0185,keluarga,
D0185,menemukan,
D0185,chat,
D0185,dari,
D0185,terlapor,
D0185,yang,
D0185,tak,
D0185,senonoh,
D0185,kepada,
D0185,korban,
D0185,kata,
D0185,Motivasi,
D0185,Rabu,
D0185,3042025,
D0185,SCROLL,
D0185,TO,
D0185,CONTINUE,
D0185,WITH,
D0185,CONTENT,
D0185,Usai,
D0185,diinterogasi,
D0185,korban,
D0185,pun,
D0185,mengaku,
D0185,bahwa,
D0185,dirinya,
D0185,telah,
D0185,disetubuhi,
D0185,oleh,
D0185,pelaku,
D0185,salah,
D0185,satunya,
D0185,pada,
D0185,21,
D0185,Juli,
D0185,2024,
D0185,sekira,
D0185,pukul,
D0185,1000,
D0185,WIB,
D0185,Motivasi,
D0185,menyebut,
D0185,perbuatan,
D0185,itu,
D0185,sudah,
D0185,berulang,
D0185,kali,
D0185,dilakukan,
D0185,pelaku,
D0185,dengan,
D0185,modus,
D0185,mengajak,
D0185,korban,
D0185,ke,
D0185,rumahnya,
D0185,Ada,
D0185,beberapa,
D0185,kali,
D0185,diajak,
D0185,ke,
D0185,rumahnya,
D0185,pelaku,
D0185,saat,
D0185,itu,
D0185,tidak,
D0185,ada,
D0185,orang,
D0185,di,
D0185,rumah,
D0185,di,
D0185,situ,
D0185,diajak,
D0185,Rumah,
D0185,korban,
D0185,dengan,
D0185,pelaku,
D0185,bertetangga,
D0185,Pelaku,
D0185,guru,
D0185,honorer,
D0185,di,
D0185,salah,
D0185,satu,
D0185,SMK,
D0185,di,
D0185,wilkum,
D0185,wilayah,
D0185,hukum,
D0185,Polres,
D0185,Nias,
D0185,jelasnya,
D0185,Perbuatan,
D0185,pelaku,
D0185,itu,
D0185,lalu,
D0185,diberitahu,
D0185,kepada,
D0185,ibu,
D0185,korban,
D0185,Lalu,
D0185,pada,
D0185,20,
D0185,Februari,
D0185,2025,
D0185,ibu,
D0185,korban,
D0185,membuat,
D0185,laporan,
D0185,ke,
D0185,Polres,
D0185,Nias,
D0185,Pihak,
D0185,kepolisian,
D0185,pun,
D0185,melakukan,
D0185,serangkaian,
D0185,penyelidikan,
D0185,dan,
D0185,menetapkan,
D0185,pelaku,
D0185,sebagai,
D0185,tersangka,
D0185,per,
D0185,tanggal,
D0185,3,
D0185,April,
D0185,2025,
D0185,Namun,
D0185,Motivasi,
D0185,menyebut,
D0185,AZ,
D0185,tidak,
D0185,ditahan,
D0185,karena,
D0185,pertimbangan,
D0185,sejumlah,
D0185,hal,
D0185,salah,
D0185,satunya,
D0185,karena,
D0185,adanya,
D0185,jaminan,
D0185,dari,
D0185,istri,
D0185,pelaku,
D0185,Saat,
D0185,ini,
D0185,pihak,
D0185,kepolisian,
D0185,masih,
D0185,terus,
D0185,mendalami,
D0185,peristiwa,
D0185,tersebut,
D0185,Adanya,
D0185,permohonan,
D0185,dan,
D0185,jaminan,
D0185,dari,
D0185,istri,
D0185,tersangka,
D0185,untuk,
D0185,melaksanakan,
D0185,wajib,
D0185,lapor,
D0185,selama,
D0185,proses,
D0185,penyidikan,
D0185,pungkasnya,
D0186,Empat,
D0186,remaja,
D0186,melakukan,
D0186,aksi,
D0186,brutal,
D0186,merampok,
D0186,tiga,
D0186,korban,
D0186,berbekal,
D0186,pistol,
D0186,airgun,
D0186,Mereka,
D0186,adalah,
D0186,RWXT,
D0186,16,
D0186,DCY,
D0186,17,
D0186,SAP,
D0186,17,
D0186,dan,
D0186,KKI,
D0186,17,
D0186,Keempatnya,
D0186,akhirnya,
D0186,ditangkap,
D0186,polisi,
D0186,saat,
D0186,nongkrong,
D0186,di,
D0186,Sentral,
D0186,Parkir,
D0186,Kuta,
D0186,Sabtu,
D0186,2642025,
D0186,sekitar,
D0186,pukul,
D0186,0400,
D0186,Wita,
D0186,Kini,
D0186,mereka,
D0186,pun,
D0186,meringkuk,
D0186,di,
D0186,balik,
D0186,jeruji,
D0186,besi,
D0186,Kejadiannya,
D0186,tanggal,
D0186,26,
D0186,April,
D0186,Mereka,
D0186,merampok,
D0186,ponsel,
D0186,korban,
D0186,Korbannya,
D0186,ada,
D0186,tiga,
D0186,Ada,
D0186,tiga,
D0186,TKP,
D0186,lokasi,
D0186,kejadian,
D0186,kata,
D0186,Kapolsek,
D0186,Kuta,
D0186,AKP,
D0186,Agus,
D0186,Riwayanto,
D0186,Diputra,
D0186,saat,
D0186,konferensi,
D0186,pers,
D0186,di,
D0186,kantornya,
D0186,Selasa,
D0186,2942025,
D0186,Dengi,
D0186,Ronda,
D0186,adalah,
D0186,korban,
D0186,pertama,
D0186,empat,
D0186,remaja,
D0186,tersebut,
D0186,Tertangkapnya,
D0186,mereka,
D0186,berawal,
D0186,dari,
D0186,laporan,
D0186,Dengi,
D0186,ke,
D0186,polisi,
D0186,Dengi,
D0186,mengaku,
D0186,dirampok,
D0186,oleh,
D0186,RWXT,
D0186,dan,
D0186,tiga,
D0186,temannya,
D0186,di,
D0186,Jalan,
D0186,Bypass,
D0186,Ngurah,
D0186,Rai,
D0186,dekat,
D0186,Tol,
D0186,Bali,
D0186,Mandara,
D0186,SCROLL,
D0186,TO,
D0186,CONTINUE,
D0186,WITH,
D0186,CONTENT,
D0186,Sekitar,
D0186,20,
D0186,menit,
D0186,kemudian,
D0186,korban,
D0186,kedua,
D0186,bernama,
D0186,Ilham,
D0186,Hakim,
D0186,juga,
D0186,melapor,
D0186,ke,
D0186,Polsek,
D0186,Kuta,
D0186,Ilham,
D0186,mengaku,
D0186,mengalami,
D0186,perampokan,
D0186,di,
D0186,Jalan,
D0186,Raya,
D0186,Kuta,
D0186,Tak,
D0186,lama,
D0186,setelah,
D0186,itu,
D0186,korban,
D0186,ketiga,
D0186,Alfonsius,
D0186,Sunardi,
D0186,turut,
D0186,melaporkan,
D0186,kejadian,
D0186,serupa,
D0186,Mendapat,
D0186,tiga,
D0186,laporan,
D0186,dalam,
D0186,waktu,
D0186,berdekatan,
D0186,polisi,
D0186,langsung,
D0186,bergerak,
D0186,cepat,
D0186,Berdasarkan,
D0186,keterangan,
D0186,para,
D0186,korban,
D0186,tentang,
D0186,ciriciri,
D0186,pelaku,
D0186,petugas,
D0186,memburu,
D0186,para,
D0186,remaja,
D0186,itu,
D0186,dan,
D0186,menangkap,
D0186,mereka,
D0186,sekitar,
D0186,dua,
D0186,jam,
D0186,setelah,
D0186,laporan,
D0186,terakhir,
D0186,Dapat,
D0186,tiga,
D0186,laporan,
D0186,itu,
D0186,langsung,
D0186,kami,
D0186,petakan,
D0186,ciricirinya,
D0186,berdasarkan,
D0186,keterangan,
D0186,korban,
D0186,Kemudian,
D0186,langsung,
D0186,kami,
D0186,uber,
D0186,Hari,
D0186,itu,
D0186,juga,
D0186,RWXT,
D0186,dan,
D0186,tiga,
D0186,temannya,
D0186,tertangkap,
D0186,kata,
D0186,Agus,
D0186,Dari,
D0186,tangan,
D0186,RWXT,
D0186,polisi,
D0186,mengamankan,
D0186,barang,
D0186,bukti,
D0186,berupa,
D0186,airgun,
D0186,jenis,
D0186,Glock,
D0186,19,
D0186,Setelah,
D0186,diperiksa,
D0186,pistol,
D0186,tersebut,
D0186,ternyata,
D0186,tidak,
D0186,berpeluru,
D0186,dan,
D0186,hanya,
D0186,berisi,
D0186,gotri,
D0186,plastik,
D0186,Saat,
D0186,diinterogasi,
D0186,RWXT,
D0186,mengaku,
D0186,menemukan,
D0186,airgun,
D0186,tersebut,
D0186,tergeletak,
D0186,di,
D0186,Jalan,
D0186,Bypass,
D0186,Ngurah,
D0186,Rai,
D0186,setelah,
D0186,polisi,
D0186,menggelar,
D0186,razia,
D0186,geng,
D0186,motor,
D0186,Ia,
D0186,kemudian,
D0186,menggunakan,
D0186,pistol,
D0186,itu,
D0186,untuk,
D0186,menakuti,
D0186,korban,
D0186,dalam,
D0186,aksi,
D0186,perampokan,
D0186,Korban,
D0186,diadang,
D0186,lalu,
D0186,dimintai,
D0186,hartanya,
D0186,Korban,
D0186,melawan,
D0186,lalu,
D0186,sama,
D0186,mereka,
D0186,RWXT,
D0186,dan,
D0186,tiga,
D0186,temannya,
D0186,ditodongkan,
D0186,pistolnya,
D0186,Sempat,
D0186,dipukul,
D0186,korbannya,
D0186,karena,
D0186,melawan,
D0186,saat,
D0186,dirampok,
D0186,ungkap,
D0186,Agus,
D0186,Pistol,
D0186,airgun,
D0186,hanya,
D0186,dipakai,
D0186,untuk,
D0186,memukul,
D0186,korban,
D0186,saja,
D0186,imbuhnya,
D0186,Atas,
D0186,aksi,
D0186,tersebut,
D0186,RWXT,
D0186,dan,
D0186,tiga,
D0186,temannya,
D0186,dijerat,
D0186,dengan,
D0186,Pasal,
D0186,365,
D0186,KUHP,
D0186,tentang,
D0186,Pencurian,
D0186,dengan,
D0186,Kekerasan,
D0186,Mereka,
D0186,terancam,
D0186,hukuman,
D0186,hingga,
D0186,9,
D0186,tahun,
D0186,penjara,
D0186,Hanya,
D0186,proses,
D0186,penanganan,
D0186,kasusnya,
D0186,saja,
D0186,yang,
D0186,dipercepat,
D0186,karena,
D0186,mereka,
D0186,masih,
D0186,anak,
D0186,Jadi,
D0186,kami,
D0186,nggak,
D0186,boleh,
D0186,lamalama,
D0186,kata,
D0186,Agus,
D0187,Warga,
D0187,negara,
D0187,WN,
D0187,Turki,
D0187,Elif,
D0187,Alara,
D0187,Saltik,
D0187,32,
D0187,menjadi,
D0187,korban,
D0187,penjambretan,
D0187,saat,
D0187,pelesiran,
D0187,di,
D0187,Jalan,
D0187,Raya,
D0187,Umalas,
D0187,Kelurahan,
D0187,Kerobokan,
D0187,Kelod,
D0187,Badung,
D0187,Dua,
D0187,pria,
D0187,berboncengan,
D0187,tibatiba,
D0187,merampas,
D0187,ponsel,
D0187,miliknya,
D0187,lalu,
D0187,kabur,
D0187,dengan,
D0187,cepat,
D0187,Polisi,
D0187,meringkus,
D0187,dua,
D0187,pelaku,
D0187,pada,
D0187,10,
D0187,April,
D0187,lalu,
D0187,setelah,
D0187,korban,
D0187,melapor,
D0187,Kapolres,
D0187,Badung,
D0187,AKBP,
D0187,M,
D0187,Arif,
D0187,Batubara,
D0187,mengatakan,
D0187,dua,
D0187,pelaku,
D0187,diringkus,
D0187,saat,
D0187,melintas,
D0187,di,
D0187,Jalan,
D0187,Teuku,
D0187,Umar,
D0187,Barat,
D0187,Saat,
D0187,ditangkap,
D0187,itu,
D0187,dia,
D0187,melintas,
D0187,boncengan,
D0187,Ternyata,
D0187,mereka,
D0187,baru,
D0187,saja,
D0187,menjambret,
D0187,saat,
D0187,itu,
D0187,di,
D0187,Kerobokan,
D0187,Umalas,
D0187,kata,
D0187,Arif,
D0187,Batubara,
D0187,Selasa,
D0187,2942025,
D0187,Adapun,
D0187,para,
D0187,pelaku,
D0187,jambret,
D0187,itu,
D0187,yakni,
D0187,I,
D0187,Nyoman,
D0187,Simpen,
D0187,26,
D0187,dan,
D0187,Putu,
D0187,Agus,
D0187,Wirawan,
D0187,22,
D0187,Keduanya,
D0187,berasal,
D0187,dari,
D0187,Tianyar,
D0187,Barat,
D0187,Kecamatan,
D0187,Kubu,
D0187,Karangasem,
D0187,Kata,
D0187,Arif,
D0187,Simpen,
D0187,alias,
D0187,Redot,
D0187,adalah,
D0187,residivis,
D0187,yang,
D0187,ditangkap,
D0187,Polda,
D0187,Bali,
D0187,pada,
D0187,2019,
D0187,dan,
D0187,dipenjara,
D0187,1,
D0187,tahun,
D0187,9,
D0187,bulan,
D0187,SCROLL,
D0187,TO,
D0187,CONTINUE,
D0187,WITH,
D0187,CONTENT,
D0187,Jadi,
D0187,pelaku,
D0187,ini,
D0187,modusnya,
D0187,membuntuti,
D0187,calon,
D0187,korbannya,
D0187,Mereka,
D0187,memanfaatkan,
D0187,kesempatan,
D0187,saat,
D0187,korban,
D0187,memegang,
D0187,HP,
D0187,langsung,
D0187,didekati,
D0187,dan,
D0187,diambil,
D0187,paksa,
D0187,ya,
D0187,saat,
D0187,korban,
D0187,mengendarai,
D0187,motor,
D0187,jelas,
D0187,Arif,
D0187,Saat,
D0187,itu,
D0187,dia,
D0187,berujar,
D0187,Elif,
D0187,Alara,
D0187,sedang,
D0187,berjalanjalan,
D0187,bersama,
D0187,suami,
D0187,Dua,
D0187,pelaku,
D0187,langsung,
D0187,menyergap,
D0187,ponsel,
D0187,korban,
D0187,dengan,
D0187,cepat,
D0187,dari,
D0187,arah,
D0187,samping,
D0187,saat,
D0187,naik,
D0187,motor,
D0187,Jadi,
D0187,modus,
D0187,dari,
D0187,pelaku,
D0187,ini,
D0187,sudah,
D0187,kami,
D0187,ketahui,
D0187,Jadi,
D0187,dari,
D0187,laporan,
D0187,intelintel,
D0187,juga,
D0187,bagaimana,
D0187,modus,
D0187,para,
D0187,pelaku,
D0187,sudah,
D0187,terbaca,
D0187,sehingga,
D0187,saat,
D0187,kami,
D0187,lacak,
D0187,identitasnya,
D0187,kami,
D0187,ketahui,
D0187,langsung,
D0187,kami,
D0187,amankan,
D0187,ucap,
D0187,Arif,
D0187,Arif,
D0187,Batubara,
D0187,menjelaskan,
D0187,baik,
D0187,Simpen,
D0187,dan,
D0187,Agus,
D0187,sudah,
D0187,sembilan,
D0187,kali,
D0187,menjambret,
D0187,Semua,
D0187,barang,
D0187,curiannya,
D0187,adalah,
D0187,ponsel,
D0187,merek,
D0187,Iphone,
D0187,Polisi,
D0187,juga,
D0187,mengamankan,
D0187,motor,
D0187,matik,
D0187,Yamaha,
D0187,Nmax,
D0187,yang,
D0187,dipakai,
D0187,beraksi,
D0187,Belum,
D0187,ponsel,
D0187,curian,
D0187,dijual,
D0187,Jadi,
D0187,saat,
D0187,kami,
D0187,amankan,
D0187,barang,
D0187,bukti,
D0187,HP,
D0187,masih,
D0187,ada,
D0187,dari,
D0187,pelaku,
D0187,pungkas,
D0187,Arif,
D0188,Empat,
D0188,remaja,
D0188,berinisial,
D0188,RWXT,
D0188,16,
D0188,DCY,
D0188,17,
D0188,SAP,
D0188,17,
D0188,dan,
D0188,KKI,
D0188,17,
D0188,ditangkap,
D0188,polisi,
D0188,saat,
D0188,nongkrong,
D0188,di,
D0188,Sentra,
D0188,Parkir,
D0188,Kuta,
D0188,Sabtu,
D0188,2642025,
D0188,sekitar,
D0188,pukul,
D0188,0400,
D0188,Wita,
D0188,Mereka,
D0188,diciduk,
D0188,setelah,
D0188,merampok,
D0188,tiga,
D0188,orang,
D0188,menggunakan,
D0188,airgun,
D0188,di,
D0188,tiga,
D0188,lokasi,
D0188,berbeda,
D0188,Kejadiannya,
D0188,tanggal,
D0188,26,
D0188,April,
D0188,Mereka,
D0188,merampok,
D0188,ponsel,
D0188,korban,
D0188,Korbannya,
D0188,ada,
D0188,tiga,
D0188,Ada,
D0188,tiga,
D0188,TKP,
D0188,lokasi,
D0188,kejadian,
D0188,kata,
D0188,Kapolsek,
D0188,Kuta,
D0188,AKP,
D0188,Agus,
D0188,Riwayanto,
D0188,Diputra,
D0188,saat,
D0188,konferensi,
D0188,pers,
D0188,di,
D0188,kantornya,
D0188,Selasa,
D0188,2942025,
D0188,Penangkapan,
D0188,keempat,
D0188,remaja,
D0188,ini,
D0188,bermula,
D0188,dari,
D0188,laporan,
D0188,korban,
D0188,bernama,
D0188,Dengi,
D0188,Ronda,
D0188,Dengi,
D0188,mengaku,
D0188,dirampok,
D0188,oleh,
D0188,RWXT,
D0188,dan,
D0188,tiga,
D0188,temannya,
D0188,di,
D0188,Jalan,
D0188,Bypass,
D0188,Ngurah,
D0188,Rai,
D0188,dekat,
D0188,Tol,
D0188,Bali,
D0188,Mandara,
D0188,SCROLL,
D0188,TO,
D0188,CONTINUE,
D0188,WITH,
D0188,CONTENT,
D0188,Sekitar,
D0188,20,
D0188,menit,
D0188,kemudian,
D0188,korban,
D0188,kedua,
D0188,bernama,
D0188,Ilham,
D0188,Hakim,
D0188,juga,
D0188,melapor,
D0188,ke,
D0188,Polsek,
D0188,Kuta,
D0188,Ilham,
D0188,mengaku,
D0188,mengalami,
D0188,perampokan,
D0188,di,
D0188,Jalan,
D0188,Raya,
D0188,Kuta,
D0188,Tak,
D0188,lama,
D0188,setelah,
D0188,itu,
D0188,korban,
D0188,ketiga,
D0188,Alfonsius,
D0188,Sunardi,
D0188,turut,
D0188,melaporkan,
D0188,kejadian,
D0188,serupa,
D0188,Mendapat,
D0188,tiga,
D0188,laporan,
D0188,dalam,
D0188,waktu,
D0188,berdekatan,
D0188,polisi,
D0188,langsung,
D0188,bergerak,
D0188,cepat,
D0188,Berdasarkan,
D0188,keterangan,
D0188,para,
D0188,korban,
D0188,tentang,
D0188,ciriciri,
D0188,pelaku,
D0188,petugas,
D0188,memburu,
D0188,para,
D0188,remaja,
D0188,itu,
D0188,dan,
D0188,menangkap,
D0188,mereka,
D0188,sekitar,
D0188,dua,
D0188,jam,
D0188,setelah,
D0188,laporan,
D0188,terakhir,
D0188,Dapat,
D0188,tiga,
D0188,laporan,
D0188,itu,
D0188,langsung,
D0188,kami,
D0188,petakan,
D0188,ciricirinya,
D0188,berdasarkan,
D0188,keterangan,
D0188,korban,
D0188,Kemudian,
D0188,langsung,
D0188,kami,
D0188,uber,
D0188,Hari,
D0188,itu,
D0188,juga,
D0188,RWXT,
D0188,dan,
D0188,tiga,
D0188,temannya,
D0188,tertangkap,
D0188,kata,
D0188,Agus,
D0188,Dari,
D0188,tangan,
D0188,RWXT,
D0188,polisi,
D0188,mengamankan,
D0188,barang,
D0188,bukti,
D0188,berupa,
D0188,airgun,
D0188,jenis,
D0188,Glock,
D0188,19,
D0188,Setelah,
D0188,diperiksa,
D0188,pistol,
D0188,tersebut,
D0188,ternyata,
D0188,tidak,
D0188,berpeluru,
D0188,dan,
D0188,hanya,
D0188,berisi,
D0188,gotri,
D0188,plastik,
D0188,Saat,
D0188,diinterogasi,
D0188,RWXT,
D0188,mengaku,
D0188,menemukan,
D0188,airgun,
D0188,tersebut,
D0188,tergeletak,
D0188,di,
D0188,Jalan,
D0188,Bypass,
D0188,Ngurah,
D0188,Rai,
D0188,setelah,
D0188,polisi,
D0188,menggelar,
D0188,razia,
D0188,geng,
D0188,motor,
D0188,Ia,
D0188,kemudian,
D0188,menggunakan,
D0188,pistol,
D0188,itu,
D0188,untuk,
D0188,menakuti,
D0188,korban,
D0188,dalam,
D0188,aksi,
D0188,perampokan,
D0188,Korban,
D0188,diadang,
D0188,lalu,
D0188,dimintai,
D0188,hartanya,
D0188,Korban,
D0188,melawan,
D0188,lalu,
D0188,sama,
D0188,mereka,
D0188,RWXT,
D0188,dan,
D0188,tiga,
D0188,temannya,
D0188,ditodongkan,
D0188,pistolnya,
D0188,Sempat,
D0188,dipukul,
D0188,korbannya,
D0188,karena,
D0188,melawan,
D0188,saat,
D0188,dirampok,
D0188,ungkap,
D0188,Agus,
D0188,Pistol,
D0188,airgun,
D0188,hanya,
D0188,dipakai,
D0188,untuk,
D0188,memukul,
D0188,korban,
D0188,saja,
D0188,imbuhnya,
D0188,Atas,
D0188,aksi,
D0188,tersebut,
D0188,RWXT,
D0188,dan,
D0188,tiga,
D0188,temannya,
D0188,dijerat,
D0188,dengan,
D0188,Pasal,
D0188,365,
D0188,KUHP,
D0188,tentang,
D0188,Pencurian,
D0188,dengan,
D0188,Kekerasan,
D0188,Mereka,
D0188,terancam,
D0188,hukuman,
D0188,hingga,
D0188,9,
D0188,tahun,
D0188,penjara,
D0188,Hanya,
D0188,proses,
D0188,penanganan,
D0188,kasusnya,
D0188,saja,
D0188,yang,
D0188,dipercepat,
D0188,karena,
D0188,mereka,
D0188,masih,
D0188,anak,
D0188,Jadi,
D0188,kami,
D0188,nggak,
D0188,boleh,
D0188,lamalama,
D0188,kata,
D0188,Agus,
D0189,ARR,
D0189,26,
D0189,mahasiswa,
D0189,asal,
D0189,Lamongan,
D0189,diringkus,
D0189,Dia,
D0189,harus,
D0189,berurusan,
D0189,dengan,
D0189,polisi,
D0189,setelah,
D0189,membobol,
D0189,minimarket,
D0189,tempat,
D0189,dia,
D0189,bekerja,
D0189,di,
D0189,Desa,
D0189,Metatu,
D0189,Benjeng,
D0189,Gresik,
D0189,Peristiwa,
D0189,itu,
D0189,terjadi,
D0189,pada,
D0189,Minggu,
D0189,274,
D0189,Awalnya,
D0189,seorang,
D0189,pegawai,
D0189,di,
D0189,minimarket,
D0189,tersebut,
D0189,Dewi,
D0189,Wulandari,
D0189,masuk,
D0189,sekitar,
D0189,pukul,
D0189,0530,
D0189,WIB,
D0189,Ketika,
D0189,pintu,
D0189,minimarket,
D0189,dibuka,
D0189,Dewi,
D0189,kaget,
D0189,saat,
D0189,melihat,
D0189,plafon,
D0189,toko,
D0189,jebol,
D0189,dan,
D0189,listrik,
D0189,dalam,
D0189,kondisi,
D0189,padam,
D0189,Pegawai,
D0189,tersebut,
D0189,kemudian,
D0189,mengecek,
D0189,brankas,
D0189,Saat,
D0189,dibuka,
D0189,uang,
D0189,senilai,
D0189,Rp,
D0189,12,
D0189,juta,
D0189,raib,
D0189,jelas,
D0189,Kapolres,
D0189,Gresik,
D0189,AKBP,
D0189,Rovan,
D0189,Richard,
D0189,Mahenu,
D0189,Senin,
D0189,2842025,
D0189,SCROLL,
D0189,TO,
D0189,CONTINUE,
D0189,WITH,
D0189,CONTENT,
D0189,Dewi,
D0189,lalu,
D0189,melaporkan,
D0189,pembobolan,
D0189,tersebut,
D0189,kepada,
D0189,polisi,
D0189,Tim,
D0189,Macan,
D0189,Giri,
D0189,Sat,
D0189,Reskrim,
D0189,Polres,
D0189,Gresik,
D0189,pun,
D0189,langsung,
D0189,melakukan,
D0189,olah,
D0189,TKP,
D0189,mengggali,
D0189,keterangan,
D0189,para,
D0189,saksi,
D0189,serta,
D0189,menganalisis,
D0189,CCTV,
D0189,di,
D0189,sekitar,
D0189,lokasi,
D0189,Dari,
D0189,rekaman,
D0189,CCTV,
D0189,tersebut,
D0189,polisi,
D0189,mengantongi,
D0189,ciriciri,
D0189,pelaku,
D0189,Sekitar,
D0189,pukul,
D0189,1500,
D0189,WIB,
D0189,ARR,
D0189,diringkus,
D0189,tanpa,
D0189,perlawanan,
D0189,Kami,
D0189,amankan,
D0189,barang,
D0189,bukti,
D0189,berupa,
D0189,uang,
D0189,tunai,
D0189,sebesar,
D0189,Rp,
D0189,10,
D0189,juta,
D0189,satu,
D0189,buah,
D0189,kunci,
D0189,gembok,
D0189,dan,
D0189,satu,
D0189,kunci,
D0189,brankas,
D0189,yang,
D0189,diduga,
D0189,digunakan,
D0189,dalam,
D0189,aksi,
D0189,pencurian,
D0189,imbuhnya,
D0189,Saat,
D0189,ini,
D0189,tersangka,
D0189,ARR,
D0189,tengah,
D0189,menjalani,
D0189,proses,
D0189,penyidikan,
D0189,lebih,
D0189,lanjut,
D0189,di,
D0189,Mapolres,
D0189,Gresik,
D0189,untuk,
D0189,mempertanggungjawabkan,
D0189,perbuatannya,
D0189,Polres,
D0189,Gresik,
D0189,berkomitmen,
D0189,untuk,
D0189,terus,
D0189,hadir,
D0189,di,
D0189,tengah,
D0189,masyarakat,
D0189,menjaga,
D0189,rasa,
D0189,aman,
D0189,serta,
D0189,menindak,
D0189,tegas,
D0189,setiap,
D0189,tindak,
D0189,kriminalitas,
D0189,yang,
D0189,mengganggu,
D0189,ketentraman,
D0189,masyarakat,
D0189,Kami,
D0189,tegaskan,
D0189,tidak,
D0189,ada,
D0189,tempat,
D0189,bagi,
D0189,pelaku,
D0189,kejahatan,
D0189,di,
D0189,wilayah,
D0189,hukum,
D0189,Polres,
D0189,Gresik,
D0189,tegas,
D0189,Kasat,
D0189,Reskrim,
D0189,Polres,
D0189,Gresik,
D0189,AKP,
D0189,Abid,
D0189,Uais,
D0189,AlQarni,
D0189,Aziz,
D0190,Seorang,
D0190,pria,
D0190,berinisial,
D0190,M,
D0190,alias,
D0190,Tuan,
D0190,Bajil,
D0190,warga,
D0190,Desa,
D0190,Sukadana,
D0190,Kecamatan,
D0190,Pujut,
D0190,Lombok,
D0190,Tengah,
D0190,diamankan,
D0190,warga,
D0190,karena,
D0190,diduga,
D0190,mencuri,
D0190,tiga,
D0190,kerbau,
D0190,di,
D0190,Desa,
D0190,Tumpak,
D0190,Minggu,
D0190,1242025,
D0190,dini,
D0190,hari,
D0190,Namun,
D0190,Tuan,
D0190,Bajil,
D0190,membantah,
D0190,tuduhan,
D0190,tersebut,
D0190,dan,
D0190,mengaku,
D0190,menjadi,
D0190,korban,
D0190,jebakan,
D0190,Saya,
D0190,hanya,
D0190,diajak,
D0190,jam,
D0190,dua,
D0190,malam,
D0190,waktu,
D0190,itu,
D0190,Tolong,
D0190,lewatkan,
D0190,hewan,
D0190,kerbau,
D0190,saya,
D0190,Sudah,
D0190,titip,
D0190,dua,
D0190,malam,
D0190,dan,
D0190,saya,
D0190,sanggupi,
D0190,Tibatiba,
D0190,setelah,
D0190,jam,
D0190,10,
D0190,malam,
D0190,itu,
D0190,bukan,
D0190,barang,
D0190,lama,
D0190,sekarang,
D0190,itu,
D0190,dicuri,
D0190,pak,
D0190,Merasa,
D0190,dijebak,
D0190,kata,
D0190,Bajil,
D0190,di,
D0190,hadapan,
D0190,awak,
D0190,media,
D0190,Senin,
D0190,2842025,
D0190,Bajil,
D0190,mengeklaim,
D0190,tidak,
D0190,pernah,
D0190,mencuri,
D0190,sebelumnya,
D0190,Ia,
D0190,mengatakan,
D0190,hanya,
D0190,membantu,
D0190,membawa,
D0190,kerbau,
D0190,atas,
D0190,permintaan,
D0190,temannya,
D0190,yang,
D0190,disebut,
D0190,bernama,
D0190,Apak,
D0190,SCROLL,
D0190,TO,
D0190,CONTINUE,
D0190,WITH,
D0190,CONTENT,
D0190,Tidak,
D0190,pernah,
D0190,mencuri,
D0190,ini,
D0190,baru,
D0190,pertama,
D0190,Apak,
D0190,nama,
D0190,yang,
D0190,jebak,
D0190,saya,
D0190,ujarnya,
D0190,Mendengar,
D0190,pengakuan,
D0190,tersebut,
D0190,Wakapolres,
D0190,Lombok,
D0190,Tengah,
D0190,Kompol,
D0190,Imam,
D0190,Maladi,
D0190,memerintahkan,
D0190,jajarannya,
D0190,untuk,
D0190,mendalami,
D0190,kasus,
D0190,itu,
D0190,Ia,
D0190,meminta,
D0190,kasus,
D0190,ini,
D0190,segera,
D0190,diungkap,
D0190,secara,
D0190,jelas,
D0190,Ini,
D0190,baru,
D0190,pertama,
D0190,ya,
D0190,menurut,
D0190,keterangan,
D0190,Tuan,
D0190,Bajil,
D0190,ya,
D0190,Nanti,
D0190,didalami,
D0190,oleh,
D0190,Ibu,
D0190,Kasat,
D0190,Reskrim,
D0190,dan,
D0190,Ibu,
D0190,Kapolsek,
D0190,Kawasan,
D0190,ya,
D0190,ungkap,
D0190,Imam,
D0190,Imam,
D0190,menjelaskan,
D0190,M,
D0190,diamankan,
D0190,warga,
D0190,setelah,
D0190,diduga,
D0190,mencuri,
D0190,tiga,
D0190,kerbau,
D0190,milik,
D0190,seorang,
D0190,warga,
D0190,di,
D0190,Desa,
D0190,Tumpak,
D0190,Kecamatan,
D0190,Pujut,
D0190,Pelaku,
D0190,diamankan,
D0190,warga,
D0190,sekitar,
D0190,pukul,
D0190,0300,
D0190,Wita,
D0190,di,
D0190,Dusun,
D0190,Petule,
D0190,Desa,
D0190,Tumpak,
D0190,Kecamatan,
D0190,Pujut,
D0190,ujarnya,
D0190,Kapolsek,
D0190,Kawasan,
D0190,Mandalika,
D0190,AKP,
D0190,Rahel,
D0190,Elsi,
D0190,Mbuik,
D0190,menambahkan,
D0190,kejadian,
D0190,bermula,
D0190,saat,
D0190,korban,
D0190,menyadari,
D0190,tiga,
D0190,ekor,
D0190,kerbau,
D0190,miliknya,
D0190,hilang,
D0190,dari,
D0190,kandang,
D0190,Korban,
D0190,bersama,
D0190,sejumlah,
D0190,warga,
D0190,kemudian,
D0190,mencari,
D0190,dengan,
D0190,mengikuti,
D0190,jejak,
D0190,kaki,
D0190,dan,
D0190,kotoran,
D0190,hewan,
D0190,Jejak,
D0190,kaki,
D0190,hewan,
D0190,tersebut,
D0190,mengarah,
D0190,ke,
D0190,wilayah,
D0190,Desa,
D0190,Tumpak,
D0190,berjarak,
D0190,lebih,
D0190,dari,
D0190,10,
D0190,kilometer,
D0190,dari,
D0190,kandang,
D0190,tempat,
D0190,kerbau,
D0190,tersebut,
D0190,dicuri,
D0190,Korban,
D0190,bersama,
D0190,temannya,
D0190,tibatiba,
D0190,dilempari,
D0190,batu,
D0190,oleh,
D0190,seseorang,
D0190,yang,
D0190,diduga,
D0190,pelaku,
D0190,yang,
D0190,terlihat,
D0190,sedang,
D0190,menggiring,
D0190,hewan,
D0190,Korban,
D0190,bersama,
D0190,beberapa,
D0190,warga,
D0190,sempat,
D0190,terjadi,
D0190,perkelahian,
D0190,dan,
D0190,berhasil,
D0190,mengamankan,
D0190,salah,
D0190,satu,
D0190,terduga,
D0190,pelaku,
D0190,jelas,
D0190,Rahel,
D0190,Akibat,
D0190,perkelahian,
D0190,tersebut,
D0190,Tuan,
D0190,Bajil,
D0190,mengalami,
D0190,lukaluka,
D0190,sementara,
D0190,pelaku,
D0190,lain,
D0190,berhasil,
D0190,melarikan,
D0190,diri,
D0190,Atas,
D0190,kejadian,
D0190,itu,
D0190,Bajil,
D0190,kini,
D0190,ditetapkan,
D0190,sebagai,
D0190,tersangka,
D0190,dengan,
D0190,jeratan,
D0190,Pasal,
D0190,363,
D0190,KUHP,
D0190,tentang,
D0190,pencurian,
D0190,dengan,
D0190,ancaman,
D0190,hukuman,
D0190,tujuh,
D0190,tahun,
D0190,penjara,
D0190,Saat,
D0190,ini,
D0190,pelaku,
D0190,sudah,
D0190,diamankan,
D0190,di,
D0190,Polres,
D0190,Lombok,
D0190,Tengah,
D0190,untuk,
D0190,dilakukan,
D0190,pengembangan,
D0190,imbuhnya,
D0191,Seorang,
D0191,karyawan,
D0191,hotel,
D0191,inisial,
D0191,RH,
D0191,19,
D0191,di,
D0191,Kota,
D0191,Gorontalo,
D0191,Provinsi,
D0191,Gorontalo,
D0191,diamankan,
D0191,dan,
D0191,ditetapkan,
D0191,sebagai,
D0191,tersangka,
D0191,setelah,
D0191,mencuri,
D0191,uang,
D0191,milik,
D0191,turis,
D0191,asal,
D0191,Ukraina,
D0191,RH,
D0191,mengaku,
D0191,nekat,
D0191,melakukan,
D0191,hal,
D0191,tersebut,
D0191,karena,
D0191,terlilit,
D0191,utang,
D0191,Melansir,
D0191,detikSulsel,
D0191,pelaku,
D0191,mencuri,
D0191,uang,
D0191,korban,
D0191,berupa,
D0191,uang,
D0191,dolar,
D0191,3,
D0191,lembar,
D0191,lira,
D0191,3,
D0191,lembar,
D0191,dan,
D0191,dirham,
D0191,1,
D0191,lembar,
D0191,Pencurian,
D0191,tepatnya,
D0191,terjadi,
D0191,di,
D0191,salah,
D0191,satu,
D0191,kamar,
D0191,hotel,
D0191,di,
D0191,Kecamatan,
D0191,Kota,
D0191,Timur,
D0191,Kota,
D0191,Gorontalo,
D0191,pada,
D0191,Selasa,
D0191,14,
D0191,sekitar,
D0191,pukul,
D0191,1200,
D0191,Wita,
D0191,Kasus,
D0191,tindak,
D0191,pidana,
D0191,pencurian,
D0191,Pelaku,
D0191,diduga,
D0191,karyawan,
D0191,hotel,
D0191,dan,
D0191,sudah,
D0191,diamankan,
D0191,Untuk,
D0191,korban,
D0191,warga,
D0191,negara,
D0191,Ukraina,
D0191,kata,
D0191,AKP,
D0191,Akmal,
D0191,Novian,
D0191,Reza,
D0191,Selasa,
D0191,142025,
D0191,SCROLL,
D0191,TO,
D0191,CONTINUE,
D0191,WITH,
D0191,CONTENT,
D0191,Akmal,
D0191,menjelaskan,
D0191,RH,
D0191,yang,
D0191,merupakan,
D0191,karyawan,
D0191,hotel,
D0191,bagian,
D0191,supervisor,
D0191,itu,
D0191,telah,
D0191,ditetapkan,
D0191,sebagai,
D0191,tersangka,
D0191,Dia,
D0191,juga,
D0191,sudah,
D0191,ditahan,
D0191,Sudah,
D0191,ditetapkan,
D0191,tersangka,
D0191,dan,
D0191,sudah,
D0191,ditahan,
D0191,kemarin,
D0191,Dia,
D0191,RH,
D0191,ini,
D0191,kan,
D0191,karyawan,
D0191,hotel,
D0191,bagian,
D0191,supervisornya,
D0191,pihak,
D0191,hotel,
D0191,kata,
D0191,Akmal,
D0191,Novian,
D0191,Reza,
D0191,Kamis,
D0191,34,
D0191,Penetapan,
D0191,tersangka,
D0191,dilakukan,
D0191,tim,
D0191,penyidik,
D0191,usai,
D0191,melakukan,
D0191,gelar,
D0191,perkara,
D0191,setelah,
D0191,mengidentifikasi,
D0191,rekaman,
D0191,CCTV,
D0191,hotel,
D0191,Rabu,
D0191,24,
D0191,Aksi,
D0191,RH,
D0191,menggasak,
D0191,uang,
D0191,korban,
D0191,turut,
D0191,terekam,
D0191,CCTV,
D0191,Pengakuan,
D0191,pelaku,
D0191,hanya,
D0191,ekonomi,
D0191,terlilit,
D0191,utang,
D0191,Motif,
D0191,masalah,
D0191,ekonomi,
D0191,banyak,
D0191,utang,
D0191,terlilit,
D0191,utang,
D0191,tambahnya,
D0191,Saat,
D0191,ini,
D0191,pelaku,
D0191,sudah,
D0191,ditahan,
D0191,di,
D0191,Polresta,
D0191,Gorontalo,
D0191,Kota,
D0191,Atas,
D0191,perbuatannya,
D0191,pelaku,
D0191,dijerat,
D0191,dengan,
D0191,Pasal,
D0191,362,
D0191,KHUP,
D0191,tentang,
D0191,tindak,
D0191,pidana,
D0191,pencurian,
D0191,Dengan,
D0191,ancaman,
D0191,5,
D0191,tahun,
D0191,penjara,
D0191,jelas,
D0191,Akmal,
D0192,Pria,
D0192,berinisial,
D0192,LRR,
D0192,42,
D0192,tewas,
D0192,dibacok,
D0192,di,
D0192,Kabupaten,
D0192,Maluku,
D0192,Tengah,
D0192,Maluku,
D0192,Keluarga,
D0192,korban,
D0192,yang,
D0192,tak,
D0192,terima,
D0192,lalu,
D0192,mengamuk,
D0192,dan,
D0192,membongkar,
D0192,rumah,
D0192,pelaku,
D0192,LY,
D0192,43,
D0192,Telah,
D0192,terjadi,
D0192,penganiayaan,
D0192,menggunakan,
D0192,benda,
D0192,tajam,
D0192,parang,
D0192,yang,
D0192,mengakibatkan,
D0192,korban,
D0192,meninggal,
D0192,kata,
D0192,Kapolresta,
D0192,Pulau,
D0192,Ambon,
D0192,AKBP,
D0192,Yoga,
D0192,Putra,
D0192,Prima,
D0192,Setya,
D0192,kepada,
D0192,detikcom,
D0192,Selasa,
D0192,142025,
D0192,Insiden,
D0192,pembacokan,
D0192,itu,
D0192,terjadi,
D0192,di,
D0192,Kompleks,
D0192,Hape,
D0192,Dusun,
D0192,Wayasel,
D0192,Desa,
D0192,Wakasihu,
D0192,Kecamatan,
D0192,Leihitu,
D0192,Barat,
D0192,Senin,
D0192,313,
D0192,pukul,
D0192,1700,
D0192,WIT,
D0192,Korban,
D0192,LRR,
D0192,awalnya,
D0192,pergi,
D0192,ziarah,
D0192,ke,
D0192,kuburan,
D0192,SCROLL,
D0192,TO,
D0192,CONTINUE,
D0192,WITH,
D0192,CONTENT,
D0192,Korban,
D0192,awalnya,
D0192,meminta,
D0192,izin,
D0192,ke,
D0192,istri,
D0192,inisial,
D0192,W,
D0192,36,
D0192,untuk,
D0192,berziarah,
D0192,ke,
D0192,kuburan,
D0192,Namun,
D0192,tak,
D0192,berselang,
D0192,lama,
D0192,istrinya,
D0192,mendapati,
D0192,informasi,
D0192,dari,
D0192,pria,
D0192,bernama,
D0192,La,
D0192,Nongke,
D0192,bahwa,
D0192,suaminya,
D0192,sedang,
D0192,terjatuh,
D0192,jelasnya,
D0192,Istri,
D0192,langsung,
D0192,menuju,
D0192,TKP,
D0192,dan,
D0192,melihat,
D0192,korban,
D0192,sudah,
D0192,terjatuh,
D0192,tertelungkup,
D0192,Kondisi,
D0192,korban,
D0192,saat,
D0192,itu,
D0192,mengalami,
D0192,luka,
D0192,di,
D0192,bagian,
D0192,leher,
D0192,dan,
D0192,sudah,
D0192,meninggal,
D0192,dunia,
D0192,usai,
D0192,dibacok,
D0192,pelaku,
D0192,bebernya,
D0192,Pembacokan,
D0192,itu,
D0192,menyulut,
D0192,kemarahan,
D0192,keluarga,
D0192,korban,
D0192,Keluarga,
D0192,lalu,
D0192,merusak,
D0192,rumah,
D0192,milik,
D0192,pelaku,
D0192,Kerugian,
D0192,material,
D0192,berupa,
D0192,rusaknya,
D0192,satu,
D0192,unit,
D0192,rumah,
D0192,milik,
D0192,pelaku,
D0192,ujarnya,
D0192,Yoga,
D0192,menambahkan,
D0192,usia,
D0192,kejadian,
D0192,itu,
D0192,pihaknya,
D0192,bergerak,
D0192,cepat,
D0192,dan,
D0192,menangkap,
D0192,pelaku,
D0192,Dia,
D0192,mengatakan,
D0192,untuk,
D0192,motif,
D0192,pembacokan,
D0192,masih,
D0192,sementara,
D0192,diusut,
D0192,Pelaku,
D0192,sudah,
D0192,ditangkap,
D0192,dan,
D0192,sekarang,
D0192,ditahan,
D0192,Rutan,
D0192,Mapolresta,
D0192,Pulau,
D0192,Ambon,
D0192,Nah,
D0192,untuk,
D0192,motifnya,
D0192,pembacokan,
D0192,masih,
D0192,sementara,
D0192,diusut,
D0192,imbuhnya,
D0193,Polres,
D0193,Pasuruan,
D0193,Kota,
D0193,menggelar,
D0193,razia,
D0193,terpadu,
D0193,mendadak,
D0193,menjelang,
D0193,Lebaran,
D0193,Hasilnya,
D0193,puluhan,
D0193,motor,
D0193,bodong,
D0193,dan,
D0193,remaja,
D0193,positif,
D0193,narkoba,
D0193,diamankan,
D0193,Razia,
D0193,terpadu,
D0193,dilakukan,
D0193,pada,
D0193,Minggu,
D0193,3032025,
D0193,pukul,
D0193,0100,
D0193,WIB,
D0193,hingga,
D0193,0300,
D0193,WIB,
D0193,Sasarannya,
D0193,tempattempat,
D0193,keramaian,
D0193,kata,
D0193,Kapolres,
D0193,Pasuruan,
D0193,Kota,
D0193,AKBP,
D0193,Davis,
D0193,Busin,
D0193,Siswara,
D0193,Dari,
D0193,razia,
D0193,yang,
D0193,dilakukan,
D0193,pihaknya,
D0193,menyita,
D0193,22,
D0193,motor,
D0193,dan,
D0193,1,
D0193,mobil,
D0193,Kebanyakan,
D0193,dari,
D0193,barang,
D0193,bukti,
D0193,yang,
D0193,disita,
D0193,oleh,
D0193,Polres,
D0193,Pasuruan,
D0193,Kota,
D0193,tidak,
D0193,memiliki,
D0193,surat,
D0193,kelengkapan,
D0193,kendaraan,
D0193,STNK,
D0193,SCROLL,
D0193,TO,
D0193,CONTINUE,
D0193,WITH,
D0193,CONTENT,
D0193,Barang,
D0193,bukti,
D0193,kendaraan,
D0193,bermotor,
D0193,kebanyakan,
D0193,banyak,
D0193,didapati,
D0193,di,
D0193,pelabuhan,
D0193,Untuk,
D0193,mobil,
D0193,pemiliknya,
D0193,kedapatan,
D0193,minum,
D0193,minuman,
D0193,keras,
D0193,terang,
D0193,Davis,
D0193,Selain,
D0193,kendaraan,
D0193,bermotor,
D0193,polisi,
D0193,juga,
D0193,mengamankan,
D0193,4,
D0193,remaja,
D0193,yang,
D0193,terbukti,
D0193,positif,
D0193,narkoba,
D0193,Itu,
D0193,setelah,
D0193,dilakukan,
D0193,tes,
D0193,urine,
D0193,pada,
D0193,belasan,
D0193,remaja,
D0193,Mereka,
D0193,yakni,
D0193,AZ,
D0193,20,
D0193,warga,
D0193,Kelurahan,
D0193,Kepel,
D0193,Bugul,
D0193,Kidul,
D0193,Kota,
D0193,Pasuruan,
D0193,MF,
D0193,22,
D0193,warga,
D0193,Kelurahan,
D0193,Wonojati,
D0193,Gondangwetan,
D0193,Pasuruan,
D0193,RU,
D0193,warga,
D0193,Kelurahan,
D0193,Kepel,
D0193,Bugulkidul,
D0193,Kota,
D0193,Pasuruan,
D0193,dan,
D0193,SR,
D0193,warga,
D0193,Desa,
D0193,Wonojati,
D0193,Gondangwetan,
D0193,Pasuruan,
D0193,Davis,
D0193,mengatakan,
D0193,razia,
D0193,dilakukan,
D0193,menanggapi,
D0193,keluhan,
D0193,masyarakat,
D0193,terkait,
D0193,peredaran,
D0193,narkoba,
D0193,miras,
D0193,yang,
D0193,meresahkan,
D0193,masyarakat,
D0193,dan,
D0193,berujung,
D0193,pada,
D0193,perkelahian,
D0193,atau,
D0193,balap,
D0193,liar,
D0193,Razia,
D0193,untuk,
D0193,menekan,
D0193,angka,
D0193,kriminalitas,
D0193,pungkasnya,
D0194,Driver,
D0194,ojek,
D0194,online,
D0194,ojol,
D0194,di,
D0194,Kota,
D0194,Tasikmalaya,
D0194,melakukan,
D0194,aksi,
D0194,demonstrasi,
D0194,ke,
D0194,kantor,
D0194,sebuah,
D0194,layanan,
D0194,transportasi,
D0194,online,
D0194,di,
D0194,kota,
D0194,tersebut,
D0194,Mereka,
D0194,menuntut,
D0194,bonus,
D0194,hari,
D0194,raya,
D0194,BHR,
D0194,yang,
D0194,tidak,
D0194,diberikan,
D0194,pihak,
D0194,aplikasi,
D0194,kepada,
D0194,mitra,
D0194,secara,
D0194,merata,
D0194,Aksi,
D0194,yang,
D0194,digelar,
D0194,di,
D0194,kantor,
D0194,sebuah,
D0194,layanan,
D0194,transportasi,
D0194,online,
D0194,yang,
D0194,berada,
D0194,di,
D0194,Jalan,
D0194,Peta,
D0194,Kelurahan,
D0194,Kahuripan,
D0194,Kecamatan,
D0194,Tawang,
D0194,Kota,
D0194,Tasikmalaya,
D0194,sempat,
D0194,diwarnai,
D0194,kericuhan,
D0194,Dari,
D0194,video,
D0194,yang,
D0194,beredar,
D0194,di,
D0194,media,
D0194,sosial,
D0194,pegawai,
D0194,kantor,
D0194,ojol,
D0194,itu,
D0194,tampak,
D0194,kewalahan,
D0194,meredam,
D0194,amarah,
D0194,beberapa,
D0194,orang,
D0194,driver,
D0194,yang,
D0194,tampak,
D0194,tersulut,
D0194,emosi,
D0194,Seorang,
D0194,pengemudi,
D0194,terlihat,
D0194,kontak,
D0194,fisik,
D0194,dengan,
D0194,seorang,
D0194,pegawai,
D0194,kantor,
D0194,ojol,
D0194,tersebut,
D0194,SCROLL,
D0194,TO,
D0194,CONTINUE,
D0194,WITH,
D0194,CONTENT,
D0194,Massa,
D0194,yang,
D0194,protes,
D0194,melakukan,
D0194,aksi,
D0194,brutal,
D0194,di,
D0194,mana,
D0194,seorang,
D0194,pria,
D0194,berperawakan,
D0194,tinggi,
D0194,dan,
D0194,kepala,
D0194,pelontos,
D0194,meraih,
D0194,benda,
D0194,yang,
D0194,diduga,
D0194,tabung,
D0194,alat,
D0194,pemadam,
D0194,api,
D0194,ringan,
D0194,APAR,
D0194,kemudian,
D0194,membantingnya,
D0194,ke,
D0194,lantai,
D0194,Di,
D0194,momen,
D0194,lain,
D0194,pria,
D0194,itu,
D0194,juga,
D0194,menendang,
D0194,meja,
D0194,dan,
D0194,menggulingkan,
D0194,kursi,
D0194,Pegawai,
D0194,perempuan,
D0194,yang,
D0194,merekam,
D0194,kejadian,
D0194,itu,
D0194,tampak,
D0194,berusaha,
D0194,menenangkan,
D0194,Perempuan,
D0194,itu,
D0194,mengatakan,
D0194,akan,
D0194,menghubungi,
D0194,pimpinan,
D0194,untuk,
D0194,menyampaikan,
D0194,tuntutan,
D0194,komunitas,
D0194,ojol,
D0194,tersebut,
D0194,Tapi,
D0194,kemarahan,
D0194,tak,
D0194,kunjung,
D0194,reda,
D0194,Kalau,
D0194,mau,
D0194,ngasih,
D0194,THR,
D0194,harus,
D0194,semuanya,
D0194,jangan,
D0194,yang,
D0194,dikasih,
D0194,dikasih,
D0194,yang,
D0194,enggak,
D0194,enggak,
D0194,kata,
D0194,salah,
D0194,seorang,
D0194,dari,
D0194,mereka,
D0194,Ini,
D0194,saya,
D0194,juga,
D0194,kan,
D0194,karyawan,
D0194,di,
D0194,sini,
D0194,pak,
D0194,saya,
D0194,nggak,
D0194,bisa,
D0194,memutuskan,
D0194,tambah,
D0194,perempuan,
D0194,perekam,
D0194,video,
D0194,Usai,
D0194,kejadian,
D0194,Unit,
D0194,Identifikasi,
D0194,Polres,
D0194,Tasikmalaya,
D0194,Kota,
D0194,tampak,
D0194,melakukan,
D0194,olah,
D0194,TKP,
D0194,di,
D0194,lokasi,
D0194,kejadian,
D0194,Polisi,
D0194,memeriksa,
D0194,dampak,
D0194,kerusakan,
D0194,dan,
D0194,mencari,
D0194,barang,
D0194,bukti,
D0194,serta,
D0194,mengumpulkan,
D0194,keterangan,
D0194,dari,
D0194,para,
D0194,saksi,
D0194,Kasi,
D0194,Humas,
D0194,Polres,
D0194,Tasikmalaya,
D0194,Kota,
D0194,Iptu,
D0194,Jajang,
D0194,Kurniawan,
D0194,membenarkan,
D0194,adanya,
D0194,kejadian,
D0194,tersebut,
D0194,Tapi,
D0194,polisi,
D0194,masih,
D0194,melakukan,
D0194,penyelidikan,
D0194,terkait,
D0194,duduk,
D0194,perkara,
D0194,masalah,
D0194,tersebut,
D0194,Tim,
D0194,Inafis,
D0194,sudah,
D0194,melakukan,
D0194,olah,
D0194,TKP,
D0194,kemudian,
D0194,tim,
D0194,dari,
D0194,Sat,
D0194,Reskrim,
D0194,sedang,
D0194,bergerak,
D0194,di,
D0194,lapangan,
D0194,untuk,
D0194,mencari,
D0194,pihakpihak,
D0194,terkait,
D0194,dalam,
D0194,kejadian,
D0194,tersebut,
D0194,kata,
D0194,Jajang,
D0194,Dari,
D0194,hasil,
D0194,penyelidikan,
D0194,sementara,
D0194,insiden,
D0194,itu,
D0194,dipicu,
D0194,oleh,
D0194,kekecewaan,
D0194,masalah,
D0194,pemberian,
D0194,bonus,
D0194,hari,
D0194,raya,
D0194,bagi,
D0194,pengemudi,
D0194,ojol,
D0194,Infonya,
D0194,seperti,
D0194,itu,
D0194,tapi,
D0194,masih,
D0194,kami,
D0194,selidiki,
D0194,Pihak,
D0194,kantor,
D0194,sudah,
D0194,membuat,
D0194,laporan,
D0194,resmi,
D0194,ke,
D0194,Mapolres,
D0194,kata,
D0194,Jajang,
D0194,Dalam,
D0194,kejadian,
D0194,ini,
D0194,pelaku,
D0194,kericuhan,
D0194,ditangkap,
D0194,polisi,
D0194,Ada,
D0194,dua,
D0194,orang,
D0194,yang,
D0194,berhasil,
D0194,ditangkap,
D0194,tim,
D0194,Resmob,
D0194,reserse,
D0194,mobil,
D0194,Satreskrim,
D0194,Polres,
D0194,Tasikmalaya,
D0194,Kota,
D0194,Sudah,
D0194,kami,
D0194,amankan,
D0194,2,
D0194,orang,
D0194,saat,
D0194,ini,
D0194,masih,
D0194,menjalani,
D0194,pemeriksaan,
D0194,di,
D0194,Sat,
D0194,Reskrim,
D0194,kata,
D0194,Kapolres,
D0194,Tasikmalaya,
D0194,Kota,
D0194,AKBP,
D0194,Moch,
D0194,Faruk,
D0194,Rozi,
D0194,Terkait,
D0194,status,
D0194,hukumnya,
D0194,kedua,
D0194,orang,
D0194,itu,
D0194,masih,
D0194,sebatas,
D0194,saksi,
D0194,karena,
D0194,polisi,
D0194,masih,
D0194,melakukan,
D0194,pemeriksaan,
D0194,terkait,
D0194,duduk,
D0194,perkaranya,
D0194,Belum,
D0194,belum,
D0194,tersangka,
D0194,masih,
D0194,kita,
D0194,periksa,
D0194,dulu,
D0194,Tapi,
D0194,keduanya,
D0194,sudah,
D0194,kami,
D0194,amankan,
D0194,kata,
D0194,Faruk,
D0194,Hasil,
D0194,penyelidikan,
D0194,sementara,
D0194,kata,
D0194,Faruk,
D0194,kekisruhan,
D0194,itu,
D0194,bukan,
D0194,aksi,
D0194,premanisme,
D0194,karena,
D0194,antara,
D0194,kedua,
D0194,pihak,
D0194,itu,
D0194,terjalin,
D0194,hubungan,
D0194,kerja,
D0194,Mereka,
D0194,yang,
D0194,mengamuk,
D0194,adalah,
D0194,mitra,
D0194,kerja,
D0194,alias,
D0194,pengemudi,
D0194,dari,
D0194,perusahaan,
D0194,transportasi,
D0194,online,
D0194,tersebut,
D0194,Jadi,
D0194,perkaranya,
D0194,lebih,
D0194,kepada,
D0194,kasus,
D0194,perusakan,
D0194,karena,
D0194,kedua,
D0194,pihak,
D0194,adalah,
D0194,mitra,
D0194,kerja,
D0194,pungkas,
D0194,Faruk,
D0195,Seorang,
D0195,pria,
D0195,bernama,
D0195,Sahar,
D0195,32,
D0195,ditangkap,
D0195,polisi,
D0195,setelah,
D0195,menyekap,
D0195,dan,
D0195,memerkosa,
D0195,perempuan,
D0195,yang,
D0195,merupakan,
D0195,istri,
D0195,temannya,
D0195,di,
D0195,Kabupaten,
D0195,Pinrang,
D0195,Sulawesi,
D0195,Selatan,
D0195,Sulsel,
D0195,Pelaku,
D0195,awalnya,
D0195,menawarkan,
D0195,diri,
D0195,untuk,
D0195,menengahi,
D0195,konflik,
D0195,rumah,
D0195,tangga,
D0195,korban,
D0195,dan,
D0195,suaminya,
D0195,Pelaku,
D0195,ini,
D0195,teman,
D0195,dari,
D0195,suami,
D0195,korban,
D0195,Dia,
D0195,berpurapura,
D0195,ingin,
D0195,membantu,
D0195,memediasi,
D0195,agar,
D0195,korban,
D0195,bisa,
D0195,akur,
D0195,kembali,
D0195,dengan,
D0195,suaminya,
D0195,kata,
D0195,Kasat,
D0195,Reskrim,
D0195,Polres,
D0195,Pinrang,
D0195,Iptu,
D0195,Andi,
D0195,Reza,
D0195,Pahlawan,
D0195,dilansir,
D0195,dari,
D0195,detikSulsel,
D0195,Sabtu,
D0195,2932025,
D0195,Menurut,
D0195,Andi,
D0195,Reza,
D0195,peristiwa,
D0195,itu,
D0195,terjadi,
D0195,pada,
D0195,Januari,
D0195,2025,
D0195,di,
D0195,Kelurahan,
D0195,Maccorawalie,
D0195,Kecamatan,
D0195,Watang,
D0195,Sawitto,
D0195,Kabupaten,
D0195,Pinrang,
D0195,Pelaku,
D0195,menjemput,
D0195,korban,
D0195,dari,
D0195,rumah,
D0195,temannya,
D0195,dengan,
D0195,dalih,
D0195,akan,
D0195,mempertemukannya,
D0195,dengan,
D0195,sang,
D0195,suami,
D0195,SCROLL,
D0195,TO,
D0195,CONTINUE,
D0195,WITH,
D0195,CONTENT,
D0195,Pelaku,
D0195,menjemput,
D0195,korban,
D0195,dengan,
D0195,mengaku,
D0195,akan,
D0195,mempertemukan,
D0195,dengan,
D0195,suaminya,
D0195,Namun,
D0195,pelaku,
D0195,malah,
D0195,membawa,
D0195,korban,
D0195,ke,
D0195,rumahnya,
D0195,bukan,
D0195,ke,
D0195,rumah,
D0195,suami,
D0195,korban,
D0195,Pelaku,
D0195,berdalih,
D0195,akan,
D0195,menghubungi,
D0195,suami,
D0195,korban,
D0195,untuk,
D0195,dilakukan,
D0195,mediasi,
D0195,di,
D0195,rumahnya,
D0195,ujarnya,
D0195,Alihalih,
D0195,menelepon,
D0195,suami,
D0195,korban,
D0195,pelaku,
D0195,justru,
D0195,mengurung,
D0195,korban,
D0195,di,
D0195,dalam,
D0195,rumahnya,
D0195,selama,
D0195,seminggu,
D0195,Korban,
D0195,dipaksa,
D0195,untuk,
D0195,berhubungan,
D0195,badan,
D0195,berulang,
D0195,kali,
D0195,di,
D0195,bawah,
D0195,ancaman,
D0195,Pelaku,
D0195,masuk,
D0195,ke,
D0195,dalam,
D0195,rumah,
D0195,dan,
D0195,langsung,
D0195,mengunci,
D0195,pintu,
D0195,lalu,
D0195,memaksa,
D0195,serta,
D0195,mengancam,
D0195,korban,
D0195,untuk,
D0195,melakukan,
D0195,hubungan,
D0195,badan,
D0195,secara,
D0195,berulang,
D0195,kali,
D0195,selama,
D0195,lebih,
D0195,kurang,
D0195,seminggu,
D0195,imbuhnya,
D0195,Pelaku,
D0195,selalu,
D0195,memastikan,
D0195,pintu,
D0195,rumah,
D0195,terkunci,
D0195,sehingga,
D0195,korban,
D0195,tidak,
D0195,bisa,
D0195,melarikan,
D0195,diri,
D0195,Setelah,
D0195,merasa,
D0195,puas,
D0195,pelaku,
D0195,akhirnya,
D0195,membawa,
D0195,korban,
D0195,kembali,
D0195,ke,
D0195,suaminya,
D0195,Pelaku,
D0195,sendiri,
D0195,yang,
D0195,mengantarkan,
D0195,korban,
D0195,pulang,
D0195,ke,
D0195,rumah,
D0195,suaminya,
D0195,Saat,
D0195,itu,
D0195,pelaku,
D0195,mengatakan,
D0195,kepada,
D0195,suami,
D0195,korban,
D0195,agar,
D0195,tidak,
D0195,meninggalkan,
D0195,korban,
D0195,karena,
D0195,korban,
D0195,dalam,
D0195,keadaan,
D0195,hamil,
D0195,jelas,
D0195,Reza,
D0195,Korban,
D0195,yang,
D0195,merasa,
D0195,keberatan,
D0195,kemudian,
D0195,melaporkan,
D0195,kejadian,
D0195,tersebut,
D0195,ke,
D0195,Mapolres,
D0195,Pinrang,
D0195,Berdasarkan,
D0195,laporan,
D0195,itu,
D0195,polisi,
D0195,bergerak,
D0195,menangkap,
D0195,pelaku,
D0195,di,
D0195,Desa,
D0195,Pesulong,
D0195,Kecamatan,
D0195,Pamboang,
D0195,Kabupaten,
D0195,Majene,
D0195,Sulawesi,
D0195,Barat,
D0195,Sulbar,
D0195,pada,
D0195,Senin,
D0195,243,
D0195,sekitar,
D0195,pukul,
D0195,2300,
D0195,Wita,
D0195,Pelaku,
D0195,sudah,
D0195,kami,
D0195,tahan,
D0195,dan,
D0195,ditetapkan,
D0195,sebagai,
D0195,tersangka,
D0195,pungkasnya,
D0195,Artikel,
D0195,ini,
D0195,telah,
D0195,tayang,
D0195,di,
D0195,detikSulsel,
D0195,Baca,
D0195,selengkapnya,
D0195,di,
D0195,sini,
D0196,Polres,
D0196,Badung,
D0196,akan,
D0196,mengerahkan,
D0196,personelnya,
D0196,untuk,
D0196,patroli,
D0196,di,
D0196,permukiman,
D0196,yang,
D0196,sebagian,
D0196,masyarakatnya,
D0196,pulang,
D0196,kampung,
D0196,atau,
D0196,mudik,
D0196,Idul,
D0196,Fitri,
D0196,Patroli,
D0196,dilakukan,
D0196,untuk,
D0196,mengantisipasi,
D0196,potensi,
D0196,kejahatan,
D0196,Kapolres,
D0196,Badung,
D0196,AKBP,
D0196,M,
D0196,Arif,
D0196,Batubara,
D0196,meminta,
D0196,masyarakat,
D0196,yang,
D0196,mudik,
D0196,untuk,
D0196,melapor,
D0196,ke,
D0196,kepala,
D0196,lingkungan,
D0196,masingmasing,
D0196,Tujuannya,
D0196,agar,
D0196,para,
D0196,perangkat,
D0196,dusun,
D0196,mengetahui,
D0196,warga,
D0196,mana,
D0196,saja,
D0196,yang,
D0196,pulang,
D0196,kampung,
D0196,Sistemnya,
D0196,nanti,
D0196,masyarakat,
D0196,yang,
D0196,mudik,
D0196,berkoordinasi,
D0196,dengan,
D0196,kepala,
D0196,lingkungan,
D0196,untuk,
D0196,disampaikan,
D0196,ke,
D0196,polisi,
D0196,Kemudian,
D0196,nanti,
D0196,anggota,
D0196,kami,
D0196,akan,
D0196,lakukan,
D0196,patroli,
D0196,di,
D0196,mana,
D0196,lokasi,
D0196,rumah,
D0196,warga,
D0196,yang,
D0196,ditinggal,
D0196,pulang,
D0196,kampung,
D0196,kata,
D0196,Arif,
D0196,dalam,
D0196,keterangan,
D0196,pers,
D0196,Kamis,
D0196,2732025,
D0196,SCROLL,
D0196,TO,
D0196,CONTINUE,
D0196,WITH,
D0196,CONTENT,
D0196,Arif,
D0196,menjelaskan,
D0196,para,
D0196,Bhabinkamtibmas,
D0196,di,
D0196,masingmasing,
D0196,desa,
D0196,akan,
D0196,memantau,
D0196,rumah,
D0196,warga,
D0196,mana,
D0196,saja,
D0196,yang,
D0196,ditinggal,
D0196,mudik,
D0196,Polisi,
D0196,fokus,
D0196,melakukan,
D0196,patroli,
D0196,di,
D0196,daerah,
D0196,padat,
D0196,penduduk,
D0196,seperti,
D0196,wilayah,
D0196,Kuta,
D0196,Utara,
D0196,Abiansemal,
D0196,dan,
D0196,Kecamatan,
D0196,Mengwi,
D0196,Selama,
D0196,masyarakat,
D0196,mudik,
D0196,praktis,
D0196,banyak,
D0196,rumah,
D0196,yang,
D0196,akan,
D0196,kosong,
D0196,ditinggal,
D0196,pemiliknya,
D0196,Arif,
D0196,menjelaskan,
D0196,kondisi,
D0196,itu,
D0196,berpotensi,
D0196,memicu,
D0196,tindak,
D0196,kriminalitas,
D0196,karena,
D0196,rumah,
D0196,kosong,
D0196,menjadi,
D0196,incaran,
D0196,empuk,
D0196,maling,
D0196,Patroli,
D0196,khususnya,
D0196,di,
D0196,jam,
D0196,rawan,
D0196,setiap,
D0196,hari,
D0196,di,
D0196,lokasi,
D0196,yang,
D0196,terdata,
D0196,itu,
D0196,Setiap,
D0196,hari,
D0196,dari,
D0196,Polres,
D0196,dan,
D0196,Polsek,
D0196,itu,
D0196,lebih,
D0196,kurang,
D0196,15,
D0196,orang,
D0196,personel,
D0196,yang,
D0196,setiap,
D0196,malam,
D0196,akan,
D0196,lakukan,
D0196,patroli,
D0196,ucap,
D0196,Arif,
D0196,Arif,
D0196,mengingatkan,
D0196,masyarakat,
D0196,yang,
D0196,akan,
D0196,pulang,
D0196,kampung,
D0196,untuk,
D0196,selalu,
D0196,ingat,
D0196,mengunci,
D0196,rumah,
D0196,dan,
D0196,memastikan,
D0196,listrik,
D0196,sudah,
D0196,dimatikan,
D0196,untuk,
D0196,mencegah,
D0196,terjadi,
D0196,korsleting,
D0196,Warga,
D0196,yang,
D0196,mudik,
D0196,juga,
D0196,agar,
D0196,menitipkan,
D0196,rumahnya,
D0196,kepada,
D0196,tetangga,
D0196,yang,
D0196,tidak,
D0196,pulang,
D0196,kampung,
D0196,dan,
D0196,tetap,
D0196,menginfokan,
D0196,kepada,
D0196,kaling,
D0196,Masyarakat,
D0196,yang,
D0196,ada,
D0196,di,
D0196,sana,
D0196,bisa,
D0196,ikut,
D0196,memantau,
D0196,dan,
D0196,tahu,
D0196,bahwa,
D0196,rumah,
D0196,mereka,
D0196,kosong,
D0196,di,
D0196,samping,
D0196,kami,
D0196,juga,
D0196,lakukan,
D0196,patroli,
D0196,rutin,
D0196,tandas,
D0196,Arif,
D0197,Seorang,
D0197,pria,
D0197,di,
D0197,Kabupaten,
D0197,Tapanuli,
D0197,Tengah,
D0197,Tapteng,
D0197,Sumatera,
D0197,Utara,
D0197,Sumut,
D0197,RG,
D0197,45,
D0197,membakar,
D0197,rumah,
D0197,majikannya,
D0197,inisial,
D0197,HA,
D0197,Peristiwa,
D0197,itu,
D0197,dipicu,
D0197,berbagai,
D0197,hal,
D0197,salah,
D0197,satunya,
D0197,karena,
D0197,kesal,
D0197,tidak,
D0197,digaji,
D0197,Kapolres,
D0197,Tapteng,
D0197,AKBP,
D0197,Wahyu,
D0197,Endrajaya,
D0197,mengatakan,
D0197,peristiwa,
D0197,itu,
D0197,terjadi,
D0197,Jalan,
D0197,Prof,
D0197,M,
D0197,Hazairin,
D0197,Kecamatan,
D0197,Pandan,
D0197,Jumat,
D0197,1422025,
D0197,RG,
D0197,diduga,
D0197,sengaja,
D0197,membakar,
D0197,rumah,
D0197,tersebut,
D0197,setelah,
D0197,merasa,
D0197,marah,
D0197,kepada,
D0197,majikannya,
D0197,kata,
D0197,Wahyu,
D0197,saat,
D0197,konferensi,
D0197,pers,
D0197,Kamis,
D0197,273,
D0197,SCROLL,
D0197,TO,
D0197,CONTINUE,
D0197,WITH,
D0197,CONTENT,
D0197,Wahyu,
D0197,menyebut,
D0197,kejadian,
D0197,itu,
D0197,berawal,
D0197,sekitar,
D0197,pukul,
D0197,2200,
D0197,WIB,
D0197,Saat,
D0197,itu,
D0197,korban,
D0197,mendengar,
D0197,suara,
D0197,ledakan,
D0197,Setelah,
D0197,dicek,
D0197,api,
D0197,telah,
D0197,membakar,
D0197,bagian,
D0197,depan,
D0197,rumahnya,
D0197,Sontak,
D0197,korban,
D0197,pun,
D0197,berupaya,
D0197,menyelamatkan,
D0197,barangbarangnya,
D0197,yang,
D0197,diletakkan,
D0197,di,
D0197,depan,
D0197,rumah,
D0197,tersebut,
D0197,Dengan,
D0197,bantuan,
D0197,istrinya,
D0197,dan,
D0197,RG,
D0197,api,
D0197,akhirnya,
D0197,berhasil,
D0197,dipadamkan,
D0197,sebelum,
D0197,meluas,
D0197,jelasnya,
D0197,Dalam,
D0197,peristiwa,
D0197,itu,
D0197,bagian,
D0197,plafon,
D0197,rumah,
D0197,sepeda,
D0197,anakanak,
D0197,dan,
D0197,sejumlah,
D0197,barang,
D0197,lainnya,
D0197,hangus,
D0197,terbakar,
D0197,Akibatnya,
D0197,korban,
D0197,mengalami,
D0197,kerugian,
D0197,hingga,
D0197,Rp,
D0197,5,
D0197,juta,
D0197,Pihak,
D0197,kepolisian,
D0197,pun,
D0197,menyelidiki,
D0197,peristiwa,
D0197,itu,
D0197,Berdasarkan,
D0197,hasil,
D0197,pengecekan,
D0197,rekaman,
D0197,CCTV,
D0197,terlihat,
D0197,saat,
D0197,RG,
D0197,melakukan,
D0197,aksinya,
D0197,Dari,
D0197,buktibukti,
D0197,yang,
D0197,ada,
D0197,petugas,
D0197,menetapkan,
D0197,RG,
D0197,sebagai,
D0197,tersangka,
D0197,pada,
D0197,Rabu,
D0197,193,
D0197,dan,
D0197,menangkapnya,
D0197,di,
D0197,Jalan,
D0197,Faisal,
D0197,Tanjung,
D0197,Jumat,
D0197,213,
D0197,Pelaku,
D0197,mengaku,
D0197,bahwa,
D0197,kebakarannya,
D0197,dimulai,
D0197,dengan,
D0197,menyalakan,
D0197,api,
D0197,menggunakan,
D0197,mancis,
D0197,RG,
D0197,membakar,
D0197,sandal,
D0197,bekas,
D0197,yang,
D0197,dilemparkan,
D0197,ke,
D0197,arah,
D0197,barangbarang,
D0197,di,
D0197,depan,
D0197,rumah,
D0197,ujarnya,
D0197,Saat,
D0197,diinterogasi,
D0197,pelaku,
D0197,mengaku,
D0197,nekat,
D0197,melakukan,
D0197,hal,
D0197,itu,
D0197,karena,
D0197,kesal,
D0197,ke,
D0197,korban,
D0197,Sebab,
D0197,korban,
D0197,kerap,
D0197,memarahinya,
D0197,dan,
D0197,tidak,
D0197,membayar,
D0197,gajinya,
D0197,RG,
D0197,diduga,
D0197,sengaja,
D0197,membakar,
D0197,rumah,
D0197,tersebut,
D0197,setelah,
D0197,merasa,
D0197,marah,
D0197,kepada,
D0197,majikannya,
D0197,Dia,
D0197,merasa,
D0197,sering,
D0197,dimarahi,
D0197,dan,
D0197,diperlakukan,
D0197,kasar,
D0197,oleh,
D0197,korban,
D0197,termasuk,
D0197,tidak,
D0197,dibayar,
D0197,gaji,
D0197,jelasnya,
D0198,Pria,
D0198,berinisial,
D0198,MD,
D0198,dianiaya,
D0198,di,
D0198,Pancoran,
D0198,Mas,
D0198,Depok,
D0198,Jawa,
D0198,Barat,
D0198,Jabar,
D0198,Tidak,
D0198,hanya,
D0198,dianiaya,
D0198,MD,
D0198,bahkan,
D0198,mengalami,
D0198,luka,
D0198,tusuk,
D0198,di,
D0198,bagian,
D0198,kepala,
D0198,Kabid,
D0198,Humas,
D0198,Polda,
D0198,Metro,
D0198,Jaya,
D0198,Kombes,
D0198,Ade,
D0198,Ary,
D0198,Syam,
D0198,Indradi,
D0198,mengatakan,
D0198,kejadian,
D0198,penganiayaan,
D0198,terjadi,
D0198,pada,
D0198,Senin,
D0198,243,
D0198,dini,
D0198,hari,
D0198,Pelapor,
D0198,pertama,
D0198,kali,
D0198,dikabari,
D0198,bahwa,
D0198,kakaknya,
D0198,tengah,
D0198,berada,
D0198,di,
D0198,klinik,
D0198,Telah,
D0198,terjadi,
D0198,tindak,
D0198,pidana,
D0198,penganiayaan,
D0198,terhadap,
D0198,korban,
D0198,ujarnya,
D0198,dikutip,
D0198,detikNews,
D0198,Rabu,
D0198,2632025,
D0198,SCROLL,
D0198,TO,
D0198,CONTINUE,
D0198,WITH,
D0198,CONTENT,
D0198,Saat,
D0198,dicek,
D0198,pelapor,
D0198,mendapati,
D0198,kakaknya,
D0198,sudah,
D0198,dalam,
D0198,kondisi,
D0198,bersimbah,
D0198,darah,
D0198,Korban,
D0198,mengalami,
D0198,luka,
D0198,tusukan,
D0198,di,
D0198,bagian,
D0198,kepala,
D0198,sepuluh,
D0198,lobang,
D0198,Memberitahukan,
D0198,bahwasannya,
D0198,abang,
D0198,sakit,
D0198,di,
D0198,klinik,
D0198,Kemudian,
D0198,pelapor,
D0198,langsung,
D0198,datang,
D0198,ke,
D0198,klinik,
D0198,dan,
D0198,melihat,
D0198,abangnya,
D0198,sudah,
D0198,tergeletak,
D0198,penuh,
D0198,darah,
D0198,di,
D0198,bagian,
D0198,kepala,
D0198,ujarnya,
D0198,Ade,
D0198,Ary,
D0198,menambahkan,
D0198,belum,
D0198,diketahui,
D0198,penyebab,
D0198,dan,
D0198,duduk,
D0198,perkara,
D0198,penganiayaan,
D0198,terhadap,
D0198,korban,
D0198,Saat,
D0198,ini,
D0198,kasus,
D0198,ditangani,
D0198,Polsek,
D0198,Pancoran,
D0198,Mas,
D0198,Dalam,
D0198,hal,
D0198,kejadian,
D0198,ini,
D0198,tidak,
D0198,ada,
D0198,barang,
D0198,hilang,
D0198,Selanjutnya,
D0198,pelapor,
D0198,melaporkan,
D0198,kejadian,
D0198,tersebut,
D0198,ke,
D0198,Polsek,
D0198,Pancoran,
D0198,Mas,
D0198,tuturnya,
D0199,Sebuah,
D0199,video,
D0199,aksi,
D0199,tawuran,
D0199,yang,
D0199,viral,
D0199,di,
D0199,media,
D0199,sosial,
D0199,membawa,
D0199,polisi,
D0199,mengungkap,
D0199,keterlibatan,
D0199,geng,
D0199,motor,
D0199,dalam,
D0199,sejumlah,
D0199,aksi,
D0199,kekerasan,
D0199,di,
D0199,Sukabumi,
D0199,Polisi,
D0199,menangkap,
D0199,tiga,
D0199,pemuda,
D0199,yang,
D0199,diketahui,
D0199,pernah,
D0199,melakukan,
D0199,pengeroyokan,
D0199,sambil,
D0199,membawa,
D0199,senjata,
D0199,tajam,
D0199,di,
D0199,sebuah,
D0199,minimarket,
D0199,Aksi,
D0199,dalam,
D0199,video,
D0199,itu,
D0199,memperlihatkan,
D0199,konvoi,
D0199,sejumlah,
D0199,pemuda,
D0199,menggunakan,
D0199,sepeda,
D0199,motor,
D0199,sambil,
D0199,membawa,
D0199,senjata,
D0199,tajam,
D0199,Video,
D0199,tersebut,
D0199,langsung,
D0199,direspons,
D0199,cepat,
D0199,oleh,
D0199,Unit,
D0199,Tipidum,
D0199,Subnit,
D0199,Jatanras,
D0199,Satreskrim,
D0199,Polres,
D0199,Sukabumi,
D0199,yang,
D0199,kemudian,
D0199,melakukan,
D0199,penangkapan,
D0199,pada,
D0199,Senin,
D0199,2432025,
D0199,sekitar,
D0199,pukul,
D0199,0015,
D0199,WIB,
D0199,di,
D0199,Jalan,
D0199,Raya,
D0199,Gunung,
D0199,Butak,
D0199,Desa,
D0199,Citepus,
D0199,Kecamatan,
D0199,Palabuhanratu,
D0199,Para,
D0199,pelaku,
D0199,diamankan,
D0199,karena,
D0199,membawa,
D0199,senjata,
D0199,tajam,
D0199,Mereka,
D0199,berkonvoi,
D0199,dari,
D0199,Kampung,
D0199,Lio,
D0199,Desa,
D0199,Citarik,
D0199,menuju,
D0199,wilayah,
D0199,Cimaja,
D0199,Kecamatan,
D0199,Cikakak,
D0199,ujar,
D0199,Kasi,
D0199,Humas,
D0199,Polres,
D0199,Sukabumi,
D0199,Iptu,
D0199,Aah,
D0199,Saepulrohman,
D0199,dalam,
D0199,keterangan,
D0199,tertulisnya,
D0199,Rabu,
D0199,2632025,
D0199,SCROLL,
D0199,TO,
D0199,CONTINUE,
D0199,WITH,
D0199,CONTENT,
D0199,Tiga,
D0199,orang,
D0199,pemuda,
D0199,berhasil,
D0199,diamankan,
D0199,yakni,
D0199,N,
D0199,22,
D0199,dan,
D0199,D,
D0199,alias,
D0199,Komeng,
D0199,29,
D0199,keduanya,
D0199,warga,
D0199,Kampung,
D0199,Lio,
D0199,Desa,
D0199,Citarik,
D0199,serta,
D0199,AW,
D0199,28,
D0199,warga,
D0199,Desa,
D0199,Karangpapak,
D0199,Sementara,
D0199,dua,
D0199,pelaku,
D0199,lain,
D0199,RA,
D0199,dan,
D0199,R,
D0199,alias,
D0199,Riad,
D0199,masih,
D0199,buron,
D0199,dan,
D0199,masuk,
D0199,dalam,
D0199,Daftar,
D0199,Pencarian,
D0199,Orang,
D0199,DPO,
D0199,Dari,
D0199,tangan,
D0199,para,
D0199,pelaku,
D0199,polisi,
D0199,menyita,
D0199,sejumlah,
D0199,barang,
D0199,bukti,
D0199,berupa,
D0199,satu,
D0199,bilah,
D0199,golok,
D0199,sebuah,
D0199,katana,
D0199,satu,
D0199,katana,
D0199,bertongkat,
D0199,dan,
D0199,empat,
D0199,unit,
D0199,sepeda,
D0199,motor,
D0199,Dari,
D0199,hasil,
D0199,pemeriksaan,
D0199,para,
D0199,pelaku,
D0199,diketahui,
D0199,merupakan,
D0199,anggota,
D0199,salah,
D0199,satu,
D0199,geng,
D0199,motor,
D0199,Mereka,
D0199,diduga,
D0199,hendak,
D0199,melakukan,
D0199,tawuran,
D0199,dengan,
D0199,kelompok,
D0199,lain,
D0199,di,
D0199,wilayah,
D0199,Cimaja,
D0199,dengan,
D0199,motif,
D0199,dendam,
D0199,antarkelompok,
D0199,jelas,
D0199,Aah,
D0199,Penelusuran,
D0199,polisi,
D0199,terhadap,
D0199,para,
D0199,tersangka,
D0199,juga,
D0199,mengarah,
D0199,pada,
D0199,kasus,
D0199,lain,
D0199,yang,
D0199,terjadi,
D0199,sepekan,
D0199,sebelumnya,
D0199,Ketiganya,
D0199,ternyata,
D0199,terlibat,
D0199,dalam,
D0199,aksi,
D0199,pengeroyokan,
D0199,di,
D0199,depan,
D0199,Alfamart,
D0199,Cikakak,
D0199,pada,
D0199,17,
D0199,Maret,
D0199,2025,
D0199,Dalam,
D0199,insiden,
D0199,tersebut,
D0199,lima,
D0199,orang,
D0199,melakukan,
D0199,penganiayaan,
D0199,sambil,
D0199,membawa,
D0199,senjata,
D0199,tajam,
D0199,Kasus,
D0199,pengeroyokan,
D0199,itu,
D0199,kini,
D0199,sudah,
D0199,masuk,
D0199,ke,
D0199,tahap,
D0199,penyidikan,
D0199,Saat,
D0199,ini,
D0199,para,
D0199,tersangka,
D0199,kami,
D0199,tahan,
D0199,dalam,
D0199,kasus,
D0199,membawa,
D0199,senjata,
D0199,tajam,
D0199,dan,
D0199,akan,
D0199,kami,
D0199,proses,
D0199,lebih,
D0199,lanjut,
D0199,dalam,
D0199,kasus,
D0199,pengeroyokan,
D0199,katanya,
D0199,Aah,
D0199,menyebut,
D0199,pihak,
D0199,kepolisian,
D0199,terus,
D0199,mendalami,
D0199,keterlibatan,
D0199,para,
D0199,pelaku,
D0199,dalam,
D0199,aksi,
D0199,kriminal,
D0199,lainnya,
D0199,termasuk,
D0199,potensi,
D0199,keterkaitan,
D0199,dengan,
D0199,jaringan,
D0199,geng,
D0199,motor,
D0199,yang,
D0199,lebih,
D0199,luas,
D0199,Saat,
D0199,ini,
D0199,petugas,
D0199,Satreskrim,
D0199,masih,
D0199,melakukan,
D0199,pendalaman,
D0199,terkait,
D0199,rentetan,
D0199,kasus,
D0199,yang,
D0199,melibatkan,
D0199,geng,
D0199,bermotor,
D0199,tersebut,
D0199,pungkasnya,
D0200,Video,
D0200,Anggota,
D0200,Brimob,
D0200,Polda,
D0200,Sumsel,
D0200,Turut,
D0200,Jadi,
D0200,Tersangka,
D0200,Perjudian,
D0200,Sabung,
D0200,Ayam,
D0200,Lampung,
D0200,Video,
D0200,Anggota,
D0200,Brimob,
D0200,Polda,
D0200,Sumsel,
D0200,Turut,
D0200,Jadi,
D0200,Tersangka,
D0200,Perjudian,
D0200,Sabung,
D0200,Ayam,
D0200,Lampung,
D0200,nkmnkm,
D0200,polda,
D0200,sumsel,
D0200,anggota,
D0200,brimob,
D0200,kasus,
D0200,sabung,
D0200,ayam,
D0200,penembakan,
D0200,polisi,
D0200,lampung,
D0200,kriminalitas,
D0200,tni,
D0200,berita,
D0200,terkini,
D0200,hukum,
D0201,Dua,
D0201,anggota,
D0201,TNI,
D0201,Kopka,
D0201,Basar,
D0201,dan,
D0201,Peltu,
D0201,Yohanes,
D0201,Lubis,
D0201,penembak,
D0201,3,
D0201,polisi,
D0201,di,
D0201,Lampung,
D0201,ditetapkan,
D0201,sebagai,
D0201,tersangka,
D0201,Begini,
D0201,tampang,
D0201,kedua,
D0201,tersangka,
D0201,Dikutip,
D0201,detikSumbagsel,
D0201,tampang,
D0201,Kopka,
D0201,Basar,
D0201,dan,
D0201,Peltu,
D0201,Yohanes,
D0201,ditampilkan,
D0201,di,
D0201,layer,
D0201,saat,
D0201,konferensi,
D0201,pers,
D0201,di,
D0201,Mapolda,
D0201,Lampung,
D0201,Kedua,
D0201,tersangka,
D0201,dijerat,
D0201,pasal,
D0201,berbeda,
D0201,Untuk,
D0201,Kopda,
D0201,B,
D0201,dijerat,
D0201,dengan,
D0201,Pasal,
D0201,340,
D0201,junto,
D0201,338,
D0201,KUHPidana,
D0201,Sementara,
D0201,untuk,
D0201,Peltu,
D0201,L,
D0201,dijerat,
D0201,dengan,
D0201,Pasal,
D0201,303,
D0201,KUHPidana,
D0201,kata,
D0201,Danpuspomad,
D0201,Mayjend,
D0201,TNI,
D0201,Eka,
D0201,Wijaya,
D0201,Permana,
D0201,Selasa,
D0201,2532025,
D0201,SCROLL,
D0201,TO,
D0201,CONTINUE,
D0201,WITH,
D0201,CONTENT,
D0201,Mayjend,
D0201,Eka,
D0201,mengatakan,
D0201,pihaknya,
D0201,telah,
D0201,menyita,
D0201,senjata,
D0201,api,
D0201,milik,
D0201,Kopda,
D0201,Basar,
D0201,yang,
D0201,ditemukan,
D0201,di,
D0201,lokasi,
D0201,kejadian,
D0201,Senjatanya,
D0201,sudah,
D0201,diamankan,
D0201,senjata,
D0201,api,
D0201,laras,
D0201,panjang,
D0201,rakitan,
D0201,ungkapnya,
D0201,Untuk,
D0201,senjata,
D0201,tersebut,
D0201,kata,
D0201,Eka,
D0201,akan,
D0201,direncanakan,
D0201,akan,
D0201,dilakukan,
D0201,uji,
D0201,balistik,
D0201,melibatkan,
D0201,Mabes,
D0201,Polri,
D0201,guna,
D0201,proses,
D0201,penyelidikan,
D0201,Saat,
D0201,ini,
D0201,senjatanya,
D0201,masih,
D0201,di,
D0201,Denpom,
D0201,Lampung,
D0201,jenis,
D0201,SS1,
D0201,rakitan,
D0201,tapi,
D0201,direncanakan,
D0201,akan,
D0201,dilakukan,
D0201,uji,
D0201,balistik,
D0201,di,
D0201,Pindad,
D0201,karena,
D0201,ada,
D0201,beberapa,
D0201,bagian,
D0201,sparepart,
D0201,dari,
D0201,Pindad,
D0201,Ini,
D0201,akan,
D0201,melibatkan,
D0201,Mabes,
D0201,Polri,
D0201,jelas,
D0201,dia,
D0201,Sebelumnya,
D0201,Kopda,
D0201,Basar,
D0201,dan,
D0201,Peltu,
D0201,Lubis,
D0201,dua,
D0201,anggota,
D0201,TNI,
D0201,terlibat,
D0201,dalam,
D0201,peristiwa,
D0201,penembakan,
D0201,3,
D0201,anggota,
D0201,Polri,
D0201,di,
D0201,Lampung,
D0201,resmi,
D0201,menjadi,
D0201,tersangka,
D0201,Dari,
D0201,hasil,
D0201,penyelidikan,
D0201,pelaku,
D0201,penembakan,
D0201,adalah,
D0201,Kopda,
D0201,Basar,
D0201,Hal,
D0201,tersebut,
D0201,diketahui,
D0201,dalam,
D0201,pers,
D0201,rilis,
D0201,hasil,
D0201,penyelidikan,
D0201,tim,
D0201,join,
D0201,investigasi,
D0201,yang,
D0201,berlangsung,
D0201,di,
D0201,Mapolda,
D0201,Lampung,
D0201,pada,
D0201,Selasa,
D0201,2532025,
D0201,Dari,
D0201,hasil,
D0201,penyelidikan,
D0201,dan,
D0201,keterangan,
D0201,saksisaksi,
D0201,baik,
D0201,dari,
D0201,Polri,
D0201,dan,
D0201,masyarakat,
D0201,maupun,
D0201,tersangka,
D0201,pelaku,
D0201,penembakan,
D0201,3,
D0201,anggota,
D0201,Polri,
D0201,yakni,
D0201,Kopda,
D0201,B,
D0201,kata,
D0201,WS,
D0201,Danpuspomad,
D0201,Mayjend,
D0201,TNI,
D0201,Eka,
D0201,Wijaya,
D0201,Permana,
D0201,Eka,
D0201,menerangkan,
D0201,saat,
D0201,ini,
D0201,keduanya,
D0201,telah,
D0201,dilakukan,
D0201,penahanan,
D0201,di,
D0201,Mako,
D0201,Denpom,
D0201,II3,
D0201,Lampung,
D0201,Sudah,
D0201,dilakukan,
D0201,penahanan,
D0201,di,
D0201,Mako,
D0201,Denpom,
D0201,Lampung,
D0201,tuturnya,
D0202,Seorang,
D0202,asisten,
D0202,rumah,
D0202,tangga,
D0202,bernama,
D0202,Isma,
D0202,Riyanti,
D0202,31,
D0202,mencuri,
D0202,jam,
D0202,tangan,
D0202,mewah,
D0202,Patek,
D0202,Philippe,
D0202,seharga,
D0202,Rp,
D0202,3,
D0202,miliar,
D0202,milik,
D0202,majikannya,
D0202,di,
D0202,Jakarta,
D0202,Selatan,
D0202,Ia,
D0202,pun,
D0202,menjual,
D0202,jam,
D0202,tersebut,
D0202,seharga,
D0202,Rp,
D0202,550,
D0202,juta,
D0202,Atas,
D0202,perbuatannya,
D0202,Isma,
D0202,Riyanti,
D0202,telah,
D0202,ditetapkan,
D0202,sebagai,
D0202,tersangka,
D0202,dalam,
D0202,kasus,
D0202,pencurian,
D0202,tersebut,
D0202,Isma,
D0202,merupakan,
D0202,warga,
D0202,Simpang,
D0202,Bolon,
D0202,Kecamatan,
D0202,Garoga,
D0202,Tapanuli,
D0202,Utara,
D0202,Tak,
D0202,cuma,
D0202,mencuri,
D0202,dan,
D0202,menjual,
D0202,jam,
D0202,milik,
D0202,majikannya,
D0202,dia,
D0202,juga,
D0202,menggantinya,
D0202,dengan,
D0202,jam,
D0202,palsu,
D0202,yang,
D0202,mirip,
D0202,untuk,
D0202,mengelabui,
D0202,sang,
D0202,majikan,
D0202,SCROLL,
D0202,TO,
D0202,CONTINUE,
D0202,WITH,
D0202,CONTENT,
D0202,Sudah,
D0202,ditetapkan,
D0202,sebagai,
D0202,tersangka,
D0202,ujar,
D0202,Kasat,
D0202,Reskrim,
D0202,Polres,
D0202,Metro,
D0202,Jakarta,
D0202,Selatan,
D0202,AKBP,
D0202,Ardian,
D0202,Satrio,
D0202,Utomo,
D0202,dilansir,
D0202,detikNews,
D0202,Selasa,
D0202,2532025,
D0202,Ia,
D0202,pun,
D0202,dijerat,
D0202,dengan,
D0202,Pasal,
D0202,363,
D0202,KUHP,
D0202,tentang,
D0202,pencurian,
D0202,dengan,
D0202,pemberatan,
D0202,dan,
D0202,ditahan,
D0202,di,
D0202,Polres,
D0202,Metro,
D0202,Jakarta,
D0202,Selatan,
D0202,Sudah,
D0202,ditahan,
D0202,imbuhnya,
D0202,Pelaku,
D0202,ditangkap,
D0202,di,
D0202,Stasiun,
D0202,Gubeng,
D0202,Surabaya,
D0202,Jawa,
D0202,Timur,
D0202,pada,
D0202,Selasa,
D0202,183,
D0202,usai,
D0202,dilaporkan,
D0202,oleh,
D0202,majikannya,
D0202,karena,
D0202,mencuri,
D0202,jam,
D0202,tangan,
D0202,mewah,
D0202,tersebut,
D0202,Setelah,
D0202,diinterogasi,
D0202,yang,
D0202,bersangkutan,
D0202,mengakui,
D0202,telah,
D0202,mencuri,
D0202,jam,
D0202,tangan,
D0202,merek,
D0202,Patek,
D0202,Philippe,
D0202,seharga,
D0202,Rp,
D0202,3,
D0202,miliar,
D0202,di,
D0202,tempat,
D0202,korban,
D0202,menyimpan,
D0202,dan,
D0202,ditukar,
D0202,dengan,
D0202,yang,
D0202,palsu,
D0202,jelasnya,
D0202,Ismi,
D0202,juga,
D0202,sudah,
D0202,menjual,
D0202,jam,
D0202,tersebut,
D0202,seharga,
D0202,jauh,
D0202,lebih,
D0202,murah,
D0202,dari,
D0202,aslinya,
D0202,Jam,
D0202,itu,
D0202,dia,
D0202,jual,
D0202,senilai,
D0202,Rp,
D0202,550,
D0202,juta,
D0202,Harga,
D0202,jam,
D0202,Rp,
D0202,3,
D0202,miliar,
D0202,Dan,
D0202,untuk,
D0202,barang,
D0202,bukti,
D0202,sendiri,
D0202,di,
D0202,sini,
D0202,sudah,
D0202,berhasil,
D0202,dijual,
D0202,oleh,
D0202,pelaku,
D0202,senilai,
D0202,Rp,
D0202,550,
D0202,juta,
D0202,di,
D0202,wilayah,
D0202,Surabaya,
D0202,kata,
D0202,Kasat,
D0202,Reskrim,
D0202,Polres,
D0202,Metro,
D0202,Jakarta,
D0202,Selatan,
D0202,AKBP,
D0202,Ardian,
D0202,Satrio,
D0202,Utomo,
D0202,kepada,
D0202,wartawan,
D0202,Senin,
D0202,243,
D0202,Pemilik,
D0202,jam,
D0202,awalnya,
D0202,tak,
D0202,menyadari,
D0202,jamnya,
D0202,telah,
D0202,dicuri,
D0202,dan,
D0202,diganti,
D0202,dengan,
D0202,jam,
D0202,palsu,
D0202,Ia,
D0202,baru,
D0202,sadar,
D0202,belakangan,
D0202,saat,
D0202,melihat,
D0202,kembali,
D0202,jam,
D0202,yang,
D0202,ada,
D0202,ditempat,
D0202,penyimpanan,
D0202,Yang,
D0202,bersangkutan,
D0202,ada,
D0202,kesempatan,
D0202,menukar,
D0202,atau,
D0202,mengganti,
D0202,jam,
D0202,yang,
D0202,asli,
D0202,dengan,
D0202,jam,
D0202,yang,
D0202,palsu,
D0202,sehingga,
D0202,dengan,
D0202,cara,
D0202,tersebut,
D0202,pelaku,
D0202,mengelabui,
D0202,korban,
D0202,sehingga,
D0202,korban,
D0202,tidak,
D0202,langsung,
D0202,sadar,
D0202,Tapi,
D0202,setelah,
D0202,dilihat,
D0202,oleh,
D0202,korban,
D0202,ternyata,
D0202,jam,
D0202,atau,
D0202,barang,
D0202,tersebut,
D0202,diganti,
D0202,oleh,
D0202,pelaku,
D0202,dan,
D0202,disadari,
D0202,oleh,
D0202,korban,
D0202,paparnya,
D0203,Seorang,
D0203,pria,
D0203,terekam,
D0203,CCTV,
D0203,menjambret,
D0203,balita,
D0203,di,
D0203,Desa,
D0203,Mojotengah,
D0203,Menganti,
D0203,Gresik,
D0203,Pria,
D0203,yang,
D0203,diketahui,
D0203,bernama,
D0203,YK,
D0203,Kurniawan,
D0203,itu,
D0203,tertangkap,
D0203,hingga,
D0203,nyaris,
D0203,di,
D0203,hajar,
D0203,masa,
D0203,Kapolsek,
D0203,Menganti,
D0203,AKP,
D0203,Moch,
D0203,Dawud,
D0203,dalam,
D0203,keterangannya,
D0203,mengatakan,
D0203,pelaku,
D0203,diamankan,
D0203,di,
D0203,wilayah,
D0203,Kecamatan,
D0203,Kedamean,
D0203,Gresik,
D0203,Saat,
D0203,itu,
D0203,warga,
D0203,curiga,
D0203,dengan,
D0203,gerakgerik,
D0203,pelaku,
D0203,Gerakgeriknya,
D0203,membuat,
D0203,warga,
D0203,curiga,
D0203,Lalu,
D0203,YK,
D0203,Kurniawan,
D0203,dibawa,
D0203,ke,
D0203,Polsek,
D0203,Kedamean,
D0203,kata,
D0203,Dawud,
D0203,Senin,
D0203,2432025,
D0203,SCROLL,
D0203,TO,
D0203,CONTINUE,
D0203,WITH,
D0203,CONTENT,
D0203,Dawud,
D0203,menambahkan,
D0203,setelah,
D0203,penyelidikan,
D0203,dan,
D0203,interogasi,
D0203,ternyata,
D0203,pelaku,
D0203,pernah,
D0203,melakukan,
D0203,tindak,
D0203,pidana,
D0203,pencurian,
D0203,di,
D0203,Desa,
D0203,Mojotengah,
D0203,Kecamatan,
D0203,Menganti,
D0203,Gresik,
D0203,Di,
D0203,lokasi,
D0203,tersebut,
D0203,aksi,
D0203,pelaku,
D0203,terekam,
D0203,CCTV,
D0203,Dalam,
D0203,aksinya,
D0203,tersebut,
D0203,pelaku,
D0203,terekam,
D0203,CCTV,
D0203,saat,
D0203,melakukan,
D0203,penjambretan,
D0203,kalung,
D0203,yang,
D0203,mana,
D0203,korbannya,
D0203,adalah,
D0203,seorang,
D0203,anak,
D0203,TK,
D0203,tambahnya,
D0203,Saat,
D0203,ini,
D0203,lanjut,
D0203,Dawud,
D0203,pihaknya,
D0203,telah,
D0203,mengamankan,
D0203,pelaku,
D0203,dan,
D0203,masih,
D0203,melakukan,
D0203,pemeriksaan,
D0203,Pihaknya,
D0203,masih,
D0203,melakukan,
D0203,pengembangan,
D0203,dan,
D0203,pemeriksaan,
D0203,lebih,
D0203,lanjut,
D0203,Masih,
D0203,kita,
D0203,kembangkan,
D0203,pungkasnya,
D0204,Mayat,
D0204,wanita,
D0204,berhelm,
D0204,yang,
D0204,ditemukan,
D0204,di,
D0204,perkebunan,
D0204,tebu,
D0204,di,
D0204,Kabupaten,
D0204,Deli,
D0204,Serdang,
D0204,Sumatera,
D0204,Utara,
D0204,Sumut,
D0204,Risma,
D0204,Yunita,
D0204,31,
D0204,dibunuh,
D0204,pacarnya,
D0204,Edi,
D0204,Subayu,
D0204,39,
D0204,Begini,
D0204,kronologi,
D0204,pembunuhan,
D0204,tersebut,
D0204,Kapolrestabes,
D0204,Medan,
D0204,Kombes,
D0204,Gidion,
D0204,Arif,
D0204,Setyawan,
D0204,mengatakan,
D0204,pembunuhan,
D0204,itu,
D0204,telah,
D0204,direncanakan,
D0204,pelaku,
D0204,sejak,
D0204,18,
D0204,Maret,
D0204,2025,
D0204,atau,
D0204,tiga,
D0204,hari,
D0204,sebelum,
D0204,pembunuhan,
D0204,tersebut,
D0204,terjadi,
D0204,Untuk,
D0204,diketahui,
D0204,jasad,
D0204,korban,
D0204,ditemukan,
D0204,di,
D0204,Desa,
D0204,Sei,
D0204,Semayang,
D0204,Kecamatan,
D0204,Sunggal,
D0204,pada,
D0204,Jumat,
D0204,2132025,
D0204,Awalnya,
D0204,pelaku,
D0204,menjemput,
D0204,korban,
D0204,ke,
D0204,rumahnya,
D0204,dan,
D0204,membawanya,
D0204,ke,
D0204,kosnya,
D0204,di,
D0204,Desa,
D0204,Medan,
D0204,Krio,
D0204,Di,
D0204,kos,
D0204,tersebutlah,
D0204,pelaku,
D0204,membunuh,
D0204,korban,
D0204,dengan,
D0204,cara,
D0204,mencekiknya,
D0204,SCROLL,
D0204,TO,
D0204,CONTINUE,
D0204,WITH,
D0204,CONTENT,
D0204,Pelaku,
D0204,sudah,
D0204,mempunyai,
D0204,niat,
D0204,tiga,
D0204,hari,
D0204,sebelum,
D0204,peristiwa,
D0204,ini,
D0204,terjadi,
D0204,Adapun,
D0204,alat,
D0204,yang,
D0204,dipersiapkan,
D0204,adalah,
D0204,tenaga,
D0204,dan,
D0204,tempat,
D0204,melakukan,
D0204,di,
D0204,indekos,
D0204,Korban,
D0204,dibekap,
D0204,kemudian,
D0204,dicekik,
D0204,kata,
D0204,Gidion,
D0204,saat,
D0204,konferensi,
D0204,pers,
D0204,di,
D0204,lokasi,
D0204,penemuan,
D0204,mayat,
D0204,Sabtu,
D0204,223,
D0204,Setelah,
D0204,membunuhnya,
D0204,korban,
D0204,membawa,
D0204,jasad,
D0204,korban,
D0204,dengan,
D0204,cara,
D0204,memboncengnya,
D0204,menggunakan,
D0204,sepeda,
D0204,motor,
D0204,di,
D0204,belakang,
D0204,Saat,
D0204,membawa,
D0204,jasad,
D0204,tersebut,
D0204,kaki,
D0204,korban,
D0204,sempat,
D0204,terseret,
D0204,ke,
D0204,aspal,
D0204,Pada,
D0204,akhirnya,
D0204,jasad,
D0204,korban,
D0204,dibuang,
D0204,pelaku,
D0204,ke,
D0204,perkebunan,
D0204,tebu,
D0204,di,
D0204,Jalan,
D0204,Glugur,
D0204,RimbunDiski,
D0204,Desa,
D0204,Sei,
D0204,Semayang,
D0204,itu,
D0204,Jadi,
D0204,korban,
D0204,ini,
D0204,dibonceng,
D0204,menggunakan,
D0204,sepeda,
D0204,motor,
D0204,posisi,
D0204,tangannya,
D0204,melingkar,
D0204,ke,
D0204,badan,
D0204,Kemudian,
D0204,korban,
D0204,lunglai,
D0204,sampai,
D0204,kakinya,
D0204,terseret,
D0204,ke,
D0204,aspal,
D0204,jelasnya,
D0204,Usai,
D0204,membuang,
D0204,jasad,
D0204,korban,
D0204,pelaku,
D0204,sempat,
D0204,mengambil,
D0204,cincin,
D0204,anting,
D0204,uang,
D0204,dan,
D0204,hp,
D0204,korban,
D0204,Setelah,
D0204,itu,
D0204,pelaku,
D0204,pergi,
D0204,melarikan,
D0204,diri,
D0204,Barangbarang,
D0204,korban,
D0204,belum,
D0204,sempat,
D0204,dijual,
D0204,pelaku,
D0204,sedangkan,
D0204,uang,
D0204,telah,
D0204,habis,
D0204,untuk,
D0204,biaya,
D0204,pelarian,
D0204,pelaku,
D0204,Motif,
D0204,pelaku,
D0204,membunuh,
D0204,korban,
D0204,karena,
D0204,kesal,
D0204,sering,
D0204,diminta,
D0204,untuk,
D0204,menikahi,
D0204,korban,
D0204,Kemudian,
D0204,pelaku,
D0204,menguasai,
D0204,barangbarang,
D0204,milik,
D0204,korban,
D0204,di,
D0204,antaranya,
D0204,satu,
D0204,cincin,
D0204,anting,
D0204,dan,
D0204,dua,
D0204,handphone,
D0204,juga,
D0204,sepeda,
D0204,motor,
D0204,untuk,
D0204,melarikan,
D0204,diri,
D0204,sampai,
D0204,ke,
D0204,Aceh,
D0204,Kita,
D0204,lakukan,
D0204,penangkapan,
D0204,di,
D0204,Aceh,
D0204,Tamiang,
D0204,kata,
D0204,Gidion,
D0204,Mantan,
D0204,Kapolres,
D0204,Jakarta,
D0204,Utara,
D0204,itu,
D0204,mengatakan,
D0204,bahwa,
D0204,korban,
D0204,dan,
D0204,pelaku,
D0204,berstatus,
D0204,pacaran,
D0204,Keduanya,
D0204,berkenalan,
D0204,lewat,
D0204,aplikasi,
D0204,kencan,
D0204,Adapun,
D0204,hubungan,
D0204,asmara,
D0204,yang,
D0204,terjadi,
D0204,ini,
D0204,modusnya,
D0204,lakilaki,
D0204,atau,
D0204,tersangka,
D0204,ini,
D0204,Berhubungan,
D0204,kurang,
D0204,lebih,
D0204,setahun,
D0204,kata,
D0204,Gidion,
D0204,Setelah,
D0204,kejadian,
D0204,itu,
D0204,pihak,
D0204,kepolisian,
D0204,menyelidiki,
D0204,pelaku,
D0204,dan,
D0204,menangkapnya,
D0204,saat,
D0204,melarikan,
D0204,diri,
D0204,ke,
D0204,Aceh,
D0204,Tamiang,
D0204,dini,
D0204,hari,
D0204,tadi,
D0204,Atas,
D0204,perbuatannya,
D0204,pelaku,
D0204,dijerat,
D0204,Pasal,
D0204,340,
D0204,Subs,
D0204,Pasal,
D0204,338,
D0204,Subs,
D0204,Pasal,
D0204,365,
D0204,Ayat,
D0204,3,
D0204,dengan,
D0204,ancaman,
D0204,hukuman,
D0204,mati,
D0204,pidana,
D0204,penjara,
D0204,seumur,
D0204,hidup,
D0204,atau,
D0204,paling,
D0204,lama,
D0204,20,
D0204,tahun,
D0204,Pelaku,
D0204,Edi,
D0204,mengatakan,
D0204,bahwa,
D0204,dirinya,
D0204,berkenalan,
D0204,dengan,
D0204,korban,
D0204,lewat,
D0204,aplikasi,
D0204,kencan,
D0204,Tantan,
D0204,tahun,
D0204,lalu,
D0204,Saat,
D0204,itu,
D0204,pelaku,
D0204,mengaku,
D0204,bekerja,
D0204,sebagai,
D0204,kuli,
D0204,bangunan,
D0204,di,
D0204,Padang,
D0204,Setelah,
D0204,itu,
D0204,keduanya,
D0204,pun,
D0204,bertukar,
D0204,nomor,
D0204,dan,
D0204,intens,
D0204,berkomunikasi,
D0204,Merasa,
D0204,cocok,
D0204,keduanya,
D0204,pun,
D0204,menjalin,
D0204,hubungan,
D0204,asmara,
D0204,Di,
D0204,bulan,
D0204,10,
D0204,2024,
D0204,dia,
D0204,minta,
D0204,saya,
D0204,pulang,
D0204,Saya,
D0204,bilang,
D0204,masih,
D0204,ada,
D0204,kerjaan,
D0204,nggak,
D0204,jadi,
D0204,pulang,
D0204,begitu,
D0204,juga,
D0204,di,
D0204,bulan,
D0204,12,
D0204,Lalu,
D0204,bulan,
D0204,2,
D0204,2025,
D0204,lah,
D0204,saya,
D0204,pulang,
D0204,saya,
D0204,sampai,
D0204,Medan,
D0204,terus,
D0204,kami,
D0204,jumpa,
D0204,jelasnya,
D0204,Edi,
D0204,mengaku,
D0204,sudah,
D0204,merencanakan,
D0204,untuk,
D0204,membunuh,
D0204,korban,
D0204,tiga,
D0204,hari,
D0204,sebelum,
D0204,kejadian,
D0204,Pelaku,
D0204,membunuh,
D0204,korban,
D0204,dengan,
D0204,mencekiknya,
D0204,Pelaku,
D0204,mengaku,
D0204,kesal,
D0204,karena,
D0204,korban,
D0204,terus,
D0204,meminta,
D0204,untuk,
D0204,dinikahi,
D0204,pada,
D0204,bulan,
D0204,Mei,
D0204,2025,
D0204,ini,
D0204,Dia,
D0204,minta,
D0204,dinikahi,
D0204,habis,
D0204,lebaran,
D0204,bulan,
D0204,lima,
D0204,berulangulang,
D0204,ujarnya,
D0204,Edi,
D0204,yang,
D0204,merupakan,
D0204,seorang,
D0204,duda,
D0204,itu,
D0204,menyebut,
D0204,belum,
D0204,bisa,
D0204,menikahi,
D0204,korban,
D0204,karena,
D0204,tidak,
D0204,memiliki,
D0204,uang,
D0204,Nggak,
D0204,ada,
D0204,duit,
D0204,ujarnya,
D0205,Polres,
D0205,Pasuruan,
D0205,Kota,
D0205,menggelar,
D0205,patroli,
D0205,skala,
D0205,besar,
D0205,waktu,
D0205,dini,
D0205,hari,
D0205,Dalam,
D0205,operasi,
D0205,tersebut,
D0205,petugas,
D0205,mengamankan,
D0205,14,
D0205,kendaraan,
D0205,bermotor,
D0205,yang,
D0205,diduga,
D0205,tidak,
D0205,memiliki,
D0205,dokumen,
D0205,resmi,
D0205,atau,
D0205,digunakan,
D0205,dalam,
D0205,aktivitas,
D0205,yang,
D0205,mencurigakan,
D0205,Patroli,
D0205,menyisir,
D0205,berbagai,
D0205,titik,
D0205,rawan,
D0205,kriminalitas,
D0205,terutama,
D0205,di,
D0205,wilayah,
D0205,Pelabuhan,
D0205,Kota,
D0205,Pasuruan,
D0205,Sabtu,
D0205,2232025,
D0205,dini,
D0205,hari,
D0205,Kasat,
D0205,Reskrim,
D0205,Polres,
D0205,Pasuruan,
D0205,Kota,
D0205,Iptu,
D0205,Choirul,
D0205,Mustofa,
D0205,mengatakan,
D0205,patroli,
D0205,digelar,
D0205,mengantisipasi,
D0205,berbagai,
D0205,potensi,
D0205,tindak,
D0205,kriminalitas,
D0205,yang,
D0205,meningkat,
D0205,selama,
D0205,bulan,
D0205,Ramadan,
D0205,Bulan,
D0205,Ramadan,
D0205,sering,
D0205,dimanfaatkan,
D0205,oleh,
D0205,oknumoknum,
D0205,tertentu,
D0205,untuk,
D0205,melakukan,
D0205,kejahatan,
D0205,seperti,
D0205,pencurian,
D0205,kendaraan,
D0205,bermotor,
D0205,peredaran,
D0205,narkoba,
D0205,tawuran,
D0205,hingga,
D0205,aksi,
D0205,premanisme,
D0205,Oleh,
D0205,karena,
D0205,itu,
D0205,kami,
D0205,meningkatkan,
D0205,patroli,
D0205,khususnya,
D0205,di,
D0205,titiktitik,
D0205,rawan,
D0205,seperti,
D0205,pelabuhan,
D0205,terminal,
D0205,dan,
D0205,pusat,
D0205,kota,
D0205,kata,
D0205,Choirul,
D0205,SCROLL,
D0205,TO,
D0205,CONTINUE,
D0205,WITH,
D0205,CONTENT,
D0205,Sasaran,
D0205,utama,
D0205,dalam,
D0205,patroli,
D0205,adalah,
D0205,pengendara,
D0205,yang,
D0205,tidak,
D0205,memiliki,
D0205,kelengkapan,
D0205,suratsurat,
D0205,kendaraan,
D0205,kedaraan,
D0205,menggunakan,
D0205,knalpot,
D0205,brong,
D0205,pengguna,
D0205,kendaraan,
D0205,yang,
D0205,mencurigakan,
D0205,serta,
D0205,potensi,
D0205,gangguan,
D0205,keamanan,
D0205,lainnya,
D0205,Selain,
D0205,itu,
D0205,petugas,
D0205,juga,
D0205,melakukan,
D0205,pemeriksaan,
D0205,terhadap,
D0205,kelompok,
D0205,remaja,
D0205,yang,
D0205,berkumpul,
D0205,di,
D0205,pinggir,
D0205,jalan,
D0205,guna,
D0205,mengantisipasi,
D0205,balap,
D0205,liar,
D0205,dan,
D0205,tindakan,
D0205,kriminal,
D0205,lainnya,
D0205,Kami,
D0205,mengamankan,
D0205,14,
D0205,kendaraan,
D0205,Banyak,
D0205,dari,
D0205,kendaraan,
D0205,tersebut,
D0205,tidak,
D0205,memiliki,
D0205,dokumen,
D0205,kepemilikan,
D0205,yang,
D0205,sah,
D0205,dan,
D0205,sebagian,
D0205,memakai,
D0205,knalpot,
D0205,brong,
D0205,sehingga,
D0205,langsung,
D0205,dibawa,
D0205,ke,
D0205,Mako,
D0205,Satlantas,
D0205,Polres,
D0205,Pasuruan,
D0205,Kota,
D0205,untuk,
D0205,pemeriksaan,
D0205,lebih,
D0205,lanjut,
D0205,terangnya,
D0205,Wilayah,
D0205,Pelabuhan,
D0205,Kota,
D0205,Pasuruan,
D0205,menjadi,
D0205,salah,
D0205,satu,
D0205,fokus,
D0205,utama,
D0205,patroli,
D0205,karena,
D0205,dikenal,
D0205,sebagai,
D0205,area,
D0205,dengan,
D0205,potensi,
D0205,tinggi,
D0205,untuk,
D0205,aktivitas,
D0205,ilegal,
D0205,transaksi,
D0205,narkoba,
D0205,dan,
D0205,minuman,
D0205,keras,
D0205,Dengan,
D0205,adanya,
D0205,patroli,
D0205,ini,
D0205,kami,
D0205,berharap,
D0205,bisa,
D0205,menekan,
D0205,angka,
D0205,kriminalitas,
D0205,di,
D0205,area,
D0205,tersebut,
D0205,pungkasnya,
D0206,Aparat,
D0206,gabungan,
D0206,TNIPolri,
D0206,menggerebek,
D0206,barak,
D0206,narkoba,
D0206,di,
D0206,Jermal,
D0206,15,
D0206,Kecamatan,
D0206,Medan,
D0206,Denai,
D0206,Kota,
D0206,Medan,
D0206,Sumatera,
D0206,Utara,
D0206,Sumut,
D0206,Ada,
D0206,13,
D0206,orang,
D0206,yang,
D0206,diamankan,
D0206,dari,
D0206,lokasi,
D0206,tersebut,
D0206,Asops,
D0206,Kasdam,
D0206,IBB,
D0206,Kolonel,
D0206,Inf,
D0206,Sandi,
D0206,Kamidianto,
D0206,mengatakan,
D0206,barak,
D0206,narkoba,
D0206,yang,
D0206,digerebek,
D0206,itu,
D0206,berada,
D0206,di,
D0206,Gang,
D0206,Dojo,
D0206,dan,
D0206,Gang,
D0206,Kasih,
D0206,Lokasi,
D0206,itu,
D0206,digerebek,
D0206,pada,
D0206,Rabu,
D0206,193,
D0206,Ada,
D0206,sebanyak,
D0206,91,
D0206,personel,
D0206,gabungan,
D0206,yang,
D0206,dikerahkan,
D0206,untuk,
D0206,melakukan,
D0206,penggerebekan,
D0206,Sebanyak,
D0206,13,
D0206,orang,
D0206,pelaku,
D0206,berhasil,
D0206,diamankan,
D0206,Operasi,
D0206,ini,
D0206,menindaklanjuti,
D0206,informasi,
D0206,masyarakat,
D0206,yang,
D0206,resah,
D0206,dengan,
D0206,aktivitas,
D0206,para,
D0206,pengguna,
D0206,maupun,
D0206,pengedar,
D0206,narkoba,
D0206,di,
D0206,wilayah,
D0206,sekitar,
D0206,kata,
D0206,Sandi,
D0206,Jumat,
D0206,2132025,
D0206,SCROLL,
D0206,TO,
D0206,CONTINUE,
D0206,WITH,
D0206,CONTENT,
D0206,Sandi,
D0206,menjelaskan,
D0206,ada,
D0206,sejumlah,
D0206,barang,
D0206,bukti,
D0206,yang,
D0206,diamankan,
D0206,dari,
D0206,lokasi,
D0206,di,
D0206,antaranya,
D0206,13,
D0206,bungkus,
D0206,sabusabu,
D0206,tujuh,
D0206,paket,
D0206,ganja,
D0206,13,
D0206,butir,
D0206,kapsul,
D0206,18,
D0206,butir,
D0206,pil,
D0206,ekstasi,
D0206,jarum,
D0206,suntik,
D0206,satu,
D0206,kotak,
D0206,timbangan,
D0206,elektrik,
D0206,13,
D0206,buah,
D0206,tiga,
D0206,senjata,
D0206,tajam,
D0206,dan,
D0206,50,
D0206,unit,
D0206,mesin,
D0206,dingdong,
D0206,Setelah,
D0206,diamankan,
D0206,para,
D0206,pelaku,
D0206,diboyong,
D0206,ke,
D0206,Polda,
D0206,Sumut,
D0206,Saat,
D0206,ini,
D0206,pihak,
D0206,kepolisian,
D0206,tengah,
D0206,menyelidiki,
D0206,barak,
D0206,narkoba,
D0206,tersebut,
D0206,Saat,
D0206,ini,
D0206,seluruh,
D0206,pelaku,
D0206,beserta,
D0206,barang,
D0206,bukti,
D0206,telah,
D0206,diamankan,
D0206,di,
D0206,Polda,
D0206,Sumut,
D0206,untuk,
D0206,kepentingan,
D0206,penyidikan,
D0206,dan,
D0206,proses,
D0206,hukum,
D0206,lebih,
D0206,lanjut,
D0206,pungkasnya,
D0207,Seorang,
D0207,pria,
D0207,di,
D0207,Kabupaten,
D0207,Sigi,
D0207,Sulawesi,
D0207,Tengah,
D0207,Sulteng,
D0207,inisial,
D0207,IM,
D0207,40,
D0207,menganiaya,
D0207,adik,
D0207,kandungnya,
D0207,KR,
D0207,35,
D0207,hingga,
D0207,tewas,
D0207,Polisi,
D0207,saat,
D0207,ini,
D0207,sedang,
D0207,memburu,
D0207,pelaku,
D0207,yang,
D0207,kabur,
D0207,usai,
D0207,melancarkan,
D0207,aksi,
D0207,tersebut,
D0207,Kasus,
D0207,penganiayaan,
D0207,berat,
D0207,yang,
D0207,diduga,
D0207,dilakukan,
D0207,oleh,
D0207,kakak,
D0207,terhadap,
D0207,adik,
D0207,kandungnya,
D0207,kata,
D0207,Kasi,
D0207,Humas,
D0207,Polres,
D0207,Sigi,
D0207,Iptu,
D0207,Nuim,
D0207,Hayat,
D0207,Kamis,
D0207,2032025,
D0207,melansir,
D0207,detikSulsel,
D0207,Nuim,
D0207,mengatakan,
D0207,peristiwa,
D0207,tersebut,
D0207,terjadi,
D0207,di,
D0207,Desa,
D0207,Balamoa,
D0207,Kecamatan,
D0207,Dolo,
D0207,Barat,
D0207,pada,
D0207,Selasa,
D0207,183,
D0207,malam,
D0207,Kejadian,
D0207,bermula,
D0207,saat,
D0207,korban,
D0207,ke,
D0207,rumah,
D0207,orang,
D0207,tuanya,
D0207,pada,
D0207,pukul,
D0207,1800,
D0207,Wita,
D0207,SCROLL,
D0207,TO,
D0207,CONTINUE,
D0207,WITH,
D0207,CONTENT,
D0207,Selang,
D0207,satu,
D0207,jam,
D0207,kemudian,
D0207,IM,
D0207,mendatangi,
D0207,rumah,
D0207,korban,
D0207,menemui,
D0207,istri,
D0207,korban,
D0207,dan,
D0207,mengatakan,
D0207,bahwa,
D0207,dia,
D0207,telah,
D0207,membunuh,
D0207,korban,
D0207,terangnya,
D0207,Polisi,
D0207,yang,
D0207,menerima,
D0207,laporan,
D0207,dari,
D0207,keluarga,
D0207,korban,
D0207,langsung,
D0207,menuju,
D0207,ke,
D0207,lokasi,
D0207,Setiba,
D0207,di,
D0207,tempat,
D0207,kejadian,
D0207,polisi,
D0207,mendapati,
D0207,korban,
D0207,dalam,
D0207,kondisi,
D0207,penuh,
D0207,luka,
D0207,akibat,
D0207,sabetan,
D0207,senjata,
D0207,tajam,
D0207,Korban,
D0207,KR,
D0207,ditemukan,
D0207,meninggal,
D0207,dunia,
D0207,dengan,
D0207,beberapa,
D0207,luka,
D0207,akibat,
D0207,senjata,
D0207,tajam,
D0207,di,
D0207,bagian,
D0207,tubuhnya,
D0207,di,
D0207,antaranya,
D0207,pada,
D0207,bagian,
D0207,leher,
D0207,punggung,
D0207,dan,
D0207,tangan,
D0207,beber,
D0207,Nuim,
D0207,Kemudian,
D0207,jenazah,
D0207,korban,
D0207,dibawa,
D0207,ke,
D0207,RS,
D0207,Bhayangkara,
D0207,Palu,
D0207,untuk,
D0207,dilakukan,
D0207,visum,
D0207,Polisi,
D0207,hingga,
D0207,kini,
D0207,masih,
D0207,mendalami,
D0207,motif,
D0207,dan,
D0207,kronologi,
D0207,pembunuhan,
D0207,tersebut,
D0207,Masih,
D0207,dalam,
D0207,penyelidikan,
D0207,termasuk,
D0207,senjata,
D0207,tajam,
D0207,jenis,
D0207,apa,
D0207,yang,
D0207,dipakai,
D0207,pelaku,
D0207,belum,
D0207,bisa,
D0207,kami,
D0207,pastikan,
D0207,karena,
D0207,tidak,
D0207,ada,
D0207,saksi,
D0207,di,
D0207,lokasi,
D0207,jelas,
D0207,Nuim,
D0207,Dia,
D0207,menambahkan,
D0207,Polres,
D0207,Sigi,
D0207,sudah,
D0207,membentuk,
D0207,tim,
D0207,untuk,
D0207,melakukan,
D0207,pengejaran,
D0207,terhadap,
D0207,pelaku,
D0207,Pihaknya,
D0207,memberi,
D0207,peringatan,
D0207,agar,
D0207,pelaku,
D0207,menyerahkan,
D0207,diri,
D0207,untuk,
D0207,mempertanggung,
D0207,jawabkan,
D0207,perbuatannya,
D0207,Kami,
D0207,minta,
D0207,agar,
D0207,IM,
D0207,dapat,
D0207,segera,
D0207,menyerahkan,
D0207,diri,
D0207,untuk,
D0207,proses,
D0207,hukum,
D0207,lebih,
D0207,lanjut,
D0207,pungkasnya,
D0208,Polisi,
D0208,menemukan,
D0208,12,
D0208,selongsong,
D0208,peluru,
D0208,di,
D0208,lapak,
D0208,judi,
D0208,sabung,
D0208,ayam,
D0208,yang,
D0208,menjadi,
D0208,lokasi,
D0208,tewasnya,
D0208,3,
D0208,anggota,
D0208,Polri,
D0208,Polres,
D0208,Way,
D0208,Kanan,
D0208,Lampung,
D0208,Selongsong,
D0208,peluru,
D0208,yang,
D0208,didapat,
D0208,itu,
D0208,lalu,
D0208,dijadikan,
D0208,barang,
D0208,bukti,
D0208,dalam,
D0208,peristiwa,
D0208,tersebut,
D0208,Melansir,
D0208,detikSumbagsel,
D0208,selongsong,
D0208,peluru,
D0208,itu,
D0208,ditemukan,
D0208,tercecer,
D0208,diberbagai,
D0208,tempat,
D0208,di,
D0208,perjudian,
D0208,sabung,
D0208,ayam,
D0208,yang,
D0208,berada,
D0208,di,
D0208,Kampung,
D0208,Karang,
D0208,Manik,
D0208,Kecamatan,
D0208,Negara,
D0208,Batin,
D0208,Kabupaten,
D0208,Way,
D0208,Kanan,
D0208,Tapi,
D0208,hingga,
D0208,kini,
D0208,belum,
D0208,ada,
D0208,keterangan,
D0208,resmi,
D0208,dari,
D0208,Polda,
D0208,Lampung,
D0208,maupun,
D0208,Korem,
D0208,043,
D0208,Garuda,
D0208,Hitam,
D0208,terkait,
D0208,jenis,
D0208,proyektil,
D0208,peluru,
D0208,yang,
D0208,ditemukan,
D0208,tersebut,
D0208,Sebelumnya,
D0208,Kapolda,
D0208,Lampung,
D0208,Irjen,
D0208,Helmy,
D0208,Santika,
D0208,mengatakan,
D0208,akan,
D0208,melakukan,
D0208,uji,
D0208,balistik,
D0208,terkait,
D0208,temuan,
D0208,selongsong,
D0208,tersebut,
D0208,SCROLL,
D0208,TO,
D0208,CONTINUE,
D0208,WITH,
D0208,CONTENT,
D0208,Dari,
D0208,hasil,
D0208,olah,
D0208,TKP,
D0208,ada,
D0208,beberapa,
D0208,barang,
D0208,barang,
D0208,yang,
D0208,diamankan,
D0208,sabung,
D0208,ayam,
D0208,itu,
D0208,sendiri,
D0208,faktanya,
D0208,di,
D0208,sini,
D0208,ada,
D0208,kita,
D0208,mendapatkan,
D0208,12,
D0208,selongsong,
D0208,peluru,
D0208,katanya,
D0208,Selasa,
D0208,1832025,
D0208,Ini,
D0208,akan,
D0208,kita,
D0208,lakukan,
D0208,proses,
D0208,identifikasi,
D0208,oleh,
D0208,laboratorium,
D0208,forensik,
D0208,dan,
D0208,informasi,
D0208,juga,
D0208,sudah,
D0208,ada,
D0208,mengukur,
D0208,arah,
D0208,tembakan,
D0208,Ini,
D0208,akan,
D0208,dianalisis,
D0208,lebih,
D0208,mendalam,
D0208,oleh,
D0208,tim,
D0208,kita,
D0208,kaitkan,
D0208,dengan,
D0208,alat,
D0208,bukti,
D0208,dan,
D0208,petunjuk,
D0208,lain,
D0208,lanjutnya,
D0208,Untuk,
D0208,diketahui,
D0208,dalam,
D0208,peristiwa,
D0208,ini,
D0208,ada,
D0208,3,
D0208,anggota,
D0208,Polri,
D0208,yakni,
D0208,Kapolsek,
D0208,Negara,
D0208,Batin,
D0208,AKP,
D0208,Anumerta,
D0208,Lusiyanto,
D0208,Aipda,
D0208,Anumerta,
D0208,Petrus,
D0208,Apriyanto,
D0208,dan,
D0208,Briptu,
D0208,Anumerta,
D0208,M,
D0208,Ghalib,
D0208,Surya,
D0208,Ganta,
D0208,gugur,
D0208,setelah,
D0208,ditembak,
D0208,oleh,
D0208,pelaku,
D0208,yang,
D0208,diduga,
D0208,oknum,
D0208,TNI,
D0208,saat,
D0208,melakukan,
D0208,penggerebekan,
D0208,judi,
D0208,sabung,
D0208,ayam,
D0208,Ketiganya,
D0208,mengalami,
D0208,luka,
D0208,pada,
D0208,bagian,
D0208,kepalanya,
D0208,Jenazah,
D0208,ketiganya,
D0208,telah,
D0208,dimakamkan,
D0208,secara,
D0208,kedinasan,
D0208,di,
D0208,kampung,
D0208,halaman,
D0208,masingmasing,
D0209,Pemuda,
D0209,asal,
D0209,Desa,
D0209,Getasan,
D0209,Kecamatan,
D0209,Petang,
D0209,Badung,
D0209,berinisial,
D0209,DPP,
D0209,harus,
D0209,rela,
D0209,menikmati,
D0209,hidupnya,
D0209,di,
D0209,penjara,
D0209,Dia,
D0209,ditangkap,
D0209,polisi,
D0209,pada,
D0209,Sabtu,
D0209,832025,
D0209,lantaran,
D0209,jadi,
D0209,tukang,
D0209,tempel,
D0209,narkoba,
D0209,Lelaki,
D0209,berusia,
D0209,20,
D0209,tahun,
D0209,itu,
D0209,amat,
D0209,loyal,
D0209,kepada,
D0209,majikannya,
D0209,untuk,
D0209,mengedarkan,
D0209,narkoba,
D0209,dengan,
D0209,upah,
D0209,Rp,
D0209,100,
D0209,ribu,
D0209,hingga,
D0209,Rp,
D0209,600,
D0209,ribu,
D0209,DPP,
D0209,bahkan,
D0209,bungkam,
D0209,saat,
D0209,polisi,
D0209,menginterogasi,
D0209,asal,
D0209,barang,
D0209,haram,
D0209,itu,
D0209,Kapolres,
D0209,Badung,
D0209,AKBP,
D0209,M,
D0209,Arif,
D0209,Batubara,
D0209,mengatakan,
D0209,DPP,
D0209,disebut,
D0209,sudah,
D0209,lama,
D0209,mengedarkan,
D0209,sabu,
D0209,ke,
D0209,wilayah,
D0209,Badung,
D0209,dan,
D0209,Denpasar,
D0209,Selain,
D0209,DPP,
D0209,polisi,
D0209,juga,
D0209,meringkus,
D0209,bosnya,
D0209,IGNBAJ,
D0209,pria,
D0209,berusia,
D0209,32,
D0209,tahun,
D0209,asal,
D0209,Desa,
D0209,Blahkiuh,
D0209,Kecamatan,
D0209,Abiansemal,
D0209,SCROLL,
D0209,TO,
D0209,CONTINUE,
D0209,WITH,
D0209,CONTENT,
D0209,Terduga,
D0209,pelaku,
D0209,DPP,
D0209,mengakui,
D0209,sering,
D0209,diperintah,
D0209,menempel,
D0209,sabu,
D0209,oleh,
D0209,IGNBAJ,
D0209,di,
D0209,seputaran,
D0209,kos,
D0209,di,
D0209,Kusuma,
D0209,Bangsa,
D0209,Desa,
D0209,Pemecutan,
D0209,Kaja,
D0209,Denpasar,
D0209,Utara,
D0209,Terduga,
D0209,pelaku,
D0209,juga,
D0209,mengaku,
D0209,diberikan,
D0209,upah,
D0209,ratarata,
D0209,Rp,
D0209,100600,
D0209,ribu,
D0209,jelas,
D0209,Arif,
D0209,Selasa,
D0209,1832025,
D0209,Polisi,
D0209,mendapat,
D0209,kabar,
D0209,peredaran,
D0209,narkoba,
D0209,sudah,
D0209,mulai,
D0209,gencar,
D0209,ke,
D0209,desadesa,
D0209,di,
D0209,Kecamatan,
D0209,Petang,
D0209,yang,
D0209,selama,
D0209,ini,
D0209,dikenal,
D0209,minim,
D0209,kasus,
D0209,kriminalitas,
D0209,dan,
D0209,peredaran,
D0209,narkoba,
D0209,Polisi,
D0209,lantas,
D0209,mengendus,
D0209,DPP,
D0209,yang,
D0209,beraksi,
D0209,dari,
D0209,rumahnya,
D0209,menuju,
D0209,sebuah,
D0209,kos,
D0209,di,
D0209,Kecamatan,
D0209,Denpasar,
D0209,Utara,
D0209,Kami,
D0209,membuntuti,
D0209,terduga,
D0209,pelaku,
D0209,sampai,
D0209,berhenti,
D0209,di,
D0209,parkiran,
D0209,kos,
D0209,Beberapa,
D0209,saksi,
D0209,juga,
D0209,melihat,
D0209,dilakukan,
D0209,penggeledahan,
D0209,dan,
D0209,ditemukan,
D0209,paket,
D0209,sabu,
D0209,dan,
D0209,ekstasi,
D0209,yang,
D0209,ditaruh,
D0209,di,
D0209,kotak,
D0209,ponsel,
D0209,kata,
D0209,M,
D0209,Arif,
D0209,DPP,
D0209,mengakui,
D0209,mendapat,
D0209,barang,
D0209,itu,
D0209,dari,
D0209,pelaku,
D0209,IGNBAJ,
D0209,Transaksi,
D0209,dilakukan,
D0209,di,
D0209,kos,
D0209,tempat,
D0209,pelaku,
D0209,diamankan,
D0209,IGNBAJ,
D0209,di,
D0209,waktu,
D0209,bersamaan,
D0209,langsung,
D0209,diamankan,
D0209,polisi,
D0209,dari,
D0209,kamar,
D0209,kosnya,
D0209,di,
D0209,lantai,
D0209,II,
D0209,Pelaku,
D0209,juga,
D0209,mengakui,
D0209,bahwa,
D0209,yang,
D0209,bersangkutan,
D0209,DPP,
D0209,memang,
D0209,benar,
D0209,diberikan,
D0209,motor,
D0209,oleh,
D0209,IGNBAJ,
D0209,Motor,
D0209,itu,
D0209,dipakai,
D0209,menyimpan,
D0209,semua,
D0209,narkoba,
D0209,yang,
D0209,diberikan,
D0209,sambung,
D0209,M,
D0209,Arif,
D0209,Kasatresnarkoba,
D0209,Polres,
D0209,Badung,
D0209,AKP,
D0209,I,
D0209,Nyoman,
D0209,Sudarma,
D0209,mengatakan,
D0209,dua,
D0209,pelaku,
D0209,narkoba,
D0209,itu,
D0209,tetap,
D0209,bergeming,
D0209,Sehingga,
D0209,polisi,
D0209,kesulitan,
D0209,menggali,
D0209,keterangan,
D0209,mereka,
D0209,Tidak,
D0209,mau,
D0209,terbuka,
D0209,berapa,
D0209,lama,
D0209,sudah,
D0209,mengedarkan,
D0209,dan,
D0209,dari,
D0209,mana,
D0209,dia,
D0209,dapat,
D0209,barangnya,
D0209,Mungkin,
D0209,dia,
D0209,ketakutan,
D0209,dengan,
D0209,bosnya,
D0209,tetapi,
D0209,DPP,
D0209,ini,
D0209,pemain,
D0209,baru,
D0209,Yang,
D0209,dari,
D0209,Blahkiuh,
D0209,IGNBAJ,
D0209,sempat,
D0209,tersandung,
D0209,kasus,
D0209,hukum,
D0209,tetapi,
D0209,RJ,
D0209,restorative,
D0209,justice,
D0209,sebut,
D0209,Sudarma,
D0209,Dari,
D0209,tangan,
D0209,para,
D0209,pelaku,
D0209,polisi,
D0209,menyita,
D0209,sabu,
D0209,cuma,
D0209,497,
D0209,gram,
D0209,belasan,
D0209,butir,
D0209,ekstasi,
D0209,termasuk,
D0209,kokain,
D0209,074,
D0209,gram,
D0209,Dua,
D0209,pelaku,
D0209,terancam,
D0209,hukuman,
D0209,4,
D0209,hingga,
D0209,20,
D0209,tahun,
D0209,penjara,
D0210,Iptu,
D0210,Lusiyanto,
D0210,Bripka,
D0210,Petrus,
D0210,Bripda,
D0210,Ghalib,
D0210,tewas,
D0210,saat,
D0210,menggerebek,
D0210,tempat,
D0210,judi,
D0210,sabung,
D0210,ayam,
D0210,Ketiga,
D0210,personel,
D0210,Polres,
D0210,Way,
D0210,Kanan,
D0210,Lampung,
D0210,itu,
D0210,tewas,
D0210,dengan,
D0210,luka,
D0210,tembakan,
D0210,di,
D0210,kepala,
D0210,Benar,
D0210,ada,
D0210,tiga,
D0210,anggota,
D0210,Polri,
D0210,yang,
D0210,meninggal,
D0210,dunia,
D0210,saat,
D0210,melakukan,
D0210,penggerebekan,
D0210,sabung,
D0210,ayam,
D0210,di,
D0210,Way,
D0210,Kanan,
D0210,kata,
D0210,Kabid,
D0210,Humas,
D0210,Polda,
D0210,Lampung,
D0210,Kombes,
D0210,Yuni,
D0210,Iswandari,
D0210,dikutip,
D0210,detikNews,
D0210,dari,
D0210,Antara,
D0210,Senin,
D0210,1732025,
D0210,Mereka,
D0210,mengalami,
D0210,luka,
D0210,tembak,
D0210,di,
D0210,bagian,
D0210,kepala,
D0210,yang,
D0210,dilakukan,
D0210,oleh,
D0210,orang,
D0210,tak,
D0210,dikenal,
D0210,ucapnya,
D0210,SCROLL,
D0210,TO,
D0210,CONTINUE,
D0210,WITH,
D0210,CONTENT,
D0210,Peristiwa,
D0210,ini,
D0210,terjadi,
D0210,pada,
D0210,Senin,
D0210,1732025,
D0210,sore,
D0210,pukul,
D0210,1650,
D0210,WIB,
D0210,di,
D0210,Kampung,
D0210,Karang,
D0210,Manik,
D0210,Kecamatan,
D0210,Negara,
D0210,Batin,
D0210,Kabupaten,
D0210,Way,
D0210,Kanan,
D0210,Provinsi,
D0210,Lampung,
D0210,Saat,
D0210,penggerebekan,
D0210,berlangsung,
D0210,ada,
D0210,17,
D0210,personel,
D0210,Polres,
D0210,Way,
D0210,Kanan,
D0210,yang,
D0210,ikut,
D0210,Setibanya,
D0210,di,
D0210,tempat,
D0210,kejadian,
D0210,perkara,
D0210,TKP,
D0210,langsung,
D0210,ditembaki,
D0210,oleh,
D0210,orang,
D0210,tak,
D0210,dikenal,
D0210,Dari,
D0210,peristiwa,
D0210,tersebut,
D0210,tiga,
D0210,personel,
D0210,Polri,
D0210,gugur,
D0210,dalam,
D0210,tugas,
D0210,ujarnya,
D0210,Saat,
D0210,ini,
D0210,ketiga,
D0210,jenazah,
D0210,korban,
D0210,tengah,
D0210,dalam,
D0210,perjalanan,
D0210,ke,
D0210,Rumah,
D0210,Sakit,
D0210,Bhayangkara,
D0210,Polda,
D0210,Lampung,
D0210,untuk,
D0210,dilakukan,
D0210,proses,
D0210,autopsi,
D0210,Jenazah,
D0210,sedang,
D0210,dievakuasi,
D0210,untuk,
D0210,dibawa,
D0210,ke,
D0210,RS,
D0210,Bhayangkara,
D0210,Polda,
D0210,Lampung,
D0210,untuk,
D0210,diautopsi,
D0210,dan,
D0210,kini,
D0210,Kapolda,
D0210,menuju,
D0210,TKP,
D0210,dan,
D0210,kini,
D0210,kami,
D0210,fokus,
D0210,mengamankan,
D0210,anggota,
D0210,yang,
D0210,lain,
D0210,imbuhnya,
D0211,Pria,
D0211,inisial,
D0211,AP,
D0211,31,
D0211,tewas,
D0211,setelah,
D0211,ditikam,
D0211,temannya,
D0211,inisial,
D0211,AK,
D0211,45,
D0211,di,
D0211,Kabupaten,
D0211,Sinjai,
D0211,Sulawesi,
D0211,Selatan,
D0211,Sulsel,
D0211,AP,
D0211,ditikam,
D0211,gegara,
D0211,tidak,
D0211,meminjamkan,
D0211,motornya,
D0211,ke,
D0211,pelaku,
D0211,Ada,
D0211,masyarakat,
D0211,yang,
D0211,ditikam,
D0211,hingga,
D0211,meninggal,
D0211,tadi,
D0211,malam,
D0211,setengah,
D0211,12,
D0211,Korban,
D0211,ditikam,
D0211,oleh,
D0211,temannya,
D0211,karena,
D0211,tidak,
D0211,dipinjamkan,
D0211,motor,
D0211,ujar,
D0211,Kasat,
D0211,Reskrim,
D0211,Polres,
D0211,Sinjai,
D0211,AKP,
D0211,Andi,
D0211,Rahmatullah,
D0211,Senin,
D0211,1732025,
D0211,melansir,
D0211,detikSulsel,
D0211,Rahmatullah,
D0211,mengatakan,
D0211,peristiwa,
D0211,itu,
D0211,terjadi,
D0211,di,
D0211,Dusun,
D0211,Manimpahoi,
D0211,Desa,
D0211,Saotengnga,
D0211,Kecamatan,
D0211,Sinjai,
D0211,Tengah,
D0211,Kabupaten,
D0211,Sinjai,
D0211,pada,
D0211,Minggu,
D0211,163,
D0211,sekitar,
D0211,pukul,
D0211,2330,
D0211,Wita,
D0211,Penikaman,
D0211,itu,
D0211,terjadi,
D0211,di,
D0211,dalam,
D0211,rumah,
D0211,korban,
D0211,SCROLL,
D0211,TO,
D0211,CONTINUE,
D0211,WITH,
D0211,CONTENT,
D0211,Awalnya,
D0211,AK,
D0211,mendatangi,
D0211,rumah,
D0211,korban,
D0211,dan,
D0211,langsung,
D0211,masuk,
D0211,ke,
D0211,dalam,
D0211,Saat,
D0211,itu,
D0211,korban,
D0211,bersama,
D0211,dengan,
D0211,temannya,
D0211,bernama,
D0211,Onang,
D0211,Pelaku,
D0211,cekcok,
D0211,dengan,
D0211,korban,
D0211,saat,
D0211,masuk,
D0211,ke,
D0211,dalam,
D0211,rumahnya,
D0211,Namun,
D0211,disuruh,
D0211,keluar,
D0211,oleh,
D0211,temannya,
D0211,yang,
D0211,berada,
D0211,di,
D0211,dalam,
D0211,rumah,
D0211,katanya,
D0211,Dia,
D0211,menerangkan,
D0211,teman,
D0211,dari,
D0211,korban,
D0211,langsung,
D0211,membawa,
D0211,pelaku,
D0211,keluar,
D0211,dari,
D0211,rumah,
D0211,Tapi,
D0211,pelaku,
D0211,datang,
D0211,lagi,
D0211,mengetuk,
D0211,pintu,
D0211,rumah,
D0211,korban,
D0211,dan,
D0211,menyampaikan,
D0211,bahwa,
D0211,dia,
D0211,akan,
D0211,minta,
D0211,maaf,
D0211,kepada,
D0211,korban,
D0211,Pelaku,
D0211,masuk,
D0211,ke,
D0211,dalam,
D0211,kamar,
D0211,korban,
D0211,katanya,
D0211,untuk,
D0211,minta,
D0211,maaf,
D0211,Namun,
D0211,tibatiba,
D0211,pelaku,
D0211,menghunus,
D0211,badiknya,
D0211,dan,
D0211,menikam,
D0211,bagian,
D0211,dada,
D0211,sebelah,
D0211,kiri,
D0211,korban,
D0211,sebanyak,
D0211,satu,
D0211,kali,
D0211,dan,
D0211,membuatnya,
D0211,meninggal,
D0211,sebutnya,
D0211,Rahmatullah,
D0211,menambahkan,
D0211,pihaknya,
D0211,sudah,
D0211,mengambil,
D0211,keterangan,
D0211,saksi,
D0211,di,
D0211,lokasi,
D0211,kejadian,
D0211,Saat,
D0211,ini,
D0211,pelaku,
D0211,masih,
D0211,dalam,
D0211,pengejaran,
D0211,Pelaku,
D0211,masih,
D0211,dilakukan,
D0211,penyelidikan,
D0211,Baru,
D0211,saksi,
D0211,yang,
D0211,sudah,
D0211,diperiksa,
D0211,jelasnya,
D0212,Seorang,
D0212,pria,
D0212,di,
D0212,Pekanbaru,
D0212,Riau,
D0212,Nelson,
D0212,Maruli,
D0212,Tua,
D0212,Siregar,
D0212,56,
D0212,tewas,
D0212,ditikam,
D0212,maling,
D0212,motor,
D0212,Sebelum,
D0212,ditikam,
D0212,korban,
D0212,dan,
D0212,para,
D0212,pelaku,
D0212,sempat,
D0212,duel,
D0212,Kasat,
D0212,Reskrim,
D0212,Polresta,
D0212,Pekanbaru,
D0212,Kompol,
D0212,Bery,
D0212,Juana,
D0212,Putra,
D0212,mengatakan,
D0212,aksi,
D0212,terjadi,
D0212,di,
D0212,Jalan,
D0212,Air,
D0212,Dingin,
D0212,Bukit,
D0212,Raya,
D0212,Saat,
D0212,itu,
D0212,pelaku,
D0212,menggasak,
D0212,motor,
D0212,yang,
D0212,dipanaskan,
D0212,pemilik,
D0212,di,
D0212,depan,
D0212,ruko,
D0212,Awalnya,
D0212,warga,
D0212,sedang,
D0212,menaskan,
D0212,motor,
D0212,di,
D0212,depan,
D0212,ruko,
D0212,Tibatiba,
D0212,datang,
D0212,dua,
D0212,orang,
D0212,tak,
D0212,dikenal,
D0212,langsung,
D0212,membawa,
D0212,sepeda,
D0212,motor,
D0212,kata,
D0212,Berry,
D0212,Senin,
D0212,1732025,
D0212,SCROLL,
D0212,TO,
D0212,CONTINUE,
D0212,WITH,
D0212,CONTENT,
D0212,Saksi,
D0212,Amir,
D0212,Rais,
D0212,27,
D0212,yang,
D0212,melihat,
D0212,aksi,
D0212,dua,
D0212,pelaku,
D0212,langsung,
D0212,berteriak,
D0212,maling,
D0212,Warga,
D0212,lain,
D0212,yang,
D0212,mendengar,
D0212,teriakan,
D0212,langsung,
D0212,mengejar,
D0212,pelaku,
D0212,Pelaku,
D0212,ditendang,
D0212,hingga,
D0212,akhirnya,
D0212,terjatuh,
D0212,dan,
D0212,meninggalkan,
D0212,sepeda,
D0212,motor,
D0212,miliknya,
D0212,BM,
D0212,4836,
D0212,FA,
D0212,jenis,
D0212,Aerox,
D0212,Setelah,
D0212,jatuh,
D0212,satu,
D0212,pelaku,
D0212,coba,
D0212,merampas,
D0212,motor,
D0212,korban,
D0212,yang,
D0212,sedang,
D0212,melintas,
D0212,Korban,
D0212,sempat,
D0212,kelahi,
D0212,dengan,
D0212,pelaku,
D0212,dan,
D0212,menurut,
D0212,keterangan,
D0212,saksi,
D0212,pelaku,
D0212,berusaha,
D0212,melarikan,
D0212,motor,
D0212,korban,
D0212,Bahkan,
D0212,warga,
D0212,lain,
D0212,coba,
D0212,menghadang,
D0212,namun,
D0212,gagal,
D0212,katanya,
D0212,Tak,
D0212,lama,
D0212,warga,
D0212,menemukan,
D0212,korban,
D0212,telah,
D0212,tergeletak,
D0212,di,
D0212,pinggir,
D0212,jalan,
D0212,bersimbah,
D0212,darah,
D0212,Bahkan,
D0212,posisi,
D0212,korban,
D0212,masih,
D0212,pakai,
D0212,jas,
D0212,hujan,
D0212,sepatu,
D0212,dan,
D0212,sarung,
D0212,tangan,
D0212,Ditemukan,
D0212,sarung,
D0212,pisau,
D0212,di,
D0212,lokasi,
D0212,Korban,
D0212,meninggal,
D0212,dunia,
D0212,dan,
D0212,telah,
D0212,dibawa,
D0212,ke,
D0212,RS,
D0212,Bhayangkara,
D0212,untuk,
D0212,keperluan,
D0212,visum,
D0212,kata,
D0212,Berry,
D0213,Kapolsek,
D0213,Negara,
D0213,Batin,
D0213,Iptu,
D0213,Lusiyanto,
D0213,dan,
D0213,dua,
D0213,anggotanya,
D0213,yakni,
D0213,Bripka,
D0213,Petrus,
D0213,serta,
D0213,Bripda,
D0213,Ghalib,
D0213,tewas,
D0213,ditembak,
D0213,saat,
D0213,akan,
D0213,menggerebek,
D0213,perjudian,
D0213,sabung,
D0213,ayam,
D0213,di,
D0213,Kabupaten,
D0213,Way,
D0213,Kanan,
D0213,Begini,
D0213,kronologi,
D0213,peristiwa,
D0213,tersebut,
D0213,Kabid,
D0213,Humas,
D0213,Polda,
D0213,Lampung,
D0213,Kombes,
D0213,Yuni,
D0213,Iswandari,
D0213,mulanya,
D0213,menjelaskan,
D0213,ada,
D0213,17,
D0213,polisi,
D0213,yang,
D0213,datang,
D0213,ke,
D0213,tempat,
D0213,judi,
D0213,sabung,
D0213,ayam,
D0213,Setibanya,
D0213,di,
D0213,lokasi,
D0213,kejadian,
D0213,personel,
D0213,Polres,
D0213,Way,
D0213,Kanan,
D0213,itu,
D0213,langsung,
D0213,ditembaki,
D0213,orang,
D0213,tak,
D0213,dikenal,
D0213,Peristiwa,
D0213,penembakan,
D0213,terjadi,
D0213,dengan,
D0213,kronologi,
D0213,yakni,
D0213,17,
D0213,personel,
D0213,Polres,
D0213,Way,
D0213,Kanan,
D0213,mendatangi,
D0213,tempat,
D0213,perjudian,
D0213,sabung,
D0213,ayam,
D0213,saat,
D0213,tiba,
D0213,di,
D0213,lokasi,
D0213,anggota,
D0213,langsung,
D0213,ditembaki,
D0213,oleh,
D0213,orang,
D0213,tak,
D0213,dikenal,
D0213,sehingga,
D0213,3,
D0213,personel,
D0213,gugur,
D0213,dalam,
D0213,tugas,
D0213,katanya,
D0213,dikutip,
D0213,detikSumbagsel,
D0213,Senin,
D0213,1732025,
D0213,SCROLL,
D0213,TO,
D0213,CONTINUE,
D0213,WITH,
D0213,CONTENT,
D0213,Dijelaskan,
D0213,Kombes,
D0213,Yuni,
D0213,ketiga,
D0213,jenazah,
D0213,telah,
D0213,berhasil,
D0213,dievakuasi,
D0213,dari,
D0213,lokasi,
D0213,dan,
D0213,akan,
D0213,dibawa,
D0213,ke,
D0213,Rumah,
D0213,Sakit,
D0213,Bhayangkara,
D0213,Polda,
D0213,Lampung,
D0213,Di,
D0213,RS,
D0213,Bhayangkara,
D0213,ketiga,
D0213,jasad,
D0213,korban,
D0213,bakal,
D0213,diautopsi,
D0213,Ketiganya,
D0213,jenazah,
D0213,sudah,
D0213,dievakuasi,
D0213,saat,
D0213,ini,
D0213,akan,
D0213,dibawa,
D0213,ke,
D0213,RS,
D0213,Bhayangkara,
D0213,Polda,
D0213,Lampung,
D0213,untuk,
D0213,diautopsi,
D0213,Dan,
D0213,saat,
D0213,ini,
D0213,Bapak,
D0213,Kapolda,
D0213,Lampung,
D0213,Irjen,
D0213,Helmy,
D0213,Santika,
D0213,menuju,
D0213,TKP,
D0213,kini,
D0213,kita,
D0213,fokus,
D0213,mengamankan,
D0213,anggota,
D0213,yang,
D0213,lain,
D0213,imbuhnya,
D0213,Peristiwa,
D0213,ini,
D0213,terjadi,
D0213,pada,
D0213,Senin,
D0213,1732025,
D0213,sore,
D0213,pukul,
D0213,1650,
D0213,WIB,
D0213,di,
D0213,Kampung,
D0213,Karang,
D0213,Manik,
D0213,Kecamatan,
D0213,Negara,
D0213,Batin,
D0213,Kabupaten,
D0213,Way,
D0213,Kanan,
D0213,Provinsi,
D0213,Lampung,
D0214,3,
D0214,polisi,
D0214,tewas,
D0214,ditembak,
D0214,usai,
D0214,menggerebek,
D0214,tempat,
D0214,judi,
D0214,sabung,
D0214,ayam,
D0214,di,
D0214,Kampung,
D0214,Karang,
D0214,Manik,
D0214,Negara,
D0214,Batin,
D0214,Way,
D0214,Kanan,
D0214,Lampung,
D0214,Salah,
D0214,satu,
D0214,dari,
D0214,tiga,
D0214,polisi,
D0214,yang,
D0214,tewas,
D0214,yakni,
D0214,Kapolsek,
D0214,Negara,
D0214,Batin,
D0214,Benar,
D0214,kami,
D0214,berduka,
D0214,dengan,
D0214,meninggalnya,
D0214,3,
D0214,anggota,
D0214,kami,
D0214,saat,
D0214,melakukan,
D0214,tugas,
D0214,penggerebekan,
D0214,judi,
D0214,sabung,
D0214,ayam,
D0214,di,
D0214,Kabupaten,
D0214,Way,
D0214,Kanan,
D0214,katanya,
D0214,Kabid,
D0214,Humas,
D0214,Polda,
D0214,Lampung,
D0214,Kombes,
D0214,Yuni,
D0214,Iswandari,
D0214,dikutip,
D0214,detikSumbagsel,
D0214,Senin,
D0214,1732025,
D0214,Tiga,
D0214,anggota,
D0214,yang,
D0214,gugur,
D0214,dalam,
D0214,bertugas,
D0214,yakni,
D0214,Kapolsek,
D0214,Negara,
D0214,Batin,
D0214,Iptu,
D0214,Lusiyanto,
D0214,dan,
D0214,dua,
D0214,anggotanya,
D0214,yakni,
D0214,Bripka,
D0214,Petrus,
D0214,dan,
D0214,Bripda,
D0214,Galih,
D0214,sambungnya,
D0214,SCROLL,
D0214,TO,
D0214,CONTINUE,
D0214,WITH,
D0214,CONTENT,
D0214,Informasi,
D0214,dihimpun,
D0214,ketiga,
D0214,korban,
D0214,tewas,
D0214,diduga,
D0214,setelah,
D0214,ditembak,
D0214,oleh,
D0214,pemilik,
D0214,tempat,
D0214,sabung,
D0214,ayam,
D0214,Ketiganya,
D0214,diduga,
D0214,ditembak,
D0214,oleh,
D0214,pelaku,
D0214,di,
D0214,bagian,
D0214,kepalanya,
D0214,hingga,
D0214,tewas,
D0214,Terkait,
D0214,hal,
D0214,itu,
D0214,Kombes,
D0214,Yuni,
D0214,belum,
D0214,memberikan,
D0214,penjelasan,
D0214,lebih,
D0214,jauh,
D0214,Menurutnya,
D0214,kasus,
D0214,ini,
D0214,masih,
D0214,dalam,
D0214,tahap,
D0214,penyelidikan,
D0214,Masih,
D0214,dalam,
D0214,proses,
D0214,penyelidikan,
D0214,mohon,
D0214,bersabar,
D0214,tandasnya,
D0215,Iptu,
D0215,Lusiyanto,
D0215,Bripka,
D0215,Petrus,
D0215,serta,
D0215,Bripda,
D0215,Ghalib,
D0215,personel,
D0215,Polres,
D0215,Way,
D0215,Kanan,
D0215,Lampung,
D0215,tewas,
D0215,saat,
D0215,menggerebek,
D0215,tempat,
D0215,perjudian,
D0215,sabung,
D0215,ayam,
D0215,Ketiga,
D0215,korban,
D0215,tewas,
D0215,diduga,
D0215,setelah,
D0215,ditembak,
D0215,oleh,
D0215,pemilik,
D0215,tempat,
D0215,sabung,
D0215,ayam,
D0215,Dikutip,
D0215,detikSumbagsel,
D0215,peristiwa,
D0215,tersebut,
D0215,terjadi,
D0215,pada,
D0215,Senin,
D0215,1732025,
D0215,sore,
D0215,pukul,
D0215,1650,
D0215,WIB,
D0215,di,
D0215,Kampung,
D0215,Karang,
D0215,Manik,
D0215,Kecamatan,
D0215,Negara,
D0215,Batin,
D0215,Kabupaten,
D0215,Way,
D0215,Kanan,
D0215,Provinsi,
D0215,Lampung,
D0215,Ketiga,
D0215,polisi,
D0215,tersebut,
D0215,tewas,
D0215,setelah,
D0215,diduga,
D0215,ditembak,
D0215,pemilik,
D0215,tempat,
D0215,judi,
D0215,di,
D0215,bagian,
D0215,kepala,
D0215,Ketiganya,
D0215,diduga,
D0215,ditembak,
D0215,oleh,
D0215,pelaku,
D0215,di,
D0215,bagian,
D0215,kepalanya,
D0215,hingga,
D0215,tewas,
D0215,Kapolres,
D0215,Way,
D0215,Kanan,
D0215,AKBP,
D0215,Adanan,
D0215,Mangopang,
D0215,belum,
D0215,memberikan,
D0215,keterangan,
D0215,meski,
D0215,telah,
D0215,dihubungi,
D0215,melalui,
D0215,pesan,
D0215,WhatsApp,
D0215,di,
D0215,nomor,
D0215,pribadinya,
D0215,SCROLL,
D0215,TO,
D0215,CONTINUE,
D0215,WITH,
D0215,CONTENT,
D0215,Kabid,
D0215,Humas,
D0215,Polda,
D0215,Lampung,
D0215,Kombes,
D0215,Yuni,
D0215,Iswandari,
D0215,membenarkan,
D0215,insiden,
D0215,tersebut,
D0215,Benar,
D0215,kami,
D0215,berduka,
D0215,dengan,
D0215,meninggalnya,
D0215,3,
D0215,anggota,
D0215,kami,
D0215,saat,
D0215,melakukan,
D0215,tugas,
D0215,penggerebekan,
D0215,judi,
D0215,sabung,
D0215,ayam,
D0215,di,
D0215,Kabupaten,
D0215,Way,
D0215,Kanan,
D0215,Saat,
D0215,ini,
D0215,ketiga,
D0215,jasad,
D0215,anggota,
D0215,Polri,
D0215,ini,
D0215,masih,
D0215,dalam,
D0215,perjalanan,
D0215,ke,
D0215,Rumah,
D0215,Sakit,
D0215,Bhayangkara,
D0215,Polda,
D0215,Lampung,
D0215,untuk,
D0215,dilakukan,
D0215,proses,
D0215,autopsi,
D0216,Waria,
D0216,berinisial,
D0216,LHM,
D0216,23,
D0216,di,
D0216,Kota,
D0216,Pematangsiantar,
D0216,Sumatera,
D0216,Utara,
D0216,bersembunyi,
D0216,dalam,
D0216,goronggorong,
D0216,Aksi,
D0216,itu,
D0216,dilakukan,
D0216,LHM,
D0216,setelah,
D0216,kepergok,
D0216,mencuri,
D0216,Hp,
D0216,di,
D0216,rumah,
D0216,warga,
D0216,Peristiwa,
D0216,itu,
D0216,viral,
D0216,di,
D0216,media,
D0216,sosial,
D0216,Berdasarkan,
D0216,video,
D0216,yang,
D0216,dilihat,
D0216,detikSumut,
D0216,Minggu,
D0216,1632025,
D0216,tampak,
D0216,awalnya,
D0216,ada,
D0216,warga,
D0216,yang,
D0216,mengangkat,
D0216,semen,
D0216,penutup,
D0216,goronggorong,
D0216,dan,
D0216,mengecek,
D0216,ke,
D0216,goronggorong,
D0216,tersebut,
D0216,Ternyata,
D0216,di,
D0216,dalam,
D0216,tersebut,
D0216,ada,
D0216,pelaku,
D0216,LHM,
D0216,yang,
D0216,tengah,
D0216,bersembunyi,
D0216,Warga,
D0216,itu,
D0216,lalu,
D0216,meminta,
D0216,pelaku,
D0216,untuk,
D0216,keluar,
D0216,dari,
D0216,goronggorong,
D0216,itu,
D0216,SCROLL,
D0216,TO,
D0216,CONTINUE,
D0216,WITH,
D0216,CONTENT,
D0216,Di,
D0216,sekitar,
D0216,lokasi,
D0216,tampak,
D0216,ramai,
D0216,warga,
D0216,Para,
D0216,warga,
D0216,bergantian,
D0216,menyuruh,
D0216,waria,
D0216,itu,
D0216,keluar,
D0216,Kemudian,
D0216,tampak,
D0216,ada,
D0216,anggota,
D0216,polisi,
D0216,masuk,
D0216,ke,
D0216,dalam,
D0216,goronggorong,
D0216,itu,
D0216,Setelah,
D0216,itu,
D0216,terlihat,
D0216,saat,
D0216,waria,
D0216,itu,
D0216,keluar,
D0216,dari,
D0216,goronggorong,
D0216,tersebut,
D0216,dan,
D0216,digiring,
D0216,ke,
D0216,mobil,
D0216,polisi,
D0216,Kapolsek,
D0216,Siantar,
D0216,Selatan,
D0216,Iptu,
D0216,Priston,
D0216,Simbolon,
D0216,membenarkan,
D0216,informasi,
D0216,kejadian,
D0216,itu,
D0216,Ia,
D0216,mengatakan,
D0216,peristiwa,
D0216,itu,
D0216,terjadi,
D0216,di,
D0216,di,
D0216,Jalan,
D0216,Toba,
D0216,Kecamatan,
D0216,Siantar,
D0216,Selatan,
D0216,Jumat,
D0216,143,
D0216,siang,
D0216,Iya,
D0216,waria,
D0216,Polsek,
D0216,Siantar,
D0216,Selatan,
D0216,berhasil,
D0216,menangkap,
D0216,pelaku,
D0216,LHM,
D0216,kata,
D0216,Priston,
D0216,Priston,
D0216,menyebut,
D0216,pelaku,
D0216,awalnya,
D0216,menyelinap,
D0216,masuk,
D0216,ke,
D0216,rumah,
D0216,warga,
D0216,bernama,
D0216,Laurida,
D0216,br,
D0216,Silaen,
D0216,66,
D0216,di,
D0216,Jalan,
D0216,Marimbun,
D0216,Kecamatan,
D0216,Siantar,
D0216,Selatan,
D0216,sekira,
D0216,pukul,
D0216,0930,
D0216,WIB,
D0216,Awalnya,
D0216,korban,
D0216,bangun,
D0216,tidur,
D0216,dan,
D0216,membuka,
D0216,pintu,
D0216,depan,
D0216,rumahnya,
D0216,Setelah,
D0216,itu,
D0216,korban,
D0216,kembali,
D0216,masuk,
D0216,ke,
D0216,kamar,
D0216,sambil,
D0216,main,
D0216,hp,
D0216,Selang,
D0216,beberapa,
D0216,waktu,
D0216,baterai,
D0216,hp,
D0216,korban,
D0216,habis,
D0216,dan,
D0216,korban,
D0216,pun,
D0216,pergi,
D0216,mengecasnya,
D0216,di,
D0216,kamar,
D0216,tengah,
D0216,Saat,
D0216,korban,
D0216,keluar,
D0216,korban,
D0216,melihat,
D0216,pelaku,
D0216,sudah,
D0216,berada,
D0216,di,
D0216,dalam,
D0216,kamar,
D0216,tersebut,
D0216,sambil,
D0216,membungkuk,
D0216,di,
D0216,antara,
D0216,tempat,
D0216,tidur,
D0216,dan,
D0216,lemari,
D0216,Korban,
D0216,spontan,
D0216,menjerit,
D0216,dan,
D0216,meneriaki,
D0216,korban,
D0216,maling,
D0216,Korban,
D0216,sambil,
D0216,menarik,
D0216,pintu,
D0216,untuk,
D0216,menutupnya,
D0216,agar,
D0216,pelaku,
D0216,tidak,
D0216,dapat,
D0216,keluar,
D0216,dari,
D0216,kamar,
D0216,Namun,
D0216,pelaku,
D0216,dengan,
D0216,cepat,
D0216,juga,
D0216,menarik,
D0216,pintu,
D0216,kamar,
D0216,tersebut,
D0216,sehingga,
D0216,terjadi,
D0216,tarik,
D0216,menarik,
D0216,pintu,
D0216,tapi,
D0216,korban,
D0216,kalah,
D0216,kuat,
D0216,sehingga,
D0216,pintu,
D0216,terbuka,
D0216,Selanjutnya,
D0216,tersangka,
D0216,keluar,
D0216,kamar,
D0216,hendak,
D0216,melarikan,
D0216,diri,
D0216,ujarnya,
D0216,Korban,
D0216,sempat,
D0216,berupaya,
D0216,menahan,
D0216,pelaku,
D0216,Namun,
D0216,pelaku,
D0216,mendorong,
D0216,bahu,
D0216,korban,
D0216,hingga,
D0216,terjatuh,
D0216,Akibatnya,
D0216,kepala,
D0216,korban,
D0216,terbentur,
D0216,ke,
D0216,meja,
D0216,Lalu,
D0216,sekira,
D0216,pukul,
D0216,1300,
D0216,WIB,
D0216,pihak,
D0216,kepolisian,
D0216,menerima,
D0216,informasi,
D0216,soal,
D0216,pelaku,
D0216,yang,
D0216,bersembunyi,
D0216,di,
D0216,goronggorong,
D0216,Setelah,
D0216,itu,
D0216,petugas,
D0216,menuju,
D0216,lokasi,
D0216,dan,
D0216,mengamankan,
D0216,pelaku,
D0216,Kemudian,
D0216,pelaku,
D0216,diboyong,
D0216,ke,
D0216,Polsek,
D0216,Siantar,
D0216,Selatan,
D0216,Atas,
D0216,kejadian,
D0216,ini,
D0216,korban,
D0216,juga,
D0216,telah,
D0216,membuat,
D0216,laporan,
D0216,ke,
D0216,kantor,
D0216,polisi,
D0216,Tim,
D0216,berhasil,
D0216,cepat,
D0216,menangkap,
D0216,pelaku,
D0216,bersembunyi,
D0216,di,
D0216,dalam,
D0216,goronggorong,
D0216,yang,
D0216,terletak,
D0216,di,
D0216,Jalan,
D0216,Toba,
D0216,Lalu,
D0216,pelaku,
D0216,diboyong,
D0216,ke,
D0216,Polsek,
D0216,Siantar,
D0216,Selatan,
D0216,pungkasnya,
D0217,Tiga,
D0217,pria,
D0217,mencuri,
D0217,handphone,
D0217,dan,
D0217,menguras,
D0217,uang,
D0217,di,
D0217,ATM,
D0217,penjual,
D0217,pulsa,
D0217,di,
D0217,Kabupaten,
D0217,Simalungun,
D0217,Sumatera,
D0217,Utara,
D0217,Sumut,
D0217,Para,
D0217,pelaku,
D0217,melakukan,
D0217,aksinya,
D0217,dengan,
D0217,modus,
D0217,berpurapura,
D0217,membeli,
D0217,pulsa,
D0217,Kasi,
D0217,Humas,
D0217,Polres,
D0217,Simalungun,
D0217,AKP,
D0217,Verry,
D0217,Purba,
D0217,mengatakan,
D0217,peristiwa,
D0217,itu,
D0217,terjadi,
D0217,di,
D0217,rumah,
D0217,korban,
D0217,Leni,
D0217,42,
D0217,di,
D0217,Kampung,
D0217,Melayu,
D0217,Nagori,
D0217,Jawa,
D0217,Tongah,
D0217,Kecamatan,
D0217,Hatonduhan,
D0217,Sabtu,
D0217,153,
D0217,Adapun,
D0217,ketiga,
D0217,pelaku,
D0217,yakni,
D0217,Alaw,
D0217,Prasetia,
D0217,22,
D0217,Jejen,
D0217,19,
D0217,dan,
D0217,M,
D0217,Riski,
D0217,18,
D0217,Kejadiannya,
D0217,sekira,
D0217,pukul,
D0217,2030,
D0217,WIB,
D0217,yang,
D0217,mana,
D0217,pada,
D0217,saat,
D0217,itu,
D0217,datang,
D0217,salah,
D0217,satu,
D0217,pelaku,
D0217,hendak,
D0217,mengisi,
D0217,pulsa,
D0217,dengan,
D0217,harga,
D0217,Rp,
D0217,15,
D0217,ribu,
D0217,dan,
D0217,jajan,
D0217,permen,
D0217,kata,
D0217,Verry,
D0217,Minggu,
D0217,1632025,
D0217,SCROLL,
D0217,TO,
D0217,CONTINUE,
D0217,WITH,
D0217,CONTENT,
D0217,Pelaku,
D0217,pun,
D0217,memberikan,
D0217,uangnya,
D0217,kepada,
D0217,korban,
D0217,Lalu,
D0217,saat,
D0217,korban,
D0217,berbalik,
D0217,hendak,
D0217,memberikan,
D0217,uang,
D0217,kembaliannya,
D0217,pelaku,
D0217,tibatiba,
D0217,mengambil,
D0217,hp,
D0217,korban,
D0217,yang,
D0217,berada,
D0217,di,
D0217,atas,
D0217,meja,
D0217,Setelah,
D0217,itu,
D0217,pelaku,
D0217,melarikan,
D0217,diri,
D0217,menggunakan,
D0217,sepeda,
D0217,motor,
D0217,bersama,
D0217,dengan,
D0217,temannya,
D0217,yang,
D0217,telah,
D0217,menunggu,
D0217,di,
D0217,pinggir,
D0217,jalan,
D0217,Kemudian,
D0217,korban,
D0217,berteriak,
D0217,meminta,
D0217,tolong,
D0217,dan,
D0217,berupaya,
D0217,mengejar,
D0217,para,
D0217,pelaku,
D0217,tetapi,
D0217,gagal,
D0217,Peristiwa,
D0217,itu,
D0217,lalu,
D0217,dilaporkan,
D0217,korban,
D0217,ke,
D0217,Polsek,
D0217,Tanah,
D0217,Jawa,
D0217,Setelah,
D0217,dilacak,
D0217,melalui,
D0217,GPS,
D0217,hp,
D0217,korban,
D0217,tengah,
D0217,berada,
D0217,di,
D0217,rumah,
D0217,kontrakan,
D0217,pelaku,
D0217,di,
D0217,Kampung,
D0217,Baru,
D0217,Nagori,
D0217,Balimbingan,
D0217,Kecamatan,
D0217,Tanah,
D0217,Jawa,
D0217,Pihak,
D0217,kepolisian,
D0217,pun,
D0217,bergerak,
D0217,mencari,
D0217,ketiga,
D0217,pelaku,
D0217,dan,
D0217,mengamankannya,
D0217,dini,
D0217,hari,
D0217,tadi,
D0217,Kemudian,
D0217,ketiga,
D0217,pelaku,
D0217,diamankan,
D0217,dan,
D0217,dibawa,
D0217,ke,
D0217,Polsek,
D0217,Tanah,
D0217,Jawa,
D0217,sebutnya,
D0217,Selain,
D0217,mengamankan,
D0217,ketiganya,
D0217,petugas,
D0217,juga,
D0217,mengamankan,
D0217,hp,
D0217,korban,
D0217,dan,
D0217,uang,
D0217,sebesar,
D0217,Rp,
D0217,29,
D0217,juta,
D0217,yang,
D0217,dikuras,
D0217,para,
D0217,pelaku,
D0217,dari,
D0217,ATM,
D0217,korban,
D0217,Modusnya,
D0217,pelaku,
D0217,dengan,
D0217,cara,
D0217,berpurapura,
D0217,membeli,
D0217,pulsa,
D0217,untuk,
D0217,melakukan,
D0217,pencurian,
D0217,hp,
D0217,milik,
D0217,korban,
D0217,pungkasnya,
D0218,Polisi,
D0218,mengungkap,
D0218,kronologi,
D0218,pembacokan,
D0218,dua,
D0218,pemuda,
D0218,asal,
D0218,Kelurahan,
D0218,Pane,
D0218,Kecamatan,
D0218,Rasanae,
D0218,Barat,
D0218,Kota,
D0218,Bima,
D0218,Nusa,
D0218,Tenggara,
D0218,Barat,
D0218,NTB,
D0218,DN,
D0218,23,
D0218,dan,
D0218,BG,
D0218,21,
D0218,oleh,
D0218,tujuh,
D0218,pelaku,
D0218,Dua,
D0218,korban,
D0218,dibacok,
D0218,ramairamai,
D0218,tujuh,
D0218,pelaku,
D0218,setelah,
D0218,menenggak,
D0218,minuman,
D0218,keras,
D0218,miras,
D0218,Kapolres,
D0218,Bima,
D0218,Kota,
D0218,AKBP,
D0218,Didik,
D0218,Putra,
D0218,Kuncoro,
D0218,mengatakan,
D0218,kasus,
D0218,itu,
D0218,bermula,
D0218,saat,
D0218,BG,
D0218,DN,
D0218,dan,
D0218,dua,
D0218,orang,
D0218,temannya,
D0218,SF,
D0218,dan,
D0218,HM,
D0218,berboncengan,
D0218,menggunakan,
D0218,satu,
D0218,sepeda,
D0218,motor,
D0218,menuju,
D0218,ke,
D0218,Kelurahan,
D0218,Penagara,
D0218,pada,
D0218,Sabtu,
D0218,1532025,
D0218,dini,
D0218,hari,
D0218,sekitar,
D0218,pukul,
D0218,0100,
D0218,Wita,
D0218,Mereka,
D0218,ke,
D0218,sana,
D0218,setelah,
D0218,menenggak,
D0218,miras,
D0218,di,
D0218,kelurahan,
D0218,Pane,
D0218,Kecamatan,
D0218,Rasanae,
D0218,Barat,
D0218,kampung,
D0218,para,
D0218,korban,
D0218,ini,
D0218,ucap,
D0218,Didik,
D0218,saat,
D0218,konferensi,
D0218,pers,
D0218,di,
D0218,Mapolres,
D0218,Bima,
D0218,Kota,
D0218,Minggu,
D0218,1632025,
D0218,siang,
D0218,SCROLL,
D0218,TO,
D0218,CONTINUE,
D0218,WITH,
D0218,CONTENT,
D0218,Saat,
D0218,melewati,
D0218,jalan,
D0218,raya,
D0218,di,
D0218,depan,
D0218,SMAN,
D0218,4,
D0218,Kota,
D0218,Bima,
D0218,mereka,
D0218,melihat,
D0218,sekelompok,
D0218,orang,
D0218,yang,
D0218,duduk,
D0218,menenggak,
D0218,miras,
D0218,lalu,
D0218,menghampiri,
D0218,Saat,
D0218,itu,
D0218,BG,
D0218,menanyakan,
D0218,PA,
D0218,seorang,
D0218,terduga,
D0218,pelaku,
D0218,pembacokan,
D0218,BG,
D0218,ingin,
D0218,berduel,
D0218,lantaran,
D0218,sebelumnya,
D0218,sempat,
D0218,bermasalah,
D0218,dengan,
D0218,PA,
D0218,Saat,
D0218,itu,
D0218,PA,
D0218,tidak,
D0218,ada,
D0218,di,
D0218,lokasi,
D0218,Tapi,
D0218,ada,
D0218,teman,
D0218,sekampung,
D0218,PA,
D0218,inisial,
D0218,MF,
D0218,Kemudian,
D0218,MF,
D0218,dan,
D0218,MR,
D0218,memanggil,
D0218,PA,
D0218,di,
D0218,rumahnya,
D0218,di,
D0218,Kelurahan,
D0218,Ntobo,
D0218,Kecamatan,
D0218,Raba,
D0218,kata,
D0218,Didik,
D0218,Bertemu,
D0218,dengan,
D0218,PA,
D0218,MF,
D0218,menceritakan,
D0218,BG,
D0218,dan,
D0218,DN,
D0218,bersama,
D0218,dua,
D0218,orang,
D0218,temannya,
D0218,menantang,
D0218,duel,
D0218,Tantangan,
D0218,itu,
D0218,diterima,
D0218,PA,
D0218,memanggil,
D0218,sejumlah,
D0218,temannya,
D0218,AR,
D0218,CAN,
D0218,AF,
D0218,dan,
D0218,FA,
D0218,Setelah,
D0218,itu,
D0218,mereka,
D0218,berangkat,
D0218,menuju,
D0218,Kelurahan,
D0218,Penatoi,
D0218,menggunakan,
D0218,tiga,
D0218,sepeda,
D0218,motor,
D0218,AR,
D0218,membawa,
D0218,celurit,
D0218,CAN,
D0218,membawa,
D0218,ketapel,
D0218,dan,
D0218,busur,
D0218,panah,
D0218,Sedangkan,
D0218,AF,
D0218,dan,
D0218,FA,
D0218,membawa,
D0218,parang,
D0218,ujar,
D0218,Didik,
D0218,Tiba,
D0218,di,
D0218,lokasi,
D0218,kejadian,
D0218,para,
D0218,pelaku,
D0218,melihat,
D0218,sekitar,
D0218,20,
D0218,orang,
D0218,termasuk,
D0218,ada,
D0218,BG,
D0218,dan,
D0218,DN,
D0218,sedang,
D0218,duduk,
D0218,menenggak,
D0218,miras,
D0218,Setelah,
D0218,selesai,
D0218,meneggak,
D0218,miras,
D0218,BG,
D0218,dan,
D0218,DN,
D0218,hendak,
D0218,pulang,
D0218,ke,
D0218,Pane,
D0218,Namun,
D0218,PA,
D0218,menendang,
D0218,BG,
D0218,hingga,
D0218,membuat,
D0218,motor,
D0218,mereka,
D0218,oleng,
D0218,PA,
D0218,juga,
D0218,menarik,
D0218,korban,
D0218,dari,
D0218,atas,
D0218,motor,
D0218,yang,
D0218,membuat,
D0218,BG,
D0218,dan,
D0218,DN,
D0218,tergeletak,
D0218,di,
D0218,aspal,
D0218,Selanjutnya,
D0218,BG,
D0218,dan,
D0218,DN,
D0218,dipukul,
D0218,dan,
D0218,dibacok,
D0218,ramairamai,
D0218,oleh,
D0218,para,
D0218,pelaku,
D0218,ujarnya,
D0218,Setelah,
D0218,kejadian,
D0218,itu,
D0218,tujuh,
D0218,pelaku,
D0218,melarikan,
D0218,diri,
D0218,Dua,
D0218,orang,
D0218,di,
D0218,antaranya,
D0218,kabur,
D0218,Kabupaten,
D0218,Dompu,
D0218,Para,
D0218,pelaku,
D0218,akhirnya,
D0218,berhasial,
D0218,ditangkap,
D0218,Sementara,
D0218,DN,
D0218,dan,
D0218,BG,
D0218,dibawa,
D0218,ke,
D0218,RSUD,
D0218,Bima,
D0218,untuk,
D0218,diberikan,
D0218,tindakan,
D0218,medis,
D0218,lebih,
D0218,lanjut,
D0218,Hanya,
D0218,saja,
D0218,tiba,
D0218,di,
D0218,RSUD,
D0218,Bima,
D0218,nyawa,
D0218,DN,
D0218,tidak,
D0218,dapat,
D0218,ditolong,
D0218,dan,
D0218,meninggal,
D0218,dunia,
D0218,Sementara,
D0218,BG,
D0218,saat,
D0218,ini,
D0218,masih,
D0218,menjalani,
D0218,perawatan,
D0218,medis,
D0218,pungkasnya,
D0219,Seorang,
D0219,waria,
D0219,berinisial,
D0219,LHM,
D0219,23,
D0219,kepergok,
D0219,hendak,
D0219,mencuri,
D0219,di,
D0219,salah,
D0219,satu,
D0219,rumah,
D0219,warga,
D0219,di,
D0219,Kota,
D0219,Pematangsiantar,
D0219,Sumatera,
D0219,Utara,
D0219,Sumut,
D0219,Setelah,
D0219,itu,
D0219,pelaku,
D0219,kabur,
D0219,dan,
D0219,bersembunyi,
D0219,di,
D0219,goronggorong,
D0219,Peristiwa,
D0219,itu,
D0219,viral,
D0219,di,
D0219,media,
D0219,sosial,
D0219,Berdasarkan,
D0219,video,
D0219,yang,
D0219,dilihat,
D0219,detikSumut,
D0219,Minggu,
D0219,1632025,
D0219,tampak,
D0219,awalnya,
D0219,ada,
D0219,warga,
D0219,yang,
D0219,mengangkat,
D0219,semen,
D0219,penutup,
D0219,goronggorong,
D0219,dan,
D0219,mengecek,
D0219,ke,
D0219,goronggorong,
D0219,tersebut,
D0219,Ternyata,
D0219,di,
D0219,dalam,
D0219,tersebut,
D0219,ada,
D0219,pelaku,
D0219,LHM,
D0219,yang,
D0219,tengah,
D0219,bersembunyi,
D0219,Warga,
D0219,itu,
D0219,lalu,
D0219,meminta,
D0219,pelaku,
D0219,untuk,
D0219,keluar,
D0219,dari,
D0219,goronggorong,
D0219,itu,
D0219,SCROLL,
D0219,TO,
D0219,CONTINUE,
D0219,WITH,
D0219,CONTENT,
D0219,Di,
D0219,sekitar,
D0219,lokasi,
D0219,tampak,
D0219,ramai,
D0219,warga,
D0219,Para,
D0219,warga,
D0219,bergantian,
D0219,menyuruh,
D0219,waria,
D0219,itu,
D0219,keluar,
D0219,Kemudian,
D0219,tampak,
D0219,ada,
D0219,anggota,
D0219,polisi,
D0219,masuk,
D0219,ke,
D0219,dalam,
D0219,goronggorong,
D0219,itu,
D0219,Setelah,
D0219,itu,
D0219,terlihat,
D0219,saat,
D0219,waria,
D0219,itu,
D0219,keluar,
D0219,dari,
D0219,goronggorong,
D0219,tersebut,
D0219,dan,
D0219,digiring,
D0219,ke,
D0219,mobil,
D0219,polisi,
D0219,Kapolsek,
D0219,Siantar,
D0219,Selatan,
D0219,Iptu,
D0219,Priston,
D0219,Simbolon,
D0219,membenarkan,
D0219,informasi,
D0219,kejadian,
D0219,itu,
D0219,Priston,
D0219,mengatakan,
D0219,peristiwa,
D0219,itu,
D0219,terjadi,
D0219,di,
D0219,di,
D0219,Jalan,
D0219,Toba,
D0219,Kecamatan,
D0219,Siantar,
D0219,Selatan,
D0219,Jumat,
D0219,143,
D0219,siang,
D0219,Iya,
D0219,waria,
D0219,Polsek,
D0219,Siantar,
D0219,Selatan,
D0219,berhasil,
D0219,menangkap,
D0219,pelaku,
D0219,LHM,
D0219,kata,
D0219,Priston,
D0219,Priston,
D0219,menyebut,
D0219,pelaku,
D0219,awalnya,
D0219,menyelinap,
D0219,masuk,
D0219,ke,
D0219,rumah,
D0219,warga,
D0219,bernama,
D0219,Laurida,
D0219,br,
D0219,Silaen,
D0219,66,
D0219,di,
D0219,Jalan,
D0219,Marimbun,
D0219,Kecamatan,
D0219,Siantar,
D0219,Selatan,
D0219,sekira,
D0219,pukul,
D0219,0930,
D0219,WIB,
D0219,Awalnya,
D0219,korban,
D0219,bangun,
D0219,tidur,
D0219,dan,
D0219,membuka,
D0219,pintu,
D0219,depan,
D0219,rumahnya,
D0219,Setelah,
D0219,itu,
D0219,korban,
D0219,kembali,
D0219,masuk,
D0219,ke,
D0219,kamar,
D0219,sambil,
D0219,main,
D0219,hp,
D0219,Selang,
D0219,beberapa,
D0219,waktu,
D0219,baterai,
D0219,hp,
D0219,korban,
D0219,habis,
D0219,dan,
D0219,korban,
D0219,pun,
D0219,pergi,
D0219,mengecasnya,
D0219,di,
D0219,kamar,
D0219,tengah,
D0219,Saat,
D0219,korban,
D0219,keluar,
D0219,korban,
D0219,melihat,
D0219,pelaku,
D0219,sudah,
D0219,berada,
D0219,di,
D0219,dalam,
D0219,kamar,
D0219,tersebut,
D0219,sambil,
D0219,membungkuk,
D0219,di,
D0219,antara,
D0219,tempat,
D0219,tidur,
D0219,dan,
D0219,lemari,
D0219,Korban,
D0219,spontan,
D0219,menjerit,
D0219,dan,
D0219,meneriaki,
D0219,korban,
D0219,maling,
D0219,Korban,
D0219,sambil,
D0219,menarik,
D0219,pintu,
D0219,untuk,
D0219,menutupnya,
D0219,agar,
D0219,pelaku,
D0219,tidak,
D0219,dapat,
D0219,keluar,
D0219,dari,
D0219,kamar,
D0219,Namun,
D0219,pelaku,
D0219,dengan,
D0219,cepat,
D0219,juga,
D0219,menarik,
D0219,pintu,
D0219,kamar,
D0219,tersebut,
D0219,sehingga,
D0219,terjadi,
D0219,tarik,
D0219,menarik,
D0219,pintu,
D0219,tapi,
D0219,korban,
D0219,kalah,
D0219,kuat,
D0219,sehingga,
D0219,pintu,
D0219,terbuka,
D0219,Selanjutnya,
D0219,tersangka,
D0219,keluar,
D0219,kamar,
D0219,hendak,
D0219,melarikan,
D0219,diri,
D0219,ujarnya,
D0219,Korban,
D0219,sempat,
D0219,berupaya,
D0219,menahan,
D0219,pelaku,
D0219,Namun,
D0219,pelaku,
D0219,mendorong,
D0219,bahu,
D0219,korban,
D0219,hingga,
D0219,terjatuh,
D0219,Akibatnya,
D0219,kepala,
D0219,korban,
D0219,terbentur,
D0219,ke,
D0219,meja,
D0219,Lalu,
D0219,sekira,
D0219,pukul,
D0219,1300,
D0219,WIB,
D0219,pihak,
D0219,kepolisian,
D0219,menerima,
D0219,informasi,
D0219,soal,
D0219,pelaku,
D0219,yang,
D0219,bersembunyi,
D0219,di,
D0219,goronggorong,
D0219,Setelah,
D0219,itu,
D0219,petugas,
D0219,menuju,
D0219,lokasi,
D0219,dan,
D0219,mengamankan,
D0219,pelaku,
D0219,Kemudian,
D0219,pelaku,
D0219,diboyong,
D0219,ke,
D0219,Polsek,
D0219,Siantar,
D0219,Selatan,
D0219,Atas,
D0219,kejadian,
D0219,ini,
D0219,korban,
D0219,juga,
D0219,telah,
D0219,membuat,
D0219,laporan,
D0219,ke,
D0219,kantor,
D0219,polisi,
D0219,Tim,
D0219,berhasil,
D0219,cepat,
D0219,menangkap,
D0219,pelaku,
D0219,bersembunyi,
D0219,di,
D0219,dalam,
D0219,goronggorong,
D0219,yang,
D0219,terletak,
D0219,di,
D0219,Jalan,
D0219,Toba,
D0219,Lalu,
D0219,pelaku,
D0219,diboyong,
D0219,ke,
D0219,Polsek,
D0219,Siantar,
D0219,Selatan,
D0219,pungkasnya,
D0220,Perjalanan,
D0220,kriminal,
D0220,Riki,
D0220,Setiawan,
D0220,22,
D0220,dan,
D0220,Dandi,
D0220,Riyana,
D0220,20,
D0220,sebagai,
D0220,pencuri,
D0220,motor,
D0220,yang,
D0220,kerap,
D0220,beraksi,
D0220,di,
D0220,pusat,
D0220,Kota,
D0220,Intan,
D0220,Garut,
D0220,akhirnya,
D0220,berakhir,
D0220,di,
D0220,tangan,
D0220,polisi,
D0220,Keduanya,
D0220,ditangkap,
D0220,oleh,
D0220,anggota,
D0220,Unit,
D0220,Reskrim,
D0220,Polsek,
D0220,Tarogong,
D0220,Kidul,
D0220,setelah,
D0220,meresahkan,
D0220,masyarakat,
D0220,dengan,
D0220,aksi,
D0220,pencurian,
D0220,yang,
D0220,disertai,
D0220,ancaman,
D0220,menggunakan,
D0220,pistol,
D0220,Kapolsek,
D0220,Tarogong,
D0220,Kidul,
D0220,AKP,
D0220,Agus,
D0220,Kustanto,
D0220,membenarkan,
D0220,penangkapan,
D0220,tersebut,
D0220,Menurutnya,
D0220,kedua,
D0220,pelaku,
D0220,merupakan,
D0220,warga,
D0220,Garut,
D0220,masingmasing,
D0220,berasal,
D0220,dari,
D0220,Desa,
D0220,Najaten,
D0220,dan,
D0220,Desa,
D0220,Sancang,
D0220,Kecamatan,
D0220,Cibalong,
D0220,Mereka,
D0220,ditangkap,
D0220,pada,
D0220,Minggu,
D0220,932025,
D0220,setelah,
D0220,melancarkan,
D0220,aksi,
D0220,pencurian,
D0220,kendaraan,
D0220,bermotor,
D0220,di,
D0220,Jalan,
D0220,Pembangunan,
D0220,Kedua,
D0220,tersangka,
D0220,ditangkap,
D0220,beberapa,
D0220,saat,
D0220,setelah,
D0220,melakukan,
D0220,aksi,
D0220,pencurian,
D0220,kendaraan,
D0220,bermotor,
D0220,di,
D0220,Jalan,
D0220,Pembangunan,
D0220,kata,
D0220,Agus,
D0220,kepada,
D0220,detikJabar,
D0220,Rabu,
D0220,123,
D0220,SCROLL,
D0220,TO,
D0220,CONTINUE,
D0220,WITH,
D0220,CONTENT,
D0220,Dalam,
D0220,setiap,
D0220,aksinya,
D0220,salah,
D0220,satu,
D0220,dari,
D0220,kedua,
D0220,pelaku,
D0220,selalu,
D0220,membawa,
D0220,pistol,
D0220,yang,
D0220,diduga,
D0220,sebagai,
D0220,senjata,
D0220,api,
D0220,untuk,
D0220,menakuti,
D0220,korban,
D0220,Aksi,
D0220,mereka,
D0220,bahkan,
D0220,sempat,
D0220,terekam,
D0220,kamera,
D0220,CCTV,
D0220,yang,
D0220,kemudian,
D0220,menjadi,
D0220,bukti,
D0220,kuat,
D0220,bagi,
D0220,kepolisian,
D0220,untuk,
D0220,menangkap,
D0220,mereka,
D0220,Namun,
D0220,berdasarkan,
D0220,hasil,
D0220,pemeriksaan,
D0220,pistol,
D0220,yang,
D0220,digunakan,
D0220,bukan,
D0220,senjata,
D0220,api,
D0220,asli,
D0220,melainkan,
D0220,airsoft,
D0220,gun,
D0220,Benar,
D0220,diamankan,
D0220,satu,
D0220,pucuk,
D0220,airsoft,
D0220,gun,
D0220,jenis,
D0220,KWA,
D0220,made,
D0220,in,
D0220,Taiwan,
D0220,berikut,
D0220,magasin,
D0220,dua,
D0220,tabung,
D0220,gas,
D0220,dan,
D0220,peluru,
D0220,gotri,
D0220,ungkapnya,
D0220,Hasil,
D0220,penyelidikan,
D0220,menunjukkan,
D0220,bahwa,
D0220,Riki,
D0220,dan,
D0220,Dandi,
D0220,telah,
D0220,melakukan,
D0220,aksi,
D0220,pencurian,
D0220,motor,
D0220,di,
D0220,berbagai,
D0220,lokasi,
D0220,di,
D0220,Garut,
D0220,Mereka,
D0220,menyasar,
D0220,motor,
D0220,yang,
D0220,terparkir,
D0220,di,
D0220,pinggir,
D0220,jalan,
D0220,saat,
D0220,malam,
D0220,hari,
D0220,kemudian,
D0220,menjebol,
D0220,kunci,
D0220,kontak,
D0220,menggunakan,
D0220,astag,
D0220,dan,
D0220,membawa,
D0220,kabur,
D0220,kendaraan,
D0220,tersebut,
D0220,Pengakuannya,
D0220,sudah,
D0220,6,
D0220,kali,
D0220,beraksi,
D0220,Satu,
D0220,di,
D0220,Jalan,
D0220,Cimanuk,
D0220,dua,
D0220,Jalan,
D0220,Ahmad,
D0220,Yani,
D0220,satu,
D0220,Jalan,
D0220,Patriot,
D0220,Terminal,
D0220,Guntur,
D0220,dan,
D0220,di,
D0220,dekat,
D0220,SOR,
D0220,Merdeka,
D0220,tutur,
D0220,Agus,
D0220,Bahkan,
D0220,kepada,
D0220,polisi,
D0220,Riki,
D0220,dan,
D0220,Dandi,
D0220,mengaku,
D0220,nekat,
D0220,mencuri,
D0220,karena,
D0220,faktor,
D0220,ekonomi,
D0220,Keduanya,
D0220,diketahui,
D0220,menjual,
D0220,barang,
D0220,hasil,
D0220,curian,
D0220,ke,
D0220,penadah,
D0220,yang,
D0220,kini,
D0220,masih,
D0220,dicari,
D0220,polisi,
D0220,dan,
D0220,menggunakan,
D0220,uangnya,
D0220,untuk,
D0220,kebutuhan,
D0220,dan,
D0220,foyafoya,
D0220,Dari,
D0220,tangan,
D0220,para,
D0220,tersangka,
D0220,polisi,
D0220,mengamankan,
D0220,sepucuk,
D0220,airsoft,
D0220,gun,
D0220,5,
D0220,mata,
D0220,astag,
D0220,9,
D0220,kunci,
D0220,palsu,
D0220,5,
D0220,unit,
D0220,sepeda,
D0220,motor,
D0220,hasil,
D0220,curian,
D0220,dan,
D0220,sebuah,
D0220,jaket,
D0220,ojol,
D0220,yang,
D0220,dipakai,
D0220,untuk,
D0220,berkamuflase,
D0220,saat,
D0220,melakukan,
D0220,aksi,
D0220,Kami,
D0220,masih,
D0220,melakukan,
D0220,penelusuran,
D0220,terkait,
D0220,jaringan,
D0220,Curanmor,
D0220,ini,
D0220,Kita,
D0220,juga,
D0220,sedang,
D0220,menyelidiki,
D0220,dari,
D0220,mana,
D0220,para,
D0220,tersangka,
D0220,mendapatkan,
D0220,airsoft,
D0220,gun,
D0220,tersebut,
D0220,pungkasnya,
D0221,Anak,
D0221,personel,
D0221,polisi,
D0221,bernama,
D0221,Fauzi,
D0221,17,
D0221,menjadi,
D0221,korban,
D0221,perampokan,
D0221,dua,
D0221,polisi,
D0221,gadungan,
D0221,di,
D0221,Kota,
D0221,Medan,
D0221,Sumatera,
D0221,Utara,
D0221,Sumut,
D0221,Para,
D0221,pelaku,
D0221,melancarkan,
D0221,aksinya,
D0221,saat,
D0221,motor,
D0221,korban,
D0221,tengah,
D0221,mogok,
D0221,Berikut,
D0221,detikSumut,
D0221,rangkum,
D0221,deretan,
D0221,fakta,
D0221,terkait,
D0221,kejadian,
D0221,itu,
D0221,Kanit,
D0221,Reskrim,
D0221,Polsek,
D0221,Medan,
D0221,Tuntungan,
D0221,Iptu,
D0221,Syawal,
D0221,Sitepu,
D0221,mengatakan,
D0221,peristiwa,
D0221,itu,
D0221,terjadi,
D0221,di,
D0221,Jalan,
D0221,Setiabudi,
D0221,Kecamatan,
D0221,Medan,
D0221,Tuntungan,
D0221,Rabu,
D0221,2912025,
D0221,siang,
D0221,Lalu,
D0221,satu,
D0221,dari,
D0221,dua,
D0221,pelaku,
D0221,yakni,
D0221,Wawan,
D0221,Adirata,
D0221,46,
D0221,diamankan,
D0221,Sabtu,
D0221,83,
D0221,SCROLL,
D0221,TO,
D0221,CONTINUE,
D0221,WITH,
D0221,CONTENT,
D0221,Korban,
D0221,iya,
D0221,anak,
D0221,polisi,
D0221,Kerugiannya,
D0221,tiga,
D0221,unit,
D0221,hp,
D0221,kata,
D0221,Syawal,
D0221,Selasa,
D0221,113,
D0221,Syawal,
D0221,mengatakan,
D0221,peristiwa,
D0221,itu,
D0221,berawal,
D0221,saat,
D0221,korban,
D0221,bersama,
D0221,dua,
D0221,temannya,
D0221,hendak,
D0221,pulang,
D0221,ke,
D0221,rumah,
D0221,Setibanya,
D0221,di,
D0221,Jalan,
D0221,Setiabudi,
D0221,sepeda,
D0221,motor,
D0221,korban,
D0221,mogok,
D0221,Selang,
D0221,beberapa,
D0221,waktu,
D0221,kedua,
D0221,pelaku,
D0221,mendekati,
D0221,korban,
D0221,dan,
D0221,mengaku,
D0221,sebagai,
D0221,anggota,
D0221,polisi,
D0221,Pada,
D0221,saat,
D0221,itu,
D0221,para,
D0221,pelaku,
D0221,menuduh,
D0221,korban,
D0221,maling,
D0221,Tibatiba,
D0221,korban,
D0221,didatangi,
D0221,dua,
D0221,pelaku,
D0221,yang,
D0221,mengaku,
D0221,polisi,
D0221,dengan,
D0221,mengatakan,
D0221,ke,
D0221,korban,
D0221,kalian,
D0221,maling,
D0221,jelasnya,
D0221,Saat,
D0221,itu,
D0221,korban,
D0221,membantah,
D0221,tuduhan,
D0221,tersebut,
D0221,Namun,
D0221,para,
D0221,pelaku,
D0221,tetap,
D0221,memaksa,
D0221,dan,
D0221,menyuruh,
D0221,korban,
D0221,untuk,
D0221,datang,
D0221,ke,
D0221,pos,
D0221,Namun,
D0221,sebelum,
D0221,itu,
D0221,para,
D0221,pelaku,
D0221,meminta,
D0221,hp,
D0221,ketiga,
D0221,korban,
D0221,untuk,
D0221,dicek,
D0221,Setelah,
D0221,itu,
D0221,pelaku,
D0221,malah,
D0221,membawa,
D0221,kabur,
D0221,ketiga,
D0221,hp,
D0221,tersebut,
D0221,Kedua,
D0221,pelaku,
D0221,meminta,
D0221,hp,
D0221,korban,
D0221,ketiganya,
D0221,untuk,
D0221,dicek,
D0221,dan,
D0221,periksa,
D0221,Namun,
D0221,setelah,
D0221,itu,
D0221,pelaku,
D0221,langsung,
D0221,melarikan,
D0221,ketiga,
D0221,hp,
D0221,korban,
D0221,ujarnya,
D0221,Atas,
D0221,kejadian,
D0221,itu,
D0221,orang,
D0221,tua,
D0221,korban,
D0221,membuat,
D0221,laporan,
D0221,ke,
D0221,Polsek,
D0221,Medan,
D0221,Tuntungan,
D0221,Pihak,
D0221,kepolisian,
D0221,pun,
D0221,menyelidiki,
D0221,kasus,
D0221,tersebut,
D0221,dan,
D0221,menangkap,
D0221,salah,
D0221,seorang,
D0221,pelaku,
D0221,Sementara,
D0221,seorang,
D0221,pelaku,
D0221,lainnya,
D0221,berinisial,
D0221,A,
D0221,masih,
D0221,dalam,
D0221,pengejaran,
D0221,Berdasarkan,
D0221,hasil,
D0221,pemeriksaan,
D0221,kata,
D0221,Syawal,
D0221,ketiga,
D0221,hp,
D0221,korban,
D0221,itu,
D0221,telah,
D0221,dijual,
D0221,ke,
D0221,Pajak,
D0221,Melati,
D0221,seharga,
D0221,Rp,
D0221,14,
D0221,juta,
D0221,Pelaku,
D0221,Wawan,
D0221,mengaku,
D0221,mendapatkan,
D0221,jatah,
D0221,sebanyak,
D0221,Rp,
D0221,450,
D0221,ribu,
D0221,yang,
D0221,telah,
D0221,digunakannya,
D0221,untuk,
D0221,keperluannya,
D0221,seharihari,
D0221,Pelaku,
D0221,mengakui,
D0221,perbuatannya,
D0221,menjual,
D0221,ketiga,
D0221,hp,
D0221,tersebut,
D0221,ke,
D0221,Pajak,
D0221,Melati,
D0221,seharga,
D0221,Rp,
D0221,1400000,
D0221,dan,
D0221,dia,
D0221,Mengakui,
D0221,mendapat,
D0221,bagian,
D0221,Rp,
D0221,450000,
D0221,uang,
D0221,tersebut,
D0221,telah,
D0221,habis,
D0221,digunakan,
D0221,untuk,
D0221,kebutuhan,
D0221,seharihari,
D0221,pungkasnya,
D0222,Polisi,
D0222,menangkap,
D0222,dua,
D0222,kawanan,
D0222,maling,
D0222,yang,
D0222,mencuri,
D0222,sepeda,
D0222,motor,
D0222,seorang,
D0222,mahasiswa,
D0222,bernama,
D0222,Glenn,
D0222,19,
D0222,di,
D0222,salah,
D0222,satu,
D0222,kos,
D0222,di,
D0222,Jalan,
D0222,Jamin,
D0222,Ginting,
D0222,Kecamatan,
D0222,Medan,
D0222,Baru,
D0222,Kota,
D0222,Medan,
D0222,Satu,
D0222,dari,
D0222,dua,
D0222,pelaku,
D0222,ditembak,
D0222,karena,
D0222,melakukan,
D0222,perlawanan,
D0222,Kanit,
D0222,Reskrim,
D0222,Polsek,
D0222,Medan,
D0222,Baru,
D0222,Iptu,
D0222,Dian,
D0222,Simangunsong,
D0222,menyebut,
D0222,peristiwa,
D0222,itu,
D0222,diketahui,
D0222,pada,
D0222,Jumat,
D0222,1712025,
D0222,Sementara,
D0222,kedua,
D0222,pelaku,
D0222,diamankan,
D0222,dari,
D0222,tempat,
D0222,yang,
D0222,berbeda,
D0222,pada,
D0222,Senin,
D0222,103,
D0222,Adapun,
D0222,keduanya,
D0222,yakni,
D0222,Alfandi,
D0222,Ginting,
D0222,36,
D0222,dan,
D0222,Yosua,
D0222,Pranata,
D0222,Tarigan,
D0222,36,
D0222,Pada,
D0222,Kamis,
D0222,16,
D0222,Januari,
D0222,2025,
D0222,korban,
D0222,baru,
D0222,pulang,
D0222,dari,
D0222,kegiatan,
D0222,kuliah,
D0222,dan,
D0222,memarkirkan,
D0222,sepeda,
D0222,motornya,
D0222,di,
D0222,ruang,
D0222,tamu,
D0222,sebagaimana,
D0222,tempat,
D0222,parkir,
D0222,penghuni,
D0222,kos,
D0222,Motor,
D0222,dalam,
D0222,keadaan,
D0222,stang,
D0222,terkunci,
D0222,dan,
D0222,kunci,
D0222,kontak,
D0222,dipegang,
D0222,korban,
D0222,kata,
D0222,Dian,
D0222,Selasa,
D0222,113,
D0222,SCROLL,
D0222,TO,
D0222,CONTINUE,
D0222,WITH,
D0222,CONTENT,
D0222,Setelah,
D0222,itu,
D0222,korban,
D0222,dan,
D0222,temannya,
D0222,istirahat,
D0222,ke,
D0222,dalam,
D0222,kamar,
D0222,Lalu,
D0222,keesokan,
D0222,harinya,
D0222,korban,
D0222,menemukan,
D0222,sepeda,
D0222,motornya,
D0222,yang,
D0222,terparkir,
D0222,di,
D0222,ruang,
D0222,tamu,
D0222,telah,
D0222,hilang,
D0222,Atas,
D0222,kejadian,
D0222,itu,
D0222,korban,
D0222,membuat,
D0222,laporan,
D0222,ke,
D0222,Polsek,
D0222,Medan,
D0222,Baru,
D0222,Pihak,
D0222,kepolisian,
D0222,pun,
D0222,menyelidiki,
D0222,peristiwa,
D0222,itu,
D0222,dan,
D0222,mengecek,
D0222,CCTV,
D0222,di,
D0222,sekitar,
D0222,lokasi,
D0222,hingga,
D0222,menangkap,
D0222,kedua,
D0222,pelaku,
D0222,Awalnya,
D0222,petugas,
D0222,kepolisian,
D0222,menangkap,
D0222,pelaku,
D0222,Alfandi,
D0222,di,
D0222,Kabupaten,
D0222,Karo,
D0222,Lalu,
D0222,petugas,
D0222,mengamankan,
D0222,pelaku,
D0222,Yosua,
D0222,di,
D0222,Padang,
D0222,Bulan,
D0222,Setelah,
D0222,itu,
D0222,petugas,
D0222,melakukan,
D0222,pengembangan,
D0222,untuk,
D0222,menangkap,
D0222,pelaku,
D0222,lainnya,
D0222,namun,
D0222,pelaku,
D0222,Alfandi,
D0222,mencoba,
D0222,kabur,
D0222,Petugas,
D0222,lalu,
D0222,menembak,
D0222,kaki,
D0222,pelaku,
D0222,Pada,
D0222,saat,
D0222,dilakukan,
D0222,pengembangan,
D0222,pencarian,
D0222,pelaku,
D0222,MG,
D0222,pelaku,
D0222,Alfandi,
D0222,mencoba,
D0222,melarikan,
D0222,diri,
D0222,Melihat,
D0222,hal,
D0222,tersebut,
D0222,personel,
D0222,langsung,
D0222,melakukan,
D0222,tembakan,
D0222,ke,
D0222,arah,
D0222,kakinya,
D0222,jelasnya,
D0222,Saat,
D0222,ini,
D0222,pihak,
D0222,kepolisian,
D0222,masih,
D0222,memburu,
D0222,pelaku,
D0222,MG,
D0222,Sementara,
D0222,berdasarkan,
D0222,pengakuan,
D0222,pelaku,
D0222,motor,
D0222,korban,
D0222,tersebut,
D0222,telah,
D0222,dijual,
D0222,pelaku,
D0222,ke,
D0222,seseorang,
D0222,di,
D0222,Kecamatan,
D0222,Polonia,
D0222,seharga,
D0222,Rp,
D0222,25,
D0222,juta,
D0222,Para,
D0222,pelaku,
D0222,masingmasing,
D0222,mendapatkan,
D0222,bagian,
D0222,sebesar,
D0222,Rp,
D0222,700,
D0222,ribu,
D0222,sedangkan,
D0222,sisanya,
D0222,digunakan,
D0222,untuk,
D0222,beli,
D0222,narkoba,
D0222,Menurut,
D0222,pengakuannya,
D0222,bahwa,
D0222,pelaku,
D0222,Alfandi,
D0222,juga,
D0222,pernah,
D0222,melakukan,
D0222,pencurian,
D0222,motor,
D0222,di,
D0222,daerah,
D0222,Jalan,
D0222,Jamin,
D0222,Ginting,
D0222,pungkasnya,
D0223,Polresta,
D0223,Malang,
D0223,Kota,
D0223,mengamankan,
D0223,53,
D0223,pelaku,
D0223,kejahatan,
D0223,hingga,
D0223,pekan,
D0223,pertama,
D0223,bulan,
D0223,Ramadan,
D0223,Ribuan,
D0223,botol,
D0223,minuman,
D0223,keras,
D0223,turut,
D0223,disita,
D0223,selama,
D0223,Operasi,
D0223,Pekat,
D0223,Semeru,
D0223,2025,
D0223,Dalam,
D0223,operasi,
D0223,yang,
D0223,dimulai,
D0223,sejak,
D0223,26,
D0223,Februari,
D0223,hingga,
D0223,9,
D0223,Maret,
D0223,ini,
D0223,berhasil,
D0223,mengungkap,
D0223,41,
D0223,kasus,
D0223,kejahatan,
D0223,dengan,
D0223,mengamankan,
D0223,53,
D0223,tersangka,
D0223,dari,
D0223,berbagai,
D0223,tindak,
D0223,kriminal,
D0223,Kapolresta,
D0223,Malang,
D0223,Kota,
D0223,Kombes,
D0223,Nanang,
D0223,Haryono,
D0223,menegaskan,
D0223,komitmen,
D0223,kepolisian,
D0223,dalam,
D0223,menjaga,
D0223,keamanan,
D0223,dan,
D0223,ketertiban,
D0223,masyarakat,
D0223,harkamtibmas,
D0223,SCROLL,
D0223,TO,
D0223,CONTINUE,
D0223,WITH,
D0223,CONTENT,
D0223,Kami,
D0223,berupaya,
D0223,menciptakan,
D0223,Kota,
D0223,Malang,
D0223,yang,
D0223,aman,
D0223,dan,
D0223,kondusif,
D0223,dengan,
D0223,menekan,
D0223,berbagai,
D0223,tindak,
D0223,kriminal,
D0223,termasuk,
D0223,pemberantasan,
D0223,premanisme,
D0223,kata,
D0223,Nanang,
D0223,dalam,
D0223,konferensi,
D0223,pers,
D0223,di,
D0223,Balai,
D0223,Kota,
D0223,Malang,
D0223,Selasa,
D0223,1132025,
D0223,Dari,
D0223,total,
D0223,kasus,
D0223,yang,
D0223,berhasil,
D0223,diungkap,
D0223,16,
D0223,kasus,
D0223,merupakan,
D0223,Target,
D0223,Operasi,
D0223,TO,
D0223,dan,
D0223,25,
D0223,kasus,
D0223,non,
D0223,TO,
D0223,Rinciannya,
D0223,meliputi,
D0223,Premanisme,
D0223,23,
D0223,kasus,
D0223,9,
D0223,TO,
D0223,dan,
D0223,14,
D0223,Non,
D0223,TO,
D0223,Kejahatan,
D0223,pornografi,
D0223,2,
D0223,kasus,
D0223,TO,
D0223,Prostitusi,
D0223,2,
D0223,kasus,
D0223,non,
D0223,TO,
D0223,yakni,
D0223,Peredaran,
D0223,miras,
D0223,ilegal,
D0223,1,
D0223,kasus,
D0223,Non,
D0223,TO,
D0223,Narkoba,
D0223,9,
D0223,kasus,
D0223,3,
D0223,TO,
D0223,dan,
D0223,6,
D0223,Non,
D0223,TO,
D0223,Judi,
D0223,3,
D0223,kasus,
D0223,baik,
D0223,TO,
D0223,maupun,
D0223,Non,
D0223,TO,
D0223,Kejahatan,
D0223,jalanan,
D0223,1,
D0223,kasus,
D0223,TO,
D0223,Dalam,
D0223,operasi,
D0223,ini,
D0223,barang,
D0223,bukti,
D0223,yang,
D0223,diamankan,
D0223,antara,
D0223,lain,
D0223,1808,
D0223,botol,
D0223,miras,
D0223,berbagai,
D0223,jenis,
D0223,uang,
D0223,tunai,
D0223,Rp,
D0223,1410000,
D0223,narkoba,
D0223,sebanyak,
D0223,8619,
D0223,gram,
D0223,sabu,
D0223,dan,
D0223,048,
D0223,gram,
D0223,ganja,
D0223,empat,
D0223,unit,
D0223,handphone,
D0223,serta,
D0223,dua,
D0223,unit,
D0223,sepeda,
D0223,motor,
D0223,Nanang,
D0223,menjelaskan,
D0223,bahwa,
D0223,peredaran,
D0223,minuman,
D0223,keras,
D0223,miras,
D0223,menjadi,
D0223,perhatian,
D0223,utama,
D0223,karena,
D0223,dapat,
D0223,menjadi,
D0223,pemicu,
D0223,adanya,
D0223,berbagai,
D0223,tindak,
D0223,kriminal,
D0223,Kasus,
D0223,miras,
D0223,akan,
D0223,ditindak,
D0223,dengan,
D0223,tindak,
D0223,pidana,
D0223,ringan,
D0223,tipiring,
D0223,sementara,
D0223,kasus,
D0223,kejahatan,
D0223,lainnya,
D0223,akan,
D0223,diproses,
D0223,sesuai,
D0223,hukum,
D0223,yang,
D0223,berlaku,
D0223,tambahnya,
D0223,Nanang,
D0223,menegaskan,
D0223,bahwa,
D0223,kepolisian,
D0223,akan,
D0223,terus,
D0223,meningkatkan,
D0223,patroli,
D0223,dan,
D0223,operasi,
D0223,serupa,
D0223,guna,
D0223,menekan,
D0223,angka,
D0223,kriminalitas,
D0223,peredaran,
D0223,narkoba,
D0223,balapan,
D0223,liar,
D0223,serta,
D0223,aksi,
D0223,premanisme,
D0223,Kami,
D0223,tidak,
D0223,akan,
D0223,memberi,
D0223,ruang,
D0223,bagi,
D0223,pelaku,
D0223,kejahatan,
D0223,di,
D0223,Kota,
D0223,Malang,
D0223,Dengan,
D0223,sinergi,
D0223,antara,
D0223,Polresta,
D0223,Malang,
D0223,Kota,
D0223,Pemkot,
D0223,Malang,
D0223,serta,
D0223,seluruh,
D0223,elemen,
D0223,masyarakat,
D0223,kita,
D0223,bersamasama,
D0223,menjaga,
D0223,keamanan,
D0223,dan,
D0223,kenyamanan,
D0223,di,
D0223,kota,
D0223,ini,
D0223,tegasnya,
D0223,Sementara,
D0223,Wali,
D0223,Kota,
D0223,Malang,
D0223,Wahyu,
D0223,Hidayat,
D0223,turut,
D0223,memberikan,
D0223,apresiasi,
D0223,atas,
D0223,kinerja,
D0223,Polresta,
D0223,Malang,
D0223,Kota,
D0223,dalam,
D0223,memberantas,
D0223,kejahatan,
D0223,di,
D0223,wilayahnya,
D0223,Dari,
D0223,berbagai,
D0223,kasus,
D0223,yang,
D0223,diungkap,
D0223,termasuk,
D0223,21,
D0223,juru,
D0223,parkir,
D0223,liar,
D0223,yang,
D0223,meresahkan,
D0223,masyarakat,
D0223,Selain,
D0223,itu,
D0223,terdapat,
D0223,138,
D0223,sepeda,
D0223,motor,
D0223,yang,
D0223,diamankan,
D0223,karena,
D0223,terlibat,
D0223,dalam,
D0223,aksi,
D0223,balapan,
D0223,liar,
D0223,di,
D0223,sejumlah,
D0223,titik,
D0223,seperti,
D0223,Jalan,
D0223,Ahmad,
D0223,Yani,
D0223,Jalan,
D0223,Letjen,
D0223,S,
D0223,Parman,
D0223,Jalan,
D0223,Veteran,
D0223,Jalan,
D0223,SoekarnoHatta,
D0223,Suhat,
D0223,Jalan,
D0223,Besar,
D0223,Ijen,
D0223,dan,
D0223,Jalan,
D0223,Rajasa,
D0223,ungkap,
D0223,Wahyu,
D0223,terpisah,
D0223,Perlu,
D0223,kita,
D0223,ketahui,
D0223,bahwa,
D0223,keberhasilan,
D0223,Operasi,
D0223,Pekat,
D0223,Semeru,
D0223,2025,
D0223,ini,
D0223,menempatkan,
D0223,Polresta,
D0223,Malang,
D0223,Kota,
D0223,di,
D0223,peringkat,
D0223,ketujuh,
D0223,di,
D0223,wilayah,
D0223,Polda,
D0223,Jatim,
D0223,Kami,
D0223,sangat,
D0223,mengapresiasi,
D0223,langkah,
D0223,cepat,
D0223,Polresta,
D0223,Malang,
D0223,Kota,
D0223,dalam,
D0223,menindak,
D0223,kejahatan,
D0223,terutama,
D0223,menjelang,
D0223,bulan,
D0223,Ramadan,
D0223,Dengan,
D0223,langkah,
D0223,ini,
D0223,masyarakat,
D0223,dapat,
D0223,menjalankan,
D0223,ibadah,
D0223,dengan,
D0223,aman,
D0223,dan,
D0223,tertib,
D0223,tambah,
D0223,Wahyu,
D0223,Hidayat,
D0223,Sebagai,
D0223,langkah,
D0223,preventif,
D0223,dan,
D0223,edukatif,
D0223,usai,
D0223,konferensi,
D0223,pers,
D0223,jajaran,
D0223,Forkopimda,
D0223,Kota,
D0223,Malang,
D0223,bersama,
D0223,Organisasi,
D0223,Perangkat,
D0223,Daerah,
D0223,OPD,
D0223,serta,
D0223,awak,
D0223,media,
D0223,melakukan,
D0223,pemusnahan,
D0223,ribuan,
D0223,botol,
D0223,miras,
D0223,hasil,
D0223,sitaan,
D0223,Operasi,
D0223,Pekat,
D0223,Semeru,
D0223,2025,
D0223,di,
D0223,halaman,
D0223,Balai,
D0223,Kota,
D0223,Malang,
D0224,Handphone,
D0224,anak,
D0224,seorang,
D0224,polisi,
D0224,bernama,
D0224,Fauzi,
D0224,17,
D0224,dirampok,
D0224,dua,
D0224,pria,
D0224,yang,
D0224,mengakungaku,
D0224,sebagai,
D0224,anggota,
D0224,polisi,
D0224,di,
D0224,Kota,
D0224,Medan,
D0224,Sumatera,
D0224,Utara,
D0224,Sumut,
D0224,saat,
D0224,motornya,
D0224,tengah,
D0224,mogok,
D0224,Para,
D0224,pelaku,
D0224,melancarkan,
D0224,aksinya,
D0224,dengan,
D0224,modus,
D0224,menuduh,
D0224,korban,
D0224,seorang,
D0224,maling,
D0224,Kanit,
D0224,Reskrim,
D0224,Polsek,
D0224,Medan,
D0224,Tuntungan,
D0224,Iptu,
D0224,Syawal,
D0224,Sitepu,
D0224,mengatakan,
D0224,peristiwa,
D0224,itu,
D0224,terjadi,
D0224,di,
D0224,Jalan,
D0224,Setiabudi,
D0224,Kecamatan,
D0224,Medan,
D0224,Tuntungan,
D0224,Rabu,
D0224,2912025,
D0224,siang,
D0224,Lalu,
D0224,satu,
D0224,dari,
D0224,dua,
D0224,pelaku,
D0224,yakni,
D0224,Wawan,
D0224,Adirata,
D0224,46,
D0224,diamankan,
D0224,Sabtu,
D0224,83,
D0224,Korban,
D0224,iya,
D0224,anak,
D0224,polisi,
D0224,Kerugiannya,
D0224,tiga,
D0224,unit,
D0224,hp,
D0224,kata,
D0224,Syawal,
D0224,Selasa,
D0224,113,
D0224,SCROLL,
D0224,TO,
D0224,CONTINUE,
D0224,WITH,
D0224,CONTENT,
D0224,Syawal,
D0224,mengatakan,
D0224,peristiwa,
D0224,itu,
D0224,berawal,
D0224,saat,
D0224,korban,
D0224,bersama,
D0224,dua,
D0224,temannya,
D0224,hendak,
D0224,pulang,
D0224,ke,
D0224,rumah,
D0224,Setibanya,
D0224,di,
D0224,Jalan,
D0224,Setiabudi,
D0224,sepeda,
D0224,motor,
D0224,korban,
D0224,mogok,
D0224,Selang,
D0224,beberapa,
D0224,waktu,
D0224,kedua,
D0224,pelaku,
D0224,mendekati,
D0224,korban,
D0224,dan,
D0224,mengaku,
D0224,sebagai,
D0224,anggota,
D0224,polisi,
D0224,Pada,
D0224,saat,
D0224,itu,
D0224,para,
D0224,pelaku,
D0224,menuduh,
D0224,korban,
D0224,maling,
D0224,Tibatiba,
D0224,korban,
D0224,didatangi,
D0224,dua,
D0224,pelaku,
D0224,yang,
D0224,mengaku,
D0224,polisi,
D0224,dengan,
D0224,mengatakan,
D0224,ke,
D0224,korban,
D0224,kalian,
D0224,maling,
D0224,jelasnya,
D0224,Saat,
D0224,itu,
D0224,korban,
D0224,membantah,
D0224,tuduhan,
D0224,tersebut,
D0224,Namun,
D0224,para,
D0224,pelaku,
D0224,tetap,
D0224,memaksa,
D0224,dan,
D0224,menyuruh,
D0224,korban,
D0224,untuk,
D0224,datang,
D0224,ke,
D0224,pos,
D0224,Namun,
D0224,sebelum,
D0224,itu,
D0224,para,
D0224,pelaku,
D0224,meminta,
D0224,hp,
D0224,ketiga,
D0224,korban,
D0224,untuk,
D0224,dicek,
D0224,Setelah,
D0224,itu,
D0224,pelaku,
D0224,malah,
D0224,membawa,
D0224,kabur,
D0224,ketiga,
D0224,hp,
D0224,tersebut,
D0224,Kedua,
D0224,pelaku,
D0224,meminta,
D0224,hp,
D0224,korban,
D0224,ketiganya,
D0224,untuk,
D0224,dicek,
D0224,dan,
D0224,periksa,
D0224,Namun,
D0224,setelah,
D0224,itu,
D0224,pelaku,
D0224,langsung,
D0224,melarikan,
D0224,ketiga,
D0224,hp,
D0224,korban,
D0224,ujarnya,
D0224,Atas,
D0224,kejadian,
D0224,itu,
D0224,orang,
D0224,tua,
D0224,korban,
D0224,membuat,
D0224,laporan,
D0224,ke,
D0224,Polsek,
D0224,Medan,
D0224,Tuntungan,
D0224,Pihak,
D0224,kepolisian,
D0224,pun,
D0224,menyelidiki,
D0224,kasus,
D0224,tersebut,
D0224,dan,
D0224,menangkap,
D0224,salah,
D0224,seorang,
D0224,pelaku,
D0224,Sementara,
D0224,seorang,
D0224,pelaku,
D0224,lainnya,
D0224,berinisial,
D0224,A,
D0224,masih,
D0224,dalam,
D0224,pengejaran,
D0224,Berdasarkan,
D0224,hasil,
D0224,pemeriksaan,
D0224,kata,
D0224,Syawal,
D0224,ketiga,
D0224,hp,
D0224,korban,
D0224,itu,
D0224,telah,
D0224,dijual,
D0224,ke,
D0224,Pajak,
D0224,Melati,
D0224,seharga,
D0224,Rp,
D0224,14,
D0224,juta,
D0224,Pelaku,
D0224,Wawan,
D0224,mengaku,
D0224,mendapatkan,
D0224,jatah,
D0224,sebanyak,
D0224,450,
D0224,ribu,
D0224,yang,
D0224,telah,
D0224,digunakannya,
D0224,untuk,
D0224,keperluannya,
D0224,seharihari,
D0224,Pelaku,
D0224,mengakui,
D0224,perbuatannya,
D0224,menjual,
D0224,ketiga,
D0224,hp,
D0224,tersebut,
D0224,ke,
D0224,Pajak,
D0224,Melati,
D0224,seharga,
D0224,Rp,
D0224,1400000,
D0224,dan,
D0224,dia,
D0224,Mengakui,
D0224,mendapat,
D0224,bagian,
D0224,Rp,
D0224,450000,
D0224,uang,
D0224,tersebut,
D0224,telah,
D0224,habis,
D0224,digunakan,
D0224,untuk,
D0224,kebutuhan,
D0224,seharihari,
D0224,pungkasnya,
D0224,Teks,
D0224,foto,
D0224,Pelaku,
D0224,Wawan,
D0224,saat,
D0224,diamankan,
D0224,di,
D0224,kantor,
D0224,polisi,
D0224,Foto,
D0224,Dok,
D0224,Polsek,
D0224,Medan,
D0224,Tuntungan,
D0225,Seorang,
D0225,hakim,
D0225,di,
D0225,Pengadilan,
D0225,Agama,
D0225,Batam,
D0225,bernama,
D0225,Gusnahari,
D0225,dibacok,
D0225,oleh,
D0225,orang,
D0225,tak,
D0225,dikenal,
D0225,OTK,
D0225,saat,
D0225,hendak,
D0225,berangkat,
D0225,kerja,
D0225,Akibat,
D0225,kejadian,
D0225,itu,
D0225,tangan,
D0225,korban,
D0225,terluka,
D0225,Korban,
D0225,mendapat,
D0225,perawatan,
D0225,medis,
D0225,di,
D0225,rumah,
D0225,sakit,
D0225,untuk,
D0225,mengobati,
D0225,luka,
D0225,bacok,
D0225,Adapun,
D0225,pelaku,
D0225,diduga,
D0225,terdiri,
D0225,dari,
D0225,2,
D0225,orang,
D0225,Polisi,
D0225,kini,
D0225,tengah,
D0225,menyelidiki,
D0225,kasus,
D0225,tersebut,
D0225,Berikut,
D0225,detikSumut,
D0225,rangkum,
D0225,kasus,
D0225,Hakim,
D0225,Pengadilan,
D0225,Agama,
D0225,Batam,
D0225,dibacok,
D0225,oleh,
D0225,OTK,
D0225,SCROLL,
D0225,TO,
D0225,CONTINUE,
D0225,WITH,
D0225,CONTENT,
D0225,Hakim,
D0225,Pengadilan,
D0225,Agama,
D0225,Batam,
D0225,Gusnahari,
D0225,menjadi,
D0225,korban,
D0225,penusukan,
D0225,oleh,
D0225,orang,
D0225,tak,
D0225,dikenal,
D0225,pada,
D0225,Kamis,
D0225,632025,
D0225,sekira,
D0225,pukul,
D0225,0715,
D0225,WIB,
D0225,Korban,
D0225,disebut,
D0225,baru,
D0225,keluar,
D0225,rumah,
D0225,dan,
D0225,hendak,
D0225,berangkat,
D0225,ke,
D0225,kantornya,
D0225,Menurut,
D0225,keterangan,
D0225,beliau,
D0225,menuju,
D0225,mobil,
D0225,yang,
D0225,kebetulan,
D0225,parkir,
D0225,agak,
D0225,jauh,
D0225,sekitar,
D0225,100,
D0225,meter,
D0225,dan,
D0225,tibatiba,
D0225,dia,
D0225,di,
D0225,serang,
D0225,oleh,
D0225,orang,
D0225,tak,
D0225,dikenal,
D0225,dan,
D0225,mengenai,
D0225,tangan,
D0225,beliau,
D0225,kata,
D0225,Sekretaris,
D0225,bidang,
D0225,Advokasi,
D0225,Hakim,
D0225,PP,
D0225,Ikatan,
D0225,Hakim,
D0225,Indonesia,
D0225,IKAHI,
D0225,Djuyamto,
D0225,Senada,
D0225,Humas,
D0225,Pengadilan,
D0225,Agama,
D0225,Batam,
D0225,Azizon,
D0225,turut,
D0225,membenarkan,
D0225,peristiwa,
D0225,tersebut,
D0225,Saat,
D0225,itu,
D0225,korban,
D0225,baru,
D0225,keluar,
D0225,rumah,
D0225,dan,
D0225,menuju,
D0225,mobilnya,
D0225,untuk,
D0225,berangkat,
D0225,kerja,
D0225,Peristiwa,
D0225,ini,
D0225,terjadi,
D0225,pada,
D0225,pukul,
D0225,0715,
D0225,WIB,
D0225,ketika,
D0225,yang,
D0225,bersangkutan,
D0225,baru,
D0225,keluar,
D0225,rumah,
D0225,di,
D0225,Perumahan,
D0225,Cipta,
D0225,Garden,
D0225,Kelurahan,
D0225,Sungai,
D0225,Harapan,
D0225,Kecamatan,
D0225,Sekupang,
D0225,Kota,
D0225,Batam,
D0225,ujar,
D0225,Azizon,
D0225,Dari,
D0225,keterangan,
D0225,yang,
D0225,diterima,
D0225,Humas,
D0225,Pengadilan,
D0225,Agama,
D0225,Batam,
D0225,korban,
D0225,memarkirkan,
D0225,mobil,
D0225,berjarak,
D0225,100,
D0225,meter,
D0225,dari,
D0225,rumahnya,
D0225,Saat,
D0225,akan,
D0225,memasuki,
D0225,mobil,
D0225,korban,
D0225,tibatiba,
D0225,diserang,
D0225,orang,
D0225,tak,
D0225,dikenal,
D0225,Menurut,
D0225,keterangan,
D0225,beliau,
D0225,saat,
D0225,menuju,
D0225,mobil,
D0225,yang,
D0225,kebetulan,
D0225,parkir,
D0225,agak,
D0225,jauh,
D0225,sekitar,
D0225,100,
D0225,m,
D0225,dan,
D0225,tibatiba,
D0225,dia,
D0225,di,
D0225,serang,
D0225,oleh,
D0225,orang,
D0225,tak,
D0225,dikenal,
D0225,dan,
D0225,mengenai,
D0225,tangan,
D0225,beliau,
D0225,ujarnya,
D0225,Azizon,
D0225,menambahkan,
D0225,usai,
D0225,beraksi,
D0225,membacok,
D0225,korban,
D0225,pelaku,
D0225,langsung,
D0225,melarikan,
D0225,diri,
D0225,dengan,
D0225,sepeda,
D0225,motor,
D0225,Pelaku,
D0225,diketahui,
D0225,berjumlah,
D0225,dua,
D0225,orang,
D0225,Saat,
D0225,kejadian,
D0225,pembacokan,
D0225,terhadap,
D0225,korban,
D0225,para,
D0225,pelaku,
D0225,mengenakan,
D0225,helm,
D0225,Setelah,
D0225,melakukan,
D0225,pembacokan,
D0225,pelaku,
D0225,yang,
D0225,pakai,
D0225,helm,
D0225,langsung,
D0225,menuju,
D0225,motor,
D0225,dan,
D0225,sudah,
D0225,ditunggu,
D0225,oleh,
D0225,satu,
D0225,orang,
D0225,pakai,
D0225,motor,
D0225,Saat,
D0225,ini,
D0225,korban,
D0225,dirawat,
D0225,di,
D0225,Rumah,
D0225,sakit,
D0225,ujarnya,
D0225,Hakim,
D0225,Pengadilan,
D0225,Agama,
D0225,Batam,
D0225,Gusnahari,
D0225,yang,
D0225,mendapat,
D0225,tusukan,
D0225,dari,
D0225,OTK,
D0225,mengalami,
D0225,luka,
D0225,di,
D0225,bagian,
D0225,tangan,
D0225,Korban,
D0225,sempat,
D0225,dibawa,
D0225,ke,
D0225,puskesmas,
D0225,sebelum,
D0225,akhirnya,
D0225,dirujuk,
D0225,ke,
D0225,RS,
D0225,terdekat,
D0225,untuk,
D0225,mengobati,
D0225,luka,
D0225,yang,
D0225,dialaminya,
D0225,Info,
D0225,dari,
D0225,Ketua,
D0225,PA,
D0225,Batam,
D0225,kondisi,
D0225,yang,
D0225,bersangkutan,
D0225,mengalami,
D0225,luka,
D0225,di,
D0225,bagian,
D0225,tangan,
D0225,dan,
D0225,sedang,
D0225,sedang,
D0225,dilakukan,
D0225,tindakan,
D0225,medis,
D0225,di,
D0225,RS,
D0225,kata,
D0225,Sekretaris,
D0225,bidang,
D0225,Advokasi,
D0225,Hakim,
D0225,PP,
D0225,Ikatan,
D0225,Hakim,
D0225,Indonesia,
D0225,IKAHI,
D0225,Djuyamto,
D0225,Kasat,
D0225,Reskrim,
D0225,Polresta,
D0225,Barelang,
D0225,AKP,
D0225,Debby,
D0225,Tri,
D0225,Andrestian,
D0225,mengatakan,
D0225,tim,
D0225,Jatanras,
D0225,Polresta,
D0225,Barelang,
D0225,dan,
D0225,unit,
D0225,Reskrim,
D0225,Polsek,
D0225,Sekupang,
D0225,sudah,
D0225,menyelidiki,
D0225,dugaan,
D0225,kasus,
D0225,penikaman,
D0225,tersebut,
D0225,Polisi,
D0225,kini,
D0225,tengah,
D0225,mencari,
D0225,tahu,
D0225,identitas,
D0225,para,
D0225,pelaku,
D0225,Meski,
D0225,belum,
D0225,ada,
D0225,laporan,
D0225,Namun,
D0225,tim,
D0225,Jatanras,
D0225,sedang,
D0225,bekerja,
D0225,lidik,
D0225,pelaku,
D0225,ujarnya,
D0226,Empat,
D0226,remaja,
D0226,yang,
D0226,terlibat,
D0226,dalam,
D0226,aksi,
D0226,tawuran,
D0226,hingga,
D0226,menewaskan,
D0226,pelajar,
D0226,di,
D0226,Banyuasin,
D0226,Sumatera,
D0226,Selatan,
D0226,bernama,
D0226,Riski,
D0226,Saputra,
D0226,15,
D0226,ternyata,
D0226,dipicu,
D0226,dendam,
D0226,pribadi,
D0226,Bukan,
D0226,itu,
D0226,saja,
D0226,ternyata,
D0226,aksi,
D0226,tawuran,
D0226,itu,
D0226,sudah,
D0226,direncanakan,
D0226,Adapun,
D0226,empat,
D0226,tersangka,
D0226,yang,
D0226,diamankan,
D0226,polisi,
D0226,yakni,
D0226,MI,
D0226,18,
D0226,RI,
D0226,17,
D0226,RY,
D0226,17,
D0226,dan,
D0226,AP,
D0226,21,
D0226,Peristiwa,
D0226,itu,
D0226,terjadi,
D0226,di,
D0226,depan,
D0226,SPBU,
D0226,Durian,
D0226,Daun,
D0226,Kecamatan,
D0226,Suak,
D0226,Tapeh,
D0226,Kabupaten,
D0226,Banyuasin,
D0226,pada,
D0226,Rabu,
D0226,532025,
D0226,sekitar,
D0226,pukul,
D0226,0200,
D0226,WIB,
D0226,Kapolres,
D0226,Banyuasin,
D0226,AKBP,
D0226,Ruri,
D0226,Prastowo,
D0226,mengatakan,
D0226,motif,
D0226,kejadian,
D0226,tersebut,
D0226,karena,
D0226,dendam,
D0226,antara,
D0226,korban,
D0226,dan,
D0226,pelaku,
D0226,karena,
D0226,pernah,
D0226,ada,
D0226,masalah,
D0226,ketersinggungan,
D0226,sebelumnya,
D0226,SCROLL,
D0226,TO,
D0226,CONTINUE,
D0226,WITH,
D0226,CONTENT,
D0226,Ya,
D0226,motifnya,
D0226,karena,
D0226,dendam,
D0226,untuk,
D0226,peran,
D0226,para,
D0226,tersangka,
D0226,ini,
D0226,MI,
D0226,sebagai,
D0226,eksekutor,
D0226,yang,
D0226,menikam,
D0226,korban,
D0226,dengan,
D0226,senjata,
D0226,tajam,
D0226,RI,
D0226,yang,
D0226,merupakan,
D0226,saudara,
D0226,kembar,
D0226,RY,
D0226,membawa,
D0226,parang,
D0226,dan,
D0226,memukul,
D0226,korban,
D0226,RI,
D0226,menginjak,
D0226,korban,
D0226,sementara,
D0226,AP,
D0226,pemukul,
D0226,menggunakan,
D0226,tongkat,
D0226,baseball,
D0226,katanya,
D0226,kepada,
D0226,detikSumbagsel,
D0226,Kamis,
D0226,632025,
D0226,Kata,
D0226,Ruri,
D0226,meski,
D0226,RY,
D0226,dan,
D0226,RI,
D0226,masih,
D0226,di,
D0226,bawah,
D0226,umur,
D0226,dan,
D0226,memiliki,
D0226,ikatan,
D0226,keluarga,
D0226,sebagai,
D0226,saudara,
D0226,kembar,
D0226,hukum,
D0226,tetap,
D0226,ditegakkan,
D0226,tanpa,
D0226,kompromi,
D0226,Kini,
D0226,keempat,
D0226,tersangka,
D0226,itu,
D0226,berada,
D0226,di,
D0226,Polres,
D0226,Banyuasin,
D0226,untuk,
D0226,dilakukan,
D0226,pemeriksaan,
D0226,lebih,
D0226,lanjut,
D0226,dan,
D0226,menjalani,
D0226,proses,
D0226,hukum,
D0226,yang,
D0226,berlaku,
D0226,ungkapnya,
D0226,Atas,
D0226,perbuatannya,
D0226,empat,
D0226,tersangka,
D0226,terancam,
D0226,dikenakan,
D0226,Pasal,
D0226,80,
D0226,Ayat,
D0226,3,
D0226,Jo,
D0226,Pasal,
D0226,76C,
D0226,UU,
D0226,No,
D0226,35,
D0226,Tahun,
D0226,2014,
D0226,tentang,
D0226,Perlindungan,
D0226,Anak,
D0226,Kita,
D0226,juga,
D0226,masih,
D0226,melakukan,
D0226,penyelidikan,
D0226,keterlibatan,
D0226,pihak,
D0226,lain,
D0226,dan,
D0226,dinamika,
D0226,kelompok,
D0226,Tragedi,
D0226,ini,
D0226,mengingatkan,
D0226,pentingnya,
D0226,pengawasan,
D0226,keluarga,
D0226,terutama,
D0226,dalam,
D0226,tersangka,
D0226,yang,
D0226,kembar,
D0226,agar,
D0226,remaja,
D0226,tidak,
D0226,terjerumus,
D0226,dalam,
D0226,kriminalitas,
D0226,ujarnya,
D0227,Polisi,
D0227,menggagalkan,
D0227,penyelundupan,
D0227,22,
D0227,kilogram,
D0227,narkotika,
D0227,jenis,
D0227,ganja,
D0227,dari,
D0227,Jayapura,
D0227,ke,
D0227,Kota,
D0227,Sorong,
D0227,Papua,
D0227,Barat,
D0227,Daya,
D0227,Satu,
D0227,pelaku,
D0227,berinisial,
D0227,HBM,
D0227,32,
D0227,turut,
D0227,ditangkap,
D0227,aparat,
D0227,Tersangka,
D0227,HBM,
D0227,diamankan,
D0227,saat,
D0227,turun,
D0227,dari,
D0227,kapal,
D0227,dengan,
D0227,membawa,
D0227,koper,
D0227,berwarna,
D0227,silver,
D0227,yang,
D0227,berisi,
D0227,narkotika,
D0227,kata,
D0227,Kasat,
D0227,Narkoba,
D0227,Polres,
D0227,Raja,
D0227,Ampat,
D0227,Iptu,
D0227,I,
D0227,Made,
D0227,Ariawan,
D0227,dalam,
D0227,keterangannya,
D0227,Kamis,
D0227,632025,
D0227,Ariawan,
D0227,mengatakan,
D0227,penangkapan,
D0227,tersebut,
D0227,berawal,
D0227,dari,
D0227,informasi,
D0227,intelijen,
D0227,yang,
D0227,diterima,
D0227,pada,
D0227,Senin,
D0227,242,
D0227,Sementara,
D0227,pelaku,
D0227,diamankan,
D0227,saat,
D0227,turun,
D0227,dari,
D0227,Kapal,
D0227,Pelni,
D0227,KM,
D0227,Gunung,
D0227,Dempo,
D0227,pada,
D0227,Rabu,
D0227,262,
D0227,sekitar,
D0227,pukul,
D0227,1815,
D0227,WIT,
D0227,SCROLL,
D0227,TO,
D0227,CONTINUE,
D0227,WITH,
D0227,CONTENT,
D0227,Berdasarkan,
D0227,data,
D0227,yang,
D0227,diperoleh,
D0227,HBM,
D0227,terdeteksi,
D0227,membawa,
D0227,ganja,
D0227,dari,
D0227,Jayapura,
D0227,menuju,
D0227,Kota,
D0227,Sorong,
D0227,menggunakan,
D0227,kapal,
D0227,Pelni,
D0227,KM,
D0227,Gunung,
D0227,Dempo,
D0227,ujarnya,
D0227,Tim,
D0227,kami,
D0227,langsung,
D0227,melakukan,
D0227,penyelidikan,
D0227,intensif,
D0227,terhadap,
D0227,tersangka,
D0227,mengingat,
D0227,pola,
D0227,penyelundupan,
D0227,narkotika,
D0227,melalui,
D0227,jalur,
D0227,laut,
D0227,semakin,
D0227,marak,
D0227,tambah,
D0227,Ariawan,
D0227,Ariawan,
D0227,menambahkan,
D0227,dari,
D0227,tangan,
D0227,pelaku,
D0227,ditemukan,
D0227,134,
D0227,paket,
D0227,ganja,
D0227,kering,
D0227,siap,
D0227,edar,
D0227,dengan,
D0227,berat,
D0227,22234,
D0227,gram,
D0227,Pelaku,
D0227,mengakui,
D0227,bahwa,
D0227,barang,
D0227,haram,
D0227,tersebut,
D0227,sebagian,
D0227,adalah,
D0227,miliknya,
D0227,dan,
D0227,sebagian,
D0227,lagi,
D0227,milik,
D0227,orang,
D0227,lain,
D0227,Tersangka,
D0227,mengaku,
D0227,melakukan,
D0227,aksi,
D0227,ini,
D0227,karena,
D0227,faktor,
D0227,ekonomi,
D0227,setelah,
D0227,kehilangan,
D0227,pekerjaan,
D0227,selama,
D0227,setahun,
D0227,terakhir,
D0227,Kami,
D0227,masih,
D0227,mendalami,
D0227,kemungkinan,
D0227,keterlibatannya,
D0227,dalam,
D0227,jaringan,
D0227,yang,
D0227,lebih,
D0227,besar,
D0227,jelasnya,
D0227,Akibat,
D0227,perbuatannya,
D0227,tersangka,
D0227,dijerat,
D0227,dengan,
D0227,Pasal,
D0227,114,
D0227,Ayat,
D0227,2,
D0227,subsider,
D0227,Pasal,
D0227,111,
D0227,Ayat,
D0227,2,
D0227,UndangUndang,
D0227,Nomor,
D0227,35,
D0227,Tahun,
D0227,2009,
D0227,tentang,
D0227,narkotika,
D0227,Ancaman,
D0227,hukumannya,
D0227,minimal,
D0227,6,
D0227,tahun,
D0227,hingga,
D0227,hukuman,
D0227,seumur,
D0227,hidup,
D0227,atau,
D0227,bahkan,
D0227,pidana,
D0227,mati,
D0227,Serta,
D0227,denda,
D0227,yang,
D0227,dapat,
D0227,mencapai,
D0227,Rp,
D0227,10,
D0227,miliar,
D0227,ungkapnya,
D0228,Hakim,
D0228,Pengadilan,
D0228,Agama,
D0228,Batam,
D0228,Gusnahari,
D0228,ditikam,
D0228,orang,
D0228,tak,
D0228,dikenal,
D0228,OTKtadi,
D0228,pagi,
D0228,di,
D0228,depan,
D0228,rumahnya,
D0228,Pelaku,
D0228,yang,
D0228,menikam,
D0228,Gusnahari,
D0228,berjumlah,
D0228,dua,
D0228,orang,
D0228,Benar,
D0228,Hakim,
D0228,Pengadilan,
D0228,Agama,
D0228,Batam,
D0228,Gusnahari,
D0228,pagi,
D0228,tadi,
D0228,dibacok,
D0228,orang,
D0228,tak,
D0228,dikenal,
D0228,kata,
D0228,Humas,
D0228,Pengadilan,
D0228,Agama,
D0228,Batam,
D0228,Azizon,
D0228,Kamis,
D0228,632025,
D0228,Azizon,
D0228,menerangkan,
D0228,pembacokan,
D0228,terhadap,
D0228,hakim,
D0228,pengadilan,
D0228,agama,
D0228,itu,
D0228,terjadi,
D0228,sekitar,
D0228,pukul,
D0228,0715,
D0228,WIB,
D0228,Saat,
D0228,itu,
D0228,korban,
D0228,baru,
D0228,keluar,
D0228,rumah,
D0228,dan,
D0228,menuju,
D0228,mobilnya,
D0228,untuk,
D0228,berangkat,
D0228,kerja,
D0228,SCROLL,
D0228,TO,
D0228,CONTINUE,
D0228,WITH,
D0228,CONTENT,
D0228,Peristiwa,
D0228,ini,
D0228,terjadi,
D0228,pada,
D0228,pukul,
D0228,0715,
D0228,WIB,
D0228,ketika,
D0228,yang,
D0228,bersangkutan,
D0228,baru,
D0228,keluar,
D0228,rumah,
D0228,di,
D0228,Perumahan,
D0228,Cipta,
D0228,Garden,
D0228,Kelurahan,
D0228,Sungai,
D0228,Harapan,
D0228,Kecamatan,
D0228,Sekupang,
D0228,Kota,
D0228,Batam,
D0228,ujarnya,
D0228,Dari,
D0228,keterangan,
D0228,yang,
D0228,diterima,
D0228,Humas,
D0228,Pengadilan,
D0228,Agama,
D0228,Batam,
D0228,korban,
D0228,memarkirkan,
D0228,mobil,
D0228,berjarak,
D0228,100,
D0228,meter,
D0228,dari,
D0228,rumahnya,
D0228,Saat,
D0228,akan,
D0228,memasuki,
D0228,mobil,
D0228,korban,
D0228,tibatiba,
D0228,diserang,
D0228,orang,
D0228,tak,
D0228,dikenal,
D0228,Menurut,
D0228,keterangan,
D0228,beliau,
D0228,saat,
D0228,menuju,
D0228,mobil,
D0228,yang,
D0228,kebetulan,
D0228,parkir,
D0228,agak,
D0228,jauh,
D0228,sekitar,
D0228,100,
D0228,meter,
D0228,dan,
D0228,tibatiba,
D0228,dia,
D0228,diserang,
D0228,oleh,
D0228,orang,
D0228,tak,
D0228,dikenal,
D0228,dan,
D0228,mengenai,
D0228,tangan,
D0228,beliau,
D0228,ujarnya,
D0228,Pelaku,
D0228,usai,
D0228,membacok,
D0228,korban,
D0228,langsung,
D0228,melarikan,
D0228,diri,
D0228,dengan,
D0228,sepeda,
D0228,motor,
D0228,Pelaku,
D0228,diketahui,
D0228,berjumlah,
D0228,dua,
D0228,orang,
D0228,Setelah,
D0228,melakukan,
D0228,pembacokan,
D0228,pelaku,
D0228,yang,
D0228,pakai,
D0228,helm,
D0228,langsung,
D0228,menuju,
D0228,motor,
D0228,dan,
D0228,sudah,
D0228,ditunggu,
D0228,oleh,
D0228,satu,
D0228,orang,
D0228,pakai,
D0228,motor,
D0228,Saat,
D0228,ini,
D0228,korban,
D0228,dirawat,
D0228,di,
D0228,rumah,
D0228,sakit,
D0228,ujarnya,
D0228,Sebelumnya,
D0228,Kasat,
D0228,Reskrim,
D0228,Polresta,
D0228,Barelang,
D0228,AKP,
D0228,Debby,
D0228,Tri,
D0228,Andrestian,
D0228,mengatakan,
D0228,korban,
D0228,saat,
D0228,ini,
D0228,tengah,
D0228,dalam,
D0228,perjalanan,
D0228,untuk,
D0228,membuat,
D0228,laporan,
D0228,polisi,
D0228,Korban,
D0228,saat,
D0228,ini,
D0228,sedang,
D0228,perjalanan,
D0228,buat,
D0228,laporan,
D0228,Informasi,
D0228,awal,
D0228,korban,
D0228,dibacok,
D0228,bagian,
D0228,tangannya,
D0228,terluka,
D0228,kata,
D0228,Kasat,
D0228,Reskrim,
D0228,Polresta,
D0228,Barelang,
D0228,AKP,
D0228,Debby,
D0228,Tri,
D0228,Andrestian,
D0228,Kamis,
D0228,632025,
D0228,Debby,
D0228,mengungkapkan,
D0228,meski,
D0228,korban,
D0228,belum,
D0228,resmi,
D0228,membuat,
D0228,laporan,
D0228,tim,
D0228,Jatanras,
D0228,Polresta,
D0228,Barelang,
D0228,dan,
D0228,unit,
D0228,Reskrim,
D0228,Polsek,
D0228,Sekupang,
D0228,sudah,
D0228,menyelidiki,
D0228,dugaan,
D0228,penikaman,
D0228,tersebut,
D0228,Meski,
D0228,belum,
D0228,ada,
D0228,laporan,
D0228,Namun,
D0228,tim,
D0228,Jatanras,
D0228,sedang,
D0228,bekerja,
D0228,lidik,
D0228,pelaku,
D0228,ujarnya,
D0229,Seorang,
D0229,hakim,
D0229,di,
D0229,pengadilan,
D0229,Agama,
D0229,Batam,
D0229,bernama,
D0229,Gusnahari,
D0229,dilaporkan,
D0229,dibacok,
D0229,orang,
D0229,tak,
D0229,dikenal,
D0229,Polisi,
D0229,kini,
D0229,tengah,
D0229,menyelidiki,
D0229,kasus,
D0229,tersebut,
D0229,Korban,
D0229,saat,
D0229,ini,
D0229,sedang,
D0229,perjalanan,
D0229,buat,
D0229,laporan,
D0229,Informasi,
D0229,awal,
D0229,korban,
D0229,dibacok,
D0229,bagian,
D0229,tangannya,
D0229,terluka,
D0229,kata,
D0229,Kasat,
D0229,Reskrim,
D0229,Polresta,
D0229,Barelang,
D0229,AKP,
D0229,Debby,
D0229,Tri,
D0229,Andrestian,
D0229,Kamis,
D0229,632025,
D0229,Debby,
D0229,mengungkapkan,
D0229,meski,
D0229,korban,
D0229,belum,
D0229,resmi,
D0229,membuat,
D0229,laporan,
D0229,tim,
D0229,Jatanras,
D0229,Polresta,
D0229,Barelang,
D0229,dan,
D0229,unit,
D0229,Reskrim,
D0229,Polsek,
D0229,Sekupang,
D0229,sudah,
D0229,menyelidiki,
D0229,dugaan,
D0229,penikaman,
D0229,tersebut,
D0229,SCROLL,
D0229,TO,
D0229,CONTINUE,
D0229,WITH,
D0229,CONTENT,
D0229,Meski,
D0229,belum,
D0229,ada,
D0229,laporan,
D0229,Namun,
D0229,tim,
D0229,Jatanras,
D0229,sedang,
D0229,bekerja,
D0229,lidik,
D0229,pelaku,
D0229,ujarnya,
D0229,Dikutip,
D0229,dari,
D0229,detikNews,
D0229,Gusnahari,
D0229,ditusuk,
D0229,orang,
D0229,tak,
D0229,dikenal,
D0229,pagi,
D0229,ini,
D0229,Gusnahari,
D0229,mengalami,
D0229,luka,
D0229,di,
D0229,bagian,
D0229,tangan,
D0229,Info,
D0229,dari,
D0229,Ketua,
D0229,PA,
D0229,Batam,
D0229,kondisi,
D0229,yang,
D0229,bersangkutan,
D0229,mengalami,
D0229,luka,
D0229,di,
D0229,bagian,
D0229,tangan,
D0229,dan,
D0229,sedang,
D0229,sedang,
D0229,dilakukan,
D0229,tindakan,
D0229,medis,
D0229,di,
D0229,RS,
D0229,kata,
D0229,Sekretaris,
D0229,bidang,
D0229,Advokasi,
D0229,Hakim,
D0229,PP,
D0229,Ikatan,
D0229,Hakim,
D0229,Indonesia,
D0229,IKAHI,
D0229,Djuyamto,
D0229,Kejadian,
D0229,ini,
D0229,terjadi,
D0229,pada,
D0229,pukul,
D0229,0715,
D0229,WIB,
D0229,pagi,
D0229,ini,
D0229,Korban,
D0229,yang,
D0229,baru,
D0229,keluar,
D0229,rumah,
D0229,dan,
D0229,hendak,
D0229,berangkat,
D0229,ke,
D0229,kantornya,
D0229,ditusuk,
D0229,orang,
D0229,tak,
D0229,dikenal,
D0229,Menurut,
D0229,keterangan,
D0229,beliau,
D0229,menuju,
D0229,mobil,
D0229,yang,
D0229,kebetulan,
D0229,parkir,
D0229,agak,
D0229,jauh,
D0229,sekitar,
D0229,100,
D0229,meter,
D0229,dan,
D0229,tibatiba,
D0229,dia,
D0229,di,
D0229,serang,
D0229,oleh,
D0229,orang,
D0229,tak,
D0229,dikenal,
D0229,dan,
D0229,mengenai,
D0229,tangan,
D0229,beliau,
D0229,kata,
D0229,Djuyamto,
D0229,Usai,
D0229,menusuk,
D0229,korban,
D0229,pelaku,
D0229,langsung,
D0229,melarikan,
D0229,diri,
D0229,dengan,
D0229,motor,
D0229,yang,
D0229,sudah,
D0229,menunggunya,
D0229,Saat,
D0229,kejadian,
D0229,pelaku,
D0229,memakai,
D0229,helm,
D0230,Gusnahari,
D0230,seorang,
D0230,hakim,
D0230,Pengadilan,
D0230,Agama,
D0230,Batam,
D0230,menjadi,
D0230,korban,
D0230,penusukan,
D0230,orang,
D0230,tak,
D0230,dikenal,
D0230,OTK,
D0230,pagi,
D0230,tagi,
D0230,sekitar,
D0230,pukul,
D0230,0715,
D0230,WIB,
D0230,Begini,
D0230,kronologi,
D0230,peristiwa,
D0230,tersebut,
D0230,Sekretaris,
D0230,bidang,
D0230,Advokasi,
D0230,Hakim,
D0230,PP,
D0230,Ikatan,
D0230,Hakim,
D0230,Indonesia,
D0230,IKAHI,
D0230,Djuyamto,
D0230,mulanya,
D0230,menjelaskan,
D0230,bahwa,
D0230,Gusnahari,
D0230,mengalami,
D0230,luka,
D0230,di,
D0230,bagian,
D0230,tangan,
D0230,akibat,
D0230,tusukan,
D0230,Korban,
D0230,kemudian,
D0230,mendapatkan,
D0230,perawatan,
D0230,medis,
D0230,untuk,
D0230,pemulihan,
D0230,Info,
D0230,dari,
D0230,Ketua,
D0230,PA,
D0230,Batam,
D0230,kondisi,
D0230,yang,
D0230,bersangkutan,
D0230,mengalami,
D0230,luka,
D0230,di,
D0230,bagian,
D0230,tangan,
D0230,dan,
D0230,sedang,
D0230,sedang,
D0230,dilakukan,
D0230,tindakan,
D0230,medis,
D0230,di,
D0230,RS,
D0230,katanya,
D0230,dilansir,
D0230,detikNews,
D0230,Kamis,
D0230,632025,
D0230,SCROLL,
D0230,TO,
D0230,CONTINUE,
D0230,WITH,
D0230,CONTENT,
D0230,Djuyamto,
D0230,menjelaskan,
D0230,kronologi,
D0230,penusukan,
D0230,yang,
D0230,dialami,
D0230,oleh,
D0230,Gusnahari,
D0230,Saat,
D0230,kejadian,
D0230,berlangsung,
D0230,korban,
D0230,baru,
D0230,saja,
D0230,keluar,
D0230,rumah,
D0230,dan,
D0230,hendak,
D0230,berangkat,
D0230,ke,
D0230,kantornya,
D0230,Menurut,
D0230,keterangan,
D0230,beliau,
D0230,menuju,
D0230,mobil,
D0230,yang,
D0230,kebetulan,
D0230,parkir,
D0230,agak,
D0230,jauh,
D0230,sekitar,
D0230,100,
D0230,meter,
D0230,dan,
D0230,tibatiba,
D0230,dia,
D0230,diserang,
D0230,oleh,
D0230,orang,
D0230,tak,
D0230,dikenal,
D0230,dan,
D0230,mengenai,
D0230,tangan,
D0230,beliau,
D0230,kata,
D0230,Djuyamto,
D0230,Usai,
D0230,menusuk,
D0230,korban,
D0230,pelaku,
D0230,langsung,
D0230,melarikan,
D0230,diri,
D0230,dengan,
D0230,motor,
D0230,yang,
D0230,sudah,
D0230,menunggunya,
D0230,Saat,
D0230,kejadian,
D0230,pelaku,
D0230,memakai,
D0230,helm,
D0230,Saat,
D0230,ini,
D0230,korban,
D0230,telah,
D0230,dirawat,
D0230,di,
D0230,Puskesmas,
D0230,dan,
D0230,akan,
D0230,dirujuk,
D0230,ke,
D0230,rumah,
D0230,sakit,
D0230,sekitar,
D0230,Pihak,
D0230,RS,
D0230,telah,
D0230,melaporkan,
D0230,ke,
D0230,kepolisian,
D0230,atas,
D0230,kejadian,
D0230,itu,
D0230,IKAHI,
D0230,berharap,
D0230,agar,
D0230,kepolisian,
D0230,mengusut,
D0230,tuntas,
D0230,pelaku,
D0230,penusukan,
D0230,tersebut,
D0230,Berharap,
D0230,agar,
D0230,aparat,
D0230,kepolisian,
D0230,setempat,
D0230,segera,
D0230,melakukan,
D0230,penegakan,
D0230,hukum,
D0230,terkait,
D0230,peristiwa,
D0230,tersebut,
D0230,kata,
D0230,Djuyamto,
D0231,Hakim,
D0231,Pengadilan,
D0231,Agama,
D0231,Batam,
D0231,Gusnahari,
D0231,mengalami,
D0231,luka,
D0231,di,
D0231,bagian,
D0231,tangan,
D0231,usai,
D0231,ditusuk,
D0231,orang,
D0231,tak,
D0231,dikenal,
D0231,Korban,
D0231,kini,
D0231,menjalani,
D0231,perawatan,
D0231,di,
D0231,puskesmas,
D0231,dan,
D0231,segera,
D0231,dirujuk,
D0231,ke,
D0231,rumah,
D0231,sakit,
D0231,Info,
D0231,dari,
D0231,Ketua,
D0231,PA,
D0231,Batam,
D0231,kondisi,
D0231,yang,
D0231,bersangkutan,
D0231,mengalami,
D0231,luka,
D0231,di,
D0231,bagian,
D0231,tangan,
D0231,dan,
D0231,sedang,
D0231,sedang,
D0231,dilakukan,
D0231,tindakan,
D0231,medis,
D0231,di,
D0231,RS,
D0231,kata,
D0231,Sekretaris,
D0231,bidang,
D0231,Advokasi,
D0231,Hakim,
D0231,PP,
D0231,Ikatan,
D0231,Hakim,
D0231,Indonesia,
D0231,IKAHI,
D0231,Djuyamto,
D0231,dalam,
D0231,keterangannya,
D0231,Kamis,
D0231,632025,
D0231,dikutip,
D0231,detikNews,
D0231,Djuyamto,
D0231,menjelaskan,
D0231,kronologi,
D0231,penusukan,
D0231,yang,
D0231,dialami,
D0231,oleh,
D0231,Gusnahari,
D0231,Menurutnya,
D0231,peristiwa,
D0231,itu,
D0231,terjadi,
D0231,pagi,
D0231,tadi,
D0231,sekitar,
D0231,pukul,
D0231,0715,
D0231,WIB,
D0231,SCROLL,
D0231,TO,
D0231,CONTINUE,
D0231,WITH,
D0231,CONTENT,
D0231,Saat,
D0231,itu,
D0231,korban,
D0231,yang,
D0231,baru,
D0231,keluar,
D0231,rumah,
D0231,dan,
D0231,hendak,
D0231,berangkat,
D0231,ke,
D0231,kantornya,
D0231,ditusuk,
D0231,orang,
D0231,tak,
D0231,dikenal,
D0231,Menurut,
D0231,keterangan,
D0231,beliau,
D0231,menuju,
D0231,mobil,
D0231,yang,
D0231,kebetulan,
D0231,parkir,
D0231,agak,
D0231,jauh,
D0231,sekitar,
D0231,100,
D0231,meter,
D0231,dan,
D0231,tibatiba,
D0231,dia,
D0231,diserang,
D0231,oleh,
D0231,orang,
D0231,tak,
D0231,dikenal,
D0231,dan,
D0231,mengenai,
D0231,tangan,
D0231,beliau,
D0231,kata,
D0231,Djuyamto,
D0231,Usai,
D0231,menusuk,
D0231,korban,
D0231,pelaku,
D0231,langsung,
D0231,melarikan,
D0231,diri,
D0231,dengan,
D0231,motor,
D0231,yang,
D0231,sudah,
D0231,menunggunya,
D0231,Saat,
D0231,kejadian,
D0231,pelaku,
D0231,memakai,
D0231,helm,
D0231,Saat,
D0231,ini,
D0231,korban,
D0231,telah,
D0231,dirawat,
D0231,di,
D0231,Puskesmas,
D0231,dan,
D0231,akan,
D0231,dirujuk,
D0231,ke,
D0231,rumah,
D0231,sakit,
D0231,sekitar,
D0231,Pihak,
D0231,RS,
D0231,telah,
D0231,melaporkan,
D0231,ke,
D0231,kepolisian,
D0231,atas,
D0231,kejadian,
D0231,itu,
D0231,IKAHI,
D0231,berharap,
D0231,agar,
D0231,kepolisian,
D0231,mengusut,
D0231,tuntas,
D0231,pelaku,
D0231,penusukan,
D0231,tersebut,
D0231,Berharap,
D0231,agar,
D0231,aparat,
D0231,kepolisian,
D0231,setempat,
D0231,segera,
D0231,melakukan,
D0231,penegakan,
D0231,hukum,
D0231,terkait,
D0231,peristiwa,
D0231,tersebut,
D0231,kata,
D0231,Djuyamto,
D0232,Kasus,
D0232,pencurian,
D0232,dengan,
D0232,kekerasan,
D0232,curas,
D0232,atau,
D0232,begal,
D0232,masih,
D0232,menjadi,
D0232,salah,
D0232,satu,
D0232,tindak,
D0232,kriminal,
D0232,yang,
D0232,cukup,
D0232,marak,
D0232,di,
D0232,Palembang,
D0232,Sumatera,
D0232,Selatan,
D0232,Sumsel,
D0232,Untuk,
D0232,itu,
D0232,polisi,
D0232,imbau,
D0232,warga,
D0232,untuk,
D0232,berhatihati,
D0232,saat,
D0232,berkendara,
D0232,malam,
D0232,hari,
D0232,terutama,
D0232,saat,
D0232,sendirian,
D0232,Imbauan,
D0232,tersebut,
D0232,disampaikan,
D0232,oleh,
D0232,Dirreskrimum,
D0232,Polda,
D0232,Sumsel,
D0232,Kombes,
D0232,M,
D0232,Anwar,
D0232,Reksowidjojo,
D0232,Dia,
D0232,menjanjikan,
D0232,pihaknya,
D0232,siap,
D0232,membantu,
D0232,masyarakat,
D0232,yang,
D0232,terpaksa,
D0232,pulang,
D0232,di,
D0232,waktu,
D0232,rawan,
D0232,terjadinya,
D0232,kriminalitas,
D0232,Kami,
D0232,imbau,
D0232,agar,
D0232,masyarakat,
D0232,berhatihati,
D0232,dalam,
D0232,perjalanan,
D0232,khususnya,
D0232,malam,
D0232,ke,
D0232,pagi,
D0232,Apalagi,
D0232,melewati,
D0232,daerah,
D0232,gelap,
D0232,dan,
D0232,sendirian,
D0232,imbaunya,
D0232,Rabu,
D0232,532025,
D0232,SCROLL,
D0232,TO,
D0232,CONTINUE,
D0232,WITH,
D0232,CONTENT,
D0232,Lebih,
D0232,baik,
D0232,datang,
D0232,ke,
D0232,polsek,
D0232,setempat,
D0232,untuk,
D0232,minta,
D0232,diantar,
D0232,itu,
D0232,lebih,
D0232,aman,
D0232,insyaallah,
D0232,Kami,
D0232,siap,
D0232,untuk,
D0232,memberikan,
D0232,layanan,
D0232,untuk,
D0232,mengantar,
D0232,sampai,
D0232,ke,
D0232,tempat,
D0232,tujuan,
D0232,tegasnya,
D0232,Anwar,
D0232,juga,
D0232,memastikan,
D0232,pihaknya,
D0232,telah,
D0232,berupaya,
D0232,semaksimal,
D0232,mungkin,
D0232,dalam,
D0232,melakukan,
D0232,pencegahan,
D0232,Meski,
D0232,begitu,
D0232,imbauan,
D0232,berhatihati,
D0232,pada,
D0232,masyarakat,
D0232,tetap,
D0232,digaungkan,
D0232,demi,
D0232,kenyamanan,
D0232,bersama,
D0232,Pihak,
D0232,Polri,
D0232,baik,
D0232,polda,
D0232,maupun,
D0232,polrespolrestabes,
D0232,telah,
D0232,melakukan,
D0232,upaya,
D0232,untuk,
D0232,mencegah,
D0232,kriminal,
D0232,semaksimal,
D0232,mungkin,
D0232,Namun,
D0232,kami,
D0232,tetap,
D0232,mengimbau,
D0232,masyarakat,
D0232,untuk,
D0232,berhatihati,
D0232,ungkapnya,
D0232,Salah,
D0232,satu,
D0232,aksi,
D0232,kriminal,
D0232,yang,
D0232,belakangan,
D0232,ini,
D0232,menghebohkan,
D0232,masyarakat,
D0232,Palembang,
D0232,adalah,
D0232,begal,
D0232,dengan,
D0232,Sigra,
D0232,putih,
D0232,yang,
D0232,telah,
D0232,beraksi,
D0232,di,
D0232,10,
D0232,TKP,
D0232,lintas,
D0232,kabupaten,
D0232,Di,
D0232,Palembang,
D0232,5,
D0232,TKP,
D0232,berdasarkan,
D0232,laporan,
D0232,korban,
D0232,diidentifikasi,
D0232,terjadi,
D0232,di,
D0232,depan,
D0232,Kantor,
D0232,Samsat,
D0232,Kecamatan,
D0232,Jakabaring,
D0232,Kelurahan,
D0232,Karya,
D0232,Jaya,
D0232,Kertapati,
D0232,Underpass,
D0232,Patal,
D0232,Kecamatan,
D0232,Ilir,
D0232,Timur,
D0232,II,
D0232,dan,
D0232,Kecamatan,
D0232,Ilir,
D0232,Barat,
D0232,I,
D0232,Kini,
D0232,4,
D0232,pelaku,
D0232,telah,
D0232,diamankan,
D0232,di,
D0232,Kelurahan,
D0232,Tuan,
D0232,Kentang,
D0232,Kecamatan,
D0232,Jakabaring,
D0232,Palembang,
D0232,pada,
D0232,Senin,
D0232,332025,
D0232,sekitar,
D0232,pukul,
D0232,2330,
D0232,WIB,
D0232,sedangkan,
D0232,3,
D0232,lainnya,
D0232,dalam,
D0232,perburuan,
D0232,Sementara,
D0232,itu,
D0232,Kapolrestabes,
D0232,Palembang,
D0232,Kombes,
D0232,Harryo,
D0232,Sugihhartono,
D0232,menyebut,
D0232,salah,
D0232,satu,
D0232,upaya,
D0232,yang,
D0232,pihaknya,
D0232,lakukan,
D0232,adalah,
D0232,mempertebal,
D0232,pengamanan,
D0232,Langkah,
D0232,ini,
D0232,kata,
D0232,dia,
D0232,dilakukan,
D0232,khususnya,
D0232,selama,
D0232,bulan,
D0232,Ramadan,
D0232,Khusus,
D0232,di,
D0232,bulan,
D0232,Ramadan,
D0232,ini,
D0232,kami,
D0232,melakukan,
D0232,tindakan,
D0232,atau,
D0232,effort,
D0232,yang,
D0232,lebih,
D0232,Di,
D0232,mana,
D0232,penebalan,
D0232,pengamanan,
D0232,telah,
D0232,kami,
D0232,lakukan,
D0232,katanya,
D0232,Harryo,
D0232,mengatakan,
D0232,pihaknya,
D0232,telah,
D0232,memetakan,
D0232,waktu,
D0232,dan,
D0232,lokasi,
D0232,rawan,
D0232,terjadi,
D0232,kriminalitas,
D0232,di,
D0232,wilayah,
D0232,hukumnya,
D0232,Pemetaan,
D0232,ini,
D0232,salah,
D0232,satunya,
D0232,adalah,
D0232,hasil,
D0232,dari,
D0232,Operasi,
D0232,Pekat,
D0232,Musi,
D0232,2025,
D0232,menjelang,
D0232,Ramadan,
D0232,Jamjam,
D0232,rawan,
D0232,terjadinya,
D0232,aksi,
D0232,curas,
D0232,begal,
D0232,adalah,
D0232,pukul,
D0232,20002300,
D0232,WIB,
D0232,dan,
D0232,01000600,
D0232,WIB,
D0232,Para,
D0232,pelaku,
D0232,kejahatan,
D0232,ini,
D0232,juga,
D0232,memanfaatkan,
D0232,kelengahan,
D0232,petugas,
D0232,dan,
D0232,para,
D0232,korbannya,
D0232,yang,
D0232,berjalan,
D0232,atau,
D0232,berkendara,
D0232,sendiri,
D0232,di,
D0232,tempat,
D0232,kurang,
D0232,memuntungkan,
D0232,seperti,
D0232,sepi,
D0232,tidak,
D0232,terawasi,
D0232,masyarakat,
D0232,setempat,
D0232,dan,
D0232,tidak,
D0232,ada,
D0232,penerangan,
D0232,jelasnya,
D0233,Dua,
D0233,pria,
D0233,inisial,
D0233,FR,
D0233,15,
D0233,dan,
D0233,SAM,
D0233,20,
D0233,di,
D0233,Sidrap,
D0233,Sulawesi,
D0233,Selatan,
D0233,Sulsel,
D0233,berkelahi,
D0233,diduga,
D0233,gegara,
D0233,senggolan,
D0233,motor,
D0233,Akibat,
D0233,dari,
D0233,peristiwa,
D0233,itu,
D0233,SAM,
D0233,dilaporkan,
D0233,tewas,
D0233,Sudah,
D0233,ditangani,
D0233,Polres,
D0233,dan,
D0233,betul,
D0233,ada,
D0233,yang,
D0233,meninggal,
D0233,akibat,
D0233,perkelahian,
D0233,kata,
D0233,Kapolres,
D0233,Sidrap,
D0233,AKBP,
D0233,Fantry,
D0233,Taherong,
D0233,Selasa,
D0233,432025,
D0233,melansir,
D0233,detikSulsel,
D0233,Fantry,
D0233,mengatakan,
D0233,perkelahian,
D0233,itu,
D0233,terjadi,
D0233,di,
D0233,Kelurahan,
D0233,Batulappa,
D0233,Kecamatan,
D0233,Watang,
D0233,Pulu,
D0233,Kabupaten,
D0233,Sidrap,
D0233,pada,
D0233,Senin,
D0233,33,
D0233,sekitar,
D0233,pukul,
D0233,2225,
D0233,Wita,
D0233,Kedua,
D0233,pria,
D0233,itu,
D0233,saling,
D0233,menantang,
D0233,saat,
D0233,motor,
D0233,mereka,
D0233,bersenggolan,
D0233,di,
D0233,jalan,
D0233,SCROLL,
D0233,TO,
D0233,CONTINUE,
D0233,WITH,
D0233,CONTENT,
D0233,Ini,
D0233,mereka,
D0233,awalnya,
D0233,saling,
D0233,bersenggolan,
D0233,motornya,
D0233,di,
D0233,jalan,
D0233,Terus,
D0233,saling,
D0233,tantang,
D0233,berkelahi,
D0233,kata,
D0233,Kasat,
D0233,Reskrim,
D0233,Polres,
D0233,Sidrap,
D0233,AKP,
D0233,Setiawan,
D0233,Sunarto,
D0233,yang,
D0233,dikonfirmasi,
D0233,terpisah,
D0233,Pelaku,
D0233,dan,
D0233,korban,
D0233,kemudian,
D0233,duel,
D0233,di,
D0233,tempat,
D0233,kejadian,
D0233,perkara,
D0233,TKP,
D0233,Korban,
D0233,SAM,
D0233,lalu,
D0233,tewas,
D0233,dengan,
D0233,luka,
D0233,tusukan,
D0233,di,
D0233,dada,
D0233,Yang,
D0233,meninggal,
D0233,ini,
D0233,sempat,
D0233,duel,
D0233,juga,
D0233,ungkapnya,
D0233,Setiawan,
D0233,mengatakan,
D0233,pelaku,
D0233,FR,
D0233,diamankan,
D0233,usai,
D0233,kejadian,
D0233,tersebut,
D0233,Pelaku,
D0233,ditempatkan,
D0233,di,
D0233,ruangan,
D0233,khusus,
D0233,karena,
D0233,masih,
D0233,anak,
D0233,di,
D0233,bawah,
D0233,umur,
D0233,Pelaku,
D0233,kami,
D0233,amankan,
D0233,satu,
D0233,orang,
D0233,berinisial,
D0233,FR,
D0233,karena,
D0233,bersangkutan,
D0233,anak,
D0233,di,
D0233,bawah,
D0233,umur,
D0233,maka,
D0233,kami,
D0233,tempatkan,
D0233,di,
D0233,ruangan,
D0233,khusus,
D0233,tegasnya,
D0234,Aksi,
D0234,pencurian,
D0234,disertai,
D0234,kekerasan,
D0234,terjadi,
D0234,di,
D0234,sebuah,
D0234,Stasiun,
D0234,Pengisian,
D0234,Bulk,
D0234,Elpiji,
D0234,SPBE,
D0234,di,
D0234,Kabupaten,
D0234,Garut,
D0234,Aksi,
D0234,kejahatan,
D0234,itu,
D0234,didalangi,
D0234,empat,
D0234,orang,
D0234,sekawan,
D0234,spesialis,
D0234,pencurian,
D0234,dengan,
D0234,kekerasan,
D0234,curas,
D0234,Aksi,
D0234,pembobolan,
D0234,SPBE,
D0234,ini,
D0234,terjadi,
D0234,di,
D0234,kawasan,
D0234,Kecamatan,
D0234,Banyuresmi,
D0234,Kabupaten,
D0234,Garut,
D0234,pada,
D0234,Kamis,
D0234,2722025,
D0234,lalu,
D0234,Berdasarkan,
D0234,keterangan,
D0234,saksi,
D0234,yang,
D0234,merupakan,
D0234,salah,
D0234,seorang,
D0234,pekerja,
D0234,di,
D0234,sana,
D0234,kejadian,
D0234,berlangsung,
D0234,sekitar,
D0234,pukul,
D0234,0300,
D0234,WIB,
D0234,Pelaku,
D0234,berjumlah,
D0234,4,
D0234,orang,
D0234,yang,
D0234,masuk,
D0234,dengan,
D0234,cara,
D0234,menaiki,
D0234,tembok,
D0234,Setelah,
D0234,berhasil,
D0234,masuk,
D0234,mereka,
D0234,menyekap,
D0234,dua,
D0234,orang,
D0234,karyawan,
D0234,yang,
D0234,sedang,
D0234,berada,
D0234,di,
D0234,mess,
D0234,ungkap,
D0234,Kasat,
D0234,Reskrim,
D0234,Polres,
D0234,Garut,
D0234,AKP,
D0234,Joko,
D0234,Prihatin,
D0234,Rabu,
D0234,532025,
D0234,SCROLL,
D0234,TO,
D0234,CONTINUE,
D0234,WITH,
D0234,CONTENT,
D0234,Setelah,
D0234,berhasil,
D0234,menguasai,
D0234,lokasi,
D0234,para,
D0234,pelaku,
D0234,kemudian,
D0234,menyekap,
D0234,dua,
D0234,orang,
D0234,karyawan,
D0234,yang,
D0234,kebetulan,
D0234,sedang,
D0234,berjaga,
D0234,Mereka,
D0234,kemudian,
D0234,memukuli,
D0234,keduanya,
D0234,dan,
D0234,mengancam,
D0234,para,
D0234,korban,
D0234,menggunakan,
D0234,golok,
D0234,Pelaku,
D0234,kemudian,
D0234,membuka,
D0234,pintu,
D0234,gerbang,
D0234,dan,
D0234,memasukkan,
D0234,dua,
D0234,unit,
D0234,kendaraan,
D0234,roda,
D0234,empat,
D0234,yang,
D0234,dipersiapkan,
D0234,untuk,
D0234,mengangkut,
D0234,barang,
D0234,curian,
D0234,ungkap,
D0234,Joko,
D0234,Bak,
D0234,di,
D0234,film,
D0234,laga,
D0234,keempat,
D0234,pelaku,
D0234,berpacu,
D0234,dengan,
D0234,waktu,
D0234,menggasak,
D0234,sebanyak,
D0234,mungkin,
D0234,barang,
D0234,berharga,
D0234,yang,
D0234,ada,
D0234,di,
D0234,lokasi,
D0234,Mulai,
D0234,dari,
D0234,2,
D0234,tabung,
D0234,gas,
D0234,ukuran,
D0234,12,
D0234,kg,
D0234,139,
D0234,tabung,
D0234,gas,
D0234,berukuran,
D0234,55,
D0234,kg,
D0234,uang,
D0234,Rp959,
D0234,ribu,
D0234,satu,
D0234,unit,
D0234,sepeda,
D0234,motor,
D0234,dan,
D0234,dua,
D0234,ponsel,
D0234,Total,
D0234,kerugian,
D0234,sekitar,
D0234,Rp,
D0234,58,
D0234,juta,
D0234,ungkap,
D0234,Joko,
D0234,Polisi,
D0234,yang,
D0234,menerima,
D0234,laporan,
D0234,kejadian,
D0234,ini,
D0234,kemudian,
D0234,bergerak,
D0234,untuk,
D0234,menyelidiki,
D0234,Sejak,
D0234,kasusnya,
D0234,dilaporkan,
D0234,Polres,
D0234,Garut,
D0234,menerjunkan,
D0234,Tim,
D0234,Sancang,
D0234,untuk,
D0234,memburu,
D0234,para,
D0234,pelaku,
D0234,Hasilnya,
D0234,pada,
D0234,Senin,
D0234,33,
D0234,kemarin,
D0234,petugas,
D0234,berhasil,
D0234,mengamankan,
D0234,dua,
D0234,dari,
D0234,empat,
D0234,pelaku,
D0234,Mereka,
D0234,yang,
D0234,ditangkap,
D0234,masingmasing,
D0234,adalah,
D0234,NN,
D0234,54,
D0234,dan,
D0234,WP,
D0234,39,
D0234,Tersangka,
D0234,NN,
D0234,ditangkap,
D0234,di,
D0234,rumahnya,
D0234,di,
D0234,Sukabumi,
D0234,Sedangkan,
D0234,hasil,
D0234,pengembangan,
D0234,kita,
D0234,berhasil,
D0234,mengamankan,
D0234,WP,
D0234,39,
D0234,di,
D0234,Garut,
D0234,ungkap,
D0234,Joko,
D0234,Keduanya,
D0234,dihadiahi,
D0234,timah,
D0234,panas,
D0234,oleh,
D0234,polisi,
D0234,Menurut,
D0234,Joko,
D0234,WP,
D0234,dan,
D0234,NN,
D0234,berupaya,
D0234,melarikan,
D0234,diri,
D0234,saat,
D0234,hendak,
D0234,menunjukan,
D0234,barang,
D0234,bukti,
D0234,Sedangkan,
D0234,dua,
D0234,rekan,
D0234,pelaku,
D0234,yang,
D0234,lain,
D0234,masih,
D0234,diburu,
D0234,Setelah,
D0234,diselidiki,
D0234,NN,
D0234,merupakan,
D0234,pelaku,
D0234,utama,
D0234,dalam,
D0234,kasus,
D0234,ini,
D0234,Dia,
D0234,adalah,
D0234,pentolan,
D0234,dari,
D0234,grup,
D0234,kriminal,
D0234,spesialis,
D0234,pencurian,
D0234,dengan,
D0234,kekerasan,
D0234,yang,
D0234,beroperasi,
D0234,lintas,
D0234,kota,
D0234,di,
D0234,Jawa,
D0234,Barat,
D0234,Mereka,
D0234,bukan,
D0234,sekali,
D0234,ini,
D0234,mencuri,
D0234,Ratarata,
D0234,mencuri,
D0234,sembako,
D0234,dan,
D0234,LPG,
D0234,Pengakuannya,
D0234,pernah,
D0234,melakukan,
D0234,di,
D0234,Cirebon,
D0234,Pangandaran,
D0234,dan,
D0234,Majalengka,
D0234,ungkap,
D0234,Joko,
D0234,Para,
D0234,tersangka,
D0234,yang,
D0234,telah,
D0234,ditangkap,
D0234,kini,
D0234,ditahan,
D0234,di,
D0234,Mako,
D0234,Polres,
D0234,Garut,
D0234,Untuk,
D0234,mempertanggung,
D0234,perbuatannya,
D0234,mereka,
D0234,dijerat,
D0234,Pasal,
D0234,365,
D0234,KUHP,
D0234,tentang,
D0234,Pencurian,
D0234,dengan,
D0234,Kekerasan,
D0234,Ancaman,
D0234,hukumannya,
D0234,9,
D0234,tahun,
D0234,kurungan,
D0234,Sutisna,
D0234,29,
D0234,dan,
D0234,Rais,
D0234,Prayoga,
D0234,27,
D0234,karyawan,
D0234,Stasiun,
D0234,Pengisian,
D0234,Bulk,
D0234,Elektronik,
D0234,SPBE,
D0234,asal,
D0234,Garut,
D0234,disekap,
D0234,kawanan,
D0234,perampok,
D0234,yang,
D0234,beraksi,
D0234,di,
D0234,tempat,
D0234,kerjanya,
D0234,Mereka,
D0234,sempat,
D0234,diikat,
D0234,hingga,
D0234,diancam,
D0234,Berdasarkan,
D0234,keterangan,
D0234,saat,
D0234,kejadian,
D0234,sekitar,
D0234,pukul,
D0234,0300,
D0234,WIB,
D0234,Rais,
D0234,terbangun,
D0234,karena,
D0234,mendengar,
D0234,kebisingan,
D0234,yang,
D0234,ada,
D0234,di,
D0234,luar,
D0234,tempatnya,
D0234,bekerja,
D0234,Dengan,
D0234,sigap,
D0234,dia,
D0234,yang,
D0234,sedang,
D0234,piket,
D0234,menjaga,
D0234,gudang,
D0234,bersama,
D0234,Sutisna,
D0234,bangun,
D0234,dari,
D0234,tempat,
D0234,tidur,
D0234,dan,
D0234,hendak,
D0234,keluar,
D0234,dari,
D0234,mes,
D0234,karyawan,
D0234,Namun,
D0234,Rais,
D0234,yang,
D0234,sebenarnya,
D0234,belum,
D0234,mengerti,
D0234,apa,
D0234,yang,
D0234,terjadi,
D0234,saat,
D0234,itu,
D0234,kembali,
D0234,dikejutkan,
D0234,dengan,
D0234,kehadiran,
D0234,orang,
D0234,asing,
D0234,Yang,
D0234,saya,
D0234,lihat,
D0234,ada,
D0234,empat,
D0234,orang,
D0234,Mereka,
D0234,menggedorgedor,
D0234,pintu,
D0234,mes,
D0234,sambil,
D0234,ngancam,
D0234,Kalau,
D0234,mau,
D0234,selamat,
D0234,jangan,
D0234,macammacam,
D0234,dan,
D0234,buka,
D0234,pintu,
D0234,katanya,
D0234,ungkap,
D0234,Rais,
D0234,menirukan,
D0234,suara,
D0234,orangorang,
D0234,asing,
D0234,tersebut,
D0234,saat,
D0234,diwawancarai,
D0234,di,
D0234,Mapolres,
D0234,Garut,
D0234,Rabu,
D0234,532025,
D0234,Rais,
D0234,yang,
D0234,masih,
D0234,terkantukkantuk,
D0234,saat,
D0234,itu,
D0234,sebenarnya,
D0234,sempat,
D0234,terpikir,
D0234,untuk,
D0234,menghubungi,
D0234,seseorang,
D0234,di,
D0234,luar,
D0234,sana,
D0234,dan,
D0234,meminta,
D0234,bantuan,
D0234,Namun,
D0234,sayangnya,
D0234,para,
D0234,pelaku,
D0234,berhasil,
D0234,merangsek,
D0234,masuk,
D0234,dan,
D0234,langsung,
D0234,meringkusnya,
D0234,bersama,
D0234,Sutisna,
D0234,Saya,
D0234,dan,
D0234,Entis,
D0234,kemudian,
D0234,diikat,
D0234,dan,
D0234,dilakban,
D0234,Disimpan,
D0234,di,
D0234,kamar,
D0234,yang,
D0234,berbeda,
D0234,Saya,
D0234,tidak,
D0234,kenal,
D0234,mereka,
D0234,semuanya,
D0234,pakai,
D0234,penutup,
D0234,muka,
D0234,ujar,
D0234,Rais,
D0234,Rais,
D0234,dan,
D0234,Sutisna,
D0234,mengaku,
D0234,tidak,
D0234,mengenal,
D0234,empat,
D0234,orang,
D0234,asing,
D0234,yang,
D0234,datang,
D0234,dan,
D0234,melakukan,
D0234,aksi,
D0234,kekerasan,
D0234,kepada,
D0234,mereka,
D0234,Seingat,
D0234,Rais,
D0234,salah,
D0234,satunya,
D0234,berbadan,
D0234,gempal,
D0234,dan,
D0234,menggunakan,
D0234,bahasa,
D0234,campuran,
D0234,SundaIndonesia,
D0234,saat,
D0234,berbicara,
D0234,Mereka,
D0234,baru,
D0234,tersadar,
D0234,bahwa,
D0234,empat,
D0234,orang,
D0234,pria,
D0234,yang,
D0234,masuk,
D0234,ke,
D0234,gudang,
D0234,itu,
D0234,adalah,
D0234,pencuri,
D0234,ketika,
D0234,dua,
D0234,unit,
D0234,mobil,
D0234,masuk,
D0234,ke,
D0234,garasi,
D0234,Para,
D0234,pelaku,
D0234,langsung,
D0234,mencari,
D0234,barangbarang,
D0234,berharga,
D0234,yang,
D0234,ada,
D0234,di,
D0234,sana,
D0234,Selain,
D0234,tabung,
D0234,gas,
D0234,mereka,
D0234,juga,
D0234,mengambil,
D0234,HP,
D0234,punya,
D0234,saya,
D0234,dan,
D0234,Entis,
D0234,dan,
D0234,motor,
D0234,punya,
D0234,saya,
D0234,juga,
D0234,katanya,
D0234,Berdasarkan,
D0234,catatan,
D0234,pihak,
D0234,kepolisian,
D0234,ada,
D0234,139,
D0234,tabung,
D0234,gas,
D0234,ukuran,
D0234,55,
D0234,Kg,
D0234,2,
D0234,tabung,
D0234,gas,
D0234,ukuran,
D0234,12,
D0234,Kg,
D0234,1,
D0234,sepeda,
D0234,motor,
D0234,2,
D0234,unit,
D0234,ponsel,
D0234,dan,
D0234,sebuah,
D0234,helm,
D0234,yang,
D0234,raib,
D0234,dari,
D0234,TKP,
D0234,Kerugiannya,
D0234,mencapai,
D0234,Rp,
D0234,58,
D0234,juta,
D0234,Menurut,
D0234,Entis,
D0234,aksi,
D0234,pencurian,
D0234,ini,
D0234,berlangsung,
D0234,dengan,
D0234,cepat,
D0234,Mereka,
D0234,berempat,
D0234,mengangkut,
D0234,tabung,
D0234,gas,
D0234,menggunakan,
D0234,mobil,
D0234,van,
D0234,hingga,
D0234,memboyong,
D0234,motor,
D0234,curian,
D0234,dengan,
D0234,mobil,
D0234,pikap,
D0234,Lumayan,
D0234,cepat,
D0234,kita,
D0234,tidak,
D0234,bisa,
D0234,apaapa,
D0234,karena,
D0234,takut,
D0234,ungkap,
D0234,Entis,
D0234,Kejadian,
D0234,secepat,
D0234,kilat,
D0234,itu,
D0234,tak,
D0234,bisa,
D0234,digagalkan,
D0234,Rais,
D0234,dan,
D0234,Entis,
D0234,yang,
D0234,ketakutan,
D0234,karena,
D0234,diancam,
D0234,menggunakan,
D0234,senjata,
D0234,tajam,
D0234,Rais,
D0234,bahkan,
D0234,diancam,
D0234,akan,
D0234,dihabisi,
D0234,menggunakan,
D0234,cakar,
D0234,harimau,
D0234,sejenis,
D0234,pisau,
D0234,melengkung,
D0234,mirip,
D0234,kuku,
D0234,hewan,
D0234,buas,
D0234,tersebut,
D0234,Namun,
D0234,kata,
D0234,Rais,
D0234,saat,
D0234,para,
D0234,pencuri,
D0234,mulai,
D0234,bergegas,
D0234,dia,
D0234,kemudian,
D0234,langsung,
D0234,mengambil,
D0234,inisiatif,
D0234,untuk,
D0234,meloloskan,
D0234,diri,
D0234,dari,
D0234,cengkraman,
D0234,Rais,
D0234,mengaku,
D0234,langsung,
D0234,ngesot,
D0234,dan,
D0234,menghampiri,
D0234,Entis,
D0234,yang,
D0234,disekap,
D0234,di,
D0234,kamar,
D0234,sebelah,
D0234,Kemudian,
D0234,ikatannya,
D0234,bisa,
D0234,lepas,
D0234,Saya,
D0234,dan,
D0234,Entis,
D0234,langsung,
D0234,kabur,
D0234,mencari,
D0234,bantuan,
D0234,pungkas,
D0234,Rais,
D0235,Remaja,
D0235,inisial,
D0235,I,
D0235,15,
D0235,di,
D0235,Makassar,
D0235,Sulawesi,
D0235,Selatan,
D0235,Sulsel,
D0235,dibusur,
D0235,panah,
D0235,oleh,
D0235,orang,
D0235,tidak,
D0235,dikenal,
D0235,OTK,
D0235,saat,
D0235,bermain,
D0235,bola,
D0235,Akibat,
D0235,dari,
D0235,itu,
D0235,I,
D0235,mengalami,
D0235,luka,
D0235,setelah,
D0235,panah,
D0235,menancap,
D0235,di,
D0235,bagian,
D0235,lehernya,
D0235,Melansir,
D0235,detikSulsel,
D0235,peristiwa,
D0235,tersebut,
D0235,terjadi,
D0235,di,
D0235,Jalan,
D0235,Tinumbu,
D0235,tepatnya,
D0235,di,
D0235,depan,
D0235,warung,
D0235,Kecamatan,
D0235,Bontoala,
D0235,Minggu,
D0235,23,
D0235,sekitar,
D0235,pukul,
D0235,0330,
D0235,Wita,
D0235,Pelaku,
D0235,yang,
D0235,melintas,
D0235,di,
D0235,lokasi,
D0235,langsung,
D0235,melakukan,
D0235,penyerangan,
D0235,Awalnya,
D0235,itu,
D0235,anakanak,
D0235,main,
D0235,bola,
D0235,sehingga,
D0235,ada,
D0235,orang,
D0235,tidak,
D0235,kenal,
D0235,OTK,
D0235,lewat,
D0235,langsung,
D0235,kena,
D0235,itu,
D0235,korban,
D0235,Na,
D0235,patte,
D0235,serang,
D0235,lalu,
D0235,lari,
D0235,ceritanya,
D0235,kata,
D0235,Kasi,
D0235,Humas,
D0235,Polsek,
D0235,Bontoala,
D0235,Aiptu,
D0235,Andi,
D0235,Irwan,
D0235,Selasa,
D0235,422025,
D0235,SCROLL,
D0235,TO,
D0235,CONTINUE,
D0235,WITH,
D0235,CONTENT,
D0235,Irwan,
D0235,mengatakan,
D0235,anak,
D0235,panah,
D0235,itu,
D0235,menancap,
D0235,di,
D0235,bagian,
D0235,leher,
D0235,tepatnya,
D0235,di,
D0235,bawah,
D0235,telinga,
D0235,korban,
D0235,Anak,
D0235,panah,
D0235,tersebut,
D0235,pun,
D0235,dilepaskan,
D0235,oleh,
D0235,korban,
D0235,dibantu,
D0235,seorang,
D0235,polisi,
D0235,yang,
D0235,merupakan,
D0235,tetangganya,
D0235,Kebetulan,
D0235,ada,
D0235,anggota,
D0235,polisi,
D0235,tetangga,
D0235,dengan,
D0235,ini,
D0235,korban,
D0235,Informasinya,
D0235,di,
D0235,kantor,
D0235,dia,
D0235,putarputar,
D0235,itu,
D0235,panah,
D0235,busur,
D0235,dia,
D0235,tarik,
D0235,sendiri,
D0235,akhirnya,
D0235,lepas,
D0235,busur,
D0235,panah,
D0235,ujarnya,
D0235,Iya,
D0235,lepas,
D0235,anak,
D0235,panah,
D0235,mungkin,
D0235,tidak,
D0235,dalam,
D0235,ji,
D0235,barangkali,
D0235,Karena,
D0235,kalau,
D0235,dalam,
D0235,sekali,
D0235,tidak,
D0235,mungkin,
D0235,dia,
D0235,tarik,
D0235,begitu,
D0235,ungkap,
D0235,Irwan,
D0235,Irwan,
D0235,menyebut,
D0235,kondisi,
D0235,korban,
D0235,sudah,
D0235,stabil,
D0235,Pihaknya,
D0235,pun,
D0235,masih,
D0235,memburu,
D0235,pelaku,
D0235,penyerangan,
D0235,yang,
D0235,belum,
D0235,diketahui,
D0235,identitasnya,
D0235,Iya,
D0235,masih,
D0235,penyelidikan,
D0235,Sudah,
D0235,turun,
D0235,tadi,
D0235,pagi,
D0235,unit,
D0235,Satintelkam,
D0235,bersama,
D0235,Opsnal,
D0235,toh,
D0235,tambah,
D0235,Irwan,
D0235,Irwan,
D0235,mengimbau,
D0235,para,
D0235,orang,
D0235,tua,
D0235,agar,
D0235,lebih,
D0235,waspada,
D0235,dalam,
D0235,mengawasi,
D0235,anakanaknya,
D0235,Dia,
D0235,berharap,
D0235,warga,
D0235,hatihati,
D0235,saat,
D0235,beraktivitas,
D0235,saat,
D0235,malam,
D0235,hari,
D0235,terutama,
D0235,di,
D0235,jalanan,
D0235,Imbauannya,
D0235,terutama,
D0235,untuk,
D0235,anakanak,
D0235,kalau,
D0235,sudah,
D0235,malam,
D0235,jangan,
D0235,dulu,
D0235,di,
D0235,jalan,
D0235,raya,
D0235,main,
D0235,bola,
D0235,karena,
D0235,itu,
D0235,memancing,
D0235,Terus,
D0235,yang,
D0235,kedua,
D0235,mengganggu,
D0235,ketertiban,
D0235,umum,
D0235,Kan,
D0235,kalau,
D0235,main,
D0235,bola,
D0235,ada,
D0235,tempatnya,
D0235,pungkasnya,
D0236,Sebanyak,
D0236,91,
D0236,pelaku,
D0236,kejahatan,
D0236,ditangkap,
D0236,polisi,
D0236,dalam,
D0236,Operasi,
D0236,Pekat,
D0236,Musi,
D0236,2025,
D0236,Mereka,
D0236,pun,
D0236,telah,
D0236,ditetapkan,
D0236,tersangka,
D0236,atas,
D0236,kasus,
D0236,yang,
D0236,berbeda,
D0236,Kapolrestabes,
D0236,Palembang,
D0236,Kombes,
D0236,Harryo,
D0236,Sugihhartono,
D0236,mengatakan,
D0236,operasi,
D0236,yang,
D0236,digelar,
D0236,sejak,
D0236,Rabu,
D0236,1922025,
D0236,lalu,
D0236,itu,
D0236,dalam,
D0236,rangka,
D0236,menyambut,
D0236,bulan,
D0236,Ramadan,
D0236,1446,
D0236,H,
D0236,Hari,
D0236,ini,
D0236,kami,
D0236,gelar,
D0236,rilis,
D0236,hasil,
D0236,sementara,
D0236,Operasi,
D0236,Pekat,
D0236,Musi,
D0236,2025,
D0236,menjelang,
D0236,bulan,
D0236,suci,
D0236,Ramadan,
D0236,1446,
D0236,H,
D0236,Hasilnya,
D0236,91,
D0236,tersangka,
D0236,berhasil,
D0236,kami,
D0236,amankan,
D0236,ungkapnya,
D0236,Senin,
D0236,332025,
D0236,SCROLL,
D0236,TO,
D0236,CONTINUE,
D0236,WITH,
D0236,CONTENT,
D0236,Harryo,
D0236,menjabarkan,
D0236,setidaknya,
D0236,ada,
D0236,5,
D0236,target,
D0236,utama,
D0236,dalam,
D0236,operasi,
D0236,tersebut,
D0236,Sasaran,
D0236,pertama,
D0236,adalah,
D0236,orang,
D0236,yang,
D0236,melakukan,
D0236,tindak,
D0236,pidana,
D0236,kejahatan,
D0236,jalanan,
D0236,seperti,
D0236,pencurian,
D0236,dan,
D0236,pemalakan,
D0236,Lalu,
D0236,ada,
D0236,premanisme,
D0236,yang,
D0236,ketiga,
D0236,adalah,
D0236,narkoba,
D0236,Sasaran,
D0236,keempat,
D0236,adalah,
D0236,prostitusi,
D0236,dan,
D0236,terakhir,
D0236,yaitu,
D0236,operasi,
D0236,miras,
D0236,rincinya,
D0236,Harryo,
D0236,mengatakan,
D0236,lebih,
D0236,dari,
D0236,setengah,
D0236,tersangka,
D0236,yang,
D0236,diamankan,
D0236,adalah,
D0236,pelaku,
D0236,kejahatan,
D0236,jalanan,
D0236,atau,
D0236,street,
D0236,crime,
D0236,Setidaknya,
D0236,ada,
D0236,50,
D0236,pelaku,
D0236,kejahatan,
D0236,yang,
D0236,diamankan,
D0236,selama,
D0236,2,
D0236,minggu,
D0236,operasi,
D0236,berlangsung,
D0236,Untuk,
D0236,kejahatan,
D0236,dalam,
D0236,kategori,
D0236,street,
D0236,crime,
D0236,kami,
D0236,telah,
D0236,mengamankan,
D0236,50,
D0236,tersangka,
D0236,dengan,
D0236,40,
D0236,kasus,
D0236,Barang,
D0236,buktinya,
D0236,seperti,
D0236,sepeda,
D0236,motor,
D0236,dan,
D0236,sarana,
D0236,pendukung,
D0236,curanmor,
D0236,yaitu,
D0236,kunci,
D0236,letter,
D0236,T,
D0236,ujarnya,
D0236,Terkait,
D0236,premanisme,
D0236,kata,
D0236,Harryo,
D0236,pihaknya,
D0236,mengamankan,
D0236,10,
D0236,tersangka,
D0236,Pihaknya,
D0236,juga,
D0236,menyita,
D0236,Rp,
D0236,330,
D0236,ribu,
D0236,dari,
D0236,hasil,
D0236,aksi,
D0236,mereka,
D0236,dengan,
D0236,modus,
D0236,pungli,
D0236,usai,
D0236,mengatur,
D0236,lalu,
D0236,lintas,
D0236,di,
D0236,lokasi,
D0236,yang,
D0236,tidak,
D0236,ditempati,
D0236,anggota,
D0236,kepolisian,
D0236,Kami,
D0236,mengamankan,
D0236,10,
D0236,tersangka,
D0236,dari,
D0236,10,
D0236,kasus,
D0236,Saat,
D0236,ini,
D0236,semua,
D0236,tersangka,
D0236,tersebut,
D0236,telah,
D0236,dilakukan,
D0236,sidang,
D0236,tipiring,
D0236,di,
D0236,Pengadilan,
D0236,Negeri,
D0236,IA,
D0236,Palembang,
D0236,ujarnya,
D0236,Dari,
D0236,sasaran,
D0236,ketiga,
D0236,Harryo,
D0236,menyebutkan,
D0236,pihaknya,
D0236,telah,
D0236,mengamankan,
D0236,12,
D0236,tersangka,
D0236,berstatus,
D0236,pengedar,
D0236,narkoba,
D0236,Dari,
D0236,hasil,
D0236,razia,
D0236,sebanyak,
D0236,23,
D0236,gram,
D0236,sabu,
D0236,dan,
D0236,141,
D0236,gram,
D0236,ganja,
D0236,berhasil,
D0236,disita,
D0236,Satresnarkoba,
D0236,Polrestabes,
D0236,Palembang,
D0236,Harryo,
D0236,menambahkan,
D0236,pihaknya,
D0236,juga,
D0236,mengamankan,
D0236,7,
D0236,orang,
D0236,atas,
D0236,kasus,
D0236,prostitusi,
D0236,Para,
D0236,tersangka,
D0236,menjual,
D0236,korban,
D0236,perempuan,
D0236,terhadap,
D0236,lakilaki,
D0236,untuk,
D0236,mendapat,
D0236,imbalan,
D0236,Lalu,
D0236,terakhir,
D0236,untuk,
D0236,miras,
D0236,kami,
D0236,mengamankan,
D0236,sebanyak,
D0236,12,
D0236,tersangka,
D0236,Barang,
D0236,bukti,
D0236,yang,
D0236,disita,
D0236,adalah,
D0236,1076,
D0236,botol,
D0236,miras,
D0236,dan,
D0236,5,
D0236,jeriken,
D0236,berisi,
D0236,tuak,
D0236,rincinya,
D0236,Harryo,
D0236,mengatakan,
D0236,operasi,
D0236,ini,
D0236,masih,
D0236,akan,
D0236,berlangsung,
D0236,hingga,
D0236,empat,
D0236,hari,
D0236,ke,
D0236,depan,
D0236,Giat,
D0236,ini,
D0236,dilakukan,
D0236,untuk,
D0236,meminimalisir,
D0236,kriminalitas,
D0236,di,
D0236,awal,
D0236,Ramadan,
D0236,sebelum,
D0236,nantinya,
D0236,Operasi,
D0236,Ketupat,
D0236,Musi,
D0236,2025,
D0236,digelar,
D0236,Operasi,
D0236,ini,
D0236,digalakkan,
D0236,untuk,
D0236,meminimalisir,
D0236,terjadinya,
D0236,kriminalitas,
D0236,Selain,
D0236,itu,
D0236,guna,
D0236,mencegah,
D0236,sedini,
D0236,mungkin,
D0236,agar,
D0236,tidak,
D0236,mengganggu,
D0236,kekhusyukkan,
D0236,umat,
D0236,muslim,
D0236,Palembang,
D0236,dalam,
D0236,beribadah,
D0236,tutupnya,
D0237,Dua,
D0237,remaja,
D0237,bernama,
D0237,Ilham,
D0237,Siregar,
D0237,19,
D0237,dan,
D0237,temannya,
D0237,Aldi,
D0237,Kurniawan,
D0237,19,
D0237,gagal,
D0237,membawa,
D0237,kabur,
D0237,sepeda,
D0237,motor,
D0237,warga,
D0237,di,
D0237,Kota,
D0237,Medan,
D0237,Sumatera,
D0237,Utara,
D0237,Sumut,
D0237,karena,
D0237,terjebak,
D0237,macet,
D0237,Satu,
D0237,dari,
D0237,kedua,
D0237,pelaku,
D0237,terpaksa,
D0237,ditembak,
D0237,karena,
D0237,melawan,
D0237,petugas,
D0237,kepolisian,
D0237,Kanit,
D0237,Reskrim,
D0237,Polsek,
D0237,Medan,
D0237,Area,
D0237,Iptu,
D0237,Poltak,
D0237,Tambunan,
D0237,mengatakan,
D0237,peristiwa,
D0237,itu,
D0237,terjadi,
D0237,di,
D0237,salah,
D0237,satu,
D0237,toko,
D0237,sandal,
D0237,di,
D0237,Jalan,
D0237,Denai,
D0237,Kecamatan,
D0237,Medan,
D0237,Denai,
D0237,Jumat,
D0237,2822025,
D0237,siang,
D0237,Saat,
D0237,kejadian,
D0237,korban,
D0237,Hariono,
D0237,52,
D0237,sedang,
D0237,membeli,
D0237,sandal,
D0237,di,
D0237,toko,
D0237,tersebut,
D0237,Korban,
D0237,memarkirkan,
D0237,motornya,
D0237,di,
D0237,depan,
D0237,toko,
D0237,sandal,
D0237,tersebut,
D0237,dalam,
D0237,keadaan,
D0237,stang,
D0237,terkunci,
D0237,Lalu,
D0237,korban,
D0237,masuk,
D0237,ke,
D0237,dalam,
D0237,toko,
D0237,untuk,
D0237,membeli,
D0237,sandal,
D0237,kata,
D0237,Poltak,
D0237,Senin,
D0237,33,
D0237,SCROLL,
D0237,TO,
D0237,CONTINUE,
D0237,WITH,
D0237,CONTENT,
D0237,Selang,
D0237,beberapa,
D0237,waktu,
D0237,kata,
D0237,Poltak,
D0237,korban,
D0237,melihat,
D0237,ada,
D0237,seorang,
D0237,pria,
D0237,yang,
D0237,naik,
D0237,ke,
D0237,atas,
D0237,sepeda,
D0237,motornya,
D0237,Dengan,
D0237,cepat,
D0237,pria,
D0237,itu,
D0237,langsung,
D0237,membawa,
D0237,kabur,
D0237,motor,
D0237,korban,
D0237,tersebut,
D0237,Melihat,
D0237,hal,
D0237,itu,
D0237,korban,
D0237,pun,
D0237,langsung,
D0237,berlari,
D0237,mengejar,
D0237,kedua,
D0237,pelaku,
D0237,sambil,
D0237,berteriak,
D0237,maling,
D0237,Warga,
D0237,yang,
D0237,mendengar,
D0237,teriakan,
D0237,itu,
D0237,lalu,
D0237,berupaya,
D0237,mengejar,
D0237,kedua,
D0237,pelaku,
D0237,yang,
D0237,menaiki,
D0237,dua,
D0237,motor,
D0237,yang,
D0237,berbeda,
D0237,Rinciannya,
D0237,satu,
D0237,pelaku,
D0237,membawa,
D0237,sepeda,
D0237,motor,
D0237,korban,
D0237,sedangkan,
D0237,satu,
D0237,pelaku,
D0237,lainnya,
D0237,membawa,
D0237,motor,
D0237,yang,
D0237,dikendarai,
D0237,mereka,
D0237,sejak,
D0237,awal,
D0237,Pada,
D0237,saat,
D0237,yang,
D0237,bersamaan,
D0237,kata,
D0237,Poltak,
D0237,pihaknya,
D0237,tengah,
D0237,melakukan,
D0237,patroli,
D0237,di,
D0237,sekitar,
D0237,lokasi,
D0237,Pihak,
D0237,kepolisian,
D0237,yang,
D0237,mendengar,
D0237,teriakan,
D0237,warga,
D0237,langsung,
D0237,menuju,
D0237,lokasi,
D0237,dan,
D0237,menemukan,
D0237,kedua,
D0237,pelaku,
D0237,tengah,
D0237,dikejarkejar,
D0237,warga,
D0237,Unit,
D0237,Reskrim,
D0237,Polsek,
D0237,Medan,
D0237,Area,
D0237,langsung,
D0237,mengejar,
D0237,tersangka,
D0237,yang,
D0237,membawa,
D0237,sepeda,
D0237,motor,
D0237,karena,
D0237,di,
D0237,Jalan,
D0237,Denai,
D0237,ujung,
D0237,terjadi,
D0237,kemacetan,
D0237,kendaraan,
D0237,sehingga,
D0237,tersangka,
D0237,yang,
D0237,membawa,
D0237,dua,
D0237,sepeda,
D0237,motor,
D0237,tidak,
D0237,bisa,
D0237,melarikan,
D0237,diri,
D0237,jelasnya,
D0237,Pihak,
D0237,kepolisian,
D0237,pun,
D0237,menangkap,
D0237,kedua,
D0237,pelaku,
D0237,dan,
D0237,membawanya,
D0237,ke,
D0237,kantor,
D0237,polisi,
D0237,Berdasarkan,
D0237,hasil,
D0237,pemeriksaan,
D0237,kedua,
D0237,pelaku,
D0237,juga,
D0237,telah,
D0237,mencuri,
D0237,sepeda,
D0237,motor,
D0237,di,
D0237,sejumlah,
D0237,lokasi,
D0237,lainnya,
D0237,Pelaku,
D0237,Ilham,
D0237,mencuri,
D0237,sepeda,
D0237,motor,
D0237,di,
D0237,toko,
D0237,roti,
D0237,di,
D0237,Jalan,
D0237,Denai,
D0237,pada,
D0237,April,
D0237,2024,
D0237,minimarket,
D0237,Jalan,
D0237,Bromo,
D0237,pada,
D0237,November,
D0237,2024,
D0237,di,
D0237,Jalan,
D0237,Halat,
D0237,Januari,
D0237,2025,
D0237,dan,
D0237,sejumlah,
D0237,lokasi,
D0237,lainnya,
D0237,Sementara,
D0237,pelaku,
D0237,telah,
D0237,beraksi,
D0237,di,
D0237,2,
D0237,TKP,
D0237,di,
D0237,Jalan,
D0237,Denai,
D0237,dan,
D0237,daerah,
D0237,Marindal,
D0237,Setelah,
D0237,itu,
D0237,petugas,
D0237,membawa,
D0237,keduanya,
D0237,untuk,
D0237,mencari,
D0237,pelaku,
D0237,lain,
D0237,yang,
D0237,terlibat,
D0237,dalam,
D0237,komplotan,
D0237,itu,
D0237,Namun,
D0237,saat,
D0237,proses,
D0237,pengembangan,
D0237,itu,
D0237,pelaku,
D0237,Ilham,
D0237,berupaya,
D0237,melarikan,
D0237,diri,
D0237,hingga,
D0237,terpaksa,
D0237,ditembak,
D0237,di,
D0237,bagian,
D0237,kaki,
D0237,Tersangka,
D0237,berhasil,
D0237,diamankan,
D0237,dan,
D0237,kemudian,
D0237,dibawa,
D0237,ke,
D0237,RS,
D0237,Bhayangkara,
D0237,untuk,
D0237,perawatan,
D0237,medis,
D0237,pungkasnya,
D0238,Sebanyak,
D0238,12,
D0238,pemuda,
D0238,di,
D0238,Ogan,
D0238,Ilir,
D0238,terjaring,
D0238,razia,
D0238,patroli,
D0238,cipta,
D0238,kondisi,
D0238,yang,
D0238,dilakukan,
D0238,polisi,
D0238,Mereka,
D0238,kepergok,
D0238,sedang,
D0238,mabuk,
D0238,lem,
D0238,di,
D0238,sekitar,
D0238,Masjid,
D0238,Walimah,
D0238,Belasan,
D0238,pemuda,
D0238,itu,
D0238,diamankan,
D0238,saat,
D0238,berada,
D0238,di,
D0238,sekitar,
D0238,masjid,
D0238,di,
D0238,Kelurahan,
D0238,Tanjung,
D0238,Batu,
D0238,Kecamatan,
D0238,Tanjung,
D0238,Batu,
D0238,Kabupaten,
D0238,Ogan,
D0238,Ilir,
D0238,pada,
D0238,Minggu,
D0238,232025,
D0238,malam,
D0238,Para,
D0238,remaja,
D0238,tersebut,
D0238,berkumpul,
D0238,di,
D0238,sekitar,
D0238,masjid,
D0238,dan,
D0238,mengganggu,
D0238,ketertiban,
D0238,pelaksanaan,
D0238,ibadah,
D0238,salat,
D0238,tarawih,
D0238,Setelah,
D0238,dilakukan,
D0238,pemeriksaan,
D0238,ditemukan,
D0238,barang,
D0238,bukti,
D0238,berupa,
D0238,lem,
D0238,yang,
D0238,digunakan,
D0238,oleh,
D0238,para,
D0238,remaja,
D0238,untuk,
D0238,menimbulkan,
D0238,efek,
D0238,halusinasi,
D0238,SCROLL,
D0238,TO,
D0238,CONTINUE,
D0238,WITH,
D0238,CONTENT,
D0238,Kapolsek,
D0238,Tanjung,
D0238,Batu,
D0238,Iptu,
D0238,Syaparudin,
D0238,Akso,
D0238,mengatakan,
D0238,12,
D0238,remaja,
D0238,tersebut,
D0238,sudah,
D0238,diamankan,
D0238,di,
D0238,Mapolsek,
D0238,Tanjung,
D0238,Batu,
D0238,untuk,
D0238,diberikan,
D0238,pembinaan,
D0238,Sebagai,
D0238,langkah,
D0238,pembinaan,
D0238,kami,
D0238,memberikan,
D0238,sanksi,
D0238,teguran,
D0238,dan,
D0238,meminta,
D0238,mereka,
D0238,menandatangani,
D0238,surat,
D0238,pernyataan,
D0238,agar,
D0238,tidak,
D0238,mengulangi,
D0238,perbuatannya,
D0238,Kami,
D0238,juga,
D0238,memanggil,
D0238,orang,
D0238,tua,
D0238,mereka,
D0238,agar,
D0238,lebih,
D0238,memperhatikan,
D0238,pergaulan,
D0238,anakanaknya,
D0238,katanya,
D0238,Kemudian,
D0238,setelah,
D0238,dilakukan,
D0238,pembinaan,
D0238,para,
D0238,remaja,
D0238,tersebut,
D0238,diserahkan,
D0238,kembali,
D0238,kepada,
D0238,orang,
D0238,tuanya,
D0238,Patroli,
D0238,ini,
D0238,dilakukan,
D0238,untuk,
D0238,mencegah,
D0238,tindak,
D0238,kriminalitas,
D0238,seperti,
D0238,kepemilikan,
D0238,senjata,
D0238,tajam,
D0238,premanisme,
D0238,narkoba,
D0238,dan,
D0238,minuman,
D0238,keras,
D0238,yang,
D0238,bertujuan,
D0238,menekan,
D0238,angka,
D0238,kejahatan,
D0238,yang,
D0238,meresahkan,
D0238,masyarakat,
D0238,jelasnya,
D0238,Ia,
D0238,mengimbau,
D0238,kepada,
D0238,masyarakat,
D0238,khususnya,
D0238,orang,
D0238,tua,
D0238,untuk,
D0238,lebih,
D0238,waspada,
D0238,terhadap,
D0238,aktivitas,
D0238,anakanak,
D0238,mereka,
D0238,guna,
D0238,mencegah,
D0238,tindakan,
D0238,yang,
D0238,dapat,
D0238,merugikan,
D0238,diri,
D0238,sendiri,
D0238,maupun,
D0238,lingkungan,
D0238,sekitar,
D0239,Dua,
D0239,dari,
D0239,tiga,
D0239,pria,
D0239,yang,
D0239,merupakan,
D0239,komplotan,
D0239,maling,
D0239,ditangkap,
D0239,usai,
D0239,kepergok,
D0239,mencuri,
D0239,sepeda,
D0239,motor,
D0239,warga,
D0239,di,
D0239,Kota,
D0239,Medan,
D0239,Sumatera,
D0239,Utara,
D0239,Sumut,
D0239,Saat,
D0239,proses,
D0239,pengembangan,
D0239,para,
D0239,pelaku,
D0239,melawan,
D0239,dan,
D0239,memukul,
D0239,petugas,
D0239,kepolisian,
D0239,hingga,
D0239,terpaksa,
D0239,ditembak,
D0239,di,
D0239,bagian,
D0239,kaki,
D0239,Kanit,
D0239,Reskrim,
D0239,Polsek,
D0239,Medan,
D0239,Baru,
D0239,Iptu,
D0239,Dian,
D0239,Simangunsong,
D0239,mengatakan,
D0239,peristiwa,
D0239,itu,
D0239,terjadi,
D0239,di,
D0239,Jalan,
D0239,Cinta,
D0239,Karya,
D0239,Kecamatan,
D0239,Medan,
D0239,Polonia,
D0239,Kamis,
D0239,2722025,
D0239,sekitar,
D0239,pukul,
D0239,2230,
D0239,WIB,
D0239,Adapun,
D0239,kedua,
D0239,pelaku,
D0239,yang,
D0239,ditangkap,
D0239,adalah,
D0239,Johan,
D0239,Hamonangan,
D0239,25,
D0239,dan,
D0239,Robert,
D0239,Pardede,
D0239,35,
D0239,Jadi,
D0239,saat,
D0239,piket,
D0239,Polsek,
D0239,Medan,
D0239,Baru,
D0239,melaksanakan,
D0239,patroli,
D0239,personel,
D0239,mendengar,
D0239,teriakan,
D0239,warga,
D0239,yang,
D0239,mengatakan,
D0239,ada,
D0239,maling,
D0239,kata,
D0239,Dian,
D0239,Minggu,
D0239,23,
D0239,SCROLL,
D0239,TO,
D0239,CONTINUE,
D0239,WITH,
D0239,CONTENT,
D0239,Usai,
D0239,mendengar,
D0239,teriakan,
D0239,itu,
D0239,petugas,
D0239,langsung,
D0239,menuju,
D0239,lokasi,
D0239,dan,
D0239,mengejar,
D0239,ketiga,
D0239,pelaku,
D0239,pencurian,
D0239,itu,
D0239,bersama,
D0239,warga,
D0239,Namun,
D0239,nahas,
D0239,petugas,
D0239,hanya,
D0239,bisa,
D0239,mengamankan,
D0239,dua,
D0239,pelaku,
D0239,Sementara,
D0239,satu,
D0239,pelaku,
D0239,lagi,
D0239,berinisial,
D0239,AS,
D0239,lolos,
D0239,dari,
D0239,kejaran,
D0239,petugas,
D0239,Saat,
D0239,diamankan,
D0239,itu,
D0239,warga,
D0239,sempat,
D0239,memukuli,
D0239,kedua,
D0239,pelaku,
D0239,Pada,
D0239,akhirnya,
D0239,petugas,
D0239,kepolisian,
D0239,harus,
D0239,mengamankan,
D0239,keduanya,
D0239,ke,
D0239,rumah,
D0239,kepala,
D0239,lingkungan,
D0239,setempat,
D0239,Selanjutnya,
D0239,kami,
D0239,mencari,
D0239,korban,
D0239,pemilik,
D0239,sepeda,
D0239,motor,
D0239,dan,
D0239,dijelaskan,
D0239,korban,
D0239,bahwa,
D0239,pelaku,
D0239,telah,
D0239,mencongkel,
D0239,kunci,
D0239,sepeda,
D0239,motornya,
D0239,Karena,
D0239,tidak,
D0239,berhasil,
D0239,dinyalakan,
D0239,para,
D0239,pelaku,
D0239,menaikkan,
D0239,motor,
D0239,ke,
D0239,becak,
D0239,motor,
D0239,milik,
D0239,pelaku,
D0239,Dari,
D0239,hasil,
D0239,interogasi,
D0239,kedua,
D0239,pelaku,
D0239,yang,
D0239,tertangkap,
D0239,mengakui,
D0239,perbuatannya,
D0239,sebutnya,
D0239,Kemudian,
D0239,petugas,
D0239,membawa,
D0239,kedua,
D0239,pelaku,
D0239,untuk,
D0239,mencari,
D0239,pelaku,
D0239,AS,
D0239,di,
D0239,sekitaran,
D0239,Kecamatan,
D0239,Medan,
D0239,Polonia,
D0239,Namun,
D0239,saat,
D0239,itu,
D0239,keduanya,
D0239,mencoba,
D0239,melarikan,
D0239,diri,
D0239,dengan,
D0239,memukul,
D0239,personel,
D0239,polisi,
D0239,bernama,
D0239,Aipda,
D0239,Kristian,
D0239,Sinaga,
D0239,Alhasil,
D0239,petugas,
D0239,kepolisian,
D0239,memutuskan,
D0239,menembak,
D0239,kaki,
D0239,kedua,
D0239,pelaku,
D0239,Kedua,
D0239,pelaku,
D0239,melawan,
D0239,petugas,
D0239,dengan,
D0239,memukul,
D0239,bagian,
D0239,kepala,
D0239,Aipda,
D0239,Kristian,
D0239,Sinaga,
D0239,dan,
D0239,berusaha,
D0239,melarikan,
D0239,diri,
D0239,sehingga,
D0239,tim,
D0239,memberi,
D0239,tembakan,
D0239,peringatan,
D0239,namun,
D0239,pelaku,
D0239,tidak,
D0239,mengindahkan,
D0239,Atas,
D0239,hal,
D0239,tersebut,
D0239,tim,
D0239,menembak,
D0239,kaki,
D0239,kedua,
D0239,pelaku,
D0239,kata,
D0239,Dian,
D0239,Usai,
D0239,ditangkap,
D0239,keduanya,
D0239,dibawa,
D0239,ke,
D0239,RS,
D0239,Bhayangkara,
D0239,Medan,
D0239,untuk,
D0239,pengobatan,
D0239,Setelah,
D0239,itu,
D0239,kedua,
D0239,pelaku,
D0239,diamankan,
D0239,ke,
D0239,Polsek,
D0239,Medan,
D0239,Baru,
D0239,untuk,
D0239,proses,
D0239,pemeriksaan,
D0239,lebih,
D0239,lanjut,
D0240,Sopir,
D0240,travel,
D0240,inisial,
D0240,Hengian,
D0240,Andresuan,
D0240,alias,
D0240,Andre,
D0240,35,
D0240,ditangkap,
D0240,diduga,
D0240,gegara,
D0240,mencabuli,
D0240,penumpangnya,
D0240,gadis,
D0240,di,
D0240,bawah,
D0240,umur,
D0240,inisial,
D0240,D,
D0240,13,
D0240,Pelaku,
D0240,ditangkap,
D0240,setelah,
D0240,sempat,
D0240,buron,
D0240,selama,
D0240,satu,
D0240,bulan,
D0240,Melansir,
D0240,detikSumbagsel,
D0240,aksi,
D0240,pencabulan,
D0240,itu,
D0240,terjadi,
D0240,di,
D0240,kosan,
D0240,Jalan,
D0240,Arif,
D0240,Rahman,
D0240,Hakim,
D0240,Kecamatan,
D0240,Telanaipura,
D0240,Kota,
D0240,Jambi,
D0240,pada,
D0240,Rabu,
D0240,2512025,
D0240,sekitar,
D0240,pukul,
D0240,0400,
D0240,WIB,
D0240,Pelaku,
D0240,melakukan,
D0240,itu,
D0240,dengan,
D0240,modus,
D0240,memberi,
D0240,korban,
D0240,sebotol,
D0240,air,
D0240,mineral,
D0240,hingga,
D0240,membuatnya,
D0240,mengantuk,
D0240,Pelaku,
D0240,ini,
D0240,sopir,
D0240,travel,
D0240,dan,
D0240,korban,
D0240,penumpang,
D0240,merupakan,
D0240,penumpangnya,
D0240,masih,
D0240,di,
D0240,bawah,
D0240,umur,
D0240,kata,
D0240,Direktur,
D0240,Reserse,
D0240,Kriminal,
D0240,Umum,
D0240,Polda,
D0240,Jambi,
D0240,Kombes,
D0240,Manang,
D0240,Soebeti,
D0240,Minggu,
D0240,232025,
D0240,SCROLL,
D0240,TO,
D0240,CONTINUE,
D0240,WITH,
D0240,CONTENT,
D0240,Manang,
D0240,mengatakan,
D0240,kejadian,
D0240,berawal,
D0240,saat,
D0240,pelaku,
D0240,mengantar,
D0240,korban,
D0240,yang,
D0240,hendak,
D0240,masuk,
D0240,pesantren,
D0240,dari,
D0240,Kerinci,
D0240,menuju,
D0240,Kota,
D0240,Jambi,
D0240,Dalam,
D0240,perjalanan,
D0240,korban,
D0240,diberikan,
D0240,satu,
D0240,botol,
D0240,air,
D0240,mineral,
D0240,yang,
D0240,membuatnya,
D0240,tertidur,
D0240,Korban,
D0240,sesampai,
D0240,di,
D0240,Jambi,
D0240,terbangun,
D0240,dan,
D0240,diajak,
D0240,untuk,
D0240,beristirahat,
D0240,di,
D0240,koskosan,
D0240,yang,
D0240,menjadi,
D0240,tempat,
D0240,kejadian,
D0240,katanya,
D0240,Di,
D0240,kosan,
D0240,tersebut,
D0240,pelaku,
D0240,melancarkan,
D0240,aksinya,
D0240,Menurut,
D0240,pengakuan,
D0240,korban,
D0240,pelaku,
D0240,meraba,
D0240,bagian,
D0240,sensitifnya,
D0240,hingga,
D0240,menyetubuhinya,
D0240,di,
D0240,kosan,
D0240,tersebut,
D0240,Pengakuan,
D0240,korban,
D0240,kayak,
D0240,mengantuk,
D0240,setelah,
D0240,minum,
D0240,air,
D0240,mineral,
D0240,dari,
D0240,korban,
D0240,ungkap,
D0240,Manang,
D0240,Setelah,
D0240,melancarkan,
D0240,aksinya,
D0240,pelaku,
D0240,sempat,
D0240,mengantar,
D0240,korban,
D0240,ke,
D0240,pesantren,
D0240,tempatnya,
D0240,menimba,
D0240,ilmu,
D0240,Korban,
D0240,melaporkan,
D0240,kejadian,
D0240,yang,
D0240,dialaminya,
D0240,ke,
D0240,orang,
D0240,tuanya,
D0240,Kasus,
D0240,ini,
D0240,kemudian,
D0240,dilaporkan,
D0240,ke,
D0240,Subdit,
D0240,Renakta,
D0240,Ditreskrimum,
D0240,Polda,
D0240,Jambi,
D0240,pada,
D0240,30,
D0240,Januari,
D0240,2025,
D0240,lalu,
D0240,Selanjutnya,
D0240,pada,
D0240,Kamis,
D0240,2722025,
D0240,polisi,
D0240,menangkap,
D0240,pelaku,
D0240,Andre,
D0240,di,
D0240,salah,
D0240,satu,
D0240,loket,
D0240,travel,
D0240,di,
D0240,Jalan,
D0240,Arif,
D0240,Rahman,
D0240,Hakim,
D0240,Kota,
D0240,Jambi,
D0240,Korban,
D0240,diringkus,
D0240,saat,
D0240,sedang,
D0240,beristirahat,
D0240,di,
D0240,loket,
D0240,travel,
D0240,tersebut,
D0240,Manang,
D0240,menyebut,
D0240,terkait,
D0240,barang,
D0240,bukti,
D0240,air,
D0240,mineral,
D0240,pihaknya,
D0240,sudah,
D0240,tidak,
D0240,menemukan,
D0240,dari,
D0240,pelaku,
D0240,maupun,
D0240,korban,
D0240,Sehingga,
D0240,pihaknya,
D0240,tak,
D0240,dapat,
D0240,mengecek,
D0240,apakah,
D0240,ada,
D0240,kandungan,
D0240,obatobatan,
D0240,di,
D0240,dalam,
D0240,air,
D0240,mineral,
D0240,yang,
D0240,diberi,
D0240,oleh,
D0240,korban,
D0240,Sudah,
D0240,tidak,
D0240,ada,
D0240,airnya,
D0240,sehingga,
D0240,tidak,
D0240,bisa,
D0240,dicek,
D0240,ujarnya,
D0240,Saat,
D0240,ini,
D0240,pelaku,
D0240,telah,
D0240,ditahan,
D0240,di,
D0240,Mapolda,
D0240,Jambi,
D0240,Dia,
D0240,akan,
D0240,disangkakan,
D0240,Pasal,
D0240,82,
D0240,ayat,
D0240,1,
D0240,Jo,
D0240,76E,
D0240,dan,
D0240,ayat,
D0240,2,
D0240,Undang,
D0240,Nomor,
D0240,17,
D0240,Tahun,
D0240,2016,
D0240,tentang,
D0240,Perlindungan,
D0240,Anak,
D0240,dengan,
D0240,ancaman,
D0240,hukuman,
D0240,15,
D0240,tahun,
D0240,kurungan,
D0240,penjara,
D0241,Tim,
D0241,Macan,
D0241,Polres,
D0241,Pelabuhan,
D0241,Belawan,
D0241,menangkap,
D0241,empat,
D0241,pemuda,
D0241,yang,
D0241,tengah,
D0241,tawuran,
D0241,di,
D0241,Jalan,
D0241,Yong,
D0241,Panah,
D0241,Hijau,
D0241,Kecamatan,
D0241,Medan,
D0241,Marelan,
D0241,Kota,
D0241,Medan,
D0241,Selain,
D0241,menangkap,
D0241,para,
D0241,pelaku,
D0241,petugas,
D0241,juga,
D0241,mengamankan,
D0241,celurit,
D0241,yang,
D0241,digunakan,
D0241,para,
D0241,pelaku,
D0241,saat,
D0241,tawuran,
D0241,Kabag,
D0241,Ops,
D0241,Polres,
D0241,Pelabuhan,
D0241,Belawan,
D0241,AKP,
D0241,Pittor,
D0241,Gultom,
D0241,mengatakan,
D0241,peristiwa,
D0241,itu,
D0241,terjadi,
D0241,sekira,
D0241,pukul,
D0241,0245,
D0241,WIB,
D0241,Awalnya,
D0241,petugas,
D0241,yang,
D0241,tengah,
D0241,berpatroli,
D0241,mendapatkan,
D0241,informasi,
D0241,soal,
D0241,adanya,
D0241,dua,
D0241,kelompok,
D0241,pemuda,
D0241,yang,
D0241,terlibat,
D0241,tawuran,
D0241,Kami,
D0241,mendapat,
D0241,informasi,
D0241,dari,
D0241,masyarakat,
D0241,terkait,
D0241,aksi,
D0241,tawuran,
D0241,di,
D0241,Jalan,
D0241,Yong,
D0241,Panah,
D0241,Hijau,
D0241,Tim,
D0241,Macan,
D0241,bersama,
D0241,personel,
D0241,patroli,
D0241,lainnya,
D0241,langsung,
D0241,bergerak,
D0241,ke,
D0241,lokasi,
D0241,kata,
D0241,Pittor,
D0241,Minggu,
D0241,232025,
D0241,SCROLL,
D0241,TO,
D0241,CONTINUE,
D0241,WITH,
D0241,CONTENT,
D0241,Setibanya,
D0241,di,
D0241,lokasi,
D0241,polisi,
D0241,menemukan,
D0241,dua,
D0241,kelompok,
D0241,pemuda,
D0241,tersebut,
D0241,tengah,
D0241,tawuran,
D0241,Melihat,
D0241,ada,
D0241,petugas,
D0241,kepolisian,
D0241,para,
D0241,pelaku,
D0241,pun,
D0241,langsung,
D0241,melarikan,
D0241,diri,
D0241,Beruntung,
D0241,petugas,
D0241,sempat,
D0241,menangkap,
D0241,empat,
D0241,orang,
D0241,pelaku,
D0241,Keempatnya,
D0241,yakni,
D0241,A,
D0241,18,
D0241,MZ,
D0241,19,
D0241,BA,
D0241,20,
D0241,dan,
D0241,AP,
D0241,19,
D0241,Setelah,
D0241,itu,
D0241,keempat,
D0241,pelaku,
D0241,diboyong,
D0241,ke,
D0241,kantor,
D0241,polisi,
D0241,untuk,
D0241,proses,
D0241,pemeriksaan,
D0241,lebih,
D0241,lanjut,
D0241,Salah,
D0241,satu,
D0241,pelaku,
D0241,bahkan,
D0241,tertangkap,
D0241,basah,
D0241,membuang,
D0241,senjata,
D0241,tajam,
D0241,berbentuk,
D0241,celurit,
D0241,yang,
D0241,langsung,
D0241,diamankan,
D0241,sebagai,
D0241,barang,
D0241,bukti,
D0241,jelasnya,
D0242,Kepolisian,
D0242,Resort,
D0242,Bangkalan,
D0242,berhasil,
D0242,meringkus,
D0242,52,
D0242,pelaku,
D0242,aksi,
D0242,kriminalitas,
D0242,Para,
D0242,pelaku,
D0242,itu,
D0242,terlibat,
D0242,dalam,
D0242,47,
D0242,kasus,
D0242,yang,
D0242,berbeda,
D0242,Kapolres,
D0242,Bangkalan,
D0242,AKBP,
D0242,Hendro,
D0242,Sukmono,
D0242,mengatakan,
D0242,aksi,
D0242,dari,
D0242,puluhan,
D0242,kasus,
D0242,tersebut,
D0242,terbagi,
D0242,atas,
D0242,19,
D0242,kasus,
D0242,penyalahgunaan,
D0242,narkoba,
D0242,dengan,
D0242,28,
D0242,pelaku,
D0242,dan,
D0242,28,
D0242,kasus,
D0242,kriminal,
D0242,dengan,
D0242,24,
D0242,pelaku,
D0242,Untuk,
D0242,kasus,
D0242,kriminal,
D0242,itu,
D0242,9,
D0242,kasus,
D0242,curanmor,
D0242,dengan,
D0242,5,
D0242,pelaku,
D0242,7,
D0242,kasus,
D0242,sajam,
D0242,dengan,
D0242,7,
D0242,pelaku,
D0242,kasus,
D0242,penganiayaan,
D0242,1,
D0242,dengan,
D0242,1,
D0242,pelaku,
D0242,kasus,
D0242,tipu,
D0242,gelap,
D0242,2,
D0242,dengan,
D0242,2,
D0242,pelaku,
D0242,kasus,
D0242,penadah,
D0242,3,
D0242,dengan,
D0242,3,
D0242,kasus,
D0242,curat,
D0242,5,
D0242,dengan,
D0242,5,
D0242,dan,
D0242,kasus,
D0242,KRDT,
D0242,1,
D0242,dengan,
D0242,1,
D0242,pelaku,
D0242,ujarnya,
D0242,Jumat,
D0242,2822025,
D0242,SCROLL,
D0242,TO,
D0242,CONTINUE,
D0242,WITH,
D0242,CONTENT,
D0242,Selain,
D0242,itu,
D0242,polisi,
D0242,juga,
D0242,menyerahkan,
D0242,dua,
D0242,unit,
D0242,motor,
D0242,matik,
D0242,milik,
D0242,dua,
D0242,korban,
D0242,yang,
D0242,hilang,
D0242,akibat,
D0242,dicuri,
D0242,pelaku,
D0242,Masingmasing,
D0242,korban,
D0242,menerima,
D0242,motor,
D0242,tersebut,
D0242,dengan,
D0242,menunjukkan,
D0242,surat,
D0242,kepemilikan,
D0242,dan,
D0242,tidak,
D0242,dipungut,
D0242,biaya,
D0242,sepeserpun,
D0242,Sementara,
D0242,terkait,
D0242,kasus,
D0242,penyalahgunaan,
D0242,narkoba,
D0242,dari,
D0242,19,
D0242,kasus,
D0242,tersebut,
D0242,terdapat,
D0242,28,
D0242,pelaku,
D0242,diantaranya,
D0242,26,
D0242,pelaku,
D0242,berjenis,
D0242,kelamin,
D0242,lakilaki,
D0242,dan,
D0242,dua,
D0242,pelaku,
D0242,merupakan,
D0242,perempuan,
D0242,Selain,
D0242,itu,
D0242,terdapat,
D0242,7,
D0242,orang,
D0242,pengedar,
D0242,dan,
D0242,sisanya,
D0242,merupakan,
D0242,pemakai,
D0242,Untuk,
D0242,barang,
D0242,bukti,
D0242,yang,
D0242,kami,
D0242,amankan,
D0242,yakni,
D0242,sabu,
D0242,seberat,
D0242,6375,
D0242,gram,
D0242,pungkasnya,
D0243,Pria,
D0243,bernama,
D0243,Ardiansyah,
D0243,23,
D0243,dibacok,
D0243,saat,
D0243,nongkrong,
D0243,di,
D0243,sekitar,
D0243,Terminal,
D0243,Dara,
D0243,Kecamatan,
D0243,Rasanae,
D0243,Barat,
D0243,Kota,
D0243,Bima,
D0243,Nusa,
D0243,Tenggara,
D0243,Barat,
D0243,NTB,
D0243,Pembacokan,
D0243,dilakukan,
D0243,secara,
D0243,tibatiba,
D0243,Kejadian,
D0243,pembacokan,
D0243,terjadi,
D0243,sekitar,
D0243,pukul,
D0243,0300,
D0243,Wita,
D0243,dini,
D0243,hari,
D0243,tadi,
D0243,kata,
D0243,Kapolsek,
D0243,Rasanae,
D0243,Barat,
D0243,AKP,
D0243,Suratno,
D0243,saat,
D0243,dikonfirmasi,
D0243,detikBali,
D0243,Jumat,
D0243,2822025,
D0243,Insiden,
D0243,bermula,
D0243,ketika,
D0243,korban,
D0243,duduk,
D0243,di,
D0243,depan,
D0243,agen,
D0243,Brilink,
D0243,sekitar,
D0243,Terminal,
D0243,Dara,
D0243,Ardiansyah,
D0243,tibatiba,
D0243,dihampiri,
D0243,tiga,
D0243,pria,
D0243,yang,
D0243,datang,
D0243,berboncengan,
D0243,menggunakan,
D0243,motor,
D0243,SCROLL,
D0243,TO,
D0243,CONTINUE,
D0243,WITH,
D0243,CONTENT,
D0243,Satu,
D0243,dari,
D0243,tiga,
D0243,orang,
D0243,tersebut,
D0243,turun,
D0243,dari,
D0243,motor,
D0243,dan,
D0243,langsung,
D0243,membacok,
D0243,korban,
D0243,menggunakan,
D0243,senjata,
D0243,tajam,
D0243,jenis,
D0243,parang,
D0243,ujar,
D0243,Suratno,
D0243,Akibat,
D0243,serangan,
D0243,tersebut,
D0243,Ardiansyah,
D0243,mengalami,
D0243,luka,
D0243,robek,
D0243,di,
D0243,jidat,
D0243,dan,
D0243,tangan,
D0243,sebelah,
D0243,kanan,
D0243,Ia,
D0243,segera,
D0243,dilarikan,
D0243,ke,
D0243,Puskesmas,
D0243,Paruga,
D0243,untuk,
D0243,mendapatkan,
D0243,perawatan,
D0243,medis,
D0243,Setelah,
D0243,mendapat,
D0243,informasi,
D0243,kejadian,
D0243,ini,
D0243,kami,
D0243,langsung,
D0243,turun,
D0243,ke,
D0243,tempat,
D0243,kejadian,
D0243,perkara,
D0243,TKP,
D0243,untuk,
D0243,membawa,
D0243,korban,
D0243,ke,
D0243,puskesmas,
D0243,dan,
D0243,mengejar,
D0243,keberadaan,
D0243,terduga,
D0243,pelaku,
D0243,kata,
D0243,Suratno,
D0243,Tak,
D0243,berselang,
D0243,lama,
D0243,polisi,
D0243,menangkap,
D0243,dua,
D0243,pelaku,
D0243,masingmasing,
D0243,berinisial,
D0243,IS,
D0243,18,
D0243,dan,
D0243,DM,
D0243,17,
D0243,Kedua,
D0243,pria,
D0243,yang,
D0243,berdomisili,
D0243,di,
D0243,Kelurahan,
D0243,Paruga,
D0243,itu,
D0243,ditangkap,
D0243,bersama,
D0243,barang,
D0243,bukti,
D0243,berupa,
D0243,sebilah,
D0243,parang,
D0243,dan,
D0243,satu,
D0243,motor,
D0243,Dua,
D0243,terduga,
D0243,pelaku,
D0243,diamankan,
D0243,tak,
D0243,lama,
D0243,setelah,
D0243,kejadian,
D0243,Saat,
D0243,ini,
D0243,masih,
D0243,menjalani,
D0243,pemeriksaan,
D0243,di,
D0243,Mapolsek,
D0243,Rasanae,
D0243,Barat,
D0243,ungkap,
D0243,Suratno,
D0243,Berdasarkan,
D0243,pemeriksaan,
D0243,awal,
D0243,kedua,
D0243,terduga,
D0243,pelaku,
D0243,mengakui,
D0243,telah,
D0243,melakukan,
D0243,pembacokan,
D0243,terhadap,
D0243,Ardiansyah,
D0243,Namun,
D0243,mereka,
D0243,mengaku,
D0243,tidak,
D0243,mengenal,
D0243,Ardiansyah,
D0243,sebelumnya,
D0243,Untuk,
D0243,motif,
D0243,pembacokan,
D0243,masih,
D0243,didalami,
D0243,Namun,
D0243,terduga,
D0243,pelaku,
D0243,sudah,
D0243,mengakui,
D0243,perbuatannya,
D0243,jelas,
D0243,Suratno,
D0244,Polres,
D0244,Jombang,
D0244,menggerebek,
D0244,home,
D0244,industry,
D0244,arak,
D0244,di,
D0244,Dusun,
D0244,Sumberejo,
D0244,Desa,
D0244,Jombok,
D0244,Kecamatan,
D0244,Ngoro,
D0244,Polisi,
D0244,menyita,
D0244,barang,
D0244,bukti,
D0244,46,
D0244,drum,
D0244,fermentasi,
D0244,arak,
D0244,Kapolres,
D0244,Jombang,
D0244,AKBP,
D0244,Ardi,
D0244,Kurniawan,
D0244,memimpin,
D0244,langsung,
D0244,penggerebekan,
D0244,industri,
D0244,rumahan,
D0244,arak,
D0244,ini,
D0244,Penggerebekan,
D0244,melibatkan,
D0244,anggota,
D0244,Satreskrim,
D0244,Satsamapta,
D0244,Satreskoba,
D0244,dan,
D0244,Polsek,
D0244,Ngoro,
D0244,Dalam,
D0244,penggerebekan,
D0244,rumah,
D0244,di,
D0244,tengah,
D0244,permukiman,
D0244,penduduk,
D0244,ini,
D0244,polisi,
D0244,menemukan,
D0244,46,
D0244,drum,
D0244,fermentasi,
D0244,arak,
D0244,di,
D0244,kamar,
D0244,dapur,
D0244,dan,
D0244,ruangan,
D0244,bagian,
D0244,belakang,
D0244,Namun,
D0244,polisi,
D0244,masih,
D0244,mendalami,
D0244,wilayah,
D0244,penjualan,
D0244,dan,
D0244,berapa,
D0244,lama,
D0244,produsen,
D0244,arak,
D0244,ini,
D0244,beroperasi,
D0244,SCROLL,
D0244,TO,
D0244,CONTINUE,
D0244,WITH,
D0244,CONTENT,
D0244,Kami,
D0244,menemukan,
D0244,46,
D0244,drum,
D0244,fermentasi,
D0244,arak,
D0244,putih,
D0244,Masih,
D0244,kami,
D0244,dalami,
D0244,ke,
D0244,mana,
D0244,saja,
D0244,penjualannya,
D0244,terangnya,
D0244,kepada,
D0244,wartawan,
D0244,di,
D0244,lokasi,
D0244,penggerebekan,
D0244,Kamis,
D0244,2722025,
D0244,Total,
D0244,fermentasi,
D0244,arak,
D0244,yang,
D0244,disita,
D0244,polisi,
D0244,sekitar,
D0244,9200,
D0244,liter,
D0244,Sebab,
D0244,setiap,
D0244,drum,
D0244,berkapasitas,
D0244,200,
D0244,liter,
D0244,Barang,
D0244,bukti,
D0244,tersebut,
D0244,dipindahkan,
D0244,dari,
D0244,setiap,
D0244,drum,
D0244,ke,
D0244,2,
D0244,truk,
D0244,tangki,
D0244,BPBD,
D0244,Jombang,
D0244,Tidak,
D0244,hanya,
D0244,itu,
D0244,peralatan,
D0244,dan,
D0244,mesin,
D0244,produksi,
D0244,arak,
D0244,juga,
D0244,disita,
D0244,polisi,
D0244,dari,
D0244,rumah,
D0244,ini,
D0244,Termasuk,
D0244,mesin,
D0244,penyulingan,
D0244,arak,
D0244,Semua,
D0244,barang,
D0244,bukti,
D0244,diangkut,
D0244,ke,
D0244,Mapolres,
D0244,Jombang,
D0244,Kalau,
D0244,dikalkulasi,
D0244,omzet,
D0244,home,
D0244,industry,
D0244,arak,
D0244,ini,
D0244,sekitar,
D0244,Rp,
D0244,1,
D0244,miliar,
D0244,jelas,
D0244,Ardi,
D0244,Menurut,
D0244,Ardi,
D0244,pihaknya,
D0244,juga,
D0244,menangkap,
D0244,2,
D0244,orang,
D0244,dari,
D0244,lokasi,
D0244,penggerebekan,
D0244,home,
D0244,industry,
D0244,arak,
D0244,Keduanya,
D0244,dibawa,
D0244,ke,
D0244,kantor,
D0244,Satreskrim,
D0244,Polres,
D0244,Jombang,
D0244,untuk,
D0244,diinterogasi,
D0244,Kami,
D0244,amankan,
D0244,2,
D0244,tersangka,
D0244,akan,
D0244,kami,
D0244,proses,
D0244,sesuai,
D0244,prosedur,
D0244,hukum,
D0244,yang,
D0244,berlaku,
D0244,ujarnya,
D0244,Industri,
D0244,rumahan,
D0244,arak,
D0244,ini,
D0244,tambah,
D0244,Ardi,
D0244,tergolong,
D0244,skala,
D0244,besar,
D0244,Oleh,
D0244,sebab,
D0244,itu,
D0244,ia,
D0244,bersyukur,
D0244,produksi,
D0244,arak,
D0244,di,
D0244,tempat,
D0244,ini,
D0244,bisa,
D0244,dihentikan,
D0244,Sehingga,
D0244,kesehatan,
D0244,warga,
D0244,Jombang,
D0244,dan,
D0244,sekitarnya,
D0244,terselamatkan,
D0244,Selain,
D0244,itu,
D0244,tindak,
D0244,kejahatan,
D0244,di,
D0244,Kota,
D0244,Santri,
D0244,juga,
D0244,bisa,
D0244,ditekan,
D0244,Sebab,
D0244,kriminalitas,
D0244,sebagian,
D0244,besar,
D0244,karena,
D0244,para,
D0244,pelakunya,
D0244,di,
D0244,bawah,
D0244,pengaruh,
D0244,minuman,
D0244,keras,
D0244,Kami,
D0244,terus,
D0244,berkomitmen,
D0244,memberantas,
D0244,peredaran,
D0244,miras,
D0244,termasuk,
D0244,home,
D0244,industry,
D0244,arak,
D0244,lainnya,
D0244,apabila,
D0244,ada,
D0244,tandasnya,
D0245,Seorang,
D0245,pria,
D0245,Taufik,
D0245,Hidayat,
D0245,37,
D0245,ditangkap,
D0245,polisi,
D0245,setelah,
D0245,membakar,
D0245,warung,
D0245,makan,
D0245,milik,
D0245,bibinya,
D0245,Risnawati,
D0245,54,
D0245,di,
D0245,Jalan,
D0245,Lebak,
D0245,Bene,
D0245,Legian,
D0245,Kecamatan,
D0245,Kuta,
D0245,Kabupaten,
D0245,Badung,
D0245,Bali,
D0245,Dia,
D0245,ditangkap,
D0245,pada,
D0245,Sabtu,
D0245,pekan,
D0245,lalu,
D0245,Pelaku,
D0245,membakar,
D0245,warung,
D0245,makan,
D0245,milik,
D0245,tantenya,
D0245,kata,
D0245,Kepala,
D0245,Seksi,
D0245,Kasi,
D0245,Humas,
D0245,Polresta,
D0245,Denpasar,
D0245,AKP,
D0245,I,
D0245,Ketut,
D0245,Sukadi,
D0245,dalam,
D0245,keterangannya,
D0245,Kamis,
D0245,2722025,
D0245,Peristiwa,
D0245,itu,
D0245,bermula,
D0245,ketika,
D0245,Taufik,
D0245,yang,
D0245,dalam,
D0245,keadaan,
D0245,mabuk,
D0245,mendatangi,
D0245,warung,
D0245,Risnawati,
D0245,Namun,
D0245,saat,
D0245,itu,
D0245,bibinya,
D0245,tidak,
D0245,berada,
D0245,di,
D0245,tempat,
D0245,SCROLL,
D0245,TO,
D0245,CONTINUE,
D0245,WITH,
D0245,CONTENT,
D0245,Ia,
D0245,berulang,
D0245,kali,
D0245,memanggil,
D0245,Risnawati,
D0245,tetapi,
D0245,tidak,
D0245,mendapat,
D0245,respons,
D0245,Kesal,
D0245,karena,
D0245,tak,
D0245,kunjung,
D0245,dilayani,
D0245,Taufik,
D0245,merusak,
D0245,sejumlah,
D0245,barang,
D0245,di,
D0245,warung,
D0245,tersebut,
D0245,dan,
D0245,membakar,
D0245,sebagian,
D0245,ruang,
D0245,di,
D0245,dalamnya,
D0245,Memang,
D0245,pelaku,
D0245,yang,
D0245,merusak,
D0245,barangbarang,
D0245,yang,
D0245,ada,
D0245,dan,
D0245,membakar,
D0245,warung,
D0245,ujar,
D0245,Sukadi,
D0245,Setelah,
D0245,melakukan,
D0245,aksinya,
D0245,Taufik,
D0245,melarikan,
D0245,diri,
D0245,Kejadian,
D0245,tersebut,
D0245,kemudian,
D0245,dilaporkan,
D0245,ke,
D0245,polisi,
D0245,oleh,
D0245,Risnawati,
D0245,Polisi,
D0245,yang,
D0245,menerima,
D0245,laporan,
D0245,langsung,
D0245,mendatangi,
D0245,lokasi,
D0245,kejadian,
D0245,dan,
D0245,melakukan,
D0245,penyelidikan,
D0245,Sejumlah,
D0245,saksi,
D0245,termasuk,
D0245,korban,
D0245,dimintai,
D0245,keterangan,
D0245,sementara,
D0245,Taufik,
D0245,diburu,
D0245,Kami,
D0245,menduga,
D0245,pelaku,
D0245,masih,
D0245,berada,
D0245,di,
D0245,sekitar,
D0245,lokasi,
D0245,kejadian,
D0245,Ternyata,
D0245,benar,
D0245,pelaku,
D0245,dapat,
D0245,diamankan,
D0245,tak,
D0245,jauh,
D0245,dari,
D0245,tempat,
D0245,kejadian,
D0245,pada,
D0245,hari,
D0245,itu,
D0245,juga,
D0245,ungkap,
D0245,Sukadi,
D0245,Kapolsek,
D0245,Kuta,
D0245,Kompol,
D0245,Agus,
D0245,Riwayanto,
D0245,Diputra,
D0245,mengungkapkan,
D0245,sebelum,
D0245,kejadian,
D0245,warung,
D0245,tersebut,
D0245,dalam,
D0245,keadaan,
D0245,kosong,
D0245,karena,
D0245,Risnawati,
D0245,sedang,
D0245,berada,
D0245,di,
D0245,rumahnya,
D0245,yang,
D0245,tidak,
D0245,jauh,
D0245,dari,
D0245,lokasi,
D0245,Sekitar,
D0245,pukul,
D0245,2100,
D0245,Wita,
D0245,Taufik,
D0245,yang,
D0245,dalam,
D0245,keadaan,
D0245,mabuk,
D0245,datang,
D0245,ke,
D0245,warung,
D0245,dan,
D0245,berteriak,
D0245,memanggil,
D0245,tantenya,
D0245,agar,
D0245,segera,
D0245,melayani,
D0245,Karena,
D0245,tak,
D0245,kunjung,
D0245,muncul,
D0245,ia,
D0245,mengancam,
D0245,akan,
D0245,membakar,
D0245,warung,
D0245,tersebut,
D0245,Setelah,
D0245,menunggu,
D0245,lama,
D0245,tanpa,
D0245,hasil,
D0245,Taufik,
D0245,semakin,
D0245,emosi,
D0245,Ia,
D0245,merusak,
D0245,barangbarang,
D0245,di,
D0245,dalam,
D0245,warung,
D0245,dan,
D0245,membakar,
D0245,bagian,
D0245,dalam,
D0245,warung,
D0245,meski,
D0245,api,
D0245,tidak,
D0245,sampai,
D0245,menghanguskan,
D0245,seluruh,
D0245,bangunan,
D0245,Memang,
D0245,ada,
D0245,pengaruh,
D0245,alkohol,
D0245,miras,
D0245,Akhirnya,
D0245,oleh,
D0245,korban,
D0245,kasus,
D0245,ini,
D0245,dilaporkan,
D0245,pada,
D0245,Sabtu,
D0245,Lalu,
D0245,pukul,
D0245,0300,
D0245,Wita,
D0245,kami,
D0245,tangkap,
D0245,terlapor,
D0245,Taufik,
D0245,kata,
D0245,Agus,
D0245,Polisi,
D0245,mengungkap,
D0245,sehariharinya,
D0245,Taufik,
D0245,bekerja,
D0245,menjaga,
D0245,warung,
D0245,tersebut,
D0245,Ia,
D0245,dikenal,
D0245,sebagai,
D0245,sosok,
D0245,yang,
D0245,temperamental,
D0245,terutama,
D0245,saat,
D0245,mabuk,
D0245,Bahkan,
D0245,sebelum,
D0245,kejadian,
D0245,ini,
D0245,ia,
D0245,pernah,
D0245,membakar,
D0245,sepeda,
D0245,motor,
D0245,milik,
D0245,tantenya,
D0245,dalam,
D0245,kondisi,
D0245,mabuk,
D0245,namun,
D0245,peristiwa,
D0245,itu,
D0245,tidak,
D0245,dilaporkan,
D0245,ke,
D0245,polisi,
D0245,Taufik,
D0245,itu,
D0245,seharihari,
D0245,bekerja,
D0245,atau,
D0245,menjaga,
D0245,warung,
D0245,tersebut,
D0245,ujar,
D0245,Agus,
D0245,Atas,
D0245,perbuatannya,
D0245,Taufik,
D0245,dijerat,
D0245,Pasal,
D0245,187,
D0245,juncto,
D0245,53,
D0245,KUHP,
D0245,dengan,
D0245,ancaman,
D0245,hukuman,
D0245,12,
D0245,tahun,
D0245,penjara,
D0245,Namun,
D0245,karena,
D0245,hanya,
D0245,merupakan,
D0245,percobaan,
D0245,pembakaran,
D0245,ia,
D0245,terancam,
D0245,hukuman,
D0245,sepertiga,
D0245,dari,
D0245,maksimal,
D0245,hukuman,
D0245,tersebut,
D0245,Sementara,
D0245,itu,
D0245,Taufik,
D0245,mengaku,
D0245,tidak,
D0245,memiliki,
D0245,dendam,
D0245,terhadap,
D0245,tantenya,
D0245,Ia,
D0245,menyebut,
D0245,tindakannya,
D0245,dipicu,
D0245,oleh,
D0245,kondisi,
D0245,mabuk,
D0245,dan,
D0245,masalah,
D0245,pribadi,
D0245,dengan,
D0245,orangorang,
D0245,di,
D0245,sekitarnya,
D0245,Alasan,
D0245,saya,
D0245,ya,
D0245,memang,
D0245,karena,
D0245,mabuk,
D0245,Ada,
D0245,masalah,
D0245,juga,
D0245,sama,
D0245,orang,
D0245,lain,
D0245,kata,
D0245,Taufik,
D0246,Polisi,
D0246,mengungkap,
D0246,peristiwa,
D0246,pencurian,
D0246,yang,
D0246,menyasar,
D0246,warungwarung,
D0246,di,
D0246,Buleleng,
D0246,Para,
D0246,pelaku,
D0246,berjumlah,
D0246,enam,
D0246,orang,
D0246,yang,
D0246,seluruhnya,
D0246,masih,
D0246,remaja,
D0246,Mereka,
D0246,nekat,
D0246,melakukan,
D0246,tindakan,
D0246,kriminal,
D0246,demi,
D0246,judi,
D0246,online,
D0246,dan,
D0246,membeli,
D0246,minuman,
D0246,keras,
D0246,miras,
D0246,Total,
D0246,ada,
D0246,enam,
D0246,warung,
D0246,yang,
D0246,dibobol,
D0246,Aksi,
D0246,kejahatan,
D0246,itu,
D0246,terbongkar,
D0246,setelah,
D0246,para,
D0246,pelaku,
D0246,beraksi,
D0246,di,
D0246,sebuah,
D0246,warung,
D0246,di,
D0246,Banjar,
D0246,Dinas,
D0246,Kaja,
D0246,Kangin,
D0246,Kubutambahan,
D0246,Buleleng,
D0246,Sabtu,
D0246,2222025,
D0246,Warung,
D0246,yang,
D0246,menyatu,
D0246,dengan,
D0246,rumah,
D0246,itu,
D0246,merupakan,
D0246,milik,
D0246,warga,
D0246,berinisial,
D0246,GP,
D0246,58,
D0246,Keenam,
D0246,remaja,
D0246,pria,
D0246,yang,
D0246,ditangkap,
D0246,polisi,
D0246,berinisial,
D0246,GS,
D0246,15,
D0246,KS,
D0246,16,
D0246,KA,
D0246,15,
D0246,GA,
D0246,15,
D0246,GU,
D0246,14,
D0246,dan,
D0246,KD,
D0246,15,
D0246,Kasi,
D0246,Humas,
D0246,Polres,
D0246,Buleleng,
D0246,AKP,
D0246,Gede,
D0246,Darma,
D0246,Diatmika,
D0246,mengungkapkan,
D0246,keenam,
D0246,pelaku,
D0246,ditangkap,
D0246,setelah,
D0246,mendapat,
D0246,laporan,
D0246,dari,
D0246,korban,
D0246,SCROLL,
D0246,TO,
D0246,CONTINUE,
D0246,WITH,
D0246,CONTENT,
D0246,Darma,
D0246,menuturkan,
D0246,pencurian,
D0246,tersebut,
D0246,diketahui,
D0246,saat,
D0246,GP,
D0246,pulang,
D0246,dari,
D0246,sembahyang,
D0246,Saat,
D0246,hendak,
D0246,masuk,
D0246,ke,
D0246,dalam,
D0246,rumah,
D0246,ia,
D0246,mendengar,
D0246,suara,
D0246,orang,
D0246,berlari,
D0246,dan,
D0246,melihat,
D0246,kunci,
D0246,gembok,
D0246,tergeletak,
D0246,di,
D0246,lantai,
D0246,GP,
D0246,kemudian,
D0246,melihat,
D0246,situasi,
D0246,kamarnya,
D0246,yang,
D0246,sudah,
D0246,berantakan,
D0246,Ia,
D0246,bergegas,
D0246,mengecek,
D0246,lemari,
D0246,dan,
D0246,mendapati,
D0246,uang,
D0246,senilai,
D0246,Rp,
D0246,5,
D0246,juta,
D0246,serta,
D0246,perhiasan,
D0246,emas,
D0246,miliknya,
D0246,raib,
D0246,Atas,
D0246,kejadian,
D0246,tersebut,
D0246,korban,
D0246,mengalami,
D0246,kerugian,
D0246,sebanyak,
D0246,Rp,
D0246,10,
D0246,juta,
D0246,ujar,
D0246,Darma,
D0246,Rabu,
D0246,2622025,
D0246,Polsek,
D0246,Kubutambahan,
D0246,Darma,
D0246,berujar,
D0246,mulai,
D0246,melakukan,
D0246,penyelidikan,
D0246,setelah,
D0246,menerima,
D0246,laporan,
D0246,dari,
D0246,GP,
D0246,Hasil,
D0246,penyelidikan,
D0246,mengarah,
D0246,kepada,
D0246,terduga,
D0246,pelaku,
D0246,yang,
D0246,masih,
D0246,anakanak,
D0246,Tak,
D0246,lama,
D0246,kemudian,
D0246,polisi,
D0246,mengamankan,
D0246,tiga,
D0246,remaja,
D0246,yang,
D0246,diduga,
D0246,sebagai,
D0246,pelaku,
D0246,pencurian,
D0246,Belum,
D0246,sehari,
D0246,terungkap,
D0246,tiga,
D0246,pelaku,
D0246,lain,
D0246,yang,
D0246,ikut,
D0246,terlibat,
D0246,dalam,
D0246,melakukan,
D0246,pencurian,
D0246,tersebut,
D0246,imbuhnya,
D0246,Berdasarkan,
D0246,hasil,
D0246,pemeriksaan,
D0246,terungkap,
D0246,keenam,
D0246,pelaku,
D0246,telah,
D0246,mencuri,
D0246,di,
D0246,beberapa,
D0246,warung,
D0246,lainnya,
D0246,yang,
D0246,berlokasi,
D0246,di,
D0246,Desa,
D0246,Tamblang,
D0246,Bila,
D0246,Kubutambahan,
D0246,Air,
D0246,Sanih,
D0246,Bungkulan,
D0246,hingga,
D0246,Desa,
D0246,Pacung,
D0246,Polisi,
D0246,mengamankan,
D0246,sejumlah,
D0246,barang,
D0246,bukti,
D0246,dari,
D0246,penangkapan,
D0246,tersebut,
D0246,Termasuk,
D0246,uang,
D0246,tunai,
D0246,Rp,
D0246,34,
D0246,juta,
D0246,kalung,
D0246,emas,
D0246,palu,
D0246,dan,
D0246,gembok,
D0246,Selain,
D0246,itu,
D0246,polisi,
D0246,juga,
D0246,menyita,
D0246,kartu,
D0246,seluler,
D0246,dan,
D0246,beberapa,
D0246,sepeda,
D0246,motor,
D0246,yang,
D0246,digunakan,
D0246,para,
D0246,pelaku,
D0246,saat,
D0246,melakukan,
D0246,pencurian,
D0246,Saat,
D0246,diinterogasi,
D0246,polisi,
D0246,para,
D0246,remaja,
D0246,tersebut,
D0246,mengaku,
D0246,uang,
D0246,hasil,
D0246,kejahatan,
D0246,digunakan,
D0246,untuk,
D0246,senangsenang,
D0246,Mulai,
D0246,judi,
D0246,online,
D0246,hingga,
D0246,pesta,
D0246,miras,
D0246,Darma,
D0246,menjelaskan,
D0246,para,
D0246,pelaku,
D0246,menjalankan,
D0246,aksinya,
D0246,dengan,
D0246,cara,
D0246,merusak,
D0246,gembok,
D0246,warung,
D0246,Ia,
D0246,menjelaskan,
D0246,penanganan,
D0246,kasus,
D0246,keenam,
D0246,remaja,
D0246,itu,
D0246,telah,
D0246,dilimpahkan,
D0246,ke,
D0246,Unit,
D0246,Pelayanan,
D0246,Perempuan,
D0246,dan,
D0246,Anak,
D0246,PPA,
D0246,Satuan,
D0246,Reserse,
D0246,Kriminal,
D0246,Polres,
D0246,Buleleng,
D0247,Elvis,
D0247,Ardi,
D0247,48,
D0247,suami,
D0247,yang,
D0247,nekat,
D0247,menggorok,
D0247,istrinya,
D0247,hingga,
D0247,tewas,
D0247,di,
D0247,Kuantan,
D0247,Singingi,
D0247,Riau,
D0247,ditangkap,
D0247,Selama,
D0247,pelarian,
D0247,pelaku,
D0247,ternyata,
D0247,hanya,
D0247,makan,
D0247,daun,
D0247,dan,
D0247,buahbuahan,
D0247,di,
D0247,hutan,
D0247,Kapolres,
D0247,Kuantan,
D0247,Singingi,
D0247,AKBP,
D0247,Angga,
D0247,Herlambang,
D0247,mengatakan,
D0247,pelaku,
D0247,ditangkap,
D0247,pagi,
D0247,tadi,
D0247,di,
D0247,Muara,
D0247,Lembu,
D0247,Singingi,
D0247,Pelaku,
D0247,ditangkap,
D0247,oleh,
D0247,Satreskrim,
D0247,yang,
D0247,dipimpin,
D0247,AKP,
D0247,Shilton,
D0247,Ditangkap,
D0247,tadi,
D0247,pagi,
D0247,dalam,
D0247,pelarian,
D0247,Jadi,
D0247,pelaku,
D0247,lari,
D0247,ke,
D0247,hutan,
D0247,kata,
D0247,Kapolres,
D0247,kepada,
D0247,detikSumut,
D0247,Rabu,
D0247,2622025,
D0247,SCROLL,
D0247,TO,
D0247,CONTINUE,
D0247,WITH,
D0247,CONTENT,
D0247,Shilton,
D0247,dkk,
D0247,yang,
D0247,mendapat,
D0247,informasi,
D0247,dan,
D0247,jejak,
D0247,pelaku,
D0247,langsung,
D0247,mengejar,
D0247,Hal,
D0247,ini,
D0247,setelah,
D0247,polisi,
D0247,mendapat,
D0247,petunjuk,
D0247,sepeda,
D0247,motor,
D0247,pelaku,
D0247,yang,
D0247,ditinggalkan,
D0247,di,
D0247,sebuah,
D0247,ATM,
D0247,di,
D0247,daerah,
D0247,itu,
D0247,Hanya,
D0247,butuh,
D0247,waktu,
D0247,2,
D0247,hari,
D0247,pelaku,
D0247,akhirnya,
D0247,ditangkap,
D0247,Bahkan,
D0247,saat,
D0247,ditangkap,
D0247,pelaku,
D0247,dalam,
D0247,kondisi,
D0247,lemas,
D0247,karena,
D0247,sudah,
D0247,1,
D0247,hari,
D0247,tidak,
D0247,makan,
D0247,Jadi,
D0247,pelaku,
D0247,sudah,
D0247,2,
D0247,hari,
D0247,atau,
D0247,sejak,
D0247,lari,
D0247,itu,
D0247,tidak,
D0247,makan,
D0247,Hanya,
D0247,makan,
D0247,daundaun,
D0247,dan,
D0247,buah,
D0247,di,
D0247,hutan,
D0247,yang,
D0247,dia,
D0247,dapat,
D0247,Jadi,
D0247,memang,
D0247,dia,
D0247,lari,
D0247,ke,
D0247,hutan,
D0247,dari,
D0247,awal,
D0247,ini,
D0247,teridentifikasi,
D0247,oleh,
D0247,kami,
D0247,kata,
D0247,Angga,
D0247,Setelah,
D0247,ditangkap,
D0247,pelaku,
D0247,langsung,
D0247,dibawa,
D0247,makan,
D0247,oleh,
D0247,personel,
D0247,Satreskrim,
D0247,dengan,
D0247,pengawalan,
D0247,ketat,
D0247,Bahkan,
D0247,dalam,
D0247,beberapa,
D0247,video,
D0247,beredar,
D0247,terlihat,
D0247,pelaku,
D0247,lahap,
D0247,makan,
D0247,di,
D0247,warung,
D0247,nasi,
D0247,tersebut,
D0247,Langsung,
D0247,dibawa,
D0247,sama,
D0247,anggota,
D0247,makan,
D0247,karena,
D0247,kondisi,
D0247,sudah,
D0247,kelaparan,
D0247,Anggota,
D0247,juga,
D0247,memang,
D0247,sejak,
D0247,awal,
D0247,tidak,
D0247,pulang,
D0247,ya,
D0247,mengejar,
D0247,pelaku,
D0247,kata,
D0247,Angga,
D0247,Terungkap,
D0247,Motif,
D0247,Pelaku,
D0247,Nekat,
D0247,Gorok,
D0247,Istri,
D0247,hingga,
D0247,Tewas,
D0247,Angga,
D0247,mengungkap,
D0247,aksi,
D0247,itu,
D0247,dilakukan,
D0247,oleh,
D0247,pelaku,
D0247,karena,
D0247,kesal,
D0247,Sebab,
D0247,korban,
D0247,selama,
D0247,ini,
D0247,disebut,
D0247,tidak,
D0247,bisa,
D0247,diatur,
D0247,hingga,
D0247,pelaku,
D0247,timbul,
D0247,rasa,
D0247,cemburu,
D0247,buta,
D0247,Istrinya,
D0247,tak,
D0247,bisa,
D0247,diatur,
D0247,kata,
D0247,tersangka,
D0247,soal,
D0247,motif,
D0247,Ada,
D0247,juga,
D0247,cemburu,
D0247,tetapi,
D0247,tidak,
D0247,bisa,
D0247,dibuktikan,
D0247,dia,
D0247,kata,
D0247,Kapolres,
D0247,Selain,
D0247,itu,
D0247,keduanya,
D0247,juga,
D0247,disebut,
D0247,sering,
D0247,cekcok,
D0247,mulut,
D0247,Sampai,
D0247,akhirnya,
D0247,pelaku,
D0247,nekat,
D0247,menghabisi,
D0247,istrinya,
D0247,yang,
D0247,tercatat,
D0247,sebagai,
D0247,guru,
D0247,SMPN,
D0247,1,
D0247,Seberang,
D0247,Kuantan,
D0247,Juniwarti,
D0247,51,
D0248,Mahasiswi,
D0248,berinisial,
D0248,CK,
D0248,19,
D0248,di,
D0248,Pekanbaru,
D0248,Riau,
D0248,terpaksa,
D0248,harus,
D0248,berurusan,
D0248,dengan,
D0248,polisi,
D0248,Dia,
D0248,ditangkap,
D0248,saat,
D0248,mencoba,
D0248,selundupkan,
D0248,sabu,
D0248,lewat,
D0248,makanan,
D0248,ke,
D0248,Lapas,
D0248,Narkotika,
D0248,Rumbai,
D0248,Plt,
D0248,Kepala,
D0248,Lapas,
D0248,Narkotika,
D0248,Rumbai,
D0248,Agus,
D0248,Pritianto,
D0248,menyebut,
D0248,pelaku,
D0248,ditangkap,
D0248,oleh,
D0248,petugas,
D0248,Selasa,
D0248,252,
D0248,CK,
D0248,ditangkap,
D0248,saat,
D0248,layanan,
D0248,kunjungan,
D0248,dan,
D0248,terdeteksi,
D0248,petugas,
D0248,Lapas,
D0248,Penyelundupan,
D0248,barang,
D0248,terlarang,
D0248,diduga,
D0248,narkotika,
D0248,jenis,
D0248,sabu,
D0248,terjadi,
D0248,saat,
D0248,layanan,
D0248,kunjungan,
D0248,Upaya,
D0248,penyelundupan,
D0248,pelaku,
D0248,terdeteksi,
D0248,saat,
D0248,pemeriksaan,
D0248,ketat,
D0248,barangbarang,
D0248,yang,
D0248,dititipkan,
D0248,untuk,
D0248,warga,
D0248,binaan,
D0248,kata,
D0248,Agus,
D0248,Rabu,
D0248,2622025,
D0248,SCROLL,
D0248,TO,
D0248,CONTINUE,
D0248,WITH,
D0248,CONTENT,
D0248,Saat,
D0248,pemeriksaan,
D0248,barang,
D0248,petugas,
D0248,Lapas,
D0248,Narkotika,
D0248,Rumbai,
D0248,menggeledah,
D0248,barang,
D0248,Namun,
D0248,ada,
D0248,makanan,
D0248,jenis,
D0248,roti,
D0248,gabin,
D0248,yang,
D0248,dicurigai,
D0248,setelah,
D0248,dititipkan,
D0248,oleh,
D0248,seorang,
D0248,pengunjung,
D0248,wanita,
D0248,Pemeriksaan,
D0248,barang,
D0248,titipan,
D0248,dilakukan,
D0248,usai,
D0248,mencurigai,
D0248,gerakgerik,
D0248,wanita,
D0248,tersebut,
D0248,Benar,
D0248,saja,
D0248,saat,
D0248,diperiksa,
D0248,ditemukan,
D0248,satu,
D0248,kemasan,
D0248,roti,
D0248,gabin,
D0248,dengan,
D0248,kondisi,
D0248,di,
D0248,lem,
D0248,ulang,
D0248,Petugas,
D0248,kami,
D0248,merobek,
D0248,bagian,
D0248,kemasan,
D0248,roti,
D0248,gabin,
D0248,mencurigakan,
D0248,berbentuk,
D0248,tidak,
D0248,biasa,
D0248,dan,
D0248,menemukan,
D0248,2,
D0248,plastik,
D0248,bening,
D0248,Setelah,
D0248,dilakukan,
D0248,pemeriksaan,
D0248,lebih,
D0248,lanjut,
D0248,paket,
D0248,tersebut,
D0248,diduga,
D0248,kuat,
D0248,berisi,
D0248,sabu,
D0248,ujar,
D0248,Agus,
D0248,Selanjutnya,
D0248,petugas,
D0248,keamanan,
D0248,langsung,
D0248,berkoordinasi,
D0248,dengan,
D0248,Polresta,
D0248,Pekanbaru,
D0248,Barang,
D0248,bukti,
D0248,tersebut,
D0248,langsung,
D0248,diamankan,
D0248,kepolisian,
D0248,untuk,
D0248,penyelidikan,
D0248,lebih,
D0248,lanjut,
D0248,Paket,
D0248,sabu,
D0248,sendiri,
D0248,dikirim,
D0248,untuk,
D0248,3,
D0248,orang,
D0248,narapidana,
D0248,berinisial,
D0248,VE,
D0248,RE,
D0248,dan,
D0248,RI,
D0248,Saat,
D0248,ini,
D0248,wanita,
D0248,berinisial,
D0248,CK,
D0248,itu,
D0248,juga,
D0248,sudah,
D0248,diamankan,
D0248,di,
D0248,Polresta,
D0248,Pekanbaru,
D0248,bersama,
D0248,barang,
D0248,bukti,
D0248,yang,
D0248,disita,
D0248,Pengunjung,
D0248,wanita,
D0248,berinisial,
D0248,CK,
D0248,seorang,
D0248,mahasiswi,
D0248,Sekarang,
D0248,pengunjung,
D0248,wanita,
D0248,yang,
D0248,diduga,
D0248,menyelundupkan,
D0248,narkoba,
D0248,itu,
D0248,sudah,
D0248,ditangani,
D0248,Polresta,
D0248,Pekanbaru,
D0248,kata,
D0248,Agus,
D0249,Dua,
D0249,pria,
D0249,membobol,
D0249,rumah,
D0249,seorang,
D0249,guru,
D0249,yang,
D0249,tengah,
D0249,pergi,
D0249,beribadah,
D0249,ke,
D0249,gereja,
D0249,di,
D0249,Kabupaten,
D0249,Toba,
D0249,Sumatera,
D0249,Utara,
D0249,Sumut,
D0249,Para,
D0249,pelaku,
D0249,mencuri,
D0249,tiga,
D0249,laptop,
D0249,dari,
D0249,rumah,
D0249,korban,
D0249,Kapolsek,
D0249,Lumban,
D0249,Julu,
D0249,AKP,
D0249,RE,
D0249,Sitohang,
D0249,mengatakan,
D0249,peristiwa,
D0249,itu,
D0249,tepatnya,
D0249,terjadi,
D0249,di,
D0249,Desa,
D0249,Aek,
D0249,Natolu,
D0249,Jaya,
D0249,Kecamatan,
D0249,Lumban,
D0249,Julu,
D0249,Minggu,
D0249,162,
D0249,siang,
D0249,Lalu,
D0249,kedua,
D0249,pelaku,
D0249,yakni,
D0249,JM,
D0249,22,
D0249,dan,
D0249,PM,
D0249,25,
D0249,ditangkap,
D0249,pada,
D0249,Jumat,
D0249,222,
D0249,Korban,
D0249,merupakan,
D0249,seorang,
D0249,guru,
D0249,Unit,
D0249,Reskrim,
D0249,Polsek,
D0249,Lumban,
D0249,Julu,
D0249,sudah,
D0249,berhasil,
D0249,menangkap,
D0249,dua,
D0249,pelaku,
D0249,kata,
D0249,Sitohang,
D0249,Rabu,
D0249,2622025,
D0249,SCROLL,
D0249,TO,
D0249,CONTINUE,
D0249,WITH,
D0249,CONTENT,
D0249,Sitohang,
D0249,menyebut,
D0249,saat,
D0249,kejadian,
D0249,korban,
D0249,bersama,
D0249,istri,
D0249,dan,
D0249,anaknya,
D0249,tengah,
D0249,pergi,
D0249,ke,
D0249,gereja,
D0249,untuk,
D0249,beribadah,
D0249,Pada,
D0249,saat,
D0249,itu,
D0249,korban,
D0249,meninggalkan,
D0249,rumahnya,
D0249,dalam,
D0249,keadaan,
D0249,terkunci,
D0249,Setelah,
D0249,pulang,
D0249,dari,
D0249,gereja,
D0249,korban,
D0249,baru,
D0249,mengetahui,
D0249,bahwa,
D0249,rumahnya,
D0249,telah,
D0249,dibobol,
D0249,maling,
D0249,Saat,
D0249,dicek,
D0249,tiga,
D0249,laptop,
D0249,korban,
D0249,telah,
D0249,hilang,
D0249,Korban,
D0249,melihat,
D0249,tiga,
D0249,unit,
D0249,laptop,
D0249,yang,
D0249,disimpan,
D0249,di,
D0249,kamar,
D0249,di,
D0249,ruang,
D0249,tamu,
D0249,dan,
D0249,di,
D0249,lantai,
D0249,sudah,
D0249,tidak,
D0249,ada,
D0249,jelasnya,
D0249,Korban,
D0249,pun,
D0249,pergi,
D0249,mengecek,
D0249,kondisi,
D0249,rumahnya,
D0249,dan,
D0249,menemukan,
D0249,pintu,
D0249,belakang,
D0249,telah,
D0249,dirusak,
D0249,Atas,
D0249,kejadian,
D0249,itu,
D0249,korban,
D0249,mengalami,
D0249,kerugian,
D0249,sekitar,
D0249,Rp,
D0249,22,
D0249,juta,
D0249,Lalu,
D0249,korban,
D0249,membuat,
D0249,laporan,
D0249,ke,
D0249,Polsek,
D0249,Lumban,
D0249,Julu,
D0249,Pihak,
D0249,kepolisian,
D0249,pun,
D0249,menyelidiki,
D0249,kasus,
D0249,tersebut,
D0249,dan,
D0249,menangkap,
D0249,kedua,
D0249,pelaku,
D0249,Selain,
D0249,menangkap,
D0249,keduanya,
D0249,petugas,
D0249,juga,
D0249,mengamankan,
D0249,laptop,
D0249,korban,
D0249,yang,
D0249,dicuri,
D0249,pelaku,
D0249,Para,
D0249,pelaku,
D0249,masuk,
D0249,ke,
D0249,rumah,
D0249,korban,
D0249,dengan,
D0249,cara,
D0249,pelaku,
D0249,mencongkel,
D0249,pintu,
D0249,belakang,
D0249,rumah,
D0249,korban,
D0249,dengan,
D0249,menggunakan,
D0249,parang,
D0249,lalu,
D0249,masuk,
D0249,ke,
D0249,dalam,
D0249,rumah,
D0249,korban,
D0249,dan,
D0249,mengambil,
D0249,tiga,
D0249,unit,
D0249,laptop,
D0249,pungkasnya,
D0250,Pria,
D0250,inisial,
D0250,WU,
D0250,25,
D0250,di,
D0250,Kota,
D0250,Makassar,
D0250,Sulawesi,
D0250,Selatan,
D0250,Sulsel,
D0250,menebas,
D0250,ibu,
D0250,tirinya,
D0250,SA,
D0250,43,
D0250,pakai,
D0250,senjata,
D0250,tajam,
D0250,sajam,
D0250,diduga,
D0250,gegara,
D0250,tak,
D0250,diberikan,
D0250,uang,
D0250,Saat,
D0250,beraksi,
D0250,pelaku,
D0250,diduga,
D0250,sedang,
D0250,mabuk,
D0250,Ini,
D0250,pelaku,
D0250,pulang,
D0250,ke,
D0250,rumahnya,
D0250,dalam,
D0250,keadaan,
D0250,mabuk,
D0250,menemui,
D0250,ibu,
D0250,tirinya,
D0250,Menurut,
D0250,keterangan,
D0250,pelaku,
D0250,dia,
D0250,minta,
D0250,makan,
D0250,untuk,
D0250,alibinya,
D0250,dia,
D0250,minta,
D0250,uang,
D0250,tidak,
D0250,dikasih,
D0250,dia,
D0250,tebas,
D0250,kata,
D0250,Kanit,
D0250,Reskrim,
D0250,Polsek,
D0250,Tamalate,
D0250,Iptu,
D0250,Abdul,
D0250,Rahman,
D0250,Selasa,
D0250,2522025,
D0250,melansir,
D0250,detikSulsel,
D0250,Peristiwa,
D0250,itu,
D0250,diketahui,
D0250,terjadi,
D0250,di,
D0250,Jalan,
D0250,Mallengkeri,
D0250,3,
D0250,Kelurahan,
D0250,Mangasa,
D0250,Kecamatan,
D0250,Tamalate,
D0250,Makassar,
D0250,pada,
D0250,Minggu,
D0250,232,
D0250,sekitar,
D0250,pukul,
D0250,2130,
D0250,Wita,
D0250,Rahman,
D0250,tak,
D0250,merinci,
D0250,jenis,
D0250,senjata,
D0250,tajam,
D0250,yang,
D0250,dipakai,
D0250,pelaku,
D0250,karena,
D0250,barang,
D0250,bukti,
D0250,tersebut,
D0250,belum,
D0250,ditemukan,
D0250,SCROLL,
D0250,TO,
D0250,CONTINUE,
D0250,WITH,
D0250,CONTENT,
D0250,Jelasnya,
D0250,itu,
D0250,barang,
D0250,bukti,
D0250,belum,
D0250,sampai,
D0250,sekarang,
D0250,didapat,
D0250,tidak,
D0250,tahu,
D0250,di,
D0250,mana,
D0250,dia,
D0250,buang,
D0250,parang,
D0250,atau,
D0250,pisau,
D0250,dapur,
D0250,tidak,
D0250,tahu,
D0250,intinya,
D0250,senjata,
D0250,tajam,
D0250,lah,
D0250,katanya,
D0250,Rahman,
D0250,menyebut,
D0250,dalam,
D0250,insiden,
D0250,itu,
D0250,terdapat,
D0250,dua,
D0250,orang,
D0250,korban,
D0250,Selain,
D0250,ibu,
D0250,tiri,
D0250,pelaku,
D0250,juga,
D0250,ada,
D0250,AI,
D0250,25,
D0250,yang,
D0250,diketahui,
D0250,merupakan,
D0250,tetangganya,
D0250,Yang,
D0250,korban,
D0250,itu,
D0250,sebenarnya,
D0250,dua,
D0250,orang,
D0250,yang,
D0250,pertama,
D0250,ibu,
D0250,tiri,
D0250,yang,
D0250,kedua,
D0250,warga,
D0250,sekitar,
D0250,ujarnya,
D0250,Rahman,
D0250,menuturkan,
D0250,AI,
D0250,ditebas,
D0250,karena,
D0250,diduga,
D0250,menolak,
D0250,untuk,
D0250,menghapus,
D0250,rekaman,
D0250,CCTV,
D0250,miliknya,
D0250,yang,
D0250,berada,
D0250,di,
D0250,sekitar,
D0250,lokasi,
D0250,kejadian,
D0250,Rahman,
D0250,menyebut,
D0250,kedua,
D0250,korban,
D0250,mengalami,
D0250,luka,
D0250,yang,
D0250,cukup,
D0250,parah,
D0250,Kalau,
D0250,ibu,
D0250,tiri,
D0250,ditebas,
D0250,bagian,
D0250,pundak,
D0250,bagian,
D0250,kanan,
D0250,robek,
D0250,sedangkan,
D0250,warga,
D0250,jari,
D0250,sebelah,
D0250,kanan,
D0250,AI,
D0250,Yang,
D0250,punya,
D0250,CCTV,
D0250,rumah,
D0250,kebetulan,
D0250,berdekatan,
D0250,rumah,
D0250,dengan,
D0250,pelaku,
D0250,jelasnya,
D0250,Rahman,
D0250,menambahkan,
D0250,pelaku,
D0250,ditangkap,
D0250,usai,
D0250,menerima,
D0250,laporan,
D0250,dari,
D0250,warga,
D0250,Pelaku,
D0250,berhasil,
D0250,ditangkap,
D0250,di,
D0250,sebuah,
D0250,rumah,
D0250,kosong,
D0250,tak,
D0250,jauh,
D0250,dari,
D0250,lokasi,
D0250,kejadian,
D0250,Kejadian,
D0250,kan,
D0250,hari,
D0250,minggu,
D0250,malam,
D0250,dan,
D0250,di,
D0250,hari,
D0250,itu,
D0250,pun,
D0250,juga,
D0250,di,
D0250,tahan,
D0250,dan,
D0250,dicari,
D0250,oleh,
D0250,anggota,
D0250,polsek,
D0250,Tamalate,
D0250,beserta,
D0250,unit,
D0250,jatanras,
D0250,menyisir,
D0250,dan,
D0250,mendapati,
D0250,pelaku,
D0250,sebelum,
D0250,1x24,
D0250,jam,
D0250,imbuhnya,
D0250,Jadi,
D0250,itu,
D0250,malam,
D0250,juga,
D0250,diambil,
D0250,ditangkap,
D0250,ditahan,
D0250,sekarang,
D0250,sementara,
D0250,di,
D0250,lembaga,
D0250,pemasyarakatan,
D0250,polsek,
D0250,Tamalate,
D0250,tambah,
D0250,Rahman,
D0251,Jannus,
D0251,William,
D0251,Simanjuntak,
D0251,44,
D0251,seorang,
D0251,sopir,
D0251,taksi,
D0251,online,
D0251,ditemukan,
D0251,tewas,
D0251,dengan,
D0251,luka,
D0251,sayat,
D0251,di,
D0251,tubuh,
D0251,Jannus,
D0251,ternyata,
D0251,tewas,
D0251,dibunuh,
D0251,oleh,
D0251,penumpangnya,
D0251,bernama,
D0251,Fadli,
D0251,Jasad,
D0251,korban,
D0251,ditemukan,
D0251,di,
D0251,Kecamatan,
D0251,Kutalimbaru,
D0251,Kabupaten,
D0251,Deli,
D0251,Serdang,
D0251,Sumatera,
D0251,Utara,
D0251,Sumut,
D0251,Keluarga,
D0251,korban,
D0251,menerima,
D0251,informasi,
D0251,Jannus,
D0251,tewas,
D0251,pada,
D0251,Senin,
D0251,2422025,
D0251,sekira,
D0251,pukul,
D0251,1100,
D0251,WIB,
D0251,Sebelum,
D0251,penemuan,
D0251,itu,
D0251,keluarga,
D0251,korban,
D0251,sudah,
D0251,curiga,
D0251,karena,
D0251,hp,
D0251,korban,
D0251,tidak,
D0251,bisa,
D0251,dihubungi,
D0251,Berikut,
D0251,ini,
D0251,detikSumut,
D0251,hadirkan,
D0251,beberapa,
D0251,fakta,
D0251,terkini,
D0251,soal,
D0251,kematian,
D0251,Jannus,
D0251,Simak,
D0251,sampai,
D0251,akhir,
D0251,ya,
D0251,SCROLL,
D0251,TO,
D0251,CONTINUE,
D0251,WITH,
D0251,CONTENT,
D0251,Keluarga,
D0251,Korban,
D0251,Luhut,
D0251,mengatakan,
D0251,Jannus,
D0251,seharihari,
D0251,bekerja,
D0251,sebagai,
D0251,sopir,
D0251,taksi,
D0251,online,
D0251,Luhut,
D0251,menyebut,
D0251,korban,
D0251,berangkat,
D0251,dari,
D0251,rumah,
D0251,untuk,
D0251,mencari,
D0251,sewa,
D0251,pada,
D0251,Minggu,
D0251,232,
D0251,Pada,
D0251,pukul,
D0251,1800,
D0251,WIB,
D0251,korban,
D0251,masih,
D0251,sempat,
D0251,video,
D0251,call,
D0251,dengan,
D0251,istri,
D0251,dan,
D0251,anaknya,
D0251,Saat,
D0251,itu,
D0251,korban,
D0251,tengah,
D0251,berada,
D0251,di,
D0251,sekitaran,
D0251,Medan,
D0251,Tuntungan,
D0251,Keluarnya,
D0251,dari,
D0251,kemarin,
D0251,tadi,
D0251,ketemu,
D0251,sama,
D0251,istrinya,
D0251,mereka,
D0251,lost,
D0251,contact,
D0251,gitu,
D0251,dari,
D0251,jam,
D0251,6,
D0251,sore,
D0251,masih,
D0251,video,
D0251,call,
D0251,sama,
D0251,istri,
D0251,anak,
D0251,posisi,
D0251,korban,
D0251,ini,
D0251,tidak,
D0251,sedang,
D0251,di,
D0251,mobil,
D0251,tapi,
D0251,di,
D0251,pinggir,
D0251,jalan,
D0251,di,
D0251,daerah,
D0251,Tuntungan,
D0251,Dia,
D0251,ngeGrab,
D0251,mau,
D0251,tarik,
D0251,sewa,
D0251,memang,
D0251,pekerjaanya,
D0251,itu,
D0251,ujarnya,
D0251,Dia,
D0251,menyebut,
D0251,jasad,
D0251,korban,
D0251,ditemukan,
D0251,dengan,
D0251,luka,
D0251,sayatan,
D0251,di,
D0251,leher,
D0251,perut,
D0251,dan,
D0251,dada,
D0251,Korban,
D0251,diduga,
D0251,dibunuh,
D0251,di,
D0251,sekitaran,
D0251,Medan,
D0251,Tuntungan,
D0251,karena,
D0251,ditemukan,
D0251,ada,
D0251,bercak,
D0251,darah,
D0251,di,
D0251,lokasi,
D0251,tersebut,
D0251,Diduga,
D0251,di,
D0251,Tuntungan,
D0251,persisnya,
D0251,saya,
D0251,kurang,
D0251,tahu,
D0251,ada,
D0251,bercak,
D0251,darah,
D0251,di,
D0251,sana,
D0251,Pas,
D0251,ditemukan,
D0251,kondisinya,
D0251,sudah,
D0251,meninggal,
D0251,ada,
D0251,lukaluka,
D0251,sajam,
D0251,di,
D0251,sini,
D0251,dada,
D0251,sini,
D0251,lagi,
D0251,leher,
D0251,sama,
D0251,sini,
D0251,perut,
D0251,kata,
D0251,Luhut,
D0251,Sementara,
D0251,itu,
D0251,kata,
D0251,Luhut,
D0251,mobil,
D0251,korban,
D0251,ditemukan,
D0251,di,
D0251,daerah,
D0251,Jalan,
D0251,Jamin,
D0251,Ginting,
D0251,Kelurahan,
D0251,Mangga,
D0251,Luhut,
D0251,menyebut,
D0251,lokasi,
D0251,penemuan,
D0251,antara,
D0251,jasad,
D0251,korban,
D0251,dengan,
D0251,mobil,
D0251,korban,
D0251,tersebut,
D0251,cukup,
D0251,jauh,
D0251,Mobilnya,
D0251,ditemukan,
D0251,jauh,
D0251,Jadi,
D0251,ada,
D0251,tiga,
D0251,tkp,
D0251,di,
D0251,TKP,
D0251,pembunuhan,
D0251,ada,
D0251,banyak,
D0251,darah,
D0251,lalu,
D0251,mayat,
D0251,ditemukan,
D0251,jadi,
D0251,ceceran,
D0251,banyak,
D0251,darah,
D0251,itu,
D0251,di,
D0251,Tuntungan,
D0251,mayatnya,
D0251,dibuang,
D0251,di,
D0251,Kutalimbaru,
D0251,mobilnya,
D0251,dapat,
D0251,di,
D0251,Jalan,
D0251,Jamin,
D0251,Ginting,
D0251,sebutnya,
D0251,Polisi,
D0251,menangkap,
D0251,pelaku,
D0251,pembunuhan,
D0251,Jannus,
D0251,yang,
D0251,jasadnya,
D0251,ditemukan,
D0251,tewas,
D0251,dengan,
D0251,sejumlah,
D0251,luka,
D0251,sayat,
D0251,di,
D0251,tubuhnya,
D0251,Sudah,
D0251,satu,
D0251,pelaku,
D0251,kata,
D0251,Kapolrestabes,
D0251,Medan,
D0251,Kombes,
D0251,Gidion,
D0251,Arif,
D0251,Setyawan,
D0251,Selasa,
D0251,2522025,
D0251,Kombes,
D0251,Gidion,
D0251,Arif,
D0251,Setyawan,
D0251,mengatakan,
D0251,kejadian,
D0251,itu,
D0251,berawal,
D0251,pada,
D0251,Minggu,
D0251,232,
D0251,sekira,
D0251,pukul,
D0251,1500,
D0251,WIB,
D0251,Saat,
D0251,itu,
D0251,pelaku,
D0251,berencana,
D0251,untuk,
D0251,melakukan,
D0251,perampokan,
D0251,pada,
D0251,malam,
D0251,harinya,
D0251,Pada,
D0251,saat,
D0251,yang,
D0251,bersamaan,
D0251,pelaku,
D0251,mempersiapkan,
D0251,pisau,
D0251,untuk,
D0251,alatnya,
D0251,saat,
D0251,beraksi,
D0251,Menurut,
D0251,konstruksi,
D0251,hukum,
D0251,kita,
D0251,ini,
D0251,dilakukan,
D0251,dengan,
D0251,perencanaan,
D0251,terlebih,
D0251,dahulu,
D0251,karena,
D0251,dia,
D0251,sudah,
D0251,mempersiapkan,
D0251,pisau,
D0251,yang,
D0251,digunakan,
D0251,untuk,
D0251,melakukan,
D0251,pembunuhan,
D0251,Lalu,
D0251,dia,
D0251,juga,
D0251,mempunyai,
D0251,tujuan,
D0251,ketika,
D0251,melakukan,
D0251,motif,
D0251,yang,
D0251,jelas,
D0251,sehingga,
D0251,kita,
D0251,berani,
D0251,menetapkan,
D0251,persangkaan,
D0251,Pasal,
D0251,340,
D0251,katanya,
D0251,Gidion,
D0251,menyebut,
D0251,korban,
D0251,menjalankan,
D0251,aksinya,
D0251,dengan,
D0251,modus,
D0251,memesan,
D0251,taksi,
D0251,online,
D0251,melalui,
D0251,aplikasi,
D0251,indriver,
D0251,dan,
D0251,mendapatkan,
D0251,korban,
D0251,sebagai,
D0251,pengemudinya,
D0251,sekira,
D0251,pukul,
D0251,1900,
D0251,WIB,
D0251,Pelaku,
D0251,memesan,
D0251,mobil,
D0251,dari,
D0251,Jalan,
D0251,Bunga,
D0251,Pariama,
D0251,Desa,
D0251,Ladang,
D0251,Bambu,
D0251,Kecamatan,
D0251,Medan,
D0251,Tuntungan,
D0251,menuju,
D0251,Jalan,
D0251,Eka,
D0251,Rasmi,
D0251,Kecamatan,
D0251,Medan,
D0251,Johor,
D0251,Selang,
D0251,15,
D0251,menit,
D0251,korban,
D0251,pun,
D0251,datang,
D0251,menjemput,
D0251,pelaku,
D0251,dan,
D0251,pelaku,
D0251,duduk,
D0251,tepat,
D0251,di,
D0251,kursi,
D0251,belakang,
D0251,sopir,
D0251,Sekitar,
D0251,1,
D0251,km,
D0251,berjalan,
D0251,tepatnya,
D0251,masih,
D0251,di,
D0251,Jalan,
D0251,Bunga,
D0251,Pariama,
D0251,pelaku,
D0251,meminta,
D0251,korban,
D0251,untuk,
D0251,berhenti,
D0251,dengan,
D0251,dalih,
D0251,ada,
D0251,saudaranya,
D0251,yang,
D0251,akan,
D0251,ikut,
D0251,naik,
D0251,ke,
D0251,mobil,
D0251,itu,
D0251,Polisi,
D0251,menambahkan,
D0251,saat,
D0251,korban,
D0251,berhenti,
D0251,pelaku,
D0251,langsung,
D0251,menggorok,
D0251,leher,
D0251,korban,
D0251,Namun,
D0251,karena,
D0251,pelaku,
D0251,melihat,
D0251,korban,
D0251,masih,
D0251,bergerak,
D0251,pelaku,
D0251,lalu,
D0251,menusuk,
D0251,korban,
D0251,beberapa,
D0251,kali,
D0251,hingga,
D0251,meninggal,
D0251,dunia,
D0251,Saat,
D0251,itu,
D0251,tersangka,
D0251,melakukan,
D0251,tindak,
D0251,pidana,
D0251,dengan,
D0251,cara,
D0251,menyayat,
D0251,leher,
D0251,korban,
D0251,kemudian,
D0251,menusuk,
D0251,pada,
D0251,bagian,
D0251,yang,
D0251,vital,
D0251,jelasnya,
D0251,Kemudian,
D0251,pelaku,
D0251,mengambil,
D0251,alih,
D0251,kemudi,
D0251,mobil,
D0251,tersebut,
D0251,dan,
D0251,membawanya,
D0251,ke,
D0251,arah,
D0251,Kecamatan,
D0251,Kutalimbaru,
D0251,Lalu,
D0251,pelaku,
D0251,membuang,
D0251,jasad,
D0251,korban,
D0251,di,
D0251,semaksemak,
D0251,Dusun,
D0251,IV,
D0251,Namo,
D0251,Bintang,
D0251,Desa,
D0251,Suka,
D0251,Rende,
D0251,Kecamatan,
D0251,Kutalimbaru,
D0251,Sebelum,
D0251,pergi,
D0251,pelaku,
D0251,sempat,
D0251,mengambil,
D0251,handphone,
D0251,dan,
D0251,uang,
D0251,korban,
D0251,sebesar,
D0251,Rp,
D0251,200,
D0251,ribu,
D0251,Lalu,
D0251,sekira,
D0251,pukul,
D0251,2200,
D0251,WIB,
D0251,pelaku,
D0251,F,
D0251,menemui,
D0251,H,
D0251,di,
D0251,Jalan,
D0251,Saudara,
D0251,Padang,
D0251,Bulan,
D0251,untuk,
D0251,menjual,
D0251,mobil,
D0251,tersebut,
D0251,Saat,
D0251,itu,
D0251,H,
D0251,mengatakan,
D0251,agar,
D0251,mobil,
D0251,tersebut,
D0251,ditinggal,
D0251,dulu,
D0251,dan,
D0251,akan,
D0251,memberikan,
D0251,uangnya,
D0251,nanti,
D0251,Pelaku,
D0251,Fadli,
D0251,pun,
D0251,pergi,
D0251,menjual,
D0251,hp,
D0251,korban,
D0251,ke,
D0251,salah,
D0251,satu,
D0251,counter,
D0251,hp,
D0251,di,
D0251,Kecamatan,
D0251,Medan,
D0251,Tuntungan,
D0251,seharga,
D0251,Rp,
D0251,500,
D0251,ribu,
D0251,Setelah,
D0251,itu,
D0251,pelaku,
D0251,pulang,
D0251,ke,
D0251,rumahnya,
D0251,di,
D0251,Jalan,
D0251,Bunga,
D0251,Kardiol,
D0251,Desa,
D0251,Ladang,
D0251,Bambu,
D0251,Kemudian,
D0251,pada,
D0251,Senin,
D0251,242,
D0251,pagi,
D0251,H,
D0251,menghubungi,
D0251,pelaku,
D0251,dan,
D0251,menanyakan,
D0251,soal,
D0251,bercak,
D0251,darah,
D0251,yang,
D0251,ada,
D0251,di,
D0251,mobil,
D0251,tersebut,
D0251,Saat,
D0251,itu,
D0251,pelaku,
D0251,berdalih,
D0251,bahwa,
D0251,itu,
D0251,adalah,
D0251,darah,
D0251,kambing,
D0251,Tersangka,
D0251,mengatakan,
D0251,bahwa,
D0251,ini,
D0251,darah,
D0251,kambing,
D0251,kata,
D0251,Gidion,
D0251,Lalu,
D0251,H,
D0251,pun,
D0251,meminta,
D0251,pelaku,
D0251,untuk,
D0251,membersihkah,
D0251,bercak,
D0251,darah,
D0251,itu,
D0251,Kemudian,
D0251,keduanya,
D0251,bertemu,
D0251,di,
D0251,sekitaran,
D0251,Simalingkar,
D0251,sekira,
D0251,pukul,
D0251,1100,
D0251,WIB,
D0251,Namun,
D0251,saat,
D0251,itu,
D0251,tersangka,
D0251,F,
D0251,melihat,
D0251,warga,
D0251,sudah,
D0251,ramai,
D0251,dan,
D0251,tersangka,
D0251,ketakutan,
D0251,sehingga,
D0251,tidak,
D0251,jadi,
D0251,mengambil,
D0251,mobil,
D0251,tersebut,
D0251,Lalu,
D0251,tersangka,
D0251,pulang,
D0251,ke,
D0251,rumahnya,
D0251,sebutnya,
D0251,Mayat,
D0251,korban,
D0251,lalu,
D0251,ditemukan,
D0251,oleh,
D0251,warga,
D0251,Pihak,
D0251,kepolisian,
D0251,yang,
D0251,menerima,
D0251,informasi,
D0251,itu,
D0251,lalu,
D0251,menyelidiki,
D0251,kasus,
D0251,tersebut,
D0251,dan,
D0251,menangkap,
D0251,pelaku,
D0251,di,
D0251,Simpang,
D0251,Selayang,
D0251,pada,
D0251,Senin,
D0251,242,
D0251,sekira,
D0251,pukul,
D0251,2000,
D0251,WIB,
D0251,Namun,
D0251,saat,
D0251,proses,
D0251,pengembangan,
D0251,pelaku,
D0251,melakukan,
D0251,perlawanan,
D0251,hingga,
D0251,terpaksa,
D0251,ditembak,
D0251,petugas,
D0251,kepolisian,
D0251,di,
D0251,kedua,
D0251,kakinya,
D0251,Satreskrim,
D0251,dan,
D0251,Jatanras,
D0251,Polda,
D0251,Sumut,
D0251,melakukan,
D0251,penyelidikan,
D0251,mengidentifikasi,
D0251,tersangka,
D0251,dan,
D0251,melakukan,
D0251,penangkapan,
D0251,serta,
D0251,tindakan,
D0251,tegas,
D0251,terukur,
D0251,kepada,
D0251,tersangka,
D0251,Belum,
D0251,1x24,
D0251,jam,
D0251,kita,
D0251,sudah,
D0251,berhasil,
D0251,menangkap,
D0251,pelaku,
D0251,Ini,
D0251,peristiwa,
D0251,yang,
D0251,menurut,
D0251,saya,
D0251,sangat,
D0251,sadis,
D0251,dan,
D0251,tidak,
D0251,boleh,
D0251,lagi,
D0251,terjadi,
D0251,pungkasnya,
D0251,Fadli,
D0251,mengaku,
D0251,nekat,
D0251,membunuh,
D0251,Jannus,
D0251,karena,
D0251,membutuhkan,
D0251,uang,
D0251,Rp,
D0251,25,
D0251,juta,
D0251,Uang,
D0251,itu,
D0251,akan,
D0251,digunakannya,
D0251,untuk,
D0251,membayar,
D0251,tunggakan,
D0251,kredit,
D0251,mobil,
D0251,Untuk,
D0251,menutupi,
D0251,utang,
D0251,saya,
D0251,utang,
D0251,untuk,
D0251,bayar,
D0251,kredit,
D0251,mobil,
D0251,saya,
D0251,yang,
D0251,nunggak,
D0251,kata,
D0251,Fadli,
D0251,saat,
D0251,diwawancarai,
D0251,di,
D0251,Polrestabes,
D0251,Medan,
D0251,Selasa,
D0251,2522025,
D0251,Fadli,
D0251,menyebut,
D0251,mobil,
D0251,itu,
D0251,telah,
D0251,diberikannya,
D0251,ke,
D0251,H,
D0251,selaku,
D0251,calon,
D0251,pembeli,
D0251,Harga,
D0251,yang,
D0251,disepakati,
D0251,keduanya,
D0251,adalah,
D0251,Rp,
D0251,25,
D0251,juta,
D0251,Namun,
D0251,setelah,
D0251,menyerahkan,
D0251,mobil,
D0251,itu,
D0251,pelaku,
D0251,belum,
D0251,menerima,
D0251,uang,
D0251,dari,
D0251,H,
D0251,Kesepakatannya,
D0251,Rp,
D0251,25,
D0251,juta,
D0251,harga,
D0251,mobil,
D0251,Mobil,
D0251,sudah,
D0251,saya,
D0251,kasih,
D0251,ke,
D0251,pembeli,
D0251,tapi,
D0251,uang,
D0251,belum,
D0251,dapat,
D0251,ujarnya,
D0251,Setelah,
D0251,menangkap,
D0251,Fadli,
D0251,polisi,
D0251,melakukan,
D0251,tes,
D0251,urine,
D0251,terhadap,
D0251,pelaku,
D0251,Hasilnya,
D0251,pelaku,
D0251,positif,
D0251,menggunakan,
D0251,narkoba,
D0251,jenis,
D0251,sabusabu,
D0251,Setelah,
D0251,dilakukan,
D0251,pemeriksaan,
D0251,yang,
D0251,bersangkutan,
D0251,positif,
D0251,narkoba,
D0251,kata,
D0251,Kapolrestabes,
D0251,Medan,
D0251,Kombes,
D0251,Gidion,
D0251,Arif,
D0251,Setyawan,
D0251,saat,
D0251,konferensi,
D0251,pers,
D0251,di,
D0251,Polrestabes,
D0251,Medan,
D0251,Selasa,
D0251,2522025,
D0251,Gidion,
D0251,menyebut,
D0251,pelaku,
D0251,ini,
D0251,juga,
D0251,merupakan,
D0251,residivis,
D0251,kasus,
D0251,penggelapan,
D0251,sepeda,
D0251,motor,
D0251,di,
D0251,daerah,
D0251,Rantauprapat,
D0251,pada,
D0251,tahun,
D0251,2003,
D0251,Atas,
D0251,kejadian,
D0251,itu,
D0251,pelaku,
D0251,dihukum,
D0251,25,
D0251,tahun,
D0251,penjara,
D0251,Yang,
D0251,bersangkutan,
D0251,adalah,
D0251,residivis,
D0251,pernah,
D0251,melakukan,
D0251,tindak,
D0251,pidana,
D0251,di,
D0251,Rantaupatapat,
D0251,penggelapan,
D0251,sepeda,
D0251,motor,
D0251,jelasnya,
D0252,Polrestabes,
D0252,Medan,
D0252,menangkap,
D0252,pelaku,
D0252,pembunuhan,
D0252,sopir,
D0252,taksi,
D0252,online,
D0252,bernama,
D0252,Jannus,
D0252,William,
D0252,Simanjuntak,
D0252,44,
D0252,yang,
D0252,ditemukan,
D0252,tewas,
D0252,dengan,
D0252,sejumlah,
D0252,luka,
D0252,sayat,
D0252,di,
D0252,tubuhnya,
D0252,di,
D0252,Kecamatan,
D0252,Kutalimbaru,
D0252,Kabupaten,
D0252,Deli,
D0252,Serdang,
D0252,Sumatera,
D0252,Utara,
D0252,Sumut,
D0252,Pelakunya,
D0252,itu,
D0252,berinisial,
D0252,F,
D0252,45,
D0252,Sudah,
D0252,satu,
D0252,pelaku,
D0252,kata,
D0252,Kapolrestabes,
D0252,Medan,
D0252,Kombes,
D0252,Gidion,
D0252,Arif,
D0252,Setyawan,
D0252,Selasa,
D0252,2522025,
D0252,Gidion,
D0252,menyebut,
D0252,pelaku,
D0252,ditangkap,
D0252,kemarin,
D0252,Namun,
D0252,perwira,
D0252,menengah,
D0252,polri,
D0252,itu,
D0252,enggan,
D0252,memerinci,
D0252,lebih,
D0252,lanjut,
D0252,soal,
D0252,hal,
D0252,itu,
D0252,Gidion,
D0252,menyebut,
D0252,kasus,
D0252,tersebut,
D0252,akan,
D0252,segera,
D0252,dirilis,
D0252,SCROLL,
D0252,TO,
D0252,CONTINUE,
D0252,WITH,
D0252,CONTENT,
D0252,iya,
D0252,ditangkap,
D0252,kemarin,
D0252,nanti,
D0252,kita,
D0252,rilis,
D0252,pungkasnya,
D0252,Sebelumnya,
D0252,diberitakan,
D0252,sopir,
D0252,taksi,
D0252,online,
D0252,bernama,
D0252,Jannus,
D0252,William,
D0252,Simanjuntak,
D0252,44,
D0252,ditemukan,
D0252,tewas,
D0252,dengan,
D0252,sejumlah,
D0252,luka,
D0252,sayat,
D0252,di,
D0252,tubuhnya,
D0252,Keluarga,
D0252,korban,
D0252,Luhut,
D0252,Simanjuntak,
D0252,mengatakan,
D0252,informasi,
D0252,soal,
D0252,penemuan,
D0252,mayat,
D0252,korban,
D0252,itu,
D0252,diterima,
D0252,pihak,
D0252,keluarga,
D0252,Senin,
D0252,242,
D0252,sekira,
D0252,pukul,
D0252,1100,
D0252,WIB,
D0252,Sebelum,
D0252,penemuan,
D0252,itu,
D0252,keluarga,
D0252,korban,
D0252,sudah,
D0252,curiga,
D0252,karena,
D0252,hp,
D0252,korban,
D0252,tidak,
D0252,bisa,
D0252,dihubungi,
D0252,Kami,
D0252,dapat,
D0252,informasi,
D0252,jam,
D0252,1100an,
D0252,WIB,
D0252,tapi,
D0252,memang,
D0252,jam,
D0252,1000,
D0252,WIB,
D0252,bapaknya,
D0252,mendiang,
D0252,korban,
D0252,ini,
D0252,sudah,
D0252,telepontelepon,
D0252,saya,
D0252,bahwa,
D0252,hpnya,
D0252,korban,
D0252,tidak,
D0252,bisa,
D0252,dihubungi,
D0252,kata,
D0252,Luhut,
D0252,Korban,
D0252,diketahui,
D0252,tinggal,
D0252,di,
D0252,Jalan,
D0252,MedanBinjai,
D0252,KM,
D0252,108,
D0252,Setiap,
D0252,harinya,
D0252,korban,
D0252,bekerja,
D0252,sebagai,
D0252,sopir,
D0252,taksi,
D0252,online,
D0252,Luhut,
D0252,menyebut,
D0252,korban,
D0252,berangkat,
D0252,dari,
D0252,rumah,
D0252,untuk,
D0252,mencari,
D0252,sewa,
D0252,pada,
D0252,Minggu,
D0252,232,
D0252,Pada,
D0252,pukul,
D0252,1800,
D0252,WIB,
D0252,korban,
D0252,masih,
D0252,sempat,
D0252,video,
D0252,call,
D0252,dengan,
D0252,istri,
D0252,dan,
D0252,anaknya,
D0252,Saat,
D0252,itu,
D0252,korban,
D0252,tengah,
D0252,berada,
D0252,di,
D0252,sekitaran,
D0252,Medan,
D0252,Tuntungan,
D0252,Dia,
D0252,menyebut,
D0252,jasad,
D0252,korban,
D0252,ditemukan,
D0252,dengan,
D0252,luka,
D0252,sayatan,
D0252,di,
D0252,leher,
D0252,perut,
D0252,dan,
D0252,dada,
D0252,Korban,
D0252,diduga,
D0252,dibunuh,
D0252,di,
D0252,sekitaran,
D0252,Medan,
D0252,Tuntungan,
D0252,karena,
D0252,ditemukan,
D0252,ada,
D0252,bercak,
D0252,darah,
D0252,di,
D0252,lokasi,
D0252,tersebut,
D0252,Diduga,
D0252,di,
D0252,Tuntungan,
D0252,persisnya,
D0252,saya,
D0252,kurang,
D0252,tahu,
D0252,ada,
D0252,bercak,
D0252,darah,
D0252,di,
D0252,sana,
D0252,Pas,
D0252,ditemukan,
D0252,kondisinya,
D0252,sudah,
D0252,meninggal,
D0252,ada,
D0252,lukaluka,
D0252,sajam,
D0252,di,
D0252,sini,
D0252,dada,
D0252,sini,
D0252,lagi,
D0252,leher,
D0252,sama,
D0252,sini,
D0252,perut,
D0252,kata,
D0252,Luhut,
D0252,Sementara,
D0252,itu,
D0252,kata,
D0252,Luhut,
D0252,mobil,
D0252,korban,
D0252,ditemukan,
D0252,di,
D0252,daerah,
D0252,Jalan,
D0252,Jamin,
D0252,Ginting,
D0252,Kelurahan,
D0252,Mangga,
D0252,Luhut,
D0252,menyebut,
D0252,lokasi,
D0252,penemuan,
D0252,antara,
D0252,jasad,
D0252,korban,
D0252,dengan,
D0252,mobil,
D0252,korban,
D0252,tersebut,
D0252,cukup,
D0252,jauh,
D0253,Polda,
D0253,Sumut,
D0253,dan,
D0253,polres,
D0253,jajaran,
D0253,meringkus,
D0253,sebanyak,
D0253,37,
D0253,pelaku,
D0253,narkoba,
D0253,dalam,
D0253,waktu,
D0253,sekitar,
D0253,dua,
D0253,bulan,
D0253,Selain,
D0253,itu,
D0253,ada,
D0253,97,
D0253,kilogram,
D0253,sabusabu,
D0253,yang,
D0253,turut,
D0253,disita,
D0253,selama,
D0253,periode,
D0253,itu,
D0253,Kapolda,
D0253,Sumut,
D0253,Irjen,
D0253,Whisnu,
D0253,Hermawan,
D0253,Februanto,
D0253,mengatakan,
D0253,37,
D0253,tersangka,
D0253,itu,
D0253,terdiri,
D0253,dari,
D0253,25,
D0253,kasus,
D0253,Periode,
D0253,pengungkapan,
D0253,itu,
D0253,dilakukan,
D0253,dalam,
D0253,kurun,
D0253,waktu,
D0253,sekitar,
D0253,dua,
D0253,bulan,
D0253,mulai,
D0253,dari,
D0253,27,
D0253,Desember,
D0253,2024,
D0253,hingga,
D0253,23,
D0253,Februari,
D0253,2025,
D0253,Dalam,
D0253,dua,
D0253,bulan,
D0253,terakhir,
D0253,kita,
D0253,telah,
D0253,berhasil,
D0253,mengungkap,
D0253,25,
D0253,perkara,
D0253,dengan,
D0253,37,
D0253,tersangka,
D0253,Namun,
D0253,yang,
D0253,saya,
D0253,tonjolkan,
D0253,adalah,
D0253,rekanrekan,
D0253,kita,
D0253,di,
D0253,polres,
D0253,telah,
D0253,berhasil,
D0253,melakukan,
D0253,pengungkapan,
D0253,dengan,
D0253,barang,
D0253,bukti,
D0253,yang,
D0253,cukup,
D0253,banyak,
D0253,ini,
D0253,adalah,
D0253,hasil,
D0253,kolaborasi,
D0253,antara,
D0253,polda,
D0253,dan,
D0253,polres,
D0253,jajaran,
D0253,kata,
D0253,Whisnu,
D0253,saat,
D0253,paparan,
D0253,di,
D0253,Polda,
D0253,Sumut,
D0253,Senin,
D0253,2422025,
D0253,SCROLL,
D0253,TO,
D0253,CONTINUE,
D0253,WITH,
D0253,CONTENT,
D0253,Whisnu,
D0253,menjelaskan,
D0253,bahwa,
D0253,jumlah,
D0253,tersebut,
D0253,merupakan,
D0253,pengungkapan,
D0253,gabungan,
D0253,antara,
D0253,Polda,
D0253,Sumut,
D0253,Polres,
D0253,Asahan,
D0253,Polres,
D0253,Batu,
D0253,Bara,
D0253,Polrestabes,
D0253,Medan,
D0253,dan,
D0253,Ditpolairud,
D0253,Polda,
D0253,Sumut,
D0253,Rinciannya,
D0253,Ditresnarkoba,
D0253,Polda,
D0253,Sumut,
D0253,menangkap,
D0253,sebanyak,
D0253,33,
D0253,tersangka,
D0253,dan,
D0253,yang,
D0253,lainnya,
D0253,masingmasing,
D0253,satu,
D0253,tersangka,
D0253,Narkoba,
D0253,adalah,
D0253,penjahat,
D0253,saya,
D0253,perang,
D0253,terhadap,
D0253,narkoba,
D0253,saya,
D0253,tidak,
D0253,mau,
D0253,mainmain,
D0253,dengan,
D0253,narkoba,
D0253,Ada,
D0253,tuh,
D0253,di,
D0253,belakang,
D0253,menunjuk,
D0253,ke,
D0253,para,
D0253,pelaku,
D0253,itu,
D0253,kenapa,
D0253,diperban,
D0253,kakinya,
D0253,sementara,
D0253,masih,
D0253,baik,
D0253,itu,
D0253,nanti,
D0253,kalau,
D0253,sudah,
D0253,apalagi,
D0253,saya,
D0253,tidak,
D0253,ragu,
D0253,ragu,
D0253,menindak,
D0253,pelaku,
D0253,tidak,
D0253,ada,
D0253,tempat,
D0253,pelaku,
D0253,narkoba,
D0253,di,
D0253,Sumut,
D0253,jelasnya,
D0253,Dirresnarkoba,
D0253,Polda,
D0253,Sumut,
D0253,Kombes,
D0253,Yemi,
D0253,Mandagi,
D0253,mengatakan,
D0253,ada,
D0253,sebanyak,
D0253,97,
D0253,kilogram,
D0253,sabusabu,
D0253,38,
D0253,gram,
D0253,ganja,
D0253,dan,
D0253,2180,
D0253,butir,
D0253,ekstasi,
D0253,yang,
D0253,diamankan,
D0253,selama,
D0253,periode,
D0253,tersebut,
D0253,Jumlah,
D0253,tersebut,
D0253,di,
D0253,antaranya,
D0253,adalah,
D0253,penangkapan,
D0253,10,
D0253,kg,
D0253,sabusabu,
D0253,di,
D0253,Asahan,
D0253,dan,
D0253,Batu,
D0253,Bara,
D0253,serta,
D0253,33,
D0253,kg,
D0253,sabusabu,
D0253,yang,
D0253,ditangkap,
D0253,Polrestabes,
D0253,Medan,
D0253,Para,
D0253,pelaku,
D0253,yang,
D0253,diamankan,
D0253,ini,
D0253,terdiri,
D0253,dari,
D0253,jaringan,
D0253,lokal,
D0253,nasional,
D0253,dan,
D0253,internasional,
D0253,Ini,
D0253,ada,
D0253,jaringan,
D0253,lokal,
D0253,nasional,
D0253,dan,
D0253,juga,
D0253,internasional,
D0253,sebut,
D0253,Yemi,
D0253,Atas,
D0253,perbuatannya,
D0253,para,
D0253,pelaku,
D0253,dijerat,
D0253,UU,
D0253,Narkotika,
D0253,dengan,
D0253,ancaman,
D0253,hukuman,
D0253,mati,
D0253,penjara,
D0253,seumur,
D0253,hidup,
D0253,dan,
D0253,paling,
D0253,lama,
D0253,20,
D0253,tahun,
D0253,penjara,
D0254,Seorang,
D0254,guru,
D0254,ASN,
D0254,yang,
D0254,mengajar,
D0254,di,
D0254,SMPN,
D0254,4,
D0254,Seberang,
D0254,Kuantan,
D0254,Kuantan,
D0254,Singingi,
D0254,Riau,
D0254,bernama,
D0254,Jumiwarti,
D0254,51,
D0254,tewas,
D0254,digorok,
D0254,suami,
D0254,Kini,
D0254,polisi,
D0254,tengah,
D0254,memburu,
D0254,pelaku,
D0254,Kapolres,
D0254,Kuantan,
D0254,Singingi,
D0254,AKBP,
D0254,Angga,
D0254,Herlambang,
D0254,mengatakan,
D0254,selain,
D0254,korban,
D0254,terduga,
D0254,pelaku,
D0254,juga,
D0254,adalah,
D0254,ASN,
D0254,Saat,
D0254,ini,
D0254,masih,
D0254,diburu,
D0254,Terduga,
D0254,pelaku,
D0254,suami,
D0254,korban,
D0254,ASN,
D0254,juga,
D0254,Lagi,
D0254,kami,
D0254,kejar,
D0254,kata,
D0254,AKBP,
D0254,Angga,
D0254,Senin,
D0254,2422025,
D0254,SCROLL,
D0254,TO,
D0254,CONTINUE,
D0254,WITH,
D0254,CONTENT,
D0254,Angga,
D0254,mengungkap,
D0254,suami,
D0254,korban,
D0254,Elvis,
D0254,Ardi,
D0254,48,
D0254,kabur,
D0254,setelah,
D0254,menggorok,
D0254,istrinya,
D0254,Bahkan,
D0254,kaburnya,
D0254,Elvis,
D0254,terlihat,
D0254,jelas,
D0254,oleh,
D0254,sang,
D0254,anak,
D0254,ZK,
D0254,17,
D0254,Anaknya,
D0254,melihat,
D0254,kalau,
D0254,terduga,
D0254,pelaku,
D0254,ini,
D0254,pergi,
D0254,dengan,
D0254,motor,
D0254,meninggalkan,
D0254,rumah,
D0254,Langsung,
D0254,tancap,
D0254,gas,
D0254,kata,
D0254,Angga,
D0254,Diketahui,
D0254,Juniwarti,
D0254,ditemukan,
D0254,tewas,
D0254,oleh,
D0254,anaknya,
D0254,di,
D0254,kamar,
D0254,Korban,
D0254,ditemukan,
D0254,sekitar,
D0254,pukul,
D0254,0730,
D0254,WIB,
D0254,Saat,
D0254,ditemukan,
D0254,korban,
D0254,tewas,
D0254,bersimbah,
D0254,darah,
D0254,Ada,
D0254,luka,
D0254,bekas,
D0254,senjata,
D0254,tajam,
D0254,di,
D0254,leher,
D0254,korban,
D0254,yang,
D0254,tergeletak,
D0254,dan,
D0254,ditemukan,
D0254,sebilah,
D0254,golok,
D0254,Tewasnya,
D0254,korban,
D0254,membuat,
D0254,geger,
D0254,warga,
D0254,setempat,
D0254,Mengingat,
D0254,korban,
D0254,merupakan,
D0254,guru,
D0254,SMPN,
D0255,Kepala,
D0255,Desa,
D0255,Kades,
D0255,Boni,
D0255,Dominggus,
D0255,Fanggi,
D0255,45,
D0255,babak,
D0255,belur,
D0255,dikeroyok,
D0255,sejumlah,
D0255,pemuda,
D0255,di,
D0255,Jalan,
D0255,Raya,
D0255,Dusun,
D0255,Longgo,
D0255,Desa,
D0255,Busalangga,
D0255,Timur,
D0255,Kecamatan,
D0255,Rote,
D0255,Barat,
D0255,Laut,
D0255,Kabupaten,
D0255,Rote,
D0255,Ndao,
D0255,Nusa,
D0255,Tenggara,
D0255,Timur,
D0255,NTT,
D0255,sekitar,
D0255,pukul,
D0255,0100,
D0255,Wita,
D0255,Minggu,
D0255,2332025,
D0255,Korban,
D0255,adalah,
D0255,Kepala,
D0255,Desa,
D0255,Boni,
D0255,Kecamatan,
D0255,Loaholu,
D0255,Rote,
D0255,Ndao,
D0255,Tapi,
D0255,korban,
D0255,sonde,
D0255,tidak,
D0255,pastikan,
D0255,jumlah,
D0255,pelakunya,
D0255,berapa,
D0255,orang,
D0255,Dia,
D0255,hanya,
D0255,bilang,
D0255,ada,
D0255,tujuh,
D0255,motor,
D0255,dan,
D0255,juga,
D0255,berboncengan,
D0255,ujar,
D0255,Kapolsek,
D0255,Rote,
D0255,Barat,
D0255,Laut,
D0255,Ipda,
D0255,Andri,
D0255,Pah,
D0255,Senin,
D0255,siang,
D0255,Andri,
D0255,menuturkan,
D0255,kejadian,
D0255,itu,
D0255,berawal,
D0255,saat,
D0255,Dominggus,
D0255,keluar,
D0255,dari,
D0255,rumahnya,
D0255,pada,
D0255,pukul,
D0255,2130,
D0255,Wita,
D0255,dengan,
D0255,mengendarai,
D0255,sepeda,
D0255,motor,
D0255,Dia,
D0255,hendak,
D0255,pergi,
D0255,bertemu,
D0255,dengan,
D0255,rekannya,
D0255,Abet,
D0255,Modok,
D0255,di,
D0255,Desa,
D0255,Busalangga,
D0255,Timur,
D0255,SCROLL,
D0255,TO,
D0255,CONTINUE,
D0255,WITH,
D0255,CONTENT,
D0255,Namun,
D0255,setiba,
D0255,di,
D0255,rumahnya,
D0255,Abet,
D0255,tidak,
D0255,ada,
D0255,Dominggus,
D0255,kemudian,
D0255,bergegas,
D0255,pulang,
D0255,ke,
D0255,rumahnya,
D0255,Namun,
D0255,ketika,
D0255,tiba,
D0255,di,
D0255,lokasi,
D0255,kejadian,
D0255,datanglah,
D0255,para,
D0255,pemuda,
D0255,itu,
D0255,yang,
D0255,sedang,
D0255,berboncengan,
D0255,dengan,
D0255,tujuh,
D0255,motor,
D0255,Jadi,
D0255,para,
D0255,terduga,
D0255,pelaku,
D0255,itu,
D0255,berboncengan,
D0255,sambil,
D0255,zigzag,
D0255,di,
D0255,jalan,
D0255,raya,
D0255,Sehingga,
D0255,korban,
D0255,menegur,
D0255,mereka,
D0255,tutur,
D0255,Andri,
D0255,Para,
D0255,pemuda,
D0255,itu,
D0255,Andri,
D0255,melanjutkan,
D0255,kemudian,
D0255,turun,
D0255,dari,
D0255,sepeda,
D0255,motornya,
D0255,dan,
D0255,langsung,
D0255,mengeroyok,
D0255,Dominggus,
D0255,dengan,
D0255,cara,
D0255,memukul,
D0255,dan,
D0255,menendangnya,
D0255,berulang,
D0255,kali,
D0255,hingga,
D0255,terjatuh,
D0255,Saat,
D0255,itu,
D0255,Dominggus,
D0255,berteriak,
D0255,meminta,
D0255,pertolongan,
D0255,kepada,
D0255,warga,
D0255,setempat,
D0255,Para,
D0255,pelaku,
D0255,akhirnya,
D0255,berhenti,
D0255,mengeroyok,
D0255,Dominggus,
D0255,Mereka,
D0255,kemudian,
D0255,kabur,
D0255,meninggalkan,
D0255,lokasi,
D0255,kejadian,
D0255,Dominggus,
D0255,langsung,
D0255,menuju,
D0255,ke,
D0255,Polsek,
D0255,Rote,
D0255,Barat,
D0255,Laut,
D0255,untuk,
D0255,membuat,
D0255,laporan,
D0255,polisi,
D0255,Kami,
D0255,sangat,
D0255,maksimal,
D0255,dalam,
D0255,pengungkapan,
D0255,tindak,
D0255,pidana,
D0255,ini,
D0255,agar,
D0255,adanya,
D0255,efek,
D0255,jera,
D0255,bagi,
D0255,para,
D0255,pelaku,
D0255,dan,
D0255,mencegah,
D0255,terulang,
D0255,kembali,
D0255,peristiwa,
D0255,seperti,
D0255,ini,
D0255,jelas,
D0255,Andri,
D0255,Andri,
D0255,mengimbau,
D0255,kepada,
D0255,masyarakat,
D0255,agar,
D0255,tetap,
D0255,tenang,
D0255,dan,
D0255,tidak,
D0255,mudah,
D0255,terprovokasi,
D0255,Dia,
D0255,meminta,
D0255,masyarakat,
D0255,agar,
D0255,melihat,
D0255,atau,
D0255,menyaksikan,
D0255,kejadian,
D0255,itu,
D0255,dapat,
D0255,memberikan,
D0255,informasi,
D0255,kepada,
D0255,polisi,
D0255,Sehingga,
D0255,kami,
D0255,cepat,
D0255,menangkap,
D0255,mereka,
D0255,untuk,
D0255,diproses,
D0255,hukum,
D0255,Saya,
D0255,pastikan,
D0255,mereka,
D0255,segera,
D0255,ditangkap,
D0255,pungkas,
D0255,Andri,
D0256,Guru,
D0256,SMPN,
D0256,4,
D0256,Seberang,
D0256,Taluk,
D0256,Kuantan,
D0256,Singingi,
D0256,Riau,
D0256,Juniwarti,
D0256,ditemukan,
D0256,tewas,
D0256,bersimbah,
D0256,darah,
D0256,PNS,
D0256,itu,
D0256,tewas,
D0256,digorok,
D0256,suaminya,
D0256,sendiri,
D0256,yakni,
D0256,Elvis,
D0256,Ardi,
D0256,48,
D0256,Kapolres,
D0256,Kuantan,
D0256,Singingi,
D0256,AKBP,
D0256,Angga,
D0256,Herlambang,
D0256,mengatakan,
D0256,mayat,
D0256,korban,
D0256,pertama,
D0256,kali,
D0256,ditemukan,
D0256,anak,
D0256,korban,
D0256,ZK,
D0256,17,
D0256,Saat,
D0256,itu,
D0256,anak,
D0256,korban,
D0256,keluar,
D0256,kamar,
D0256,setelah,
D0256,mendengar,
D0256,sepeda,
D0256,motor,
D0256,pergi,
D0256,SCROLL,
D0256,TO,
D0256,CONTINUE,
D0256,WITH,
D0256,CONTENT,
D0256,Diketahui,
D0256,sekitar,
D0256,pukul,
D0256,0705,
D0256,WIB,
D0256,setelah,
D0256,anak,
D0256,korban,
D0256,keluar,
D0256,dari,
D0256,kamar,
D0256,mendengar,
D0256,bunyi,
D0256,sepeda,
D0256,motor,
D0256,Dia,
D0256,melihat,
D0256,motor,
D0256,itu,
D0256,dibawa,
D0256,ayahnya,
D0256,kata,
D0256,Angga,
D0256,Herlambang,
D0256,Senin,
D0256,2422025,
D0256,ZK,
D0256,heran,
D0256,karena,
D0256,sang,
D0256,ayah,
D0256,keluar,
D0256,rumah,
D0256,langsung,
D0256,tancap,
D0256,gas,
D0256,Saat,
D0256,dilihat,
D0256,ke,
D0256,kamar,
D0256,ternyata,
D0256,korban,
D0256,sudah,
D0256,bersimbah,
D0256,darah,
D0256,Anak,
D0256,korban,
D0256,melihat,
D0256,ke,
D0256,kamar,
D0256,ibunya,
D0256,dan,
D0256,dijumpai,
D0256,ibunya,
D0256,sudah,
D0256,dalam,
D0256,keadaan,
D0256,leher,
D0256,tergorok,
D0256,Tidak,
D0256,bernyawa,
D0256,lagi,
D0256,kata,
D0256,Angga,
D0256,Kemudian,
D0256,ZK,
D0256,memanggil,
D0256,saksi,
D0256,lain,
D0256,untuk,
D0256,minta,
D0256,bantuan,
D0256,Polisi,
D0256,yang,
D0256,mendapatkan,
D0256,laporan,
D0256,langsung,
D0256,ke,
D0256,rumah,
D0256,korban,
D0256,di,
D0256,LK,
D0256,Sinambek,
D0256,Sungai,
D0256,Jering,
D0256,Kuantan,
D0256,Tengah,
D0256,Menurut,
D0256,keterangan,
D0256,anak,
D0256,korban,
D0256,kedua,
D0256,orang,
D0256,tuanya,
D0256,sering,
D0256,cekcok,
D0256,Bahkan,
D0256,saat,
D0256,kejadian,
D0256,ia,
D0256,sedang,
D0256,bersiap,
D0256,berangkat,
D0256,ke,
D0256,sekolah,
D0256,Ayah,
D0256,ZK,
D0256,berinisial,
D0256,EA,
D0256,ini,
D0256,sering,
D0256,cekcok,
D0256,Jadi,
D0256,tadi,
D0256,pagi,
D0256,ZK,
D0256,mau,
D0256,pergi,
D0256,ke,
D0256,sekolah,
D0256,karena,
D0256,hujan,
D0256,menunggu,
D0256,di,
D0256,kamar,
D0256,tetapi,
D0256,terdengar,
D0256,ayahnya,
D0256,keluar,
D0256,langsung,
D0256,lihat,
D0256,kata,
D0256,Angga,
D0256,ZK,
D0256,pun,
D0256,sempat,
D0256,meminta,
D0256,pertolongan,
D0256,ke,
D0256,saksi,
D0256,lain,
D0256,Bahkan,
D0256,ZK,
D0256,sempat,
D0256,minta,
D0256,agar,
D0256,saksi,
D0256,bernama,
D0256,Melda,
D0256,menghidupkan,
D0256,lagi,
D0256,ibunya,
D0256,Anak,
D0256,sempat,
D0256,mendatangi,
D0256,saksi,
D0256,ML,
D0256,dengan,
D0256,mengatakan,
D0256,Kak,
D0256,bisa,
D0256,hidupkan,
D0256,ibu,
D0256,saya,
D0256,kembali,
D0256,Lalu,
D0256,saksi,
D0256,ML,
D0256,ini,
D0256,melihat,
D0256,ke,
D0256,rumah,
D0256,korban,
D0256,dan,
D0256,menanyakan,
D0256,ke,
D0256,ZK,
D0256,Mana,
D0256,bapak,
D0256,anaknya,
D0256,bilang,
D0256,Bapak,
D0256,tak,
D0256,ada,
D0256,gunanya,
D0256,kak,
D0256,sambil,
D0256,menangis,
D0256,kata,
D0256,Angga,
D0256,Saat,
D0256,ini,
D0256,tim,
D0256,Inafis,
D0256,Polres,
D0256,Kuansing,
D0256,dipimpin,
D0256,KBO,
D0256,Sat,
D0256,Reskrim,
D0256,Polres,
D0256,Kuansing,
D0256,sudah,
D0256,ke,
D0256,lokasi,
D0256,Tim,
D0256,membawa,
D0256,korban,
D0256,ke,
D0256,rumah,
D0256,sakit,
D0256,Bhayangkara,
D0256,di,
D0256,Pekanbaru,
D0256,dan,
D0256,sudah,
D0256,mengamankan,
D0256,sejumlah,
D0256,barang,
D0256,bukti,
D0256,Barang,
D0256,bukti,
D0256,ada,
D0256,sebila,
D0256,parang,
D0256,dengan,
D0256,panjang,
D0256,lebih,
D0256,kurang,
D0256,50,
D0256,cm,
D0256,Saat,
D0256,ini,
D0256,Korban,
D0256,dibawa,
D0256,ke,
D0256,Rumah,
D0256,Sakit,
D0256,Bhayangkara,
D0256,Pekanbaru,
D0256,untuk,
D0256,dilakukan,
D0256,autopsi,
D0256,kata,
D0256,Angga,
D0257,Seorang,
D0257,pria,
D0257,bernama,
D0257,Andi,
D0257,alias,
D0257,Gundik,
D0257,46,
D0257,nekat,
D0257,mencuri,
D0257,mesin,
D0257,pompa,
D0257,air,
D0257,milik,
D0257,Vihara,
D0257,Satya,
D0257,Buddha,
D0257,Visudhi,
D0257,di,
D0257,Jalan,
D0257,Pabrik,
D0257,Tenun,
D0257,Kecamatan,
D0257,Medan,
D0257,Petisah,
D0257,Kota,
D0257,Medan,
D0257,Uang,
D0257,hasil,
D0257,kejahatan,
D0257,itu,
D0257,digunakan,
D0257,pelaku,
D0257,untuk,
D0257,membeli,
D0257,narkoba,
D0257,Kapolsek,
D0257,Medan,
D0257,Baru,
D0257,Kompol,
D0257,Hendrik,
D0257,Aritonang,
D0257,menyebut,
D0257,peristiwa,
D0257,itu,
D0257,terjadi,
D0257,pada,
D0257,Minggu,
D0257,1622025,
D0257,sekira,
D0257,pukul,
D0257,0350,
D0257,WIB,
D0257,Pelaku,
D0257,mencuri,
D0257,pompa,
D0257,mesin,
D0257,air,
D0257,itu,
D0257,dengan,
D0257,cara,
D0257,memanjat,
D0257,pagar,
D0257,vihara,
D0257,Kerugiannya,
D0257,satu,
D0257,pompa,
D0257,mesin,
D0257,air,
D0257,merek,
D0257,Shimizu,
D0257,kata,
D0257,Hendrik,
D0257,Senin,
D0257,242,
D0257,SCROLL,
D0257,TO,
D0257,CONTINUE,
D0257,WITH,
D0257,CONTENT,
D0257,Atas,
D0257,kejadian,
D0257,itu,
D0257,pihak,
D0257,vihara,
D0257,membuat,
D0257,laporan,
D0257,ke,
D0257,Polsek,
D0257,Medan,
D0257,Baru,
D0257,pada,
D0257,Rabu,
D0257,192,
D0257,Pihak,
D0257,kepolisian,
D0257,pun,
D0257,menyelidiki,
D0257,kasus,
D0257,tersebut,
D0257,dan,
D0257,menangkap,
D0257,pelaku,
D0257,pada,
D0257,Sabtu,
D0257,222,
D0257,di,
D0257,Jalan,
D0257,Ayahanda,
D0257,Kecamatan,
D0257,Medan,
D0257,Petisah,
D0257,Berdasarkan,
D0257,informasi,
D0257,bahwa,
D0257,pelaku,
D0257,pencurian,
D0257,terlihat,
D0257,di,
D0257,pinggir,
D0257,jalan,
D0257,Lalu,
D0257,pada,
D0257,saat,
D0257,diamankan,
D0257,pelaku,
D0257,melakukan,
D0257,perlawanan,
D0257,sehingga,
D0257,dapat,
D0257,diamankan,
D0257,petugas,
D0257,Saat,
D0257,diinterogasi,
D0257,pelaku,
D0257,mengaku,
D0257,mencuri,
D0257,mesin,
D0257,pompa,
D0257,air,
D0257,di,
D0257,vihara,
D0257,tersebut,
D0257,jelasnya,
D0257,Pihak,
D0257,kepolisian,
D0257,pun,
D0257,melakukan,
D0257,pengembangan,
D0257,kasus,
D0257,tersebut,
D0257,ke,
D0257,Jalan,
D0257,Pengayoman,
D0257,Namun,
D0257,saat,
D0257,itu,
D0257,pelaku,
D0257,mencoba,
D0257,melarikan,
D0257,diri,
D0257,hingga,
D0257,terpaksa,
D0257,ditembak,
D0257,petugas,
D0257,di,
D0257,bagian,
D0257,kaki,
D0257,Pelaku,
D0257,berusaha,
D0257,melarikan,
D0257,diri,
D0257,sehingga,
D0257,setelah,
D0257,dua,
D0257,kali,
D0257,melepaskan,
D0257,tembakan,
D0257,peringatan,
D0257,petugas,
D0257,melakukan,
D0257,tindakan,
D0257,tegas,
D0257,terukur,
D0257,dengan,
D0257,menembak,
D0257,kaki,
D0257,tersangka,
D0257,kata,
D0257,Hendrik,
D0257,Kanit,
D0257,Reskrim,
D0257,Polsek,
D0257,Medan,
D0257,Baru,
D0257,Iptu,
D0257,Dian,
D0257,Simangunsong,
D0257,mengatakan,
D0257,mesin,
D0257,pompa,
D0257,air,
D0257,itu,
D0257,sudah,
D0257,dijual,
D0257,oleh,
D0257,pelaku,
D0257,Saat,
D0257,ini,
D0257,mesin,
D0257,tersebut,
D0257,masih,
D0257,dalam,
D0257,pencarian,
D0257,pihak,
D0257,kepolisian,
D0257,Sudah,
D0257,dijual,
D0257,masih,
D0257,dalam,
D0257,proses,
D0257,pencarian,
D0257,ujarnya,
D0257,Dian,
D0257,belum,
D0257,memerinci,
D0257,berapa,
D0257,mesin,
D0257,pompa,
D0257,air,
D0257,itu,
D0257,dijual,
D0257,oleh,
D0257,pelaku,
D0257,Namun,
D0257,kata,
D0257,Dian,
D0257,uang,
D0257,tersebut,
D0257,digunakan,
D0257,pelaku,
D0257,untuk,
D0257,membeli,
D0257,narkoba,
D0257,Dipakai,
D0257,beli,
D0257,narkoba,
D0257,jelas,
D0257,Dian,
D0258,Polisi,
D0258,menemukan,
D0258,titik,
D0258,terang,
D0258,perampok,
D0258,yang,
D0258,menyasar,
D0258,rumah,
D0258,Nomor,
D0258,6,
D0258,di,
D0258,Blok,
D0258,III,
D0258,Perumahan,
D0258,Kori,
D0258,Nuansa,
D0258,Barat,
D0258,Kelurahan,
D0258,Jimbaran,
D0258,Kuta,
D0258,Selatan,
D0258,Kabupaten,
D0258,Badung,
D0258,Perampok,
D0258,itu,
D0258,membunuh,
D0258,seorang,
D0258,penghuni,
D0258,rumah,
D0258,bernama,
D0258,Kartini,
D0258,57,
D0258,pukul,
D0258,0310,
D0258,Wita,
D0258,Minggu,
D0258,2322025,
D0258,Anak,
D0258,Kartini,
D0258,Dika,
D0258,25,
D0258,mengalami,
D0258,luka,
D0258,parah,
D0258,dianiaya,
D0258,pelaku,
D0258,Kapolsek,
D0258,Kuta,
D0258,Selatan,
D0258,Kompol,
D0258,I,
D0258,Gusti,
D0258,Ngurah,
D0258,Yudistira,
D0258,mengatakan,
D0258,polisi,
D0258,sudah,
D0258,memburu,
D0258,keberadaan,
D0258,pelaku,
D0258,sejak,
D0258,awal,
D0258,dilaporkan,
D0258,Empat,
D0258,mobil,
D0258,polisi,
D0258,menyebar,
D0258,di,
D0258,sekitar,
D0258,permukiman,
D0258,itu,
D0258,seusai,
D0258,laporan,
D0258,diterima,
D0258,Polisi,
D0258,juga,
D0258,sudah,
D0258,mendatangi,
D0258,rumah,
D0258,Kartini,
D0258,Ya,
D0258,masih,
D0258,kami,
D0258,selidiki,
D0258,Sempat,
D0258,kami,
D0258,kirim,
D0258,empat,
D0258,armada,
D0258,empat,
D0258,mobil,
D0258,polisi,
D0258,kata,
D0258,Yudistira,
D0258,ditemui,
D0258,detikBali,
D0258,SCROLL,
D0258,TO,
D0258,CONTINUE,
D0258,WITH,
D0258,CONTENT,
D0258,Seusai,
D0258,tiba,
D0258,di,
D0258,rumah,
D0258,Kartini,
D0258,polisi,
D0258,langsung,
D0258,melakukan,
D0258,penyelidikan,
D0258,Sejumlah,
D0258,saksi,
D0258,seperti,
D0258,tetangga,
D0258,Kartini,
D0258,dan,
D0258,kuli,
D0258,bangunan,
D0258,rekan,
D0258,seprofesi,
D0258,terduga,
D0258,perampok,
D0258,turut,
D0258,diperiksa,
D0258,Setelah,
D0258,meminta,
D0258,keterangan,
D0258,sejumlah,
D0258,saksi,
D0258,ciriciri,
D0258,perampok,
D0258,itu,
D0258,menjadi,
D0258,bekal,
D0258,polisi,
D0258,memburunya,
D0258,Hanya,
D0258,saja,
D0258,Yudistira,
D0258,enggan,
D0258,membeberkan,
D0258,lebih,
D0258,jauh,
D0258,soal,
D0258,perburuan,
D0258,itu,
D0258,Terkait,
D0258,barang,
D0258,apa,
D0258,saja,
D0258,yang,
D0258,digasak,
D0258,perampok,
D0258,saat,
D0258,menyatroni,
D0258,rumah,
D0258,Kartini,
D0258,Yudistira,
D0258,juga,
D0258,masih,
D0258,irit,
D0258,bicara,
D0258,Motif,
D0258,belum,
D0258,dapat,
D0258,diketahui,
D0258,selama,
D0258,perampoknya,
D0258,belum,
D0258,tertangkap,
D0258,Yang,
D0258,pasti,
D0258,beberapa,
D0258,saksi,
D0258,sudah,
D0258,kami,
D0258,periksa,
D0258,Tapi,
D0258,kami,
D0258,belum,
D0258,dapat,
D0258,memastikan,
D0258,apa,
D0258,yang,
D0258,hilang,
D0258,Motifnya,
D0258,juga,
D0258,masih,
D0258,kami,
D0258,dalami,
D0258,kata,
D0258,Yudistira,
D0258,Pak,
D0258,Jo,
D0258,50,
D0258,begitu,
D0258,nama,
D0258,panggilannya,
D0258,adalah,
D0258,tetangga,
D0258,yang,
D0258,sempat,
D0258,dimintai,
D0258,tolong,
D0258,oleh,
D0258,anak,
D0258,Kartini,
D0258,Dika,
D0258,Setelah,
D0258,tahu,
D0258,tetangganya,
D0258,baru,
D0258,saja,
D0258,dirampok,
D0258,dan,
D0258,dianiaya,
D0258,dia,
D0258,baru,
D0258,ingat,
D0258,ada,
D0258,proyek,
D0258,bangunan,
D0258,di,
D0258,belakang,
D0258,rumah,
D0258,Dika,
D0258,Jo,
D0258,teringat,
D0258,hal,
D0258,itu,
D0258,karena,
D0258,mendengar,
D0258,suara,
D0258,seperti,
D0258,orang,
D0258,melompat,
D0258,dan,
D0258,jatuh,
D0258,dari,
D0258,ketinggian,
D0258,Lalu,
D0258,Jo,
D0258,bergegas,
D0258,menuju,
D0258,lokasi,
D0258,proyek,
D0258,bangunan,
D0258,itu,
D0258,Awalnya,
D0258,dirinya,
D0258,tidak,
D0258,mendapati,
D0258,seorang,
D0258,pun,
D0258,di,
D0258,lokasi,
D0258,proyek,
D0258,bangunan,
D0258,itu,
D0258,Tak,
D0258,lama,
D0258,dia,
D0258,melihat,
D0258,ada,
D0258,tiga,
D0258,kuli,
D0258,bangunan,
D0258,Mulailah,
D0258,Jo,
D0258,bertanya,
D0258,apakah,
D0258,ada,
D0258,orang,
D0258,yang,
D0258,melompat,
D0258,dan,
D0258,lari,
D0258,melewati,
D0258,proyek,
D0258,bangunan,
D0258,itu,
D0258,Lalu,
D0258,Jo,
D0258,melihat,
D0258,ada,
D0258,yang,
D0258,duduk,
D0258,satu,
D0258,Saya,
D0258,tanya,
D0258,berapa,
D0258,orang,
D0258,yang,
D0258,tinggal,
D0258,di,
D0258,proyek,
D0258,bangunan,
D0258,itu,
D0258,Dijawab,
D0258,tiga,
D0258,orang,
D0258,Terus,
D0258,saya,
D0258,tanya,
D0258,ada,
D0258,suara,
D0258,teriakan,
D0258,ngakunya,
D0258,dia,
D0258,dengar,
D0258,kata,
D0258,Jo,
D0258,Terus,
D0258,saya,
D0258,tanyain,
D0258,ada,
D0258,orang,
D0258,lari,
D0258,ke,
D0258,sini,
D0258,Katanya,
D0258,ada,
D0258,teman,
D0258,saya,
D0258,Dia,
D0258,nggak,
D0258,ada,
D0258,tapi,
D0258,tibatiba,
D0258,ada,
D0258,di,
D0258,sini,
D0258,Dia,
D0258,ambil,
D0258,bajubajunya,
D0258,kata,
D0258,kuli,
D0258,bangunan,
D0258,yang,
D0258,di,
D0258,situ,
D0258,imbuhnya,
D0258,Setelah,
D0258,tahu,
D0258,itu,
D0258,rekan,
D0258,kerja,
D0258,si,
D0258,perampok,
D0258,Jo,
D0258,meminta,
D0258,kuli,
D0258,bangunan,
D0258,itu,
D0258,menghubunginya,
D0258,Sempat,
D0258,dia,
D0258,melihat,
D0258,tampang,
D0258,si,
D0258,perampok,
D0258,itu,
D0258,dari,
D0258,profil,
D0258,foto,
D0258,WhatsApp,
D0258,di,
D0258,ponsel,
D0258,teman,
D0258,kuli,
D0258,bangunannya,
D0258,Warna,
D0258,kulit,
D0258,terang,
D0258,rambut,
D0258,cepak,
D0258,biasa,
D0258,postur,
D0258,tubuh,
D0258,agak,
D0258,kekar,
D0258,dan,
D0258,tinggi,
D0258,badan,
D0258,sekitar,
D0258,160,
D0258,sentimeter,
D0258,Jo,
D0258,mengaku,
D0258,diberi,
D0258,tahu,
D0258,Dika,
D0258,bahwa,
D0258,perampok,
D0258,itu,
D0258,kukunya,
D0258,panjang,
D0258,memakai,
D0258,jaket,
D0258,warna,
D0258,hitam,
D0258,dan,
D0258,celana,
D0258,pendek,
D0258,Pakai,
D0258,jaket,
D0258,hitam,
D0258,celana,
D0258,pendek,
D0258,badan,
D0258,tegap,
D0258,agak,
D0258,berotot,
D0258,Dia,
D0258,pendek,
D0258,masih,
D0258,muda,
D0258,orangnya,
D0258,Kukunya,
D0258,panjang,
D0258,rambut,
D0258,cepak,
D0258,biasa,
D0258,Tinggi,
D0258,sekitar,
D0258,160,
D0258,sentimeter,
D0258,ungkap,
D0258,Jo,
D0258,Jo,
D0258,sempat,
D0258,meminta,
D0258,kuli,
D0258,bangunan,
D0258,itu,
D0258,menghubungi,
D0258,terduga,
D0258,perampok,
D0258,itu,
D0258,Namun,
D0258,tak,
D0258,digubris,
D0258,Lalu,
D0258,kuli,
D0258,bangunan,
D0258,itu,
D0258,kembali,
D0258,menghubungi,
D0258,temannya,
D0258,dengan,
D0258,pesan,
D0258,WhatsApp,
D0258,Tak,
D0258,lama,
D0258,dia,
D0258,mendapat,
D0258,balasan,
D0258,pesan,
D0258,Whatsapp,
D0258,dari,
D0258,temannya,
D0258,itu,
D0258,yang,
D0258,mengatakan,
D0258,dia,
D0258,pergi,
D0258,ke,
D0258,Ubud,
D0258,Temannya,
D0258,sempat,
D0258,WhatsApp,
D0258,terduga,
D0258,pelaku,
D0258,Dibalas,
D0258,katanya,
D0258,ke,
D0258,Ubud,
D0258,Kerja,
D0258,di,
D0258,sini,
D0258,gaji,
D0258,kecil,
D0258,kata,
D0258,Jo,
D0258,Jo,
D0258,menjelaskan,
D0258,peristiwa,
D0258,berdarah,
D0258,itu,
D0258,berawal,
D0258,saat,
D0258,istri,
D0258,Jo,
D0258,sedang,
D0258,nongkrong,
D0258,seorang,
D0258,diri,
D0258,di,
D0258,teras,
D0258,rumahnya,
D0258,Pukul,
D0258,0310,
D0258,Wita,
D0258,istri,
D0258,Jo,
D0258,mendengar,
D0258,ada,
D0258,suara,
D0258,gaduh,
D0258,di,
D0258,rumah,
D0258,Kartini,
D0258,dan,
D0258,Dika,
D0258,Kartini,
D0258,awalnya,
D0258,tidak,
D0258,menggubris,
D0258,Dia,
D0258,hanya,
D0258,masih,
D0258,berpikir,
D0258,ada,
D0258,tetangganya,
D0258,di,
D0258,sebelah,
D0258,rumah,
D0258,Dika,
D0258,di,
D0258,sisi,
D0258,barat,
D0258,yang,
D0258,sedang,
D0258,cekcok,
D0258,Kemudian,
D0258,dia,
D0258,mendengar,
D0258,suara,
D0258,seperti,
D0258,ada,
D0258,benda,
D0258,dihantamkan,
D0258,ke,
D0258,benda,
D0258,lain,
D0258,Saat,
D0258,itu,
D0258,istri,
D0258,Jo,
D0258,belum,
D0258,sadar,
D0258,jika,
D0258,tetangga,
D0258,sebelah,
D0258,rumahnya,
D0258,sedang,
D0258,dirampok,
D0258,Barulah,
D0258,saat,
D0258,ada,
D0258,teriakan,
D0258,minta,
D0258,tolong,
D0258,istrinya,
D0258,bereaksi,
D0258,dan,
D0258,membangunkannya,
D0258,Kejadiannya,
D0258,jam,
D0258,0320,
D0258,Wita,
D0258,Anaknya,
D0258,Dika,
D0258,baru,
D0258,minta,
D0258,tolong,
D0258,jam,
D0258,4,
D0258,Ada,
D0258,suara,
D0258,gaduh,
D0258,Kayak,
D0258,orang,
D0258,berantem,
D0258,Ada,
D0258,suara,
D0258,minta,
D0258,tolong,
D0258,Baru,
D0258,istri,
D0258,saya,
D0258,lari,
D0258,panggil,
D0258,saya,
D0258,kata,
D0258,Jo,
D0258,Saat,
D0258,itu,
D0258,Dika,
D0258,berteriak,
D0258,minta,
D0258,tolong,
D0258,Jo,
D0258,menuturkan,
D0258,Dika,
D0258,meminta,
D0258,bantuan,
D0258,dirinya,
D0258,untuk,
D0258,menolong,
D0258,ibunya,
D0258,yang,
D0258,sedang,
D0258,sekarat,
D0258,di,
D0258,atas,
D0258,meja,
D0258,Sepertinya,
D0258,memang,
D0258,habis,
D0258,dirampok,
D0258,Tapi,
D0258,saya,
D0258,nggak,
D0258,tahu,
D0258,apakah,
D0258,ada,
D0258,barang,
D0258,yang,
D0258,hilang,
D0258,Si,
D0258,anaknya,
D0258,Dika,
D0258,nggak,
D0258,bisa,
D0258,ngomong,
D0258,karena,
D0258,masih,
D0258,trauma,
D0258,katanya,
D0258,Jo,
D0258,lalu,
D0258,bergegas,
D0258,mengeluarkan,
D0258,mobilnya,
D0258,dan,
D0258,membawa,
D0258,Kartini,
D0258,ke,
D0258,rumah,
D0258,sakit,
D0258,Sayang,
D0258,Kartini,
D0258,tewas,
D0258,sebelum,
D0258,sempat,
D0258,dievakuasi,
D0258,ke,
D0258,rumah,
D0258,sakit,
D0258,Dika,
D0258,juga,
D0258,menjadi,
D0258,korban,
D0258,penganiayaan,
D0258,oleh,
D0258,perampok,
D0258,itu,
D0258,meski,
D0258,tak,
D0258,sampai,
D0258,tewas,
D0258,Dia,
D0258,juga,
D0258,dievakuasi,
D0258,ke,
D0258,RS,
D0258,Bali,
D0258,Jimbaran,
D0258,untuk,
D0258,menjalani,
D0258,perawatan,
D0258,medis,
D0258,di,
D0258,wajahnya,
D0258,Anaknya,
D0258,ngaku,
D0258,dicekek,
D0258,Mukanya,
D0258,bonyok,
D0258,Mukanya,
D0258,memar,
D0258,semua,
D0258,tuturnya,
D0259,Kepala,
D0259,Desa,
D0259,Kades,
D0259,Ulak,
D0259,Segelung,
D0259,Ogan,
D0259,Ilir,
D0259,Sumatera,
D0259,Selatan,
D0259,Sumsel,
D0259,Muhammad,
D0259,alias,
D0259,Mamat,
D0259,ditusuk,
D0259,oleh,
D0259,warganya,
D0259,sendiri,
D0259,di,
D0259,hadapan,
D0259,keluarga,
D0259,saat,
D0259,merayakan,
D0259,ulang,
D0259,tahun,
D0259,anaknya,
D0259,Polisi,
D0259,kini,
D0259,memburu,
D0259,pelaku,
D0259,penusukan,
D0259,tersebut,
D0259,Kanit,
D0259,Reskrim,
D0259,Polsek,
D0259,Indralaya,
D0259,Ipda,
D0259,Agus,
D0259,Akbar,
D0259,mengatakan,
D0259,peristiwa,
D0259,tersebut,
D0259,terjadi,
D0259,pada,
D0259,Sabtu,
D0259,2222025,
D0259,sekitar,
D0259,pukul,
D0259,1300,
D0259,WIB,
D0259,Saat,
D0259,itu,
D0259,korban,
D0259,sedang,
D0259,merayakan,
D0259,ulang,
D0259,tahun,
D0259,anaknya,
D0259,Saat,
D0259,kejadian,
D0259,pelaku,
D0259,datang,
D0259,kemudian,
D0259,langsung,
D0259,menusuk,
D0259,korban,
D0259,menggunakan,
D0259,pisau,
D0259,di,
D0259,bagian,
D0259,punggung,
D0259,Usai,
D0259,menusuk,
D0259,pelaku,
D0259,langsung,
D0259,melarikan,
D0259,diri,
D0259,kata,
D0259,Agus,
D0259,Akbar,
D0259,Minggu,
D0259,2322025,
D0259,melansir,
D0259,detikSumbagsel,
D0259,SCROLL,
D0259,TO,
D0259,CONTINUE,
D0259,WITH,
D0259,CONTENT,
D0259,Agus,
D0259,mengatakan,
D0259,setelah,
D0259,korban,
D0259,ditusuk,
D0259,tamu,
D0259,undangan,
D0259,dan,
D0259,keluarga,
D0259,panik,
D0259,Korban,
D0259,juga,
D0259,langsung,
D0259,dilarikan,
D0259,ke,
D0259,rumah,
D0259,sakit,
D0259,terdekat,
D0259,dan,
D0259,saat,
D0259,ini,
D0259,dirujuk,
D0259,ke,
D0259,rumah,
D0259,sakit,
D0259,di,
D0259,Palembang,
D0259,Untuk,
D0259,motif,
D0259,dari,
D0259,kejadian,
D0259,ini,
D0259,masih,
D0259,didalami,
D0259,Identitas,
D0259,pelaku,
D0259,juga,
D0259,sudah,
D0259,kita,
D0259,kantongi,
D0259,ungkapnya,
D0259,Agus,
D0259,menuyebut,
D0259,pelaku,
D0259,penusukan,
D0259,tersebut,
D0259,merupakan,
D0259,residivis,
D0259,kasus,
D0259,kejahatan,
D0259,Pelaku,
D0259,sedang,
D0259,dalam,
D0259,pengejaran,
D0259,polisi,
D0259,Untuk,
D0259,pelaku,
D0259,sedang,
D0259,kita,
D0259,kejar,
D0259,pelaku,
D0259,ini,
D0259,residivis,
D0259,kasus,
D0259,kejahatan,
D0259,di,
D0259,Ogan,
D0259,Ilir,
D0259,jelasnya,
D0259,Sementara,
D0259,Kasat,
D0259,Reskrim,
D0259,Polres,
D0259,Ogan,
D0259,Ilir,
D0259,Muhammad,
D0259,Ilham,
D0259,mengatakan,
D0259,sudah,
D0259,mengetahui,
D0259,kasus,
D0259,tersebut,
D0259,dia,
D0259,mengatakan,
D0259,tim,
D0259,Reskrim,
D0259,Polres,
D0259,Ogan,
D0259,Ilir,
D0259,juga,
D0259,ikut,
D0259,melakukan,
D0259,pengejaran,
D0259,terhadap,
D0259,pelaku,
D0259,Ya,
D0259,kita,
D0259,monitor,
D0259,kasus,
D0259,itu,
D0259,sekarang,
D0259,juga,
D0259,pelaku,
D0259,sedang,
D0259,kita,
D0259,buru,
D0259,Jika,
D0259,ada,
D0259,info,
D0259,lebih,
D0259,lanjut,
D0259,akan,
D0259,kita,
D0259,sampaikan,
D0259,katanya,
D0260,Viral,
D0260,di,
D0260,media,
D0260,sosial,
D0260,seorang,
D0260,pria,
D0260,yang,
D0260,tengah,
D0260,mengendarai,
D0260,motor,
D0260,menembaki,
D0260,mobil,
D0260,di,
D0260,media,
D0260,sosial,
D0260,Terungkap,
D0260,pelaku,
D0260,penembakan,
D0260,itu,
D0260,adalah,
D0260,eks,
D0260,anggota,
D0260,TNI,
D0260,AL,
D0260,bernama,
D0260,Chandra,
D0260,yang,
D0260,hendak,
D0260,ditangkap,
D0260,gegara,
D0260,kasus,
D0260,narkoba,
D0260,dan,
D0260,mobil,
D0260,yang,
D0260,ditembak,
D0260,merupakan,
D0260,mobil,
D0260,polisi,
D0260,Berikut,
D0260,detikdetik,
D0260,penembakan,
D0260,tersebut,
D0260,Kasat,
D0260,Narkoba,
D0260,Polres,
D0260,Asahan,
D0260,AKP,
D0260,Mulyoto,
D0260,menjelaskan,
D0260,peristiwa,
D0260,itu,
D0260,terjadi,
D0260,di,
D0260,Perumahan,
D0260,Surya,
D0260,Mas,
D0260,Kabupaten,
D0260,Asahan,
D0260,Selasa,
D0260,182,
D0260,Awal,
D0260,mula,
D0260,kasus,
D0260,tersebut,
D0260,saat,
D0260,polisi,
D0260,mendapat,
D0260,informasi,
D0260,bahwa,
D0260,seorang,
D0260,pria,
D0260,bernama,
D0260,Ali,
D0260,Muda,
D0260,Nasution,
D0260,45,
D0260,memiliki,
D0260,narkoba,
D0260,jenis,
D0260,sabu,
D0260,Kemudian,
D0260,personel,
D0260,polisi,
D0260,menghubungi,
D0260,Ali,
D0260,dan,
D0260,berpurapura,
D0260,hendak,
D0260,membeli,
D0260,sabu,
D0260,sebanyak,
D0260,4,
D0260,Kg,
D0260,Disepakati,
D0260,harga,
D0260,sabu,
D0260,tersebut,
D0260,Rp,
D0260,230,
D0260,juta,
D0260,per,
D0260,kilogram,
D0260,SCROLL,
D0260,TO,
D0260,CONTINUE,
D0260,WITH,
D0260,CONTENT,
D0260,Pada,
D0260,saat,
D0260,itu,
D0260,kesepakatan,
D0260,harganya,
D0260,adalah,
D0260,Rp,
D0260,230000000,
D0260,per,
D0260,kilogram,
D0260,sehingga,
D0260,harga,
D0260,keseluruhan,
D0260,dari,
D0260,4,
D0260,kilogram,
D0260,narkotika,
D0260,jenis,
D0260,sabu,
D0260,tersebut,
D0260,sebesar,
D0260,Rp,
D0260,920000000,
D0260,kata,
D0260,AKP,
D0260,Mulyoto,
D0260,Jumat,
D0260,2122025,
D0260,Polisi,
D0260,dan,
D0260,pelaku,
D0260,Ali,
D0260,pun,
D0260,sepakat,
D0260,untuk,
D0260,melakukan,
D0260,transaksi,
D0260,di,
D0260,sebuah,
D0260,rumah,
D0260,di,
D0260,Kecamatan,
D0260,Datuk,
D0260,Bandar,
D0260,Kota,
D0260,Tanjungbalai,
D0260,Usai,
D0260,memastikan,
D0260,ada,
D0260,barang,
D0260,bukti,
D0260,sabu,
D0260,di,
D0260,lokasi,
D0260,polisi,
D0260,lalu,
D0260,menangkap,
D0260,Ali,
D0260,Sehingga,
D0260,tim,
D0260,opsnal,
D0260,langsung,
D0260,memasuki,
D0260,rumah,
D0260,tersebut,
D0260,dan,
D0260,melakukan,
D0260,penangkapan,
D0260,terhadap,
D0260,seorang,
D0260,lakilaki,
D0260,mengaku,
D0260,bernama,
D0260,Ali,
D0260,Muda,
D0260,Nasution,
D0260,dan,
D0260,melakukan,
D0260,penyitaan,
D0260,barang,
D0260,bukti,
D0260,berupa,
D0260,4,
D0260,bungkus,
D0260,plastik,
D0260,berwarna,
D0260,orange,
D0260,merk,
D0260,99,
D0260,DURIEN,
D0260,yang,
D0260,ditemukan,
D0260,di,
D0260,dalam,
D0260,sebuah,
D0260,tas,
D0260,di,
D0260,ruang,
D0260,tamu,
D0260,ujarnya,
D0260,Usai,
D0260,ditangkap,
D0260,saat,
D0260,diinterogasi,
D0260,Ali,
D0260,mengaku,
D0260,mendapat,
D0260,sabu,
D0260,itu,
D0260,dari,
D0260,Chandra,
D0260,alias,
D0260,Rudi,
D0260,yang,
D0260,merupakan,
D0260,eks,
D0260,TNI,
D0260,AL,
D0260,di,
D0260,Kisaran,
D0260,Kabupaten,
D0260,Asahan,
D0260,Polisi,
D0260,pun,
D0260,langsung,
D0260,ke,
D0260,rumah,
D0260,Chandra,
D0260,di,
D0260,Kisaran,
D0260,sambil,
D0260,membawa,
D0260,Ali,
D0260,Di,
D0260,lokasi,
D0260,rumah,
D0260,Chandra,
D0260,ternyata,
D0260,dalam,
D0260,keadaan,
D0260,terkunci,
D0260,Namun,
D0260,polisi,
D0260,meyakini,
D0260,bahwa,
D0260,Chandra,
D0260,berada,
D0260,di,
D0260,dalam,
D0260,rumah,
D0260,dan,
D0260,berupaya,
D0260,memancing,
D0260,Chandra,
D0260,untuk,
D0260,keluar,
D0260,Sekitar,
D0260,pukul,
D0260,1500,
D0260,WIB,
D0260,Chandra,
D0260,lalu,
D0260,terlihat,
D0260,keluar,
D0260,dari,
D0260,rumah,
D0260,menggunakan,
D0260,sepeda,
D0260,motor,
D0260,Personel,
D0260,polisi,
D0260,pun,
D0260,mencoba,
D0260,menghadang,
D0260,Chandra,
D0260,hingga,
D0260,Chandra,
D0260,yang,
D0260,mengenakan,
D0260,baju,
D0260,merah,
D0260,mengeluarkan,
D0260,pistol,
D0260,dari,
D0260,tasnya,
D0260,dan,
D0260,menembaki,
D0260,mobil,
D0260,tersebut,
D0260,Mobil,
D0260,tersebut,
D0260,terlihat,
D0260,mundur,
D0260,usai,
D0260,ditodongkan,
D0260,pistol,
D0260,dan,
D0260,ditembaki,
D0260,Usai,
D0260,melakukan,
D0260,penembakan,
D0260,pria,
D0260,berbaju,
D0260,merah,
D0260,itu,
D0260,pun,
D0260,melarikan,
D0260,diri,
D0260,Saudara,
D0260,Chandra,
D0260,alias,
D0260,Rudi,
D0260,langsung,
D0260,mengambil,
D0260,satu,
D0260,pucuk,
D0260,senjata,
D0260,api,
D0260,dari,
D0260,dalam,
D0260,tas,
D0260,sandang,
D0260,yang,
D0260,dipakainya,
D0260,yang,
D0260,kemudian,
D0260,langsung,
D0260,melakukan,
D0260,penembakan,
D0260,berkalikali,
D0260,ke,
D0260,arah,
D0260,tim,
D0260,opsnal,
D0260,ucapnya,
D0260,Polisi,
D0260,sudah,
D0260,melakukan,
D0260,tembakan,
D0260,peringatan,
D0260,Namun,
D0260,Chandra,
D0260,tetap,
D0260,melakukan,
D0260,penembakan,
D0260,ke,
D0260,arah,
D0260,mobil,
D0260,polisi,
D0260,dan,
D0260,kabur,
D0260,Sehingga,
D0260,tim,
D0260,opsnal,
D0260,menghindar,
D0260,dengan,
D0260,cara,
D0260,bersembunyi,
D0260,di,
D0260,balik,
D0260,mobil,
D0260,sambil,
D0260,melakukan,
D0260,tembakan,
D0260,peringatan,
D0260,namun,
D0260,saudara,
D0260,Chandra,
D0260,alias,
D0260,Rudi,
D0260,terus,
D0260,melakukan,
D0260,penembakan,
D0260,sambil,
D0260,melarikan,
D0260,diri,
D0260,ke,
D0260,arah,
D0260,Stadion,
D0260,Mutiara,
D0260,Kisaran,
D0260,dan,
D0260,tim,
D0260,opsnal,
D0260,melakukan,
D0260,pengejaran,
D0260,namun,
D0260,saudara,
D0260,Chandra,
D0260,alias,
D0260,Rudi,
D0260,berhasil,
D0260,melarikan,
D0260,diri,
D0260,ujarnya,
D0260,Polisi,
D0260,lalu,
D0260,menggeledah,
D0260,rumah,
D0260,Chandra,
D0260,dan,
D0260,menemukan,
D0260,6,
D0260,bungkus,
D0260,plastik,
D0260,berisi,
D0260,sabu,
D0260,1,
D0260,pucuk,
D0260,senjata,
D0260,api,
D0260,jenis,
D0260,Baretta,
D0260,dengan,
D0260,peluru,
D0260,262,
D0260,butir,
D0260,kaliber,
D0260,9,
D0260,mm,
D0260,dan,
D0260,100,
D0260,butir,
D0260,kaliber,
D0260,7,
D0260,mm,
D0260,Di,
D0260,dalam,
D0260,rumah,
D0260,diamankan,
D0260,seorang,
D0260,perempuan,
D0260,bernama,
D0260,Lisa,
D0260,menerangkan,
D0260,sebagai,
D0260,istri,
D0260,saudara,
D0260,Chandra,
D0260,alias,
D0260,Rudi,
D0260,yang,
D0260,kemudian,
D0260,dari,
D0260,dalam,
D0260,kamar,
D0260,ditemukan,
D0260,6,
D0260,bungkus,
D0260,plastik,
D0260,berwarna,
D0260,Orange,
D0260,merk,
D0260,99,
D0260,DURIEN,
D0260,berisi,
D0260,narkotika,
D0260,jenis,
D0260,sabu,
D0260,1,
D0260,pucuk,
D0260,senjata,
D0260,api,
D0260,jenis,
D0260,Baretta,
D0260,beserta,
D0260,amunisi,
D0260,sebutnya,
D0260,Menurut,
D0260,Ali,
D0260,ia,
D0260,ditugaskan,
D0260,Chandra,
D0260,untuk,
D0260,menjemput,
D0260,10,
D0260,kilogram,
D0260,sabu,
D0260,dari,
D0260,tengah,
D0260,laut,
D0260,pada,
D0260,Sabtu,
D0260,152,
D0260,pukul,
D0260,0100,
D0260,WIB,
D0260,dan,
D0260,diberikan,
D0260,upah,
D0260,Rp,
D0260,70,
D0260,juta,
D0260,jika,
D0260,berhasil,
D0260,menyerahkan,
D0260,sabu,
D0260,tersebut,
D0260,Ali,
D0260,Muda,
D0260,Nasution,
D0260,yang,
D0260,menjemput,
D0260,Narkotika,
D0260,jenis,
D0260,sabu,
D0260,tersebut,
D0260,sebanyak,
D0260,10,
D0260,kilogram,
D0260,dari,
D0260,laut,
D0260,dengan,
D0260,menggunakan,
D0260,boat,
D0260,atas,
D0260,perintah,
D0260,Chandra,
D0260,alias,
D0260,Rudi,
D0260,dengan,
D0260,upah,
D0260,Rp,
D0260,70000000,
D0260,bebernya,
D0260,Mulyoto,
D0260,mengatakan,
D0260,Chandra,
D0260,yang,
D0260,kini,
D0260,sudah,
D0260,ditetapkan,
D0260,sebagai,
D0260,tersangka,
D0260,dan,
D0260,buron,
D0260,tersebut,
D0260,merupakan,
D0260,pecatan,
D0260,TNI,
D0260,AL,
D0260,Ia,
D0260,dipecat,
D0260,dengan,
D0260,pangkat,
D0260,terakhir,
D0260,Letda,
D0260,Chandra,
D0260,alias,
D0260,Rudi,
D0260,pecatan,
D0260,marinir,
D0260,pangkat,
D0260,terakhir,
D0260,Letda,
D0260,tutupnya,
D0261,Polisi,
D0261,mengungkap,
D0261,fakta,
D0261,mengerikan,
D0261,dalam,
D0261,kasus,
D0261,pembunuhan,
D0261,di,
D0261,Jombang,
D0261,Jawa,
D0261,Timur,
D0261,Pelaku,
D0261,Eko,
D0261,Fitrianto,
D0261,38,
D0261,memutilasi,
D0261,rekan,
D0261,kerjanya,
D0261,di,
D0261,pabrik,
D0261,kayu,
D0261,Agus,
D0261,Sholeh,
D0261,37,
D0261,dalam,
D0261,keadaan,
D0261,masih,
D0261,hidup,
D0261,Mulanya,
D0261,Eko,
D0261,dan,
D0261,Agus,
D0261,menenggak,
D0261,minuman,
D0261,keras,
D0261,miras,
D0261,di,
D0261,persawahan,
D0261,Dusun,
D0261,Dukuhmireng,
D0261,Desa,
D0261,Dukuharum,
D0261,Megaluh,
D0261,pada,
D0261,Sabtu,
D0261,822025,
D0261,malam,
D0261,Lokasi,
D0261,mereka,
D0261,minum,
D0261,cukup,
D0261,jauh,
D0261,dari,
D0261,permukiman,
D0261,Saat,
D0261,itu,
D0261,Eko,
D0261,dan,
D0261,Agus,
D0261,hanya,
D0261,berdua,
D0261,Saat,
D0261,minum,
D0261,bareng,
D0261,itulah,
D0261,terjadi,
D0261,percekcokan,
D0261,Pengakuan,
D0261,pelaku,
D0261,minum,
D0261,miras,
D0261,terlalu,
D0261,banyak,
D0261,sehingga,
D0261,tak,
D0261,terkendali,
D0261,Setelah,
D0261,minum,
D0261,terjadi,
D0261,cekcok,
D0261,yang,
D0261,memicu,
D0261,perkelahian,
D0261,lebih,
D0261,dulu,
D0261,di,
D0261,TKP,
D0261,ujar,
D0261,Kasat,
D0261,Reskrim,
D0261,Polres,
D0261,Jombang,
D0261,AKP,
D0261,Margono,
D0261,Suhendra,
D0261,dilansir,
D0261,detikJatim,
D0261,Kamis,
D0261,2022025,
D0261,SCROLL,
D0261,TO,
D0261,CONTINUE,
D0261,WITH,
D0261,CONTENT,
D0261,Perkelahian,
D0261,terjadi,
D0261,setelah,
D0261,Eko,
D0261,merasa,
D0261,tersinggung,
D0261,oleh,
D0261,ucapan,
D0261,Agus,
D0261,Pelaku,
D0261,memukul,
D0261,wajah,
D0261,dan,
D0261,kepala,
D0261,korban,
D0261,berulang,
D0261,kali,
D0261,hingga,
D0261,menendangnya,
D0261,ke,
D0261,arah,
D0261,dada,
D0261,Pelaku,
D0261,sakit,
D0261,hati,
D0261,dengan,
D0261,ucapan,
D0261,korban,
D0261,Lalu,
D0261,memukul,
D0261,kepala,
D0261,dan,
D0261,menendang,
D0261,dadanya,
D0261,hingga,
D0261,tumbang,
D0261,jelas,
D0261,Margono,
D0261,Setelah,
D0261,Agus,
D0261,pingsan,
D0261,Eko,
D0261,pulang,
D0261,untuk,
D0261,mengambil,
D0261,sosrok,
D0261,senjata,
D0261,tajam,
D0261,yang,
D0261,biasa,
D0261,ia,
D0261,gunakan,
D0261,untuk,
D0261,bekerja,
D0261,Setelah,
D0261,itu,
D0261,Eko,
D0261,kembali,
D0261,ke,
D0261,TKP,
D0261,Setiba,
D0261,di,
D0261,sana,
D0261,Eko,
D0261,menyeret,
D0261,tubuh,
D0261,Agus,
D0261,ke,
D0261,saluran,
D0261,irigasi,
D0261,di,
D0261,Dusun,
D0261,Dukuhmireng,
D0261,Di,
D0261,tempat,
D0261,itu,
D0261,Eko,
D0261,memutilasi,
D0261,kepala,
D0261,Agus,
D0261,dengan,
D0261,sosrok,
D0261,Tragisnya,
D0261,saat,
D0261,dimutilasi,
D0261,Agus,
D0261,masih,
D0261,dalam,
D0261,kondisi,
D0261,hidup,
D0261,Di,
D0261,TKP,
D0261,tidak,
D0261,ditemukan,
D0261,bercak,
D0261,darah,
D0261,karena,
D0261,terbawa,
D0261,aliran,
D0261,air,
D0261,di,
D0261,saluran,
D0261,irigasi,
D0261,kata,
D0261,AKP,
D0261,Margono,
D0261,Suhendra,
D0261,Margono,
D0261,menuturkan,
D0261,Eko,
D0261,membuang,
D0261,tubuh,
D0261,kepala,
D0261,dan,
D0261,pakaian,
D0261,korban,
D0261,di,
D0261,tiga,
D0261,tempat,
D0261,terpisah,
D0261,Kepala,
D0261,Agus,
D0261,dibungkus,
D0261,menggunakan,
D0261,jaket,
D0261,korban,
D0261,lalu,
D0261,dibuang,
D0261,di,
D0261,Sungai,
D0261,Ngrecok,
D0261,Desa,
D0261,Sidomulyo,
D0261,Megaluh,
D0261,Jombang,
D0261,Eko,
D0261,kemudian,
D0261,melucuti,
D0261,seluruh,
D0261,pakaian,
D0261,Agus,
D0261,dan,
D0261,membungkus,
D0261,sosrok,
D0261,dengan,
D0261,pakaian,
D0261,tersebut,
D0261,sebelum,
D0261,membuangnya,
D0261,ke,
D0261,Sungai,
D0261,Beweh,
D0261,Desa,
D0261,Ngogri,
D0261,Megaluh,
D0261,Sementara,
D0261,itu,
D0261,tubuh,
D0261,korban,
D0261,yang,
D0261,sudah,
D0261,tak,
D0261,bernyawa,
D0261,dibiarkan,
D0261,tergeletak,
D0261,di,
D0261,saluran,
D0261,irigasi,
D0261,Dusun,
D0261,Dukuhmireng,
D0261,Tujuannya,
D0261,untuk,
D0261,menghilangkan,
D0261,jejak,
D0261,barang,
D0261,bukti,
D0261,dan,
D0261,identitas,
D0261,pelaku,
D0261,Barang,
D0261,bukti,
D0261,pakaian,
D0261,masih,
D0261,kami,
D0261,lakukan,
D0261,pencarian,
D0261,karena,
D0261,arus,
D0261,sungai,
D0261,itu,
D0261,sangat,
D0261,deras,
D0261,tuturnya,
D0261,Artikel,
D0261,ini,
D0261,sudah,
D0261,tayang,
D0261,di,
D0261,detikJatim,
D0261,baca,
D0261,selengkapnya,
D0261,di,
D0261,sini,
D0262,Polisi,
D0262,mengungkap,
D0262,fakta,
D0262,barus,
D0262,kasus,
D0262,pria,
D0262,di,
D0262,Dumai,
D0262,Riau,
D0262,bernama,
D0262,Wahyu,
D0262,Ade,
D0262,Saputra,
D0262,27,
D0262,menikam,
D0262,seorang,
D0262,ibu,
D0262,pemilik,
D0262,warung,
D0262,bernama,
D0262,Munasiah,
D0262,56,
D0262,hingga,
D0262,tewas,
D0262,karena,
D0262,kesal,
D0262,utang,
D0262,orang,
D0262,tuanya,
D0262,ditagih,
D0262,Berikut,
D0262,faktafakta,
D0262,yang,
D0262,baru,
D0262,diungkap,
D0262,Terungkap,
D0262,pembunuhan,
D0262,sadis,
D0262,itu,
D0262,terjadi,
D0262,karena,
D0262,pelaku,
D0262,kesal,
D0262,utang,
D0262,orang,
D0262,tuanya,
D0262,ditagih,
D0262,ibu,
D0262,pemilik,
D0262,warung,
D0262,kepadanya,
D0262,terus,
D0262,menerus,
D0262,Utang,
D0262,orang,
D0262,tua,
D0262,pelaku,
D0262,sebesar,
D0262,Rp,
D0262,270,
D0262,ribu,
D0262,Kasat,
D0262,Reskrim,
D0262,Polres,
D0262,Dumai,
D0262,AKP,
D0262,Kris,
D0262,Tofel,
D0262,mengatakan,
D0262,utang,
D0262,orang,
D0262,tua,
D0262,pelaku,
D0262,sudah,
D0262,berbulanbulan,
D0262,tidak,
D0262,dibayar,
D0262,Sehingga,
D0262,korban,
D0262,terus,
D0262,menanyakan,
D0262,kepada,
D0262,pelaku,
D0262,saat,
D0262,berbelanja,
D0262,SCROLL,
D0262,TO,
D0262,CONTINUE,
D0262,WITH,
D0262,CONTENT,
D0262,Utang,
D0262,sudah,
D0262,berbulanbulan,
D0262,ada,
D0262,Rp,
D0262,270,
D0262,ribu,
D0262,utangnya,
D0262,kata,
D0262,Kasat,
D0262,Reskrim,
D0262,Penikaman,
D0262,itu,
D0262,terjadi,
D0262,Selasa,
D0262,182,
D0262,Pelaku,
D0262,saat,
D0262,itu,
D0262,datang,
D0262,belanja,
D0262,ke,
D0262,warung,
D0262,korban,
D0262,di,
D0262,Jalan,
D0262,Agenda,
D0262,Bukit,
D0262,Nenas,
D0262,Kota,
D0262,Dumai,
D0262,Saat,
D0262,belanja,
D0262,korban,
D0262,menanyakan,
D0262,perihal,
D0262,utang,
D0262,orang,
D0262,tua,
D0262,pelaku,
D0262,yang,
D0262,sudah,
D0262,lama,
D0262,tidak,
D0262,dibayar,
D0262,Bahkan,
D0262,pertanyaan,
D0262,terkait,
D0262,utang,
D0262,sudah,
D0262,berulang,
D0262,kali,
D0262,ditanyakan,
D0262,pada,
D0262,pelaku,
D0262,Korban,
D0262,sering,
D0262,menanyakan,
D0262,utang,
D0262,orang,
D0262,tua,
D0262,pelaku,
D0262,saat,
D0262,berbelanja,
D0262,Bahkan,
D0262,ada,
D0262,beberapa,
D0262,kali,
D0262,ditanyakan,
D0262,termasuk,
D0262,waktu,
D0262,belanja,
D0262,siang,
D0262,kemarin,
D0262,ujar,
D0262,Kasat,
D0262,Reskrim,
D0262,Dumai,
D0262,AKP,
D0262,Kris,
D0262,Tofel,
D0262,Rabu,
D0262,1922025,
D0262,Kapolres,
D0262,Dumai,
D0262,AKBP,
D0262,Hardi,
D0262,juga,
D0262,menjelaskan,
D0262,tindak,
D0262,kekerasan,
D0262,yang,
D0262,dilakukan,
D0262,pelaku,
D0262,terhadap,
D0262,korban,
D0262,yang,
D0262,merupakan,
D0262,tetangganya,
D0262,tersebut,
D0262,Pelaku,
D0262,Wahyu,
D0262,membunuh,
D0262,korban,
D0262,dengan,
D0262,cara,
D0262,menusuk,
D0262,mengikat,
D0262,leher,
D0262,hingga,
D0262,memotong,
D0262,urat,
D0262,nadi,
D0262,korban,
D0262,Munasiah,
D0262,56,
D0262,Korban,
D0262,meninggal,
D0262,akibat,
D0262,benda,
D0262,kekerasan,
D0262,di,
D0262,daerah,
D0262,leher,
D0262,di,
D0262,leher,
D0262,ditemukan,
D0262,jeratan,
D0262,berupa,
D0262,pakaian,
D0262,baju,
D0262,yang,
D0262,mengelilingi,
D0262,leher,
D0262,dan,
D0262,berbentuk,
D0262,simpul,
D0262,Termasuk,
D0262,luka,
D0262,pada,
D0262,pergelangan,
D0262,tangan,
D0262,kata,
D0262,Kapolres,
D0262,kepada,
D0262,detikSumut,
D0262,Kamis,
D0262,2022025,
D0262,Hardi,
D0262,memastikan,
D0262,motif,
D0262,pembunuhan,
D0262,sadis,
D0262,tersebut,
D0262,karena,
D0262,utang,
D0262,piutang,
D0262,Pelaku,
D0262,kesal,
D0262,karena,
D0262,korban,
D0262,menagih,
D0262,utang,
D0262,orang,
D0262,tuanya,
D0262,Kapolres,
D0262,juga,
D0262,menjelaskan,
D0262,perkataan,
D0262,korban,
D0262,soal,
D0262,utang,
D0262,ibunya,
D0262,yang,
D0262,bikin,
D0262,pelaku,
D0262,naik,
D0262,pitam,
D0262,Saat,
D0262,pelaku,
D0262,berbelanja,
D0262,korban,
D0262,ini,
D0262,bertanya,
D0262,Gimana,
D0262,itu,
D0262,utang,
D0262,mamak,
D0262,Sudah,
D0262,lama,
D0262,ini,
D0262,jangan,
D0262,tahunya,
D0262,ngambil,
D0262,saja,
D0262,kau,
D0262,Kalimat,
D0262,inilah,
D0262,yang,
D0262,membuat,
D0262,pelaku,
D0262,sakit,
D0262,hati,
D0262,ada,
D0262,dendam,
D0262,lama,
D0262,juga,
D0262,kata,
D0262,Kapolres,
D0262,Ia,
D0262,pun,
D0262,menegaskan,
D0262,motif,
D0262,pelaku,
D0262,membunuh,
D0262,korban,
D0262,murni,
D0262,karena,
D0262,sakit,
D0262,hati,
D0262,masalah,
D0262,utang,
D0262,Motif,
D0262,murni,
D0262,masalah,
D0262,utang,
D0262,Pelaku,
D0262,WAS,
D0262,sakit,
D0262,hati,
D0262,karena,
D0262,korban,
D0262,sering,
D0262,menagih,
D0262,utang,
D0262,orang,
D0262,tuanya,
D0262,imbuh,
D0262,Kapolres,
D0262,lagi,
D0263,Seorang,
D0263,wanita,
D0263,di,
D0263,Kota,
D0263,Medan,
D0263,Sumatera,
D0263,Utara,
D0263,Sumut,
D0263,berinisial,
D0263,S,
D0263,25,
D0263,dicabuli,
D0263,dan,
D0263,dirampok,
D0263,pria,
D0263,yang,
D0263,dikenalnya,
D0263,di,
D0263,aplikasi,
D0263,kencan,
D0263,michat,
D0263,Suwarno,
D0263,29,
D0263,Akibat,
D0263,dari,
D0263,perbuatannya,
D0263,itu,
D0263,Suwarno,
D0263,bersama,
D0263,dua,
D0263,pelaku,
D0263,lain,
D0263,ditangkap,
D0263,Kasat,
D0263,Reskrim,
D0263,Polres,
D0263,Pelabuhan,
D0263,Belawan,
D0263,AKP,
D0263,Riffi,
D0263,Noor,
D0263,Faizal,
D0263,mengatakan,
D0263,peristiwa,
D0263,itu,
D0263,terjadi,
D0263,di,
D0263,Jalan,
D0263,Platina,
D0263,Raya,
D0263,Kecamatan,
D0263,Medan,
D0263,Deli,
D0263,Kamis,
D0263,3012025,
D0263,sekitar,
D0263,pukul,
D0263,0100,
D0263,WIB,
D0263,Awalnya,
D0263,keduanya,
D0263,bertemu,
D0263,di,
D0263,depan,
D0263,RS,
D0263,Mitra,
D0263,Medika,
D0263,Jalan,
D0263,Yos,
D0263,Sudarso,
D0263,Kasus,
D0263,ini,
D0263,bermula,
D0263,ketika,
D0263,korban,
D0263,dan,
D0263,tersangka,
D0263,berhubungan,
D0263,melalui,
D0263,aplikasi,
D0263,michat,
D0263,dan,
D0263,sepakat,
D0263,bertemu,
D0263,di,
D0263,depan,
D0263,RS,
D0263,Mitra,
D0263,Medika,
D0263,kata,
D0263,Riffi,
D0263,Kamis,
D0263,202,
D0263,SCROLL,
D0263,TO,
D0263,CONTINUE,
D0263,WITH,
D0263,CONTENT,
D0263,Usai,
D0263,bertemu,
D0263,keduanya,
D0263,pun,
D0263,menuju,
D0263,lokasi,
D0263,kejadian,
D0263,di,
D0263,Jalan,
D0263,Platina,
D0263,Raya,
D0263,Setibanya,
D0263,di,
D0263,lokasi,
D0263,yang,
D0263,memang,
D0263,dalam,
D0263,kondisi,
D0263,sepi,
D0263,pelaku,
D0263,tibatiba,
D0263,berhenti,
D0263,dan,
D0263,berpurapura,
D0263,mengecek,
D0263,kondisi,
D0263,sepeda,
D0263,motornya,
D0263,Lalu,
D0263,pelaku,
D0263,menyuruh,
D0263,korban,
D0263,jongkok,
D0263,dan,
D0263,meminta,
D0263,korban,
D0263,menghisap,
D0263,kemaluannya,
D0263,Jika,
D0263,menolak,
D0263,pelaku,
D0263,mengancam,
D0263,akan,
D0263,membunuhnya,
D0263,Korban,
D0263,yang,
D0263,ketakutan,
D0263,pun,
D0263,menuruti,
D0263,permintaan,
D0263,pelaku,
D0263,Sesampainya,
D0263,di,
D0263,sana,
D0263,tersangka,
D0263,berhenti,
D0263,dan,
D0263,berpurapura,
D0263,mengecek,
D0263,kondisi,
D0263,sepeda,
D0263,motornya,
D0263,lalu,
D0263,tibatiba,
D0263,mengancam,
D0263,akan,
D0263,membunuh,
D0263,korban,
D0263,ujarnya,
D0263,Tak,
D0263,sampai,
D0263,di,
D0263,situ,
D0263,pelaku,
D0263,kemudian,
D0263,meminta,
D0263,korban,
D0263,untuk,
D0263,menyerahkan,
D0263,uang,
D0263,dan,
D0263,hp,
D0263,miliknya,
D0263,Pada,
D0263,saat,
D0263,yang,
D0263,bersamaan,
D0263,pelaku,
D0263,juga,
D0263,mengancam,
D0263,korban,
D0263,Korban,
D0263,pun,
D0263,memberikan,
D0263,hp,
D0263,dan,
D0263,uang,
D0263,miliknya,
D0263,sebesar,
D0263,Rp,
D0263,300,
D0263,ribu,
D0263,Setelah,
D0263,merampas,
D0263,barang,
D0263,korban,
D0263,pelaku,
D0263,meninggalkan,
D0263,korban,
D0263,di,
D0263,lokasi,
D0263,kejadian,
D0263,Lalu,
D0263,korban,
D0263,pergi,
D0263,berjalan,
D0263,ke,
D0263,dekat,
D0263,jalan,
D0263,tol,
D0263,dan,
D0263,meminta,
D0263,bantuan,
D0263,petugas,
D0263,jalan,
D0263,tol,
D0263,Atas,
D0263,kejadian,
D0263,itu,
D0263,korban,
D0263,membuat,
D0263,laporan,
D0263,ke,
D0263,Polres,
D0263,Pelabuhan,
D0263,Belawan,
D0263,Pihak,
D0263,kepolisian,
D0263,pun,
D0263,langsung,
D0263,menyelidiki,
D0263,kasus,
D0263,tersebut,
D0263,usai,
D0263,menerima,
D0263,laporan,
D0263,korban,
D0263,Lalu,
D0263,pada,
D0263,Senin,
D0263,172,
D0263,petugas,
D0263,kepolisian,
D0263,mendeteksi,
D0263,lokasi,
D0263,hp,
D0263,korban,
D0263,Petugas,
D0263,pun,
D0263,melacaknya,
D0263,dan,
D0263,menemukan,
D0263,hp,
D0263,tersebut,
D0263,di,
D0263,tangan,
D0263,pelaku,
D0263,Surya,
D0263,46,
D0263,Berdasarkan,
D0263,keterangan,
D0263,Surya,
D0263,hp,
D0263,korban,
D0263,itu,
D0263,dibelinya,
D0263,seharga,
D0263,Rp,
D0263,700,
D0263,ribu,
D0263,dari,
D0263,pelaku,
D0263,Rolan,
D0263,30,
D0263,Sementara,
D0263,Rolan,
D0263,mendapatkan,
D0263,hp,
D0263,tersebut,
D0263,dari,
D0263,Suwarno,
D0263,seharga,
D0263,Rp,
D0263,450000,
D0263,kata,
D0263,Riffi,
D0263,Berdasarkan,
D0263,informasi,
D0263,tersebut,
D0263,polisi,
D0263,langsung,
D0263,menyelidiki,
D0263,pelaku,
D0263,Suwarno,
D0263,dan,
D0263,menangkapnya,
D0263,pada,
D0263,Rabu,
D0263,192,
D0263,Namun,
D0263,saat,
D0263,akan,
D0263,ditangkap,
D0263,pelaku,
D0263,melawan,
D0263,petugas,
D0263,sehingga,
D0263,terpaksa,
D0263,ditembak,
D0263,di,
D0263,bagian,
D0263,kaki,
D0263,Saat,
D0263,ini,
D0263,ketiga,
D0263,tersangka,
D0263,sedang,
D0263,menjalani,
D0263,proses,
D0263,penyidikan,
D0263,lebih,
D0263,lanjut,
D0263,di,
D0263,satreskrim,
D0263,semua,
D0263,pelakunya,
D0263,sudah,
D0263,ditangkap,
D0263,pungkasnya,
D0264,Polisi,
D0264,menetapkan,
D0264,Zulham,
D0264,Nasution,
D0264,24,
D0264,marbot,
D0264,masjid,
D0264,yang,
D0264,mencabuli,
D0264,bocah,
D0264,lakilaki,
D0264,berusia,
D0264,12,
D0264,tahun,
D0264,di,
D0264,Kabupaten,
D0264,Simalungun,
D0264,Sumatera,
D0264,Utara,
D0264,Sumut,
D0264,sebagai,
D0264,tersangka,
D0264,Pelaku,
D0264,terancam,
D0264,hukuman,
D0264,15,
D0264,tahun,
D0264,penjara,
D0264,Kanit,
D0264,PPA,
D0264,Satreskrim,
D0264,Polres,
D0264,Simalungun,
D0264,Ipda,
D0264,Ricardo,
D0264,Pasaribu,
D0264,menyebut,
D0264,pelaku,
D0264,dijerat,
D0264,Pasal,
D0264,82,
D0264,Jo,
D0264,Pasal,
D0264,76,
D0264,e,
D0264,UU,
D0264,Perlindungan,
D0264,Anak,
D0264,Ancaman,
D0264,hukuman,
D0264,maksimal,
D0264,15,
D0264,tahun,
D0264,penjara,
D0264,minimal,
D0264,lima,
D0264,tahun,
D0264,penjara,
D0264,kata,
D0264,Ricardo,
D0264,saat,
D0264,dikonfirmasi,
D0264,detikSumut,
D0264,Kamis,
D0264,2022025,
D0264,Ricardo,
D0264,menyebut,
D0264,perbuatan,
D0264,itu,
D0264,dilakukan,
D0264,pelaku,
D0264,di,
D0264,ruangan,
D0264,sekretariat,
D0264,yang,
D0264,berada,
D0264,di,
D0264,masjid,
D0264,tersebut,
D0264,SCROLL,
D0264,TO,
D0264,CONTINUE,
D0264,WITH,
D0264,CONTENT,
D0264,Ruangan,
D0264,sekretariat,
D0264,gitu,
D0264,di,
D0264,masjid,
D0264,itu,
D0264,ada,
D0264,sofa,
D0264,ada,
D0264,meja,
D0264,korban,
D0264,diapain,
D0264,di,
D0264,sofa,
D0264,itu,
D0264,ujarnya,
D0264,Berdasarkan,
D0264,hasil,
D0264,pemeriksaan,
D0264,saksi,
D0264,di,
D0264,lokasi,
D0264,kata,
D0264,Ricardo,
D0264,sudah,
D0264,ada,
D0264,tiga,
D0264,anak,
D0264,lain,
D0264,yang,
D0264,diduga,
D0264,menjadi,
D0264,korban,
D0264,pelaku,
D0264,Namun,
D0264,saat,
D0264,ini,
D0264,pihaknya,
D0264,masih,
D0264,mendalami,
D0264,itu,
D0264,Info,
D0264,yang,
D0264,kita,
D0264,dapat,
D0264,dari,
D0264,lokasi,
D0264,bahwasanya,
D0264,korban,
D0264,yang,
D0264,melapor,
D0264,ini,
D0264,korban,
D0264,keempat,
D0264,korban,
D0264,pertama,
D0264,kedua,
D0264,ketiga,
D0264,nggak,
D0264,speak,
D0264,up,
D0264,Masih,
D0264,didalami,
D0264,pungkasnya,
D0264,Sebelumnya,
D0264,Kasi,
D0264,Humas,
D0264,Polres,
D0264,Simalungun,
D0264,AKP,
D0264,Verry,
D0264,Purba,
D0264,mengatakan,
D0264,peristiwa,
D0264,itu,
D0264,terjadi,
D0264,pada,
D0264,Sabtu,
D0264,1522025,
D0264,siang,
D0264,Saat,
D0264,itu,
D0264,korban,
D0264,hendak,
D0264,mengaji,
D0264,di,
D0264,masjid,
D0264,tersebut,
D0264,Jadi,
D0264,kita,
D0264,sampaikan,
D0264,kronologis,
D0264,kejadiannya,
D0264,seorang,
D0264,marbot,
D0264,melakukan,
D0264,pelecehan,
D0264,seksual,
D0264,kepada,
D0264,seorang,
D0264,anak,
D0264,yang,
D0264,akan,
D0264,melaksanakan,
D0264,belajar,
D0264,mengaji,
D0264,di,
D0264,masjid,
D0264,tersebut,
D0264,dengan,
D0264,seorang,
D0264,ustaz,
D0264,kata,
D0264,Verry,
D0264,Namun,
D0264,saat,
D0264,itu,
D0264,bocah,
D0264,tersebut,
D0264,datang,
D0264,lebih,
D0264,awal,
D0264,dari,
D0264,jadwal,
D0264,mengaji,
D0264,mereka,
D0264,sehingga,
D0264,korban,
D0264,harus,
D0264,menunggu,
D0264,temannya,
D0264,yang,
D0264,lain,
D0264,Hal,
D0264,itu,
D0264,dimanfaatkan,
D0264,pelaku,
D0264,yang,
D0264,menjadi,
D0264,marbot,
D0264,di,
D0264,masjid,
D0264,tersebut,
D0264,Pelaku,
D0264,lalu,
D0264,mengajak,
D0264,korban,
D0264,mengobrol,
D0264,dan,
D0264,membawanya,
D0264,ke,
D0264,salah,
D0264,satu,
D0264,ruangan,
D0264,yang,
D0264,berada,
D0264,di,
D0264,masjid,
D0264,tersebut,
D0264,Lalu,
D0264,pelaku,
D0264,memberikan,
D0264,tontonan,
D0264,youtube,
D0264,melalui,
D0264,handphonenya,
D0264,kepada,
D0264,korban,
D0264,Pelaku,
D0264,Minum,
D0264,Sperma,
D0264,Korban,
D0264,Baca,
D0264,Halaman,
D0264,Berikutnya,
D0264,Saat,
D0264,korban,
D0264,tengah,
D0264,asyik,
D0264,menonton,
D0264,pelaku,
D0264,membuka,
D0264,paksa,
D0264,celana,
D0264,korban,
D0264,dan,
D0264,menghisap,
D0264,kemaluannya,
D0264,Usai,
D0264,korban,
D0264,ejakulasi,
D0264,pelaku,
D0264,meminum,
D0264,cairan,
D0264,yang,
D0264,keluar,
D0264,dari,
D0264,kemaluan,
D0264,korban,
D0264,Setelah,
D0264,sang,
D0264,anak,
D0264,ejakulasi,
D0264,tersangka,
D0264,meminum,
D0264,sperma,
D0264,anak,
D0264,tersebut,
D0264,jelasnya,
D0264,Setelah,
D0264,kejadian,
D0264,itu,
D0264,korban,
D0264,berupaya,
D0264,melarikan,
D0264,diri,
D0264,Setelah,
D0264,berhasil,
D0264,korban,
D0264,menemui,
D0264,orangtuanya,
D0264,dan,
D0264,menceritakan,
D0264,perbuatan,
D0264,bejat,
D0264,pelaku,
D0264,Atas,
D0264,kejadian,
D0264,itu,
D0264,orang,
D0264,tua,
D0264,korban,
D0264,membuat,
D0264,laporan,
D0264,ke,
D0264,Polres,
D0264,Simalungun,
D0264,Pihak,
D0264,kepolisian,
D0264,pun,
D0264,menangkap,
D0264,pelaku,
D0264,pada,
D0264,hari,
D0264,yang,
D0264,sama,
D0264,Berdasarkan,
D0264,hasil,
D0264,pemeriksaan,
D0264,perbuatan,
D0264,itu,
D0264,baru,
D0264,pertama,
D0264,kali,
D0264,dilakukan,
D0264,pelaku,
D0264,kepada,
D0264,korban,
D0264,Baru,
D0264,pertama,
D0264,kali,
D0264,dilakukan,
D0264,marbot,
D0264,ke,
D0264,anak,
D0264,tersebut,
D0264,jelasnya,
D0265,Nahas,
D0265,seorang,
D0265,ibu,
D0265,pemilik,
D0265,warung,
D0265,bernama,
D0265,Munasiah,
D0265,di,
D0265,Kota,
D0265,Dumai,
D0265,tewas,
D0265,usai,
D0265,ditikam,
D0265,dan,
D0265,urat,
D0265,nadinya,
D0265,disayat,
D0265,pria,
D0265,bernama,
D0265,Wahyu,
D0265,Ade,
D0265,Saputra,
D0265,27,
D0265,Pelaku,
D0265,membunuh,
D0265,korban,
D0265,karena,
D0265,kesal,
D0265,utang,
D0265,orang,
D0265,tuanya,
D0265,ditagih,
D0265,korban,
D0265,Pembunuhan,
D0265,itu,
D0265,terjadi,
D0265,Selasa,
D0265,Selasa,
D0265,182,
D0265,di,
D0265,warung,
D0265,korban,
D0265,di,
D0265,Jalan,
D0265,Agenda,
D0265,Bukit,
D0265,Nenas,
D0265,Kota,
D0265,Dumai,
D0265,Saat,
D0265,itu,
D0265,pelaku,
D0265,tengah,
D0265,belanja,
D0265,di,
D0265,warung,
D0265,korban,
D0265,lalu,
D0265,korban,
D0265,menagih,
D0265,utang,
D0265,orang,
D0265,tua,
D0265,pelaku,
D0265,yang,
D0265,lama,
D0265,tak,
D0265,dibayarkan,
D0265,Korban,
D0265,berulang,
D0265,kali,
D0265,menanyakan,
D0265,utang,
D0265,tersebut,
D0265,ke,
D0265,pelaku,
D0265,Korban,
D0265,sering,
D0265,menanyakan,
D0265,utang,
D0265,orang,
D0265,tua,
D0265,pelaku,
D0265,saat,
D0265,berbelanja,
D0265,Bahkan,
D0265,ada,
D0265,beberapa,
D0265,kali,
D0265,ditanyakan,
D0265,termasuk,
D0265,waktu,
D0265,belanja,
D0265,siang,
D0265,kemarin,
D0265,ujar,
D0265,Kasat,
D0265,Reskrim,
D0265,Dumai,
D0265,AKP,
D0265,Kris,
D0265,Tofel,
D0265,Rabu,
D0265,1922025,
D0265,SCROLL,
D0265,TO,
D0265,CONTINUE,
D0265,WITH,
D0265,CONTENT,
D0265,Pelaku,
D0265,pun,
D0265,kesal,
D0265,hingga,
D0265,berniat,
D0265,menghabisi,
D0265,korban,
D0265,Pelaku,
D0265,mengambil,
D0265,pisau,
D0265,dan,
D0265,menikam,
D0265,korban,
D0265,Tak,
D0265,cuma,
D0265,itu,
D0265,pelaku,
D0265,juga,
D0265,menyeret,
D0265,korban,
D0265,ke,
D0265,dapur,
D0265,Di,
D0265,dapur,
D0265,pelaku,
D0265,kembali,
D0265,menusuk,
D0265,kepala,
D0265,korban,
D0265,dan,
D0265,mengikat,
D0265,mulut,
D0265,korban,
D0265,dengan,
D0265,kain,
D0265,Terakhir,
D0265,pelaku,
D0265,menyayat,
D0265,urat,
D0265,nadi,
D0265,korban,
D0265,dengan,
D0265,cutter,
D0265,hingga,
D0265,tewas,
D0265,Usai,
D0265,korban,
D0265,tewas,
D0265,pelaku,
D0265,pun,
D0265,melarikan,
D0265,diri,
D0265,Mayat,
D0265,korban,
D0265,pertama,
D0265,kali,
D0265,ditemukan,
D0265,anak,
D0265,korban,
D0265,malam,
D0265,harinya,
D0265,setelah,
D0265,pulang,
D0265,kerja,
D0265,Korban,
D0265,janda,
D0265,anak,
D0265,1,
D0265,Jadi,
D0265,anaknya,
D0265,kerja,
D0265,dan,
D0265,malam,
D0265,pulang,
D0265,kerja,
D0265,itu,
D0265,melihat,
D0265,kalau,
D0265,ibunya,
D0265,sudah,
D0265,meninggal,
D0265,dan,
D0265,darah,
D0265,sudah,
D0265,banyak,
D0265,berceceran,
D0265,kata,
D0265,Kris,
D0265,Tofel,
D0265,Anak,
D0265,korban,
D0265,Sri,
D0265,Hartati,
D0265,lalu,
D0265,melaporkan,
D0265,pembunuhan,
D0265,itu,
D0265,ke,
D0265,polisi,
D0265,Polisi,
D0265,pun,
D0265,langsung,
D0265,menyelidiki,
D0265,peristiwa,
D0265,itu,
D0265,Pelaku,
D0265,yang,
D0265,merupakan,
D0265,tetangga,
D0265,korban,
D0265,pun,
D0265,akhirnya,
D0265,diamankan,
D0265,Saat,
D0265,interogasi,
D0265,pelaku,
D0265,mengaku,
D0265,telah,
D0265,membunuh,
D0265,wanita,
D0265,berusia,
D0265,56,
D0265,tahun,
D0265,itu,
D0265,Setelah,
D0265,melakukan,
D0265,penyelidikan,
D0265,sampai,
D0265,minta,
D0265,keterangan,
D0265,pelaku,
D0265,serta,
D0265,dengan,
D0265,didukung,
D0265,barang,
D0265,bukti,
D0265,Maka,
D0265,ditetapkan,
D0265,WAS,
D0265,sebagai,
D0265,tersangka,
D0265,WAS,
D0265,merupakan,
D0265,tetangga,
D0265,korban,
D0265,dan,
D0265,mengakui,
D0265,perbuatan,
D0265,tersebut,
D0265,kata,
D0265,Kris,
D0265,Tofel,
D0266,Polres,
D0266,Blitar,
D0266,mengamankan,
D0266,ribuan,
D0266,liter,
D0266,miras,
D0266,oplosan,
D0266,jelang,
D0266,Ramadan,
D0266,Dalam,
D0266,operasi,
D0266,pekat,
D0266,itu,
D0266,polisi,
D0266,turut,
D0266,mengamankan,
D0266,satu,
D0266,tersangka,
D0266,yang,
D0266,diduga,
D0266,mengoplos,
D0266,dan,
D0266,menjual,
D0266,miras,
D0266,oplosan,
D0266,tersebut,
D0266,Kapolres,
D0266,Blitar,
D0266,AKBP,
D0266,Arif,
D0266,Fazzlurrahman,
D0266,menyebut,
D0266,berkomitmen,
D0266,untuk,
D0266,memberantas,
D0266,peredaran,
D0266,miras,
D0266,Khususnya,
D0266,menjelang,
D0266,Ramadan,
D0266,Hal,
D0266,itu,
D0266,dilakukan,
D0266,untuk,
D0266,menjaga,
D0266,kondusifitas,
D0266,di,
D0266,wilayah,
D0266,hukum,
D0266,Polres,
D0266,Blitar,
D0266,Keberadaan,
D0266,miras,
D0266,ini,
D0266,sangat,
D0266,memprihatinkan,
D0266,karena,
D0266,dapat,
D0266,memicu,
D0266,gangguan,
D0266,kamtibmas,
D0266,Seperti,
D0266,pemicu,
D0266,tindakan,
D0266,arogansi,
D0266,kriminalitas,
D0266,dan,
D0266,sebagainya,
D0266,Sehingga,
D0266,kami,
D0266,turut,
D0266,memberantas,
D0266,peredaran,
D0266,miras,
D0266,termasuk,
D0266,menjelang,
D0266,Ramadan,
D0266,ini,
D0266,kata,
D0266,Arif,
D0266,saat,
D0266,press,
D0266,conference,
D0266,Rabu,
D0266,1922025,
D0266,SCROLL,
D0266,TO,
D0266,CONTINUE,
D0266,WITH,
D0266,CONTENT,
D0266,Polisi,
D0266,mengamankan,
D0266,penjual,
D0266,miras,
D0266,oplosan,
D0266,yakni,
D0266,AS,
D0266,45,
D0266,warga,
D0266,Kanigoro,
D0266,Kabupaten,
D0266,Blitar,
D0266,Dari,
D0266,tangan,
D0266,AS,
D0266,polisi,
D0266,mengamankan,
D0266,1500,
D0266,liter,
D0266,miras,
D0266,oplosan,
D0266,dan,
D0266,ratusan,
D0266,botol,
D0266,miras,
D0266,siap,
D0266,edar,
D0266,Meski,
D0266,telah,
D0266,ditetapkan,
D0266,sebagai,
D0266,tersangka,
D0266,kata,
D0266,Arif,
D0266,AS,
D0266,tidak,
D0266,ditahan,
D0266,Itu,
D0266,karena,
D0266,AS,
D0266,dalam,
D0266,keadaan,
D0266,sakit,
D0266,dan,
D0266,harus,
D0266,menjalani,
D0266,cuci,
D0266,darah,
D0266,dua,
D0266,kali,
D0266,seminggu,
D0266,Karena,
D0266,kondisi,
D0266,yang,
D0266,bersangkutan,
D0266,sakit,
D0266,dan,
D0266,harus,
D0266,menjalani,
D0266,cuci,
D0266,darah,
D0266,seminggu,
D0266,dua,
D0266,kali,
D0266,kami,
D0266,tidak,
D0266,menahannya,
D0266,Tapi,
D0266,proses,
D0266,hukum,
D0266,tetap,
D0266,lanjut,
D0266,tegasnya,
D0266,Arif,
D0266,menyebut,
D0266,AS,
D0266,menjual,
D0266,miras,
D0266,tanpa,
D0266,izin,
D0266,edar,
D0266,dan,
D0266,tidak,
D0266,ada,
D0266,label,
D0266,kedaluwarsa,
D0266,Selain,
D0266,itu,
D0266,dia,
D0266,juga,
D0266,mengoplos,
D0266,sendiri,
D0266,minuman,
D0266,keras,
D0266,dari,
D0266,alkohol,
D0266,murni,
D0266,dengan,
D0266,minuman,
D0266,kemasan,
D0266,dengan,
D0266,perasa,
D0266,Atas,
D0266,perbuatannya,
D0266,itu,
D0266,tersangka,
D0266,akan,
D0266,disangkakan,
D0266,dengan,
D0266,UU,
D0266,Perdagangan,
D0266,dan,
D0266,UU,
D0266,Pangan,
D0266,karena,
D0266,telah,
D0266,mengedarkan,
D0266,bahan,
D0266,berbahaya,
D0266,tanpa,
D0266,izin,
D0266,Atas,
D0266,perbuatannya,
D0266,pelaku,
D0266,diancam,
D0266,hukuman,
D0266,penjara,
D0266,paling,
D0266,lama,
D0266,15,
D0266,tahun,
D0266,imbuhnya,
D0266,Arif,
D0266,menegaskan,
D0266,akan,
D0266,memberantas,
D0266,peredaran,
D0266,miras,
D0266,oplosan,
D0266,termasuk,
D0266,melakukan,
D0266,razia,
D0266,menjelang,
D0266,Ramadan,
D0266,Seperti,
D0266,saat,
D0266,operasi,
D0266,yang,
D0266,digelar,
D0266,selama,
D0266,20,
D0266,hari,
D0266,ini,
D0266,Polres,
D0266,Blitar,
D0266,menyita,
D0266,5000,
D0266,liter,
D0266,miras,
D0266,dengan,
D0266,nilai,
D0266,lebih,
D0266,kurang,
D0266,Rp,
D0266,250,
D0266,juta,
D0266,Harapan,
D0266,kami,
D0266,ke,
D0266,depan,
D0266,tidak,
D0266,ada,
D0266,lagi,
D0266,yang,
D0266,melakukan,
D0266,penjualan,
D0266,miras,
D0266,tanpa,
D0266,izin,
D0266,di,
D0266,wilayah,
D0266,hukum,
D0266,Polres,
D0266,Blitar,
D0266,Karena,
D0266,dampak,
D0266,dari,
D0266,miras,
D0266,sangat,
D0266,potensi,
D0266,tinggi,
D0266,terhadap,
D0266,gangguan,
D0266,kamtibmas,
D0266,dan,
D0266,kejahatan,
D0266,tandasnya,
D0267,Seorang,
D0267,pemuda,
D0267,asal,
D0267,Kota,
D0267,Dumai,
D0267,Riau,
D0267,Wahyu,
D0267,Ade,
D0267,Saputra,
D0267,27,
D0267,tega,
D0267,menghabisi,
D0267,nyawa,
D0267,pemilik,
D0267,warung,
D0267,Munasiah,
D0267,Pelaku,
D0267,nekat,
D0267,melakukan,
D0267,itu,
D0267,lantaran,
D0267,kesal,
D0267,ditagih,
D0267,utang,
D0267,oleh,
D0267,korban,
D0267,Penikaman,
D0267,itu,
D0267,terjadi,
D0267,Selasa,
D0267,182,
D0267,Pelaku,
D0267,saat,
D0267,itu,
D0267,datang,
D0267,belanja,
D0267,ke,
D0267,warung,
D0267,korban,
D0267,di,
D0267,Jalan,
D0267,Agenda,
D0267,Bukit,
D0267,Nenas,
D0267,Kota,
D0267,Dumai,
D0267,Saat,
D0267,belanja,
D0267,korban,
D0267,menanyakan,
D0267,perihal,
D0267,utang,
D0267,orang,
D0267,tua,
D0267,pelaku,
D0267,yang,
D0267,sudah,
D0267,lama,
D0267,tidak,
D0267,dibayar,
D0267,Bahkan,
D0267,pertanyaan,
D0267,terkait,
D0267,utang,
D0267,sudah,
D0267,berulang,
D0267,kali,
D0267,ditanyakan,
D0267,pada,
D0267,pelaku,
D0267,SCROLL,
D0267,TO,
D0267,CONTINUE,
D0267,WITH,
D0267,CONTENT,
D0267,Korban,
D0267,sering,
D0267,menanyakan,
D0267,utang,
D0267,orang,
D0267,tua,
D0267,pelaku,
D0267,saat,
D0267,berbelanja,
D0267,Bahkan,
D0267,ada,
D0267,beberapa,
D0267,kali,
D0267,ditanyakan,
D0267,termasuk,
D0267,waktu,
D0267,belanja,
D0267,siang,
D0267,kemarin,
D0267,ujar,
D0267,Kasat,
D0267,Reskrim,
D0267,Dumai,
D0267,AKP,
D0267,Kris,
D0267,Tofel,
D0267,Rabu,
D0267,1922025,
D0267,Merasa,
D0267,kesal,
D0267,sering,
D0267,ditagih,
D0267,pelaku,
D0267,berniat,
D0267,menghabisi,
D0267,korban,
D0267,Pelaku,
D0267,lalu,
D0267,menikam,
D0267,korban,
D0267,dengan,
D0267,pisau,
D0267,lalu,
D0267,menyeretnya,
D0267,ke,
D0267,dapur,
D0267,Setiba,
D0267,di,
D0267,dapur,
D0267,pelaku,
D0267,kembali,
D0267,menusuk,
D0267,kepala,
D0267,korban,
D0267,dan,
D0267,mengikat,
D0267,mulut,
D0267,pakai,
D0267,kain,
D0267,Terakhir,
D0267,pelaku,
D0267,menyayat,
D0267,urat,
D0267,nadi,
D0267,korban,
D0267,sebelah,
D0267,kanan,
D0267,dengan,
D0267,cutter,
D0267,yang,
D0267,ada,
D0267,di,
D0267,dapur,
D0267,Melihat,
D0267,korban,
D0267,tidak,
D0267,bergerak,
D0267,pelaku,
D0267,lalu,
D0267,kabur,
D0267,Sementara,
D0267,mayat,
D0267,korban,
D0267,akhirnya,
D0267,ditemukan,
D0267,oleh,
D0267,sang,
D0267,anak,
D0267,malam,
D0267,harinya,
D0267,saat,
D0267,pulang,
D0267,kerja,
D0267,Korban,
D0267,janda,
D0267,anak,
D0267,1,
D0267,Jadi,
D0267,anaknya,
D0267,kerja,
D0267,dan,
D0267,malam,
D0267,pulang,
D0267,kerja,
D0267,itu,
D0267,melihat,
D0267,kalau,
D0267,ibunya,
D0267,sudah,
D0267,meninggal,
D0267,dan,
D0267,darah,
D0267,sudah,
D0267,banyak,
D0267,berceceran,
D0267,kata,
D0267,Kris,
D0267,Tofel,
D0267,Anak,
D0267,Korban,
D0267,Lapor,
D0267,Polisi,
D0267,hingga,
D0267,Pelaku,
D0267,Ditangkap,
D0267,Dalam,
D0267,kondisi,
D0267,berduka,
D0267,anak,
D0267,korban,
D0267,Sri,
D0267,Hartati,
D0267,melaporkan,
D0267,kejadian,
D0267,pembunuhan,
D0267,itu,
D0267,ke,
D0267,polisi,
D0267,Sejumlah,
D0267,saksi,
D0267,dan,
D0267,buktibukti,
D0267,langsung,
D0267,diperiksa,
D0267,penyidik,
D0267,Rabu,
D0267,192,
D0267,dini,
D0267,hari,
D0267,Termasuk,
D0267,pelaku,
D0267,yang,
D0267,merupakan,
D0267,tetangga,
D0267,korban,
D0267,turut,
D0267,diamankan,
D0267,Dalam,
D0267,pemeriksaan,
D0267,pelaku,
D0267,mengaku,
D0267,sebagai,
D0267,pembunuh,
D0267,korban,
D0267,yang,
D0267,kini,
D0267,berusia,
D0267,56,
D0267,tahun,
D0267,Setelah,
D0267,melakukan,
D0267,penyelidikan,
D0267,sampai,
D0267,minta,
D0267,keterangan,
D0267,pelaku,
D0267,serta,
D0267,dengan,
D0267,didukung,
D0267,barang,
D0267,bukti,
D0267,Maka,
D0267,ditetapkan,
D0267,WAS,
D0267,sebagai,
D0267,tersangka,
D0267,WAS,
D0267,merupakan,
D0267,tetangga,
D0267,korban,
D0267,dan,
D0267,mengakui,
D0267,perbuatan,
D0267,tersebut,
D0267,kata,
D0267,Kris,
D0267,Tofel,
D0268,Seorang,
D0268,pria,
D0268,bernama,
D0268,Wawan,
D0268,Afizal,
D0268,44,
D0268,membobol,
D0268,rumah,
D0268,yang,
D0268,tengah,
D0268,ditinggal,
D0268,pemiliknya,
D0268,serta,
D0268,mengambil,
D0268,sejumlah,
D0268,barang,
D0268,seperti,
D0268,emas,
D0268,dan,
D0268,32,
D0268,handphone,
D0268,Pelaku,
D0268,menutup,
D0268,wajahnya,
D0268,dengan,
D0268,kantong,
D0268,plastik,
D0268,agar,
D0268,tidak,
D0268,dikenali,
D0268,Kapolsek,
D0268,Medan,
D0268,Baru,
D0268,Kompol,
D0268,Hendrik,
D0268,Fernandes,
D0268,Aritonang,
D0268,menyebut,
D0268,peristiwa,
D0268,itu,
D0268,terjadi,
D0268,di,
D0268,Jalan,
D0268,S,
D0268,Parman,
D0268,Kecamatan,
D0268,Medan,
D0268,Baru,
D0268,Jumat,
D0268,8,
D0268,November,
D0268,2024,
D0268,sekitar,
D0268,pukul,
D0268,0300,
D0268,WIB,
D0268,Lalu,
D0268,pelaku,
D0268,ditangkap,
D0268,Senin,
D0268,1722025,
D0268,sementara,
D0268,korbannya,
D0268,adalah,
D0268,Sherli,
D0268,35,
D0268,Kerugian,
D0268,korban,
D0268,satu,
D0268,kalung,
D0268,emas,
D0268,seberat,
D0268,212,
D0268,gram,
D0268,32,
D0268,hp,
D0268,berbagai,
D0268,merek,
D0268,uang,
D0268,tunai,
D0268,Rp,
D0268,600,
D0268,ribu,
D0268,Total,
D0268,kerugian,
D0268,Rp,
D0268,18,
D0268,juta,
D0268,kata,
D0268,Hendrik,
D0268,Rabu,
D0268,192,
D0268,SCROLL,
D0268,TO,
D0268,CONTINUE,
D0268,WITH,
D0268,CONTENT,
D0268,Hendrik,
D0268,menyebut,
D0268,saat,
D0268,kejadian,
D0268,korban,
D0268,dan,
D0268,keluarganya,
D0268,menginap,
D0268,di,
D0268,villa,
D0268,Jalan,
D0268,Tangguk,
D0268,Bongkar,
D0268,Kecamatan,
D0268,Medan,
D0268,Denai,
D0268,Lalu,
D0268,korban,
D0268,tibatiba,
D0268,diberitahu,
D0268,bahwa,
D0268,rumahnya,
D0268,telah,
D0268,dibongkar,
D0268,maling,
D0268,Usai,
D0268,menerima,
D0268,informasi,
D0268,itu,
D0268,korban,
D0268,pulang,
D0268,ke,
D0268,rumahnya,
D0268,dan,
D0268,menemukan,
D0268,rumahnya,
D0268,telah,
D0268,berantakan,
D0268,Setelah,
D0268,diperiksa,
D0268,sejumlah,
D0268,barang,
D0268,korban,
D0268,telah,
D0268,hilang,
D0268,Saat,
D0268,dicek,
D0268,di,
D0268,CCTV,
D0268,terlihat,
D0268,ada,
D0268,seorang,
D0268,pria,
D0268,yang,
D0268,masuk,
D0268,ke,
D0268,rumah,
D0268,tersebut,
D0268,Korban,
D0268,memeriksa,
D0268,rumahnya,
D0268,dan,
D0268,menemukan,
D0268,pintu,
D0268,belakang,
D0268,rumah,
D0268,telah,
D0268,dirusak,
D0268,menggunakan,
D0268,linggis,
D0268,Linggisnya,
D0268,ini,
D0268,tertinggal,
D0268,di,
D0268,belakang,
D0268,rumah,
D0268,sebutnya,
D0268,Atas,
D0268,kejadian,
D0268,itu,
D0268,korban,
D0268,membuat,
D0268,laporan,
D0268,ke,
D0268,Polsek,
D0268,Medan,
D0268,Baru,
D0268,Pihak,
D0268,kepolisian,
D0268,pun,
D0268,menyelidiki,
D0268,kasus,
D0268,tersebut,
D0268,dan,
D0268,menangkap,
D0268,pelaku,
D0268,di,
D0268,Jalan,
D0268,Mangkubumi,
D0268,Kecamatan,
D0268,Medan,
D0268,Kota,
D0268,sekira,
D0268,pukul,
D0268,2330,
D0268,WIB,
D0268,Saat,
D0268,diinterogasi,
D0268,pelaku,
D0268,mengakui,
D0268,perbuatannya,
D0268,Berdasarkan,
D0268,keterangan,
D0268,tersangka,
D0268,dilakukan,
D0268,pengembangan,
D0268,ke,
D0268,arah,
D0268,Pantai,
D0268,Burung,
D0268,Namun,
D0268,dalam,
D0268,perjalanan,
D0268,pelaku,
D0268,berusaha,
D0268,melarikan,
D0268,diri,
D0268,sehingga,
D0268,setelah,
D0268,dua,
D0268,kali,
D0268,melepaskan,
D0268,tembakan,
D0268,peringatan,
D0268,petugas,
D0268,menembak,
D0268,kaki,
D0268,tersangka,
D0268,Setelah,
D0268,dilakukan,
D0268,perawatan,
D0268,medis,
D0268,di,
D0268,RS,
D0268,Bhayangkara,
D0268,pelaku,
D0268,dibawa,
D0268,ke,
D0268,Polsek,
D0268,Medan,
D0268,Baru,
D0268,guna,
D0268,penyidikan,
D0268,lanjut,
D0268,pungkasnya,
D0268,Kanit,
D0268,Reskrim,
D0268,Polsek,
D0268,Medan,
D0268,Baru,
D0268,Iptu,
D0268,Dian,
D0268,Simangunsong,
D0268,menyebut,
D0268,lokasi,
D0268,pencurian,
D0268,merupakan,
D0268,rumah,
D0268,sekaligus,
D0268,tempat,
D0268,reparasi,
D0268,handphone,
D0268,Dian,
D0268,mengatakan,
D0268,pelaku,
D0268,memang,
D0268,sengaja,
D0268,menutup,
D0268,wajahnya,
D0268,menggunakan,
D0268,kantong,
D0268,plastik,
D0268,agar,
D0268,wajahnya,
D0268,tidak,
D0268,dikenali,
D0268,Ya,
D0268,supaya,
D0268,nggak,
D0268,dikenali,
D0268,kata,
D0268,Dian,
D0269,Waria,
D0269,bernama,
D0269,Tomi,
D0269,Rifaldi,
D0269,Lubis,
D0269,29,
D0269,mencuri,
D0269,dan,
D0269,menjual,
D0269,sepeda,
D0269,motor,
D0269,tetangganya,
D0269,di,
D0269,Kota,
D0269,Medan,
D0269,Sumatera,
D0269,Utara,
D0269,Sumut,
D0269,Uang,
D0269,hasil,
D0269,pencurian,
D0269,itu,
D0269,digunakan,
D0269,pelaku,
D0269,untuk,
D0269,membeli,
D0269,narkoba,
D0269,dan,
D0269,handphone,
D0269,Kanit,
D0269,Reskrim,
D0269,Polsek,
D0269,Medan,
D0269,Barat,
D0269,Iptu,
D0269,Darman,
D0269,Lumban,
D0269,Raja,
D0269,mengatakan,
D0269,pelaku,
D0269,meminta,
D0269,bantuan,
D0269,temannya,
D0269,berinisial,
D0269,R,
D0269,untuk,
D0269,menjual,
D0269,motor,
D0269,tersebut,
D0269,R,
D0269,lalu,
D0269,meminta,
D0269,bantuan,
D0269,I,
D0269,untuk,
D0269,menjualnya,
D0269,Setelah,
D0269,terjual,
D0269,I,
D0269,memberikan,
D0269,uang,
D0269,sebesar,
D0269,Rp,
D0269,35,
D0269,juta,
D0269,ke,
D0269,R,
D0269,dan,
D0269,Tomi,
D0269,I,
D0269,jual,
D0269,dia,
D0269,yang,
D0269,tahu,
D0269,berapa,
D0269,harganya,
D0269,Dikasih,
D0269,ke,
D0269,mereka,
D0269,I,
D0269,dan,
D0269,Tomi,
D0269,Rp,
D0269,35,
D0269,juta,
D0269,kata,
D0269,Darman,
D0269,Rabu,
D0269,1922025,
D0269,SCROLL,
D0269,TO,
D0269,CONTINUE,
D0269,WITH,
D0269,CONTENT,
D0269,Kemudian,
D0269,uang,
D0269,tersebut,
D0269,dibagi,
D0269,kedua,
D0269,pelaku,
D0269,dengan,
D0269,Rp,
D0269,12,
D0269,juta,
D0269,ke,
D0269,pelaku,
D0269,R,
D0269,dan,
D0269,sisanya,
D0269,kepada,
D0269,pelaku,
D0269,Tomi,
D0269,Uang,
D0269,tersebut,
D0269,digunakan,
D0269,pelaku,
D0269,Tomi,
D0269,untuk,
D0269,membeli,
D0269,hp,
D0269,Rp,
D0269,11,
D0269,juta,
D0269,dan,
D0269,sisanya,
D0269,untuk,
D0269,membeli,
D0269,sabusabu,
D0269,Saat,
D0269,ini,
D0269,pelaku,
D0269,I,
D0269,dan,
D0269,R,
D0269,masih,
D0269,dalam,
D0269,pencarian,
D0269,pihak,
D0269,kepolisian,
D0269,Dari,
D0269,hasil,
D0269,penjualan,
D0269,sepeda,
D0269,motor,
D0269,tersebut,
D0269,pelaku,
D0269,membeli,
D0269,hp,
D0269,sebesar,
D0269,Rp,
D0269,11,
D0269,juta,
D0269,dan,
D0269,kemudian,
D0269,sisanya,
D0269,pelaku,
D0269,membeli,
D0269,sabu,
D0269,pungkasnya,
D0269,Kapolsek,
D0269,Medan,
D0269,Barat,
D0269,Kompol,
D0269,JM,
D0269,Napitupulu,
D0269,menyebut,
D0269,pelaku,
D0269,Tomi,
D0269,baru,
D0269,dua,
D0269,bulan,
D0269,bebas,
D0269,dari,
D0269,penjara,
D0269,Iya,
D0269,waria,
D0269,pelaku,
D0269,baru,
D0269,dua,
D0269,bulan,
D0269,bebas,
D0269,dari,
D0269,penjara,
D0269,dan,
D0269,masuk,
D0269,lagi,
D0269,karena,
D0269,larikan,
D0269,sepeda,
D0269,motor,
D0269,tetangganya,
D0269,jelasnya,
D0269,JM,
D0269,menyebut,
D0269,peristiwa,
D0269,itu,
D0269,terjadi,
D0269,di,
D0269,Jalan,
D0269,Sekata,
D0269,Kelurahan,
D0269,Sei,
D0269,Agul,
D0269,Kecamatan,
D0269,Medan,
D0269,Barat,
D0269,Jumat,
D0269,142,
D0269,siang,
D0269,Saat,
D0269,itu,
D0269,pelaku,
D0269,mendatangi,
D0269,rumah,
D0269,korban,
D0269,IS,
D0269,51,
D0269,untuk,
D0269,meminjam,
D0269,sepeda,
D0269,motor,
D0269,korban,
D0269,Pelaku,
D0269,berdalih,
D0269,ingin,
D0269,mengambil,
D0269,beras,
D0269,ke,
D0269,rumah,
D0269,orang,
D0269,tuanya,
D0269,Korban,
D0269,pun,
D0269,memberikan,
D0269,sepeda,
D0269,motornya,
D0269,untuk,
D0269,dipinjam,
D0269,pelaku,
D0269,Namun,
D0269,setelah,
D0269,itu,
D0269,pelaku,
D0269,tak,
D0269,kunjung,
D0269,mengembalikan,
D0269,motor,
D0269,tersebut,
D0269,Pelaku,
D0269,datang,
D0269,ke,
D0269,rumah,
D0269,korban,
D0269,meminjam,
D0269,motor,
D0269,korban,
D0269,dengan,
D0269,alasan,
D0269,untuk,
D0269,mengambil,
D0269,beras,
D0269,ke,
D0269,rumah,
D0269,orang,
D0269,tua,
D0269,pelaku,
D0269,Namun,
D0269,motor,
D0269,korban,
D0269,tidak,
D0269,dikembalikan,
D0269,jelasnya,
D0269,Atas,
D0269,kejadian,
D0269,tersebut,
D0269,korban,
D0269,membuat,
D0269,laporan,
D0269,ke,
D0269,Polsek,
D0269,Medan,
D0269,Barat,
D0269,Pihak,
D0269,kepolisian,
D0269,pun,
D0269,menyelidiki,
D0269,kasus,
D0269,tersebut,
D0269,dan,
D0269,menangkap,
D0269,pelaku,
D0269,pada,
D0269,Senin,
D0269,172,
D0269,di,
D0269,Jalan,
D0269,Dairi,
D0269,Kecamatan,
D0269,Medan,
D0269,Barat,
D0269,Pelaku,
D0269,mengakui,
D0269,bahwa,
D0269,dirinya,
D0269,yang,
D0269,telah,
D0269,melakukan,
D0269,penipuan,
D0269,dan,
D0269,atau,
D0269,penggelapan,
D0269,sepeda,
D0269,motor,
D0269,milik,
D0269,korban,
D0269,pungkasnya,
D0270,Ketua,
D0270,RT,
D0270,inisial,
D0270,Y,
D0270,40,
D0270,di,
D0270,Kabupaten,
D0270,Musi,
D0270,Banyuasin,
D0270,Muba,
D0270,Sumatera,
D0270,Selatan,
D0270,Sumsel,
D0270,tewas,
D0270,diduga,
D0270,saat,
D0270,hendak,
D0270,membubarkan,
D0270,tawuran,
D0270,Polisi,
D0270,kini,
D0270,turun,
D0270,tangan,
D0270,untuk,
D0270,menyelidiki,
D0270,peristiwa,
D0270,tersebut,
D0270,Melansir,
D0270,detikSumbagsel,
D0270,dari,
D0270,informasi,
D0270,yang,
D0270,didapat,
D0270,kejadian,
D0270,tersebut,
D0270,terjadi,
D0270,di,
D0270,Desa,
D0270,Ulak,
D0270,Paceh,
D0270,Jaya,
D0270,Lawang,
D0270,Wetan,
D0270,Muba,
D0270,Senin,
D0270,1722025,
D0270,sekitar,
D0270,pukul,
D0270,2100,
D0270,WIB,
D0270,Korban,
D0270,yang,
D0270,merupakan,
D0270,Ketua,
D0270,RT,
D0270,009,
D0270,Dusun,
D0270,III,
D0270,Desa,
D0270,Ulak,
D0270,Paceh,
D0270,Jaya,
D0270,Muba,
D0270,sebelum,
D0270,kejadian,
D0270,diduga,
D0270,hendak,
D0270,membubarkan,
D0270,aksi,
D0270,tawuran,
D0270,para,
D0270,pemuda,
D0270,Saat,
D0270,itu,
D0270,sejumlah,
D0270,pemuda,
D0270,memakai,
D0270,senjata,
D0270,tajam,
D0270,saling,
D0270,serang,
D0270,di,
D0270,TKP,
D0270,Melihat,
D0270,hal,
D0270,tersebut,
D0270,korban,
D0270,berinisiatif,
D0270,hendak,
D0270,membubarkan,
D0270,aksi,
D0270,tawuran,
D0270,itu,
D0270,Tapi,
D0270,korban,
D0270,diduga,
D0270,diserang,
D0270,dari,
D0270,belakang,
D0270,hingga,
D0270,membuatnya,
D0270,mengalami,
D0270,luka,
D0270,pada,
D0270,bagian,
D0270,kepala,
D0270,belakang,
D0270,SCROLL,
D0270,TO,
D0270,CONTINUE,
D0270,WITH,
D0270,CONTENT,
D0270,Kemudian,
D0270,Y,
D0270,terjatuh,
D0270,dan,
D0270,para,
D0270,pemuda,
D0270,yang,
D0270,saling,
D0270,serang,
D0270,langsung,
D0270,membubarkan,
D0270,diri,
D0270,Korban,
D0270,sempat,
D0270,dilarikan,
D0270,ke,
D0270,RSUD,
D0270,Sekayu,
D0270,untuk,
D0270,mendapatkan,
D0270,perawatan,
D0270,namun,
D0270,korban,
D0270,dinyatakan,
D0270,meninggal,
D0270,dunia,
D0270,pada,
D0270,Selasa,
D0270,182,
D0270,sekitar,
D0270,pagi,
D0270,Kapolres,
D0270,Muba,
D0270,AKBP,
D0270,Listiyono,
D0270,Dwi,
D0270,Nugroho,
D0270,membenarkan,
D0270,peristiwa,
D0270,tersebut,
D0270,Dia,
D0270,menyebut,
D0270,pihaknya,
D0270,masih,
D0270,melakukan,
D0270,penyelidikan,
D0270,terkait,
D0270,peristiwa,
D0270,itu,
D0270,Iya,
D0270,sekarang,
D0270,sedang,
D0270,saya,
D0270,perintahkan,
D0270,lengkapi,
D0270,pemeriksaan,
D0270,untuk,
D0270,digelarkan,
D0270,untuk,
D0270,diproses,
D0270,sesuai,
D0270,prosedur,
D0270,pelakunya,
D0270,kata,
D0270,Listiyono,
D0270,saat,
D0270,dikonfirmasi,
D0270,Selasa,
D0270,Dia,
D0270,mengatakan,
D0270,saat,
D0270,ini,
D0270,sejumlah,
D0270,pemuda,
D0270,yang,
D0270,diduga,
D0270,terlibat,
D0270,aksi,
D0270,tawuran,
D0270,sudah,
D0270,berhasil,
D0270,diamankan,
D0270,Mereka,
D0270,masih,
D0270,dilakukan,
D0270,pemeriksaan,
D0270,Diduga,
D0270,pelaku,
D0270,sudah,
D0270,diamankan,
D0270,untuk,
D0270,penentuannya,
D0270,pelaku,
D0270,kita,
D0270,lengkapi,
D0270,dulu,
D0270,pemeriksaan,
D0270,Iya,
D0270,anakanak,
D0270,di,
D0270,bawah,
D0270,umur,
D0270,ujarnya,
D0270,Terkait,
D0270,dengan,
D0270,kronologi,
D0270,kejadian,
D0270,itu,
D0270,dia,
D0270,belum,
D0270,bisa,
D0270,menjelaskanya,
D0270,Sebab,
D0270,masih,
D0270,dilakukan,
D0270,pemeriksaan,
D0270,dan,
D0270,penyelidikan,
D0271,Aksi,
D0271,pencurian,
D0271,motor,
D0271,kembali,
D0271,terjadi,
D0271,di,
D0271,Surabaya,
D0271,Terbaru,
D0271,para,
D0271,pelaku,
D0271,menyasar,
D0271,motor,
D0271,penghuni,
D0271,kos,
D0271,di,
D0271,kawasan,
D0271,Tambaksari,
D0271,Informasi,
D0271,yang,
D0271,dihimpun,
D0271,detikJatim,
D0271,pencurian,
D0271,itu,
D0271,terjadi,
D0271,di,
D0271,Jalan,
D0271,Bronggalan,
D0271,Kecamatan,
D0271,Tambaksari,
D0271,Surabaya,
D0271,Senin,
D0271,1722025,
D0271,dini,
D0271,hari,
D0271,Dalam,
D0271,rekaman,
D0271,CCTV,
D0271,kos,
D0271,terlihat,
D0271,2,
D0271,pelaku,
D0271,berboncengan,
D0271,mengendarai,
D0271,motor,
D0271,matik,
D0271,warna,
D0271,hitam,
D0271,Salah,
D0271,satu,
D0271,pelaku,
D0271,mengenakan,
D0271,helm,
D0271,silver,
D0271,yang,
D0271,bertugas,
D0271,sebagai,
D0271,eksekutor,
D0271,dengan,
D0271,santainya,
D0271,terlihat,
D0271,membuka,
D0271,pagar,
D0271,lalu,
D0271,merangsek,
D0271,masuk,
D0271,ke,
D0271,dalam,
D0271,SCROLL,
D0271,TO,
D0271,CONTINUE,
D0271,WITH,
D0271,CONTENT,
D0271,Sebelum,
D0271,beraksi,
D0271,rekannya,
D0271,yang,
D0271,mengenakan,
D0271,helm,
D0271,biru,
D0271,dan,
D0271,bertugas,
D0271,sebagai,
D0271,joki,
D0271,terlihat,
D0271,memantau,
D0271,kondisi,
D0271,sekitar,
D0271,serta,
D0271,mengamati,
D0271,rekannya,
D0271,beraksi,
D0271,Sementara,
D0271,eksekutor,
D0271,juga,
D0271,terlihat,
D0271,mengamati,
D0271,kondisi,
D0271,sekitar,
D0271,dan,
D0271,langsung,
D0271,merusak,
D0271,rumah,
D0271,kunci,
D0271,salah,
D0271,satu,
D0271,motor,
D0271,Aksi,
D0271,pencurian,
D0271,berlangsung,
D0271,singkat,
D0271,hanya,
D0271,butuh,
D0271,waktu,
D0271,beberapa,
D0271,menit,
D0271,saja,
D0271,Usai,
D0271,motor,
D0271,dapat,
D0271,dihidupkan,
D0271,keduanya,
D0271,langsung,
D0271,menggondol,
D0271,1,
D0271,motor,
D0271,Honda,
D0271,Vario,
D0271,dengan,
D0271,nopol,
D0271,DA4781,
D0271,AE,
D0271,milik,
D0271,seorang,
D0271,penghuni,
D0271,kos,
D0271,Kanit,
D0271,Reskrim,
D0271,Polsek,
D0271,Tambaksari,
D0271,Iptu,
D0271,Aman,
D0271,Hasta,
D0271,Subagia,
D0271,membenarkan,
D0271,hal,
D0271,itu,
D0271,saat,
D0271,dikonfirmasi,
D0271,detikJatim,
D0271,Menurutnya,
D0271,para,
D0271,personelnya,
D0271,sudah,
D0271,mengkroscek,
D0271,ke,
D0271,TKP,
D0271,Kemarin,
D0271,anggota,
D0271,sudah,
D0271,ke,
D0271,TKP,
D0271,kata,
D0271,Aman,
D0271,saat,
D0271,dikonfirmasi,
D0271,detikJatim,
D0271,Selasa,
D0271,1822025,
D0271,Aman,
D0271,juga,
D0271,memastikan,
D0271,pihaknya,
D0271,tengah,
D0271,mendalami,
D0271,aksi,
D0271,pencurian,
D0271,itu,
D0271,Kendati,
D0271,korban,
D0271,belum,
D0271,melapor,
D0271,secara,
D0271,resmi,
D0271,ke,
D0271,pada,
D0271,polisi,
D0271,dan,
D0271,disebut,
D0271,sedang,
D0271,tidak,
D0271,berada,
D0271,di,
D0271,kos,
D0271,Tapi,
D0271,sampai,
D0271,dengan,
D0271,sekarang,
D0271,korban,
D0271,belum,
D0271,melapor,
D0271,ke,
D0271,Polsek,
D0271,Infonya,
D0271,pemilik,
D0271,sepeda,
D0271,motor,
D0271,berada,
D0271,di,
D0271,Kalimantan,
D0271,ujarnya,
D0271,Meski,
D0271,begitu,
D0271,Aman,
D0271,menegaskan,
D0271,pihaknya,
D0271,tengah,
D0271,mendalami,
D0271,kasus,
D0271,tersebut,
D0271,Ia,
D0271,menyatakan,
D0271,para,
D0271,personelnya,
D0271,sedang,
D0271,memburu,
D0271,keberadaan,
D0271,2,
D0271,terduga,
D0271,pelaku,
D0272,Dua,
D0272,orang,
D0272,pelaku,
D0272,pencurian,
D0272,inisial,
D0272,M,
D0272,49,
D0272,dan,
D0272,S,
D0272,24,
D0272,di,
D0272,Jalan,
D0272,Sei,
D0272,Raya,
D0272,Kelurahan,
D0272,Sembulang,
D0272,Kecamatan,
D0272,Galang,
D0272,Kota,
D0272,Batam,
D0272,Kepulauan,
D0272,Riau,
D0272,Kepri,
D0272,ditangkap,
D0272,polisi,
D0272,Dalam,
D0272,aksinya,
D0272,kedua,
D0272,pelaku,
D0272,menganiaya,
D0272,korban,
D0272,seorang,
D0272,perempuan,
D0272,berusia,
D0272,67,
D0272,tahun,
D0272,Kedua,
D0272,pelaku,
D0272,yakni,
D0272,M,
D0272,dan,
D0272,S,
D0272,diamankan,
D0272,oleh,
D0272,Polsek,
D0272,Galang,
D0272,dan,
D0272,Jatanras,
D0272,Polresta,
D0272,Barelang,
D0272,pada,
D0272,Minggu,
D0272,162,
D0272,Mereka,
D0272,diamankan,
D0272,di,
D0272,kediamannya,
D0272,di,
D0272,Bukit,
D0272,Senyum,
D0272,Kecamatan,
D0272,Batu,
D0272,Ampar,
D0272,kata,
D0272,Kasat,
D0272,Reskrim,
D0272,Polresta,
D0272,Barelang,
D0272,AKP,
D0272,Debby,
D0272,Tri,
D0272,Andrestian,
D0272,Senin,
D0272,1722025,
D0272,Debby,
D0272,mengatakan,
D0272,pencurian,
D0272,oleh,
D0272,kedua,
D0272,pelaku,
D0272,itu,
D0272,dilakukan,
D0272,pada,
D0272,Rabu,
D0272,122,
D0272,dini,
D0272,hari,
D0272,sekitar,
D0272,pukul,
D0272,0400,
D0272,WIB,
D0272,Kedua,
D0272,pelaku,
D0272,membobol,
D0272,pintu,
D0272,belakang,
D0272,rumah,
D0272,korban,
D0272,SCROLL,
D0272,TO,
D0272,CONTINUE,
D0272,WITH,
D0272,CONTENT,
D0272,Korban,
D0272,berinisial,
D0272,W,
D0272,seorang,
D0272,perempuan,
D0272,berusia,
D0272,67,
D0272,tahun,
D0272,kedua,
D0272,pelaku,
D0272,memasuki,
D0272,rumah,
D0272,korban,
D0272,dengan,
D0272,membobol,
D0272,pintu,
D0272,belakang,
D0272,rumah,
D0272,korban,
D0272,ujarnya,
D0272,Setelah,
D0272,berada,
D0272,di,
D0272,dalam,
D0272,rumah,
D0272,pelaku,
D0272,berinisial,
D0272,M,
D0272,membangunkan,
D0272,korban,
D0272,Pelaku,
D0272,kemudian,
D0272,menanyakan,
D0272,harta,
D0272,berharga,
D0272,korban,
D0272,Ketika,
D0272,korban,
D0272,menyatakan,
D0272,tidak,
D0272,memiliki,
D0272,uang,
D0272,pelaku,
D0272,mengancam,
D0272,korban,
D0272,Korban,
D0272,yang,
D0272,ketakutan,
D0272,langsung,
D0272,berteriak,
D0272,ujarnya,
D0272,Pelaku,
D0272,M,
D0272,yang,
D0272,melihat,
D0272,korban,
D0272,berteriak,
D0272,langsung,
D0272,marah,
D0272,Pelaku,
D0272,kemudian,
D0272,mengambil,
D0272,sebilah,
D0272,parang,
D0272,dan,
D0272,memotong,
D0272,batang,
D0272,ubi,
D0272,di,
D0272,halaman,
D0272,rumah,
D0272,korban,
D0272,Batang,
D0272,ubi,
D0272,tersebut,
D0272,lalu,
D0272,digunakan,
D0272,untuk,
D0272,memukul,
D0272,korban,
D0272,berkalikali,
D0272,di,
D0272,bagian,
D0272,kepala,
D0272,tangan,
D0272,kaki,
D0272,serta,
D0272,beberapa,
D0272,bagian,
D0272,tubuh,
D0272,lainnya,
D0272,ujarnya,
D0272,Debby,
D0272,mengungkapkan,
D0272,setelah,
D0272,memukul,
D0272,korban,
D0272,kedua,
D0272,pelaku,
D0272,langsung,
D0272,menggeledah,
D0272,rumah,
D0272,tersebut,
D0272,untuk,
D0272,mencari,
D0272,barang,
D0272,berharga,
D0272,Kedua,
D0272,pelaku,
D0272,kemudian,
D0272,mengambil,
D0272,uang,
D0272,Rp,
D0272,25,
D0272,ribu,
D0272,handphone,
D0272,merek,
D0272,STNK,
D0272,motor,
D0272,serta,
D0272,satu,
D0272,karung,
D0272,jengkol,
D0272,Kedua,
D0272,pelaku,
D0272,menggeledah,
D0272,rumah,
D0272,korban,
D0272,dan,
D0272,membawa,
D0272,kabur,
D0272,uang,
D0272,tunai,
D0272,sebesar,
D0272,Rp,
D0272,25000,
D0272,satu,
D0272,unit,
D0272,handphone,
D0272,Nokia,
D0272,berwarna,
D0272,hitam,
D0272,STNK,
D0272,motor,
D0272,serta,
D0272,satu,
D0272,karung,
D0272,jengkol,
D0272,ujarnya,
D0272,Dari,
D0272,pemeriksaan,
D0272,polisi,
D0272,kedua,
D0272,pelaku,
D0272,mengaku,
D0272,telah,
D0272,melakukan,
D0272,pencurian,
D0272,sebanyak,
D0272,9,
D0272,kali,
D0272,di,
D0272,wilayah,
D0272,Kecamatan,
D0272,Galang,
D0272,Aksi,
D0272,pencurian,
D0272,kedua,
D0272,pelaku,
D0272,cukup,
D0272,meresahkan,
D0272,masyarakat,
D0272,di,
D0272,Kecamatan,
D0272,Galang,
D0272,Berdasarkan,
D0272,hasil,
D0272,pengembangan,
D0272,mereka,
D0272,juga,
D0272,terlibat,
D0272,dalam,
D0272,beberapa,
D0272,kasus,
D0272,pencurian,
D0272,lainnya,
D0272,di,
D0272,wilayah,
D0272,hukum,
D0272,Polsek,
D0272,Galang,
D0272,termasuk,
D0272,lima,
D0272,kasus,
D0272,pencurian,
D0272,dengan,
D0272,pemberatan,
D0272,curat,
D0272,dan,
D0272,satu,
D0272,kasus,
D0272,pencurian,
D0272,kendaraan,
D0272,bermotor,
D0272,ujarnya,
D0272,Atas,
D0272,perbuatannya,
D0272,kedua,
D0272,pelaku,
D0272,dijerat,
D0272,dengan,
D0272,pasal,
D0272,pencurian,
D0272,dengan,
D0272,kekerasan,
D0272,dengan,
D0272,ancaman,
D0272,hukuman,
D0272,maksimal,
D0272,12,
D0272,tahun,
D0272,penjara,
D0272,ujarnya,
D0273,Seorang,
D0273,warga,
D0273,Kecamatan,
D0273,Glagah,
D0273,terpaksa,
D0273,harus,
D0273,diamankan,
D0273,Tim,
D0273,Jaka,
D0273,Tingkir,
D0273,Satreskrim,
D0273,Polres,
D0273,Lamongan,
D0273,Pasalnya,
D0273,dia,
D0273,diduga,
D0273,mencuri,
D0273,tas,
D0273,berisi,
D0273,uang,
D0273,tunai,
D0273,jutaan,
D0273,rupiah,
D0273,dan,
D0273,handphone,
D0273,milik,
D0273,seorang,
D0273,pedagang,
D0273,di,
D0273,Pasar,
D0273,Unggas,
D0273,Lamongan,
D0273,Informasi,
D0273,yang,
D0273,dihimpun,
D0273,menyebutkan,
D0273,FK,
D0273,31,
D0273,warga,
D0273,Kecamatan,
D0273,Glagah,
D0273,berhasil,
D0273,diamankan,
D0273,polisi,
D0273,setelah,
D0273,aksinya,
D0273,terekam,
D0273,kamera,
D0273,CCTV,
D0273,di,
D0273,sekitar,
D0273,Pasar,
D0273,Unggas,
D0273,yang,
D0273,ada,
D0273,di,
D0273,Kelurahan,
D0273,Sukomulyo,
D0273,Kecamatan,
D0273,Lamongan,
D0273,Berdasarkan,
D0273,rekaman,
D0273,CCTV,
D0273,pelaku,
D0273,terlihat,
D0273,mencuri,
D0273,tas,
D0273,milik,
D0273,Suhardi,
D0273,32,
D0273,seorang,
D0273,pedagang,
D0273,asal,
D0273,Desa,
D0273,Deket,
D0273,Kulon,
D0273,Kecamatan,
D0273,Deket,
D0273,yang,
D0273,berisi,
D0273,satu,
D0273,unit,
D0273,handphone,
D0273,dan,
D0273,uang,
D0273,tunai,
D0273,sebesar,
D0273,Rp,
D0273,6550000,
D0273,SCROLL,
D0273,TO,
D0273,CONTINUE,
D0273,WITH,
D0273,CONTENT,
D0273,Benar,
D0273,kami,
D0273,mengamankan,
D0273,FK,
D0273,31,
D0273,yang,
D0273,diduga,
D0273,telah,
D0273,melakukan,
D0273,aksi,
D0273,pencurian,
D0273,sebuah,
D0273,tas,
D0273,milik,
D0273,Suhardi,
D0273,32,
D0273,seorang,
D0273,pedagang,
D0273,di,
D0273,Pasar,
D0273,Unggas,
D0273,yang,
D0273,berisi,
D0273,uang,
D0273,tunai,
D0273,senilai,
D0273,Rp,
D0273,6550000,
D0273,dan,
D0273,sebuah,
D0273,handphone,
D0273,kata,
D0273,Kasi,
D0273,Humas,
D0273,Polres,
D0273,Lamongan,
D0273,Ipda,
D0273,M,
D0273,Hamzaid,
D0273,saat,
D0273,dikonfirmasi,
D0273,wartawan,
D0273,Senin,
D0273,1722025,
D0273,Hamzaid,
D0273,menjelaskan,
D0273,pengungkapan,
D0273,kasus,
D0273,ini,
D0273,bermula,
D0273,dari,
D0273,laporan,
D0273,korban,
D0273,yang,
D0273,masuk,
D0273,pada,
D0273,12,
D0273,Januari,
D0273,2025,
D0273,Pada,
D0273,polisi,
D0273,korban,
D0273,mengatakan,
D0273,pada,
D0273,Sabtu,
D0273,malam,
D0273,1112025,
D0273,sekitar,
D0273,pukul,
D0273,2100,
D0273,WIB,
D0273,ketika,
D0273,korban,
D0273,sedang,
D0273,beristirahat,
D0273,di,
D0273,stan,
D0273,jualannya,
D0273,di,
D0273,Pasar,
D0273,Unggas,
D0273,Sukomulyo,
D0273,sembari,
D0273,menunggu,
D0273,kedatangan,
D0273,tengkulak,
D0273,Korban,
D0273,meletakkan,
D0273,handphone,
D0273,Redmi,
D0273,dan,
D0273,tas,
D0273,pinggang,
D0273,hitam,
D0273,berisi,
D0273,uang,
D0273,Rp,
D0273,6550000,
D0273,di,
D0273,dekatnya,
D0273,Namun,
D0273,sekitar,
D0273,pukul,
D0273,0030,
D0273,WIB,
D0273,korban,
D0273,terbangun,
D0273,dan,
D0273,mendapati,
D0273,handphone,
D0273,serta,
D0273,tas,
D0273,miliknya,
D0273,sudah,
D0273,hilang,
D0273,Korban,
D0273,segera,
D0273,melakukan,
D0273,pencarian,
D0273,di,
D0273,sekitar,
D0273,lokasi,
D0273,dan,
D0273,bertanya,
D0273,kepada,
D0273,warga,
D0273,sekitar,
D0273,tetapi,
D0273,tidak,
D0273,ada,
D0273,yang,
D0273,mengetahui,
D0273,keberadaan,
D0273,barang,
D0273,tersebut,
D0273,ujarnya,
D0273,Merasa,
D0273,curiga,
D0273,korban,
D0273,kemudian,
D0273,memeriksa,
D0273,rekaman,
D0273,CCTV,
D0273,yang,
D0273,terpasang,
D0273,di,
D0273,area,
D0273,pasar,
D0273,Dalam,
D0273,rekaman,
D0273,tersebut,
D0273,terlihat,
D0273,seorang,
D0273,pria,
D0273,mengenakan,
D0273,helm,
D0273,jaket,
D0273,dan,
D0273,sarung,
D0273,polos,
D0273,mengambil,
D0273,barangbarangnya,
D0273,Tak,
D0273,terima,
D0273,menjadi,
D0273,korban,
D0273,pencurian,
D0273,korban,
D0273,langsung,
D0273,melaporkan,
D0273,kejadian,
D0273,ini,
D0273,ke,
D0273,Polres,
D0273,Lamongan,
D0273,pada,
D0273,12,
D0273,Januari,
D0273,2025,
D0273,Menindaklanjuti,
D0273,laporan,
D0273,tersebut,
D0273,Kapolres,
D0273,Lamongan,
D0273,AKBP,
D0273,Bobby,
D0273,Adimas,
D0273,Condroputra,
D0273,langsung,
D0273,membentuk,
D0273,tim,
D0273,khusus,
D0273,yang,
D0273,terdiri,
D0273,dari,
D0273,Tim,
D0273,Jaka,
D0273,Tingkir,
D0273,Satreskrim,
D0273,Polres,
D0273,Lamongan,
D0273,untuk,
D0273,menyelidiki,
D0273,kasus,
D0273,ini,
D0273,jelasnya,
D0273,Setelah,
D0273,melakukan,
D0273,serangkaian,
D0273,penyelidikan,
D0273,termasuk,
D0273,pengumpulan,
D0273,informasi,
D0273,dan,
D0273,koordinasi,
D0273,dengan,
D0273,masyarakat,
D0273,serta,
D0273,dari,
D0273,dari,
D0273,rekaman,
D0273,CCTV,
D0273,terlihat,
D0273,seorang,
D0273,pria,
D0273,bertubuh,
D0273,gemuk,
D0273,mengenakan,
D0273,helm,
D0273,jaket,
D0273,dan,
D0273,sarung,
D0273,polos,
D0273,mengambil,
D0273,barangbarang,
D0273,korban,
D0273,Dalam,
D0273,proses,
D0273,penyelidikan,
D0273,polisi,
D0273,berhasil,
D0273,mengamankan,
D0273,sejumlah,
D0273,barang,
D0273,bukti,
D0273,antara,
D0273,lain,
D0273,Satu,
D0273,unit,
D0273,handphone,
D0273,merek,
D0273,Redmi,
D0273,hasil,
D0273,curian,
D0273,Satu,
D0273,jaket,
D0273,sweater,
D0273,warna,
D0273,abuabu,
D0273,Satu,
D0273,buah,
D0273,helm,
D0273,Satu,
D0273,sarung,
D0273,polos,
D0273,Pelaku,
D0273,berhasil,
D0273,kami,
D0273,amankan,
D0273,berkat,
D0273,kerja,
D0273,sama,
D0273,dengan,
D0273,masyarakat,
D0273,Saat,
D0273,ini,
D0273,ia,
D0273,sudah,
D0273,berada,
D0273,di,
D0273,Mapolres,
D0273,Lamongan,
D0273,untuk,
D0273,menjalani,
D0273,proses,
D0273,hukum,
D0273,lebih,
D0273,lanjut,
D0273,tandasnya,
D0273,Pelaku,
D0273,mengakui,
D0273,perbuatannya,
D0273,kini,
D0273,pelaku,
D0273,dijerat,
D0273,dengan,
D0273,Pasal,
D0273,362,
D0273,KUHP,
D0273,tentang,
D0273,pencurian,
D0273,yang,
D0273,mengancamnya,
D0273,dengan,
D0273,hukuman,
D0273,maksimal,
D0273,5,
D0273,tahun,
D0273,penjara,
D0273,Hamzaid,
D0273,juga,
D0273,menegaskan,
D0273,Polres,
D0273,Lamongan,
D0273,akan,
D0273,terus,
D0273,melakukan,
D0273,penindakan,
D0273,terhadap,
D0273,tindak,
D0273,kriminalitas,
D0273,yang,
D0273,mengganggu,
D0273,keamanan,
D0273,dan,
D0273,ketertiban,
D0273,masyarakat,
D0273,Kami,
D0273,berkomitmen,
D0273,untuk,
D0273,memberantas,
D0273,tindak,
D0273,kejahatan,
D0273,di,
D0273,Kabupaten,
D0273,Lamongan,
D0273,Kami,
D0273,juga,
D0273,mengapresiasi,
D0273,masyarakat,
D0273,yang,
D0273,aktif,
D0273,memberikan,
D0273,informasi,
D0273,kepada,
D0273,kepolisian,
D0273,sehingga,
D0273,kasus,
D0273,ini,
D0273,bisa,
D0273,cepat,
D0273,terungkap,
D0273,pungkasnya,
D0274,Seorang,
D0274,pria,
D0274,di,
D0274,Kota,
D0274,Tanjungbalai,
D0274,Sumatera,
D0274,Utara,
D0274,Sumut,
D0274,MTWS,
D0274,20,
D0274,membacok,
D0274,orang,
D0274,tua,
D0274,pacarnya,
D0274,JS,
D0274,40,
D0274,Motif,
D0274,pelaku,
D0274,melakukan,
D0274,hal,
D0274,itu,
D0274,karena,
D0274,kesal,
D0274,ditegur,
D0274,dan,
D0274,tidak,
D0274,direstui,
D0274,oleh,
D0274,korban,
D0274,Bermula,
D0274,dari,
D0274,sakit,
D0274,hati,
D0274,karena,
D0274,pernah,
D0274,pelaku,
D0274,ditegur,
D0274,korban,
D0274,dikarenakan,
D0274,korban,
D0274,tidak,
D0274,suka,
D0274,pelaku,
D0274,ada,
D0274,hubungan,
D0274,dengan,
D0274,anak,
D0274,korban,
D0274,kata,
D0274,Kapolsek,
D0274,Datuk,
D0274,Bandar,
D0274,AKP,
D0274,JH,
D0274,Turnip,
D0274,Senin,
D0274,1722025,
D0274,Turnip,
D0274,mengatakan,
D0274,peristiwa,
D0274,itu,
D0274,terjadi,
D0274,di,
D0274,Jalan,
D0274,Aman,
D0274,Lingkungan,
D0274,XII,
D0274,Kecamatan,
D0274,Datuk,
D0274,Bandar,
D0274,Senin,
D0274,102,
D0274,pagi,
D0274,Tibatiba,
D0274,pelaku,
D0274,datang,
D0274,sambil,
D0274,membawa,
D0274,parang,
D0274,rumput,
D0274,Lalu,
D0274,senjata,
D0274,tajam,
D0274,tersebut,
D0274,diayunkan,
D0274,pelaku,
D0274,ke,
D0274,arah,
D0274,korban,
D0274,hingga,
D0274,mengenai,
D0274,bagian,
D0274,tangan,
D0274,korban,
D0274,SCROLL,
D0274,TO,
D0274,CONTINUE,
D0274,WITH,
D0274,CONTENT,
D0274,Pelaku,
D0274,mengayunkan,
D0274,parang,
D0274,panjang,
D0274,atau,
D0274,parang,
D0274,rumput,
D0274,ke,
D0274,arah,
D0274,korban,
D0274,JS,
D0274,sehingga,
D0274,JS,
D0274,mengalami,
D0274,luka,
D0274,berdarah,
D0274,di,
D0274,bagian,
D0274,tangan,
D0274,kanan,
D0274,jelasnya,
D0274,Warga,
D0274,yang,
D0274,melihat,
D0274,peristiwa,
D0274,itu,
D0274,langsung,
D0274,berupaya,
D0274,melaporkannya,
D0274,ke,
D0274,Polsek,
D0274,Datuk,
D0274,Bandar,
D0274,Pihak,
D0274,kepolisian,
D0274,yang,
D0274,menerima,
D0274,laporan,
D0274,itu,
D0274,lalu,
D0274,mendatangi,
D0274,lokasi,
D0274,dan,
D0274,mengamankan,
D0274,pelaku,
D0274,Selain,
D0274,menangkap,
D0274,pelaku,
D0274,petugas,
D0274,juga,
D0274,mengamankan,
D0274,parang,
D0274,yang,
D0274,digunakan,
D0274,pelaku,
D0274,serta,
D0274,meja,
D0274,yang,
D0274,sempat,
D0274,dipakai,
D0274,korban,
D0274,untuk,
D0274,menangkis,
D0274,perbuatan,
D0274,pelaku,
D0274,Kemudian,
D0274,dilakukan,
D0274,interogasi,
D0274,kepada,
D0274,pelaku,
D0274,dan,
D0274,mengakui,
D0274,bahwa,
D0274,benar,
D0274,dia,
D0274,yang,
D0274,telah,
D0274,melakukan,
D0274,penganiayaan,
D0274,terhadap,
D0274,JS,
D0274,Tersangka,
D0274,dan,
D0274,barang,
D0274,bukti,
D0274,dibawa,
D0274,ke,
D0274,Polsek,
D0274,Datuk,
D0274,Bandar,
D0274,guna,
D0274,diproses,
D0274,lebih,
D0274,lanjut,
D0274,terhadap,
D0274,tersangka,
D0274,saat,
D0274,ini,
D0274,telah,
D0274,ditahan,
D0274,pungkasnya,
D0275,Seorang,
D0275,pria,
D0275,di,
D0275,Kabupaten,
D0275,Langkat,
D0275,Sumatera,
D0275,Utara,
D0275,Sumut,
D0275,berinisial,
D0275,FS,
D0275,27,
D0275,tewas,
D0275,dibacok,
D0275,mertuanya,
D0275,GS,
D0275,41,
D0275,Keduanya,
D0275,sudah,
D0275,sering,
D0275,terlibat,
D0275,cekcok,
D0275,salah,
D0275,satu,
D0275,pemicunya,
D0275,karena,
D0275,korban,
D0275,tidak,
D0275,bekerja,
D0275,Hubungannya,
D0275,korban,
D0275,adalah,
D0275,menantu,
D0275,dan,
D0275,pelaku,
D0275,mertua,
D0275,kata,
D0275,Kasat,
D0275,Reskrim,
D0275,Polres,
D0275,Binjai,
D0275,Iptu,
D0275,Rino,
D0275,Heriyanto,
D0275,saat,
D0275,dikonfirmasi,
D0275,detikSumut,
D0275,Senin,
D0275,1722025,
D0275,Rino,
D0275,menyebut,
D0275,peristiwa,
D0275,itu,
D0275,terjadi,
D0275,di,
D0275,Desa,
D0275,Tanjung,
D0275,Gunung,
D0275,Kecamatan,
D0275,Sei,
D0275,Bingai,
D0275,Jumat,
D0275,142,
D0275,pagi,
D0275,Antara,
D0275,korban,
D0275,dan,
D0275,pelaku,
D0275,ini,
D0275,tinggal,
D0275,bersebelahan,
D0275,Sebelum,
D0275,kejadian,
D0275,itu,
D0275,kata,
D0275,Rino,
D0275,korban,
D0275,sudah,
D0275,sempat,
D0275,mengamuk,
D0275,dan,
D0275,mengancam,
D0275,akan,
D0275,menghajar,
D0275,orang,
D0275,yang,
D0275,mendekatinya,
D0275,SCROLL,
D0275,TO,
D0275,CONTINUE,
D0275,WITH,
D0275,CONTENT,
D0275,Setelah,
D0275,itu,
D0275,pelaku,
D0275,dan,
D0275,anaknya,
D0275,yang,
D0275,merupakan,
D0275,istri,
D0275,korban,
D0275,pergi,
D0275,menyemprot,
D0275,tanaman,
D0275,jagung,
D0275,mereka,
D0275,Lalu,
D0275,sekitar,
D0275,pukul,
D0275,0825,
D0275,WIB,
D0275,pelaku,
D0275,pulang,
D0275,ke,
D0275,rumah,
D0275,untuk,
D0275,mengambil,
D0275,air,
D0275,minum,
D0275,Pada,
D0275,saat,
D0275,sampai,
D0275,di,
D0275,rumah,
D0275,pelaku,
D0275,mendengar,
D0275,suara,
D0275,mengancam,
D0275,dari,
D0275,korban,
D0275,Kemudian,
D0275,pelaku,
D0275,memanggil,
D0275,korban,
D0275,untuk,
D0275,keluar,
D0275,rumah,
D0275,dan,
D0275,pelaku,
D0275,dengan,
D0275,spontan,
D0275,mengeluarkan,
D0275,senjata,
D0275,tajam,
D0275,yang,
D0275,berada,
D0275,di,
D0275,pinggang,
D0275,pelaku,
D0275,dan,
D0275,membacok,
D0275,tangan,
D0275,leher,
D0275,serta,
D0275,kaki,
D0275,korban,
D0275,jelasnya,
D0275,Akibat,
D0275,kejadian,
D0275,itu,
D0275,korban,
D0275,dilaporkan,
D0275,tewas,
D0275,di,
D0275,lokasi,
D0275,kejadian,
D0275,Warga,
D0275,sempat,
D0275,membawa,
D0275,korban,
D0275,ke,
D0275,puskesmas,
D0275,terdekat,
D0275,tetapi,
D0275,nyawa,
D0275,korban,
D0275,sudah,
D0275,melayang,
D0275,Meninggal,
D0275,saat,
D0275,itu,
D0275,juga,
D0275,setelah,
D0275,kejadian,
D0275,kita,
D0275,coba,
D0275,bawa,
D0275,ke,
D0275,puskesmas,
D0275,sudah,
D0275,enggak,
D0275,ada,
D0275,meninggal,
D0275,Pelaku,
D0275,diamankan,
D0275,hari,
D0275,itu,
D0275,juga,
D0275,sebutnya,
D0275,Mantan,
D0275,Kapolsek,
D0275,Parapat,
D0275,itu,
D0275,menyebut,
D0275,korban,
D0275,dan,
D0275,pelaku,
D0275,sudah,
D0275,sering,
D0275,terlibat,
D0275,cekcok,
D0275,Salah,
D0275,satu,
D0275,hal,
D0275,yang,
D0275,menjadi,
D0275,penyebabnya,
D0275,karena,
D0275,korban,
D0275,tidak,
D0275,memiliki,
D0275,pekerjaan,
D0275,Sebenarnya,
D0275,kan,
D0275,sudah,
D0275,cekcok,
D0275,sejak,
D0275,lama,
D0275,karena,
D0275,kan,
D0275,menantunya,
D0275,ini,
D0275,nggak,
D0275,kerja,
D0275,salah,
D0275,satunya,
D0275,mertuanya,
D0275,merasa,
D0275,kurang,
D0275,suka,
D0275,lah,
D0275,bahasanya,
D0275,Kalau,
D0275,misal,
D0275,ada,
D0275,informasi,
D0275,lain,
D0275,motif,
D0275,lain,
D0275,itu,
D0275,saya,
D0275,belum,
D0275,dalami,
D0275,pungkasnya,
D0276,Polresta,
D0276,Denpasar,
D0276,menangkap,
D0276,Bastomi,
D0276,Prasetiawan,
D0276,33,
D0276,pelaku,
D0276,penusukan,
D0276,I,
D0276,Kadek,
D0276,Parwata,
D0276,31,
D0276,di,
D0276,Jalan,
D0276,Nangka,
D0276,Utara,
D0276,Denpasar,
D0276,Kamis,
D0276,1322025,
D0276,dini,
D0276,hari,
D0276,Ulah,
D0276,keji,
D0276,tersebut,
D0276,mengakibatkan,
D0276,Parwata,
D0276,tewas,
D0276,kehabisan,
D0276,darah,
D0276,Kapolresta,
D0276,Denpasar,
D0276,Kombes,
D0276,Muhammad,
D0276,Iqbal,
D0276,Simatupang,
D0276,mengatakan,
D0276,ketika,
D0276,Bastomi,
D0276,diamankan,
D0276,di,
D0276,Surabaya,
D0276,pada,
D0276,Minggu,
D0276,1622025,
D0276,dia,
D0276,berusaha,
D0276,melarikan,
D0276,diri,
D0276,Walhasil,
D0276,kedua,
D0276,betisnya,
D0276,ditembak,
D0276,polisi,
D0276,Makanya,
D0276,tim,
D0276,tindak,
D0276,ataupun,
D0276,anggota,
D0276,yang,
D0276,melakukan,
D0276,penangkapan,
D0276,itu,
D0276,mengambil,
D0276,tindakan,
D0276,tegas,
D0276,dan,
D0276,terukur,
D0276,kata,
D0276,Iqbal,
D0276,saat,
D0276,konferensi,
D0276,pers,
D0276,di,
D0276,Polresta,
D0276,Denpasar,
D0276,Senin,
D0276,1722025,
D0276,SCROLL,
D0276,TO,
D0276,CONTINUE,
D0276,WITH,
D0276,CONTENT,
D0276,Ketika,
D0276,dimunculkan,
D0276,ke,
D0276,publik,
D0276,Bastomi,
D0276,tampak,
D0276,mengenakan,
D0276,kursi,
D0276,roda,
D0276,dengan,
D0276,kedua,
D0276,kakinya,
D0276,dibalut,
D0276,perban,
D0276,Dia,
D0276,tertunduk,
D0276,lesu,
D0276,dengan,
D0276,tangan,
D0276,diborgol,
D0276,dan,
D0276,baju,
D0276,oren,
D0276,bernomor,
D0276,225,
D0276,Pria,
D0276,yang,
D0276,tangan,
D0276,kirinya,
D0276,dipenuhi,
D0276,tato,
D0276,itu,
D0276,tidak,
D0276,sekalipun,
D0276,mengangkat,
D0276,kepalanya,
D0276,Dia,
D0276,terus,
D0276,menunduk,
D0276,dengan,
D0276,wajah,
D0276,lesu,
D0276,Atas,
D0276,perbuatannya,
D0276,Bastomi,
D0276,dijerat,
D0276,pasal,
D0276,351,
D0276,ayat,
D0276,3,
D0276,subsider,
D0276,pasal,
D0276,338,
D0276,KUHP,
D0276,dengan,
D0276,ancaman,
D0276,hukuman,
D0276,selama,
D0276,15,
D0276,tahun,
D0276,penjara,
D0276,Sebelumnya,
D0276,anggota,
D0276,Polresta,
D0276,Denpasar,
D0276,menangkap,
D0276,Bastomi,
D0276,di,
D0276,Pelabuhan,
D0276,Tanjung,
D0276,Perak,
D0276,Surabaya,
D0276,saat,
D0276,hendak,
D0276,melarikan,
D0276,diri,
D0276,ke,
D0276,Tarakan,
D0276,Kalimantan,
D0276,Timur,
D0276,pada,
D0276,Minggu,
D0276,Rekaman,
D0276,CCTV,
D0276,warung,
D0276,kelontong,
D0276,menjadi,
D0276,petunjuk,
D0276,penting,
D0276,aksi,
D0276,kejahatan,
D0276,Bastomi,
D0276,Dalam,
D0276,rekaman,
D0276,video,
D0276,tampak,
D0276,Bastomi,
D0276,cekcok,
D0276,dengan,
D0276,seorang,
D0276,pengendara,
D0276,motor,
D0276,di,
D0276,depan,
D0276,warung,
D0276,Awalnya,
D0276,dia,
D0276,ribut,
D0276,dengan,
D0276,pengendara,
D0276,lain,
D0276,saat,
D0276,di,
D0276,jalan,
D0276,raya,
D0276,Sesampainya,
D0276,di,
D0276,TKP,
D0276,Bastomi,
D0276,mengira,
D0276,jika,
D0276,Parwata,
D0276,merupakan,
D0276,rekan,
D0276,dari,
D0276,pengendara,
D0276,yang,
D0276,cekcok,
D0276,dengan,
D0276,dirinya,
D0276,Jadi,
D0276,sebelum,
D0276,melakukan,
D0276,penusukan,
D0276,ini,
D0276,di,
D0276,tempat,
D0276,lain,
D0276,juga,
D0276,ada,
D0276,masalah,
D0276,lain,
D0276,ujar,
D0276,Iqbal,
D0277,Bastomi,
D0277,Prasetiawan,
D0277,33,
D0277,pelaku,
D0277,penusukan,
D0277,terhadap,
D0277,Kadek,
D0277,Parwata,
D0277,31,
D0277,hingga,
D0277,tewas,
D0277,di,
D0277,Jalan,
D0277,Nangka,
D0277,Utara,
D0277,Denpasar,
D0277,positif,
D0277,mengonsumsi,
D0277,sabusabu,
D0277,Hal,
D0277,ini,
D0277,berdasarkan,
D0277,hasil,
D0277,pemeriksaan,
D0277,polisi,
D0277,setelah,
D0277,Bastomi,
D0277,ditangkap,
D0277,Jadi,
D0277,jam,
D0277,2,
D0277,tadi,
D0277,Kasatreskrim,
D0277,sudah,
D0277,melakukan,
D0277,SOP,
D0277,salah,
D0277,satunya,
D0277,SOP,
D0277,tadi,
D0277,dicek,
D0277,ternyata,
D0277,pengguna,
D0277,sabu,
D0277,positif,
D0277,pengguna,
D0277,sabu,
D0277,kata,
D0277,Kapolresta,
D0277,Denpasar,
D0277,Kombes,
D0277,Muhammad,
D0277,Iqbal,
D0277,Simatupang,
D0277,saat,
D0277,konferensi,
D0277,pers,
D0277,di,
D0277,Polresta,
D0277,Denpasar,
D0277,Senin,
D0277,1722025,
D0277,Kasatreskrim,
D0277,Polresta,
D0277,Denpasar,
D0277,Kompol,
D0277,Laorens,
D0277,Rajamangapul,
D0277,Heselo,
D0277,menambahkan,
D0277,Bastomi,
D0277,sudah,
D0277,menggunakan,
D0277,sabu,
D0277,sebelum,
D0277,melakukan,
D0277,penusukan,
D0277,terhadap,
D0277,Parwata,
D0277,sudah,
D0277,menggunakan,
D0277,sabu,
D0277,SCROLL,
D0277,TO,
D0277,CONTINUE,
D0277,WITH,
D0277,CONTENT,
D0277,Berarti,
D0277,pada,
D0277,saat,
D0277,kejadian,
D0277,itu,
D0277,sebelumnya,
D0277,yang,
D0277,bersangkutan,
D0277,sudah,
D0277,mengonsumsi,
D0277,sabu,
D0277,dan,
D0277,setelah,
D0277,itu,
D0277,dua,
D0277,kali,
D0277,terakhir,
D0277,kemarin,
D0277,Jadi,
D0277,dua,
D0277,hari,
D0277,sampai,
D0277,di,
D0277,sini,
D0277,cek,
D0277,urine,
D0277,masih,
D0277,positif,
D0277,mengonsumsi,
D0277,sabu,
D0277,ucap,
D0277,Laorens,
D0277,Sebelumnya,
D0277,anggota,
D0277,Polresta,
D0277,Denpasar,
D0277,menangkap,
D0277,Bastomi,
D0277,di,
D0277,Pelabuhan,
D0277,Tanjung,
D0277,Perak,
D0277,Surabaya,
D0277,saat,
D0277,hendak,
D0277,melarikan,
D0277,diri,
D0277,ke,
D0277,Tarakan,
D0277,Kalimantan,
D0277,Timur,
D0277,pada,
D0277,Minggu,
D0277,1622025,
D0277,Bastomi,
D0277,berusaha,
D0277,melarikan,
D0277,diri,
D0277,dan,
D0277,melawan,
D0277,petugas,
D0277,Walhasil,
D0277,kedua,
D0277,kakinya,
D0277,ditembus,
D0277,timah,
D0277,panas,
D0277,Makanya,
D0277,tim,
D0277,tindak,
D0277,ataupun,
D0277,anggota,
D0277,yang,
D0277,melakukan,
D0277,penangkapan,
D0277,itu,
D0277,mengambil,
D0277,tindakan,
D0277,tegas,
D0277,dan,
D0277,terukur,
D0277,kata,
D0277,Iqbal,
D0277,Sebelum,
D0277,tiba,
D0277,di,
D0277,TKP,
D0277,dan,
D0277,menusuk,
D0277,Parwata,
D0277,Bastomi,
D0277,sempat,
D0277,cekcok,
D0277,dengan,
D0277,pengendara,
D0277,lain,
D0277,saat,
D0277,di,
D0277,jalan,
D0277,raya,
D0277,Sesampainya,
D0277,di,
D0277,TKP,
D0277,Bastomi,
D0277,mengira,
D0277,jika,
D0277,Parwata,
D0277,merupakan,
D0277,rekan,
D0277,dari,
D0277,pengendara,
D0277,yang,
D0277,cekcok,
D0277,dengan,
D0277,dirinya,
D0277,Jadi,
D0277,sebelum,
D0277,melakukan,
D0277,penusukan,
D0277,ini,
D0277,di,
D0277,tempat,
D0277,lain,
D0277,juga,
D0277,ada,
D0277,masalah,
D0277,lain,
D0277,ujar,
D0277,Iqbal,
D0278,Penusuk,
D0278,pria,
D0278,bernama,
D0278,Kadek,
D0278,Parwata,
D0278,31,
D0278,hingga,
D0278,tewas,
D0278,di,
D0278,Jalan,
D0278,Nangka,
D0278,Utara,
D0278,Denpasar,
D0278,Bali,
D0278,ditangkap,
D0278,polisi,
D0278,Pelaku,
D0278,bernama,
D0278,Bastomi,
D0278,Prasetiawan,
D0278,ditangkap,
D0278,Kepolisian,
D0278,Resor,
D0278,Kota,
D0278,Polresta,
D0278,Denpasar,
D0278,Bastomi,
D0278,ditangkap,
D0278,di,
D0278,Pelabuhan,
D0278,Tanjung,
D0278,Perak,
D0278,Surabaya,
D0278,Jawa,
D0278,Timur,
D0278,Jatim,
D0278,Pria,
D0278,berusia,
D0278,33,
D0278,tahun,
D0278,itu,
D0278,ditangkap,
D0278,saat,
D0278,hendak,
D0278,kabur,
D0278,ke,
D0278,Tarakan,
D0278,Kalimantan,
D0278,Timur,
D0278,Kaltim,
D0278,pada,
D0278,Minggu,
D0278,1622025,
D0278,Kapolresta,
D0278,Denpasar,
D0278,Kombes,
D0278,Muhammad,
D0278,Iqbal,
D0278,Simatupang,
D0278,mengatakan,
D0278,Bastomi,
D0278,berusaha,
D0278,melarikan,
D0278,diri,
D0278,dengan,
D0278,melakukan,
D0278,perlawanan,
D0278,saat,
D0278,hendak,
D0278,ditangkap,
D0278,Polisi,
D0278,lantas,
D0278,menembak,
D0278,kedua,
D0278,kaki,
D0278,Bastomi,
D0278,SCROLL,
D0278,TO,
D0278,CONTINUE,
D0278,WITH,
D0278,CONTENT,
D0278,Makanya,
D0278,tim,
D0278,tindak,
D0278,ataupun,
D0278,anggota,
D0278,yang,
D0278,melakukan,
D0278,penangkapan,
D0278,itu,
D0278,mengambil,
D0278,tindakan,
D0278,tegas,
D0278,dan,
D0278,terukur,
D0278,kata,
D0278,Iqbal,
D0278,saat,
D0278,konferensi,
D0278,pers,
D0278,di,
D0278,Mapolresta,
D0278,Denpasar,
D0278,Senin,
D0278,1722025,
D0278,Iqbal,
D0278,menyampaikan,
D0278,Bastomi,
D0278,sempat,
D0278,cekcok,
D0278,dengan,
D0278,pengendara,
D0278,lain,
D0278,di,
D0278,jalan,
D0278,raya,
D0278,sebelum,
D0278,menusuk,
D0278,Parwata,
D0278,Sesampainya,
D0278,di,
D0278,tempat,
D0278,kejadian,
D0278,perkara,
D0278,TKP,
D0278,Bastomi,
D0278,mengira,
D0278,jika,
D0278,Parwata,
D0278,merupakan,
D0278,rekan,
D0278,dari,
D0278,pengendara,
D0278,yang,
D0278,cekcok,
D0278,dengan,
D0278,dirinya,
D0278,Jadi,
D0278,sebelum,
D0278,melakukan,
D0278,penusukan,
D0278,ini,
D0278,di,
D0278,tempat,
D0278,lain,
D0278,juga,
D0278,ada,
D0278,masalah,
D0278,lain,
D0278,ujar,
D0278,Iqbal,
D0278,Kepala,
D0278,Satuan,
D0278,Reserse,
D0278,Kriminal,
D0278,Kasat,
D0278,Reskrim,
D0278,Polresta,
D0278,Denpasar,
D0278,Kompol,
D0278,Laorens,
D0278,Rajamangapul,
D0278,Heselo,
D0278,menjelaskan,
D0278,pria,
D0278,yang,
D0278,bekerja,
D0278,sebagai,
D0278,tukang,
D0278,las,
D0278,itu,
D0278,menggunakan,
D0278,motor,
D0278,milik,
D0278,atasannya,
D0278,Setelah,
D0278,menusuk,
D0278,Parwata,
D0278,Bastomi,
D0278,meninggalkan,
D0278,motor,
D0278,tersebut,
D0278,di,
D0278,Pasar,
D0278,Wangaya,
D0278,Setelah,
D0278,nitip,
D0278,ditelpon,
D0278,bosnya,
D0278,bahwa,
D0278,motor,
D0278,habis,
D0278,kemudian,
D0278,pelaku,
D0278,melarikan,
D0278,diri,
D0278,menumpang,
D0278,truk,
D0278,terang,
D0278,dia,
D0278,Pelaku,
D0278,positif,
D0278,narkoba,
D0278,berjenis,
D0278,sabu,
D0278,saat,
D0278,ditangkap,
D0278,Menurut,
D0278,pengakuan,
D0278,Bastomi,
D0278,dia,
D0278,menggunakan,
D0278,sabu,
D0278,sebelum,
D0278,kejadian,
D0278,Berarti,
D0278,pada,
D0278,saat,
D0278,kejadian,
D0278,itu,
D0278,sebelumnya,
D0278,yang,
D0278,bersangkutan,
D0278,sudah,
D0278,mengonsumsi,
D0278,sabu,
D0278,dan,
D0278,setelah,
D0278,itu,
D0278,dua,
D0278,kali,
D0278,terakhir,
D0278,kemarin,
D0278,Jadi,
D0278,dua,
D0278,sampai,
D0278,di,
D0278,sini,
D0278,cek,
D0278,urine,
D0278,masih,
D0278,positif,
D0278,mengonsumsi,
D0278,sabtu,
D0278,jelas,
D0278,LaorensDiberitakan,
D0278,sebelumnya,
D0278,seorang,
D0278,pria,
D0278,menjadi,
D0278,korban,
D0278,penganiayaan,
D0278,dan,
D0278,penusukan,
D0278,orang,
D0278,tak,
D0278,dikenal,
D0278,OTK,
D0278,di,
D0278,depan,
D0278,warung,
D0278,kelontong,
D0278,Jalan,
D0278,Nangka,
D0278,Utara,
D0278,Kelurahan,
D0278,Tonja,
D0278,Denpasar,
D0278,Utara,
D0278,Denpasar,
D0278,Bali,
D0278,Korban,
D0278,bernama,
D0278,Kadek,
D0278,Parwata,
D0278,tewas,
D0278,akibat,
D0278,insiden,
D0278,tersebut,
D0278,Kepala,
D0278,Seksi,
D0278,Hubungan,
D0278,Masyarakat,
D0278,Kasi,
D0278,Humas,
D0278,Polresta,
D0278,Denpasar,
D0278,AKP,
D0278,I,
D0278,Ketut,
D0278,Sukadi,
D0278,membenarkan,
D0278,kejadian,
D0278,tersebut,
D0278,Namun,
D0278,kasusnya,
D0278,masih,
D0278,dalam,
D0278,proses,
D0278,penyelidikan,
D0278,Polsek,
D0278,Denpasar,
D0278,Utara,
D0278,Iya,
D0278,masih,
D0278,diproses,
D0278,penyelidikan,
D0278,kata,
D0278,Sukadi,
D0278,dikonfirmasi,
D0278,detikBali,
D0278,Kamis,
D0278,1322025,
D0278,siang,
D0278,Sukadi,
D0278,mengatakan,
D0278,peristiwa,
D0278,berdarah,
D0278,itu,
D0278,terjadi,
D0278,pada,
D0278,Kamis,
D0278,dini,
D0278,hari,
D0278,Awalnya,
D0278,korban,
D0278,berusia,
D0278,31,
D0278,tahun,
D0278,itu,
D0278,bersama,
D0278,seorang,
D0278,temannya,
D0278,hendak,
D0278,ke,
D0278,warung,
D0278,kelontong,
D0278,membeli,
D0278,minum,
D0278,Namun,
D0278,belum,
D0278,masuk,
D0278,ke,
D0278,dalam,
D0278,warung,
D0278,Parwata,
D0278,dan,
D0278,temannya,
D0278,sudah,
D0278,terlibat,
D0278,cekcok,
D0278,dengan,
D0278,pria,
D0278,tak,
D0278,dikenal,
D0278,hingga,
D0278,berakhir,
D0278,penusukan,
D0278,Parwata,
D0278,berjalan,
D0278,sempoyongan,
D0278,dan,
D0278,memegang,
D0278,dada,
D0278,bagian,
D0278,kiri,
D0278,atau,
D0278,dekat,
D0278,dengan,
D0278,jantung,
D0278,Korban,
D0278,lalu,
D0278,dilarikan,
D0278,ke,
D0278,rumah,
D0278,sakit,
D0278,terdekat,
D0278,Namun,
D0278,nyawa,
D0278,Parwata,
D0278,tak,
D0278,tertolong,
D0278,karena,
D0278,kehabisan,
D0278,darah,
D0279,Cep,
D0279,Anggi,
D0279,32,
D0279,dan,
D0279,Sidik,
D0279,Prasetiadi,
D0279,26,
D0279,kini,
D0279,harus,
D0279,berurusan,
D0279,dengan,
D0279,polisi,
D0279,Keduanya,
D0279,nekat,
D0279,menjambret,
D0279,seorang,
D0279,perempuan,
D0279,bernama,
D0279,Nurazmi,
D0279,yang,
D0279,bekerja,
D0279,sebagai,
D0279,pegawai,
D0279,SPBU,
D0279,di,
D0279,wilayah,
D0279,Kiaracondong,
D0279,Kota,
D0279,Bandung,
D0279,pada,
D0279,Sabtu,
D0279,152,
D0279,pukul,
D0279,0530,
D0279,WIB,
D0279,Semuanya,
D0279,bermula,
D0279,saat,
D0279,korban,
D0279,sedang,
D0279,berjalan,
D0279,kaki,
D0279,di,
D0279,Gang,
D0279,Soma,
D0279,Kiaracondong,
D0279,Kota,
D0279,Bandung,
D0279,untuk,
D0279,berangkat,
D0279,ke,
D0279,tempat,
D0279,kerjanya,
D0279,Di,
D0279,jalanan,
D0279,yang,
D0279,sepi,
D0279,Anggi,
D0279,dan,
D0279,Sidik,
D0279,dengan,
D0279,menggunakan,
D0279,motor,
D0279,matik,
D0279,lalu,
D0279,datang,
D0279,sembari,
D0279,menodongkan,
D0279,golok,
D0279,ke,
D0279,arah,
D0279,korban,
D0279,Korban,
D0279,sempat,
D0279,bertahan,
D0279,saat,
D0279,tasnya,
D0279,hendak,
D0279,diambil,
D0279,paksa,
D0279,dua,
D0279,berandalan,
D0279,itu,
D0279,Tapi,
D0279,dengan,
D0279,golok,
D0279,yang,
D0279,sudah,
D0279,disiapkan,
D0279,Anggi,
D0279,langsung,
D0279,memotong,
D0279,tali,
D0279,tas,
D0279,dan,
D0279,kabur,
D0279,meninggalkan,
D0279,lokasi,
D0279,kejadian,
D0279,SCROLL,
D0279,TO,
D0279,CONTINUE,
D0279,WITH,
D0279,CONTENT,
D0279,Insiden,
D0279,itu,
D0279,ternyata,
D0279,terekam,
D0279,CCTV,
D0279,warga,
D0279,sekitar,
D0279,Setelah,
D0279,polisi,
D0279,turun,
D0279,tangan,
D0279,Anggi,
D0279,dan,
D0279,Sidik,
D0279,kemudian,
D0279,diciduk,
D0279,pada,
D0279,Minggu,
D0279,162,
D0279,Kedua,
D0279,tersangka,
D0279,yaitu,
D0279,CA,
D0279,Cep,
D0279,Anggi,
D0279,dan,
D0279,SP,
D0279,Sidik,
D0279,Prasetiadi,
D0279,sudah,
D0279,merencanakan,
D0279,tindakan,
D0279,pencurian,
D0279,dengan,
D0279,kekerasan,
D0279,dengan,
D0279,menyasar,
D0279,korban,
D0279,di,
D0279,tempat,
D0279,yang,
D0279,sepi,
D0279,kata,
D0279,Kapolrestabes,
D0279,Bandung,
D0279,Kombes,
D0279,Budi,
D0279,Sartono,
D0279,Senin,
D0279,1722025,
D0279,Budi,
D0279,mengatakan,
D0279,korban,
D0279,mengalami,
D0279,lukaluka,
D0279,ketika,
D0279,mempertahankan,
D0279,tasnya,
D0279,Akibatnya,
D0279,korban,
D0279,harus,
D0279,mendapat,
D0279,empat,
D0279,jahitan,
D0279,setelah,
D0279,terkena,
D0279,sayatan,
D0279,golok,
D0279,yang,
D0279,dibawa,
D0279,dua,
D0279,berandalan,
D0279,tersebut,
D0279,Memang,
D0279,pada,
D0279,saat,
D0279,kejadian,
D0279,sampai,
D0279,sekarang,
D0279,itu,
D0279,korban,
D0279,belum,
D0279,melapor,
D0279,Tetapi,
D0279,kami,
D0279,walaupun,
D0279,belum,
D0279,ada,
D0279,laporan,
D0279,langsung,
D0279,mencari,
D0279,pelakunya,
D0279,dan,
D0279,sudah,
D0279,menghubungi,
D0279,korban,
D0279,Lalu,
D0279,korban,
D0279,setelah,
D0279,kejadian,
D0279,langsung,
D0279,dijemput,
D0279,pulang,
D0279,ke,
D0279,rumah,
D0279,orang,
D0279,tuanya,
D0279,di,
D0279,Majalaya,
D0279,ungkapnya,
D0279,Dari,
D0279,dalam,
D0279,tas,
D0279,yang,
D0279,dicuri,
D0279,Anggi,
D0279,dan,
D0279,Sidik,
D0279,mendapatkan,
D0279,uang,
D0279,Rp,
D0279,200,
D0279,ribu,
D0279,serta,
D0279,beberapa,
D0279,kartu,
D0279,identitas,
D0279,milik,
D0279,korban,
D0279,Uang,
D0279,itu,
D0279,pun,
D0279,sudah,
D0279,mereka,
D0279,gunakan,
D0279,dan,
D0279,hanya,
D0279,tersisa,
D0279,Rp,
D0279,30,
D0279,ribu,
D0279,Pengakuan,
D0279,pelaku,
D0279,dia,
D0279,memang,
D0279,untuk,
D0279,mencuri,
D0279,uang,
D0279,Nanti,
D0279,kita,
D0279,dalamnya,
D0279,apakah,
D0279,ada,
D0279,laporan,
D0279,di,
D0279,tempat,
D0279,lain,
D0279,tapi,
D0279,hasil,
D0279,pengakuan,
D0279,sementara,
D0279,keduanya,
D0279,masih,
D0279,baru,
D0279,melakukan,
D0279,pungkasnya,
D0279,Anggi,
D0279,dan,
D0279,Sidik,
D0279,terancam,
D0279,dijerat,
D0279,Pasal,
D0279,365,
D0279,ayat,
D0279,1,
D0279,KUHP,
D0279,Ancaman,
D0279,hukumannya,
D0279,maksimal,
D0279,9,
D0279,tahun,
D0279,kurungan,
D0279,penjara,
D0280,Seorang,
D0280,bang,
D0280,jago,
D0280,inisial,
D0280,AA,
D0280,25,
D0280,nekat,
D0280,melakukan,
D0280,pemalakan,
D0280,di,
D0280,Kampung,
D0280,Tanggeung,
D0280,Desa,
D0280,Bojongloa,
D0280,Kecamatan,
D0280,Rancaekek,
D0280,Aksi,
D0280,pemalakan,
D0280,tersebut,
D0280,dilakukan,
D0280,dalam,
D0280,keadaan,
D0280,terpengaruh,
D0280,minuman,
D0280,keras,
D0280,miras,
D0280,Kapolsek,
D0280,Rancaekek,
D0280,Kompol,
D0280,Deny,
D0280,Sunjaya,
D0280,mengatakan,
D0280,aksi,
D0280,pemalakan,
D0280,tersebut,
D0280,dilakukan,
D0280,Minggu,
D0280,1622025,
D0280,malam,
D0280,Kemudian,
D0280,tak,
D0280,berselang,
D0280,lama,
D0280,polisi,
D0280,langsung,
D0280,menangkap,
D0280,bang,
D0280,jago,
D0280,tersebut,
D0280,Kejadiannya,
D0280,tadi,
D0280,malam,
D0280,Pelaku,
D0280,sekarang,
D0280,sudah,
D0280,diamankan,
D0280,dan,
D0280,masih,
D0280,diperiksa,
D0280,ujar,
D0280,Deny,
D0280,kepada,
D0280,awak,
D0280,media,
D0280,Senin,
D0280,1722025,
D0280,SCROLL,
D0280,TO,
D0280,CONTINUE,
D0280,WITH,
D0280,CONTENT,
D0280,Pihaknya,
D0280,menjelaskan,
D0280,peristiwa,
D0280,tersebut,
D0280,bermula,
D0280,saat,
D0280,korban,
D0280,inisial,
D0280,M,
D0280,58,
D0280,dalam,
D0280,perjalanan,
D0280,menjemput,
D0280,temannya,
D0280,untuk,
D0280,bermain,
D0280,badminton,
D0280,Kemudian,
D0280,saat,
D0280,tiba,
D0280,di,
D0280,TKP,
D0280,korban,
D0280,langsung,
D0280,dihadang,
D0280,oleh,
D0280,pelaku,
D0280,Korban,
D0280,profesinya,
D0280,dosen,
D0280,Terus,
D0280,korban,
D0280,tibatiba,
D0280,dihadang,
D0280,pelaku,
D0280,untuk,
D0280,meminta,
D0280,uang,
D0280,dan,
D0280,rokok,
D0280,katanya,
D0280,Deny,
D0280,mengungkapkan,
D0280,setelah,
D0280,itu,
D0280,korban,
D0280,menyampaikan,
D0280,kepada,
D0280,bang,
D0280,jago,
D0280,tersebut,
D0280,tidak,
D0280,membawa,
D0280,uang,
D0280,Kata,
D0280,dia,
D0280,tanpa,
D0280,basabasi,
D0280,bang,
D0280,jago,
D0280,tersebut,
D0280,langsung,
D0280,memukul,
D0280,korban,
D0280,Korban,
D0280,dipukul,
D0280,bagian,
D0280,pelipis,
D0280,mata,
D0280,kiri,
D0280,hingga,
D0280,mengakibatkan,
D0280,korban,
D0280,alami,
D0280,luka,
D0280,lebam,
D0280,serta,
D0280,gangguan,
D0280,penglihatan,
D0280,jelasnya,
D0280,Setelah,
D0280,itu,
D0280,bang,
D0280,jago,
D0280,tersebut,
D0280,langsung,
D0280,melarikan,
D0280,diri,
D0280,Kemudian,
D0280,korban,
D0280,langsung,
D0280,melaporkan,
D0280,peristiwa,
D0280,tersebut,
D0280,ke,
D0280,Polsek,
D0280,Rancaekek,
D0280,Setelah,
D0280,dilakukan,
D0280,penyelidikan,
D0280,polisi,
D0280,akhirnya,
D0280,berhasil,
D0280,mengidentifikasi,
D0280,dan,
D0280,menangkap,
D0280,pelaku,
D0280,di,
D0280,tempat,
D0280,tinggalnya,
D0280,Saat,
D0280,ini,
D0280,tersangka,
D0280,AA,
D0280,masih,
D0280,menjalani,
D0280,pemeriksaan,
D0280,lebih,
D0280,lanjut,
D0280,guna,
D0280,mempertanggungjawabkan,
D0280,perbuatannya,
D0280,ucapnya,
D0280,Dia,
D0280,menambahkan,
D0280,saat,
D0280,ini,
D0280,pelaku,
D0280,masih,
D0280,dalam,
D0280,pemeriksaan,
D0280,di,
D0280,kantor,
D0280,polisi,
D0280,Deny,
D0280,mengimbau,
D0280,akan,
D0280,terus,
D0280,menjaga,
D0280,keamanan,
D0280,dan,
D0280,ketertiban,
D0280,masyarakat,
D0280,serta,
D0280,menindak,
D0280,tegas,
D0280,setiap,
D0280,tindakan,
D0280,kriminal,
D0280,yang,
D0280,meresahkan,
D0280,warga,
D0280,Polisi,
D0280,juga,
D0280,terus,
D0280,mendalami,
D0280,kasus,
D0280,ini,
D0280,untuk,
D0280,memastikan,
D0280,apakah,
D0280,ada,
D0280,keterlibatan,
D0280,pihak,
D0280,lain,
D0280,kata,
D0280,Deny,
D0280,Atas,
D0280,perbuatannya,
D0280,pelaku,
D0280,dijerat,
D0280,dengan,
D0280,Pasal,
D0280,351,
D0280,KUHP,
D0280,tentang,
D0280,penganiayaan,
D0280,yang,
D0280,dapat,
D0280,dikenakan,
D0280,hukuman,
D0280,pidana,
D0280,penjara,
D0280,paling,
D0280,lama,
D0280,5,
D0280,tahun,
D0280,pidana,
D0281,Mayat,
D0281,seorang,
D0281,wanita,
D0281,yang,
D0281,ditemukan,
D0281,dalam,
D0281,kondisi,
D0281,tidak,
D0281,terkubur,
D0281,seutuhnya,
D0281,di,
D0281,perkebunan,
D0281,sawit,
D0281,di,
D0281,Kabupaten,
D0281,Labuhanbatu,
D0281,Selatan,
D0281,Labusel,
D0281,Sumatera,
D0281,Utara,
D0281,Sumut,
D0281,ternyata,
D0281,seorang,
D0281,janda,
D0281,Hasil,
D0281,visum,
D0281,ditemukan,
D0281,lukaluka,
D0281,di,
D0281,tubuh,
D0281,korban,
D0281,Kasat,
D0281,Reskrim,
D0281,Polres,
D0281,Labusel,
D0281,AKP,
D0281,Endang,
D0281,R,
D0281,Ginting,
D0281,mengatakan,
D0281,korban,
D0281,bernama,
D0281,Nurolom,
D0281,Ritonga,
D0281,52,
D0281,warga,
D0281,Martapotan,
D0281,Kelurahan,
D0281,Langga,
D0281,Payung,
D0281,Kecamatan,
D0281,Sei,
D0281,Kanan,
D0281,Identitas,
D0281,korban,
D0281,didapat,
D0281,berdasarkan,
D0281,hasil,
D0281,identifikasi,
D0281,dokter,
D0281,forensik,
D0281,dan,
D0281,anak,
D0281,korban,
D0281,Iya,
D0281,janda,
D0281,Berdasarkan,
D0281,data,
D0281,sekunder,
D0281,dan,
D0281,primer,
D0281,yang,
D0281,ditemukan,
D0281,oleh,
D0281,dokter,
D0281,forensik,
D0281,dan,
D0281,keterangan,
D0281,anak,
D0281,korban,
D0281,bernama,
D0281,Nurolom,
D0281,Ritonga,
D0281,kata,
D0281,Endang,
D0281,saat,
D0281,dikonfirmasi,
D0281,detikSumut,
D0281,Minggu,
D0281,1622025,
D0281,SCROLL,
D0281,TO,
D0281,CONTINUE,
D0281,WITH,
D0281,CONTENT,
D0281,Berdasarkan,
D0281,hasil,
D0281,visum,
D0281,kata,
D0281,Endang,
D0281,ditemukan,
D0281,luka,
D0281,lebam,
D0281,di,
D0281,betis,
D0281,dan,
D0281,luka,
D0281,robek,
D0281,di,
D0281,bagian,
D0281,belakang,
D0281,kepala,
D0281,korban,
D0281,Namun,
D0281,Endang,
D0281,belum,
D0281,bisa,
D0281,memastikan,
D0281,apakah,
D0281,korban,
D0281,memang,
D0281,dibunuh,
D0281,atau,
D0281,tidak,
D0281,Dia,
D0281,menyebut,
D0281,pihaknya,
D0281,masih,
D0281,menyelidikinya,
D0281,Sejauh,
D0281,ini,
D0281,kita,
D0281,masih,
D0281,lakukan,
D0281,penyelidikan,
D0281,kumpulkan,
D0281,alat,
D0281,bukti,
D0281,Pemeriksaan,
D0281,luar,
D0281,oleh,
D0281,dokter,
D0281,ditemukan,
D0281,luka,
D0281,lebam,
D0281,bagian,
D0281,betis,
D0281,dan,
D0281,luka,
D0281,robek,
D0281,kecil,
D0281,di,
D0281,kepala,
D0281,bagian,
D0281,belakang,
D0281,akibat,
D0281,trauma,
D0281,benda,
D0281,tumpul,
D0281,menurut,
D0281,dokter,
D0281,pungkasnya,
D0281,Sebelumnya,
D0281,diberitakan,
D0281,mayat,
D0281,seorang,
D0281,wanita,
D0281,ditemukan,
D0281,dalam,
D0281,kondisi,
D0281,tidak,
D0281,terkubur,
D0281,seutuhnya,
D0281,di,
D0281,perkebunan,
D0281,sawit,
D0281,Mayat,
D0281,tersebut,
D0281,sudah,
D0281,dalam,
D0281,kondisi,
D0281,membusuk,
D0281,Endang,
D0281,R,
D0281,Ginting,
D0281,mengatakan,
D0281,mayat,
D0281,itu,
D0281,ditemukan,
D0281,di,
D0281,Desa,
D0281,Rintis,
D0281,Senin,
D0281,102,
D0281,sore,
D0281,Mayat,
D0281,itu,
D0281,pertama,
D0281,kali,
D0281,ditemukan,
D0281,oleh,
D0281,pekerja,
D0281,kebun,
D0281,tersebut,
D0281,Ditemukan,
D0281,kemarin,
D0281,sore,
D0281,sama,
D0281,yang,
D0281,kerja,
D0281,di,
D0281,situ,
D0281,Iya,
D0281,perempuan,
D0281,di,
D0281,kebunkebun,
D0281,sawit,
D0281,kata,
D0281,Endang,
D0281,saat,
D0281,dikonfirmasi,
D0281,detikSumut,
D0281,Selasa,
D0281,112,
D0281,Endang,
D0281,menyebut,
D0281,jasad,
D0281,tersebut,
D0281,dalam,
D0281,kondisi,
D0281,terkubur,
D0281,tetapi,
D0281,tidak,
D0281,seutuhnya,
D0281,Sebab,
D0281,bagian,
D0281,kaki,
D0281,korban,
D0281,masih,
D0281,terlihat,
D0281,Iya,
D0281,kelihatan,
D0281,kakinya,
D0281,nggak,
D0281,terkubur,
D0281,ujarnya,
D0282,Kawanan,
D0282,gangster,
D0282,di,
D0282,Driyorejo,
D0282,diamankan,
D0282,Unit,
D0282,Raimas,
D0282,Sat,
D0282,Samapta,
D0282,Polres,
D0282,Gresik,
D0282,Mereka,
D0282,diduga,
D0282,hendak,
D0282,tawuran,
D0282,Dari,
D0282,data,
D0282,yang,
D0282,diterima,
D0282,detikJatim,
D0282,awalnya,
D0282,polisi,
D0282,menggelar,
D0282,Patroli,
D0282,Perintis,
D0282,Presisi,
D0282,Jumat,
D0282,142,
D0282,malam,
D0282,hingga,
D0282,Minggu,
D0282,162,
D0282,dini,
D0282,hari,
D0282,Polisi,
D0282,keliling,
D0282,ke,
D0282,sejumlah,
D0282,titik,
D0282,rawan,
D0282,kejahatan,
D0282,Patroli,
D0282,dimulai,
D0282,dari,
D0282,Polres,
D0282,Gresik,
D0282,menuju,
D0282,sekitaran,
D0282,area,
D0282,SPBU,
D0282,Sidojangkung,
D0282,Di,
D0282,sana,
D0282,polisi,
D0282,mengimbau,
D0282,warga,
D0282,yang,
D0282,masih,
D0282,berkerumun,
D0282,agar,
D0282,segera,
D0282,pulang,
D0282,demi,
D0282,meminimalisir,
D0282,potensi,
D0282,gangguan,
D0282,keamanan,
D0282,SCROLL,
D0282,TO,
D0282,CONTINUE,
D0282,WITH,
D0282,CONTENT,
D0282,Selanjutnya,
D0282,Unit,
D0282,Raimas,
D0282,geser,
D0282,ke,
D0282,KBD,
D0282,Driyorejo,
D0282,Saat,
D0282,itu,
D0282,lah,
D0282,mereka,
D0282,melihat,
D0282,sekelompok,
D0282,pemuda,
D0282,yang,
D0282,diduga,
D0282,gangster,
D0282,tengah,
D0282,konvoi,
D0282,Beberapa,
D0282,di,
D0282,antara,
D0282,mereka,
D0282,membawa,
D0282,besi,
D0282,tajam,
D0282,serta,
D0282,membawa,
D0282,bendera,
D0282,gangster,
D0282,Saat,
D0282,melihat,
D0282,petugas,
D0282,para,
D0282,pemuda,
D0282,tersebut,
D0282,sempat,
D0282,melarikan,
D0282,diri,
D0282,dan,
D0282,bersembunyi,
D0282,di,
D0282,sekitar,
D0282,bedeng,
D0282,Setelah,
D0282,dilakukan,
D0282,pemeriksaan,
D0282,lebih,
D0282,lanjut,
D0282,ditemukan,
D0282,barang,
D0282,bukti,
D0282,berupa,
D0282,tongkat,
D0282,besi,
D0282,yang,
D0282,ujungnya,
D0282,telah,
D0282,diruncingkan,
D0282,Keenam,
D0282,pemuda,
D0282,yang,
D0282,ratarata,
D0282,masih,
D0282,di,
D0282,bawah,
D0282,umur,
D0282,tersebut,
D0282,kemudian,
D0282,diamankan,
D0282,dan,
D0282,diserahkan,
D0282,ke,
D0282,Polsek,
D0282,Driyorejo,
D0282,untuk,
D0282,diberikan,
D0282,pembinaan,
D0282,Patroli,
D0282,berlanjut,
D0282,ke,
D0282,Simpang,
D0282,Empat,
D0282,Legundi,
D0282,dan,
D0282,di,
D0282,Simpang,
D0282,Empat,
D0282,Kebomas,
D0282,Di,
D0282,sana,
D0282,polisi,
D0282,memantau,
D0282,arus,
D0282,lalu,
D0282,lintas,
D0282,serta,
D0282,mengantisipasi,
D0282,tindak,
D0282,kriminalitas,
D0282,termasuk,
D0282,pencurian,
D0282,dengan,
D0282,kekerasan,
D0282,curas,
D0282,pencurian,
D0282,dengan,
D0282,pemberatan,
D0282,curat,
D0282,dan,
D0282,pencurian,
D0282,kendaraan,
D0282,bermotor,
D0282,curanmor,
D0282,atau,
D0282,yang,
D0282,dikenal,
D0282,dengan,
D0282,istilah,
D0282,3C,
D0282,Sementara,
D0282,pada,
D0282,patroli,
D0282,Minggu,
D0282,162,
D0282,dini,
D0282,hari,
D0282,anggota,
D0282,unit,
D0282,Raimas,
D0282,Sat,
D0282,Samapta,
D0282,Polres,
D0282,Gresik,
D0282,menangkap,
D0282,7,
D0282,gangster,
D0282,di,
D0282,Cerme,
D0282,Mereka,
D0282,yang,
D0282,diamankan,
D0282,masih,
D0282,di,
D0282,bawah,
D0282,umur,
D0282,alias,
D0282,di,
D0282,bawah,
D0282,17,
D0282,tahun,
D0282,Awalnya,
D0282,mereka,
D0282,bergerombol,
D0282,di,
D0282,depan,
D0282,toko,
D0282,Polisi,
D0282,lalu,
D0282,memeriksa,
D0282,mereka,
D0282,dan,
D0282,ditemukan,
D0282,sebilah,
D0282,celurit,
D0282,sebilah,
D0282,pedang,
D0282,dan,
D0282,miras,
D0282,Ketujuh,
D0282,anak,
D0282,beserta,
D0282,barang,
D0282,bukti,
D0282,itu,
D0282,diamankan,
D0282,ke,
D0282,Polres,
D0282,Gresik,
D0282,Kapolres,
D0282,Gresik,
D0282,AKBP,
D0282,Rovan,
D0282,Ricard,
D0282,Mahenu,
D0282,menegaskan,
D0282,patroli,
D0282,rutin,
D0282,ini,
D0282,bertujuan,
D0282,untuk,
D0282,memastikan,
D0282,situasi,
D0282,Kamtibmas,
D0282,tetap,
D0282,kondusif,
D0282,di,
D0282,wilayah,
D0282,hukum,
D0282,Polres,
D0282,Gresik,
D0282,Ia,
D0282,juga,
D0282,mengimbau,
D0282,para,
D0282,orang,
D0282,tua,
D0282,agar,
D0282,lebih,
D0282,memperhatikan,
D0282,aktivitas,
D0282,anakanak,
D0282,mereka,
D0282,khususnya,
D0282,dengan,
D0282,memastikan,
D0282,mereka,
D0282,sudah,
D0282,berada,
D0282,di,
D0282,rumah,
D0282,maksimal,
D0282,pukul,
D0282,2200,
D0282,WIB,
D0282,Apabila,
D0282,masyarakat,
D0282,mengetahui,
D0282,atau,
D0282,menemukan,
D0282,kejadian,
D0282,yang,
D0282,berpotensi,
D0282,menimbulkan,
D0282,tindak,
D0282,pidana,
D0282,segera,
D0282,laporkan,
D0282,ke,
D0282,Polsek,
D0282,terdekat,
D0282,atau,
D0282,melalui,
D0282,hotline,
D0282,Lapor,
D0282,Kapolres,
D0282,Gresik,
D0282,tegas,
D0282,Rovan,
D0282,Minggu,
D0282,1622025,
D0282,Patroli,
D0282,Perintis,
D0282,Presisi,
D0282,ini,
D0282,diharapkan,
D0282,dapat,
D0282,memberikan,
D0282,rasa,
D0282,aman,
D0282,dan,
D0282,nyaman,
D0282,di,
D0282,tengah,
D0282,masyarakat,
D0282,Polisi,
D0282,berkomitmen,
D0282,untuk,
D0282,menindak,
D0282,tegas,
D0282,kejahatan,
D0282,jalanan,
D0282,Kami,
D0282,juga,
D0282,imbau,
D0282,ke,
D0282,masyarakat,
D0282,untuk,
D0282,samasama,
D0282,menjaga,
D0282,lingkungan,
D0282,sekitar,
D0282,tetap,
D0282,kondusif,
D0282,Polisi,
D0282,butuh,
D0282,masyarakat,
D0282,untuk,
D0282,menciptakan,
D0282,lingkungan,
D0282,yang,
D0282,aman,
D0282,dan,
D0282,nyaman,
D0282,pungkasnya,
D0283,Berbagai,
D0283,peristiwa,
D0283,dan,
D0283,kasus,
D0283,kriminal,
D0283,terjadi,
D0283,di,
D0283,wilayah,
D0283,Sumatera,
D0283,Utara,
D0283,Sumut,
D0283,dalam,
D0283,sepekan,
D0283,terakhir,
D0283,Misalnya,
D0283,soal,
D0283,pecatan,
D0283,TNI,
D0283,yang,
D0283,terlibat,
D0283,kasus,
D0283,perampokan,
D0283,rumah,
D0283,mewah,
D0283,hingga,
D0283,pria,
D0283,yang,
D0283,tega,
D0283,membakar,
D0283,ayah,
D0283,kandungnya,
D0283,Berikut,
D0283,detikSumut,
D0283,rangkum,
D0283,sejumlah,
D0283,peristiwa,
D0283,tersebut,
D0283,Polrestabes,
D0283,Medan,
D0283,menangkap,
D0283,komplotan,
D0283,perampok,
D0283,bersenjata,
D0283,api,
D0283,yang,
D0283,membobol,
D0283,rumah,
D0283,mewah,
D0283,di,
D0283,Kabupaten,
D0283,Deli,
D0283,Serdang,
D0283,Dalam,
D0283,kasus,
D0283,ini,
D0283,ada,
D0283,seorang,
D0283,pecatan,
D0283,TNI,
D0283,yang,
D0283,turut,
D0283,ditangkap,
D0283,SCROLL,
D0283,TO,
D0283,CONTINUE,
D0283,WITH,
D0283,CONTENT,
D0283,Plh,
D0283,Kabid,
D0283,Humas,
D0283,Polda,
D0283,Sumut,
D0283,Kombes,
D0283,Yudhi,
D0283,Pinem,
D0283,mengatakan,
D0283,peristiwa,
D0283,itu,
D0283,terjadi,
D0283,di,
D0283,Jalan,
D0283,Metal,
D0283,Komplek,
D0283,Cemara,
D0283,Cemara,
D0283,Hijau,
D0283,Desa,
D0283,Sampali,
D0283,Kecamatan,
D0283,Percut,
D0283,Sei,
D0283,Tuan,
D0283,Jumat,
D0283,1712025,
D0283,sekira,
D0283,pukul,
D0283,1500,
D0283,WIB,
D0283,Saat,
D0283,kejadian,
D0283,rumah,
D0283,tersebut,
D0283,dalam,
D0283,keadaan,
D0283,kosong,
D0283,Jadi,
D0283,modusnya,
D0283,adalah,
D0283,membongkar,
D0283,rumah,
D0283,saat,
D0283,kosong,
D0283,atau,
D0283,tidak,
D0283,berpenghuni,
D0283,kata,
D0283,Yudhi,
D0283,saat,
D0283,konferensi,
D0283,pers,
D0283,di,
D0283,Polrestabes,
D0283,Medan,
D0283,Senin,
D0283,102,
D0283,Yudhi,
D0283,menjelaskan,
D0283,para,
D0283,pelaku,
D0283,mencuri,
D0283,brangkas,
D0283,yang,
D0283,berisi,
D0283,uang,
D0283,tunai,
D0283,sebanyak,
D0283,Rp,
D0283,200,
D0283,juta,
D0283,emas,
D0283,dua,
D0283,sertifikat,
D0283,rumah,
D0283,11,
D0283,BPKP,
D0283,Mobil,
D0283,dan,
D0283,sejumlah,
D0283,surat,
D0283,berharga,
D0283,lainnya,
D0283,Atas,
D0283,kejadian,
D0283,itu,
D0283,korban,
D0283,mengalami,
D0283,kerugian,
D0283,sekitar,
D0283,Rp,
D0283,1,
D0283,miliar,
D0283,Para,
D0283,pelaku,
D0283,kata,
D0283,Yudhi,
D0283,masuk,
D0283,ke,
D0283,rumah,
D0283,korban,
D0283,dengan,
D0283,merusak,
D0283,pintu,
D0283,Setelah,
D0283,itu,
D0283,pelaku,
D0283,mengambil,
D0283,brankas,
D0283,yang,
D0283,berada,
D0283,di,
D0283,lantai,
D0283,dua,
D0283,Atas,
D0283,kejadian,
D0283,tersebut,
D0283,korban,
D0283,mengalami,
D0283,kerugian,
D0283,Rp,
D0283,1,
D0283,miliar,
D0283,dan,
D0283,membuat,
D0283,laporan,
D0283,ke,
D0283,Polsek,
D0283,Medan,
D0283,Tembung,
D0283,Pihak,
D0283,kepolisian,
D0283,pun,
D0283,menyelidiki,
D0283,kasus,
D0283,tersebut,
D0283,hingga,
D0283,akhirnya,
D0283,menangkap,
D0283,tujuh,
D0283,pelaku,
D0283,Para,
D0283,pelaku,
D0283,yakni,
D0283,AH,
D0283,30,
D0283,AAR,
D0283,39,
D0283,RL,
D0283,32,
D0283,MJA,
D0283,27,
D0283,L,
D0283,54,
D0283,FP,
D0283,41,
D0283,dan,
D0283,AW,
D0283,31,
D0283,AW,
D0283,ini,
D0283,merupakan,
D0283,pecatan,
D0283,TNI,
D0283,Selain,
D0283,menangkap,
D0283,para,
D0283,pelaku,
D0283,petugas,
D0283,kepolisian,
D0283,juga,
D0283,mengamankan,
D0283,sejumlah,
D0283,barang,
D0283,bukti,
D0283,seperti,
D0283,dua,
D0283,senjata,
D0283,api,
D0283,jenis,
D0283,jenis,
D0283,revolver,
D0283,satu,
D0283,senpi,
D0283,jenis,
D0283,pen,
D0283,gun,
D0283,dan,
D0283,belasan,
D0283,amunisi,
D0283,Pecandu,
D0283,narkoba,
D0283,berinisial,
D0283,RHL,
D0283,26,
D0283,membobol,
D0283,rumah,
D0283,seorang,
D0283,wanita,
D0283,di,
D0283,Kota,
D0283,Padangsidimpuan,
D0283,Siti,
D0283,Amisah,
D0283,50,
D0283,Pelaku,
D0283,mencuri,
D0283,sejumlah,
D0283,barang,
D0283,seperti,
D0283,sepeda,
D0283,motor,
D0283,dan,
D0283,emas,
D0283,hingga,
D0283,korban,
D0283,mengalami,
D0283,kerugian,
D0283,sekitar,
D0283,Rp,
D0283,381,
D0283,juta,
D0283,Kapolres,
D0283,Padangsidimpuan,
D0283,AKBP,
D0283,Wira,
D0283,Prayatna,
D0283,mengatakan,
D0283,peristiwa,
D0283,itu,
D0283,terjadi,
D0283,di,
D0283,Lingkungan,
D0283,3,
D0283,Sihitang,
D0283,Kecamatan,
D0283,Padangsidimpuan,
D0283,Tenggara,
D0283,Pencurian,
D0283,itu,
D0283,baru,
D0283,diketahui,
D0283,korban,
D0283,usai,
D0283,pulang,
D0283,dari,
D0283,Kota,
D0283,Medan,
D0283,pasa,
D0283,Senin,
D0283,32,
D0283,Pelapor,
D0283,tiba,
D0283,di,
D0283,rumahnya,
D0283,dari,
D0283,Medan,
D0283,selama,
D0283,10,
D0283,hari,
D0283,ada,
D0283,urusan,
D0283,keluarga,
D0283,di,
D0283,Medan,
D0283,Jadi,
D0283,rumah,
D0283,ditinggal,
D0283,dalam,
D0283,keadaan,
D0283,kosong,
D0283,lampu,
D0283,menyala,
D0283,kata,
D0283,Wira,
D0283,saat,
D0283,konferensi,
D0283,pers,
D0283,Rabu,
D0283,122,
D0283,Kemudian,
D0283,saat,
D0283,tiba,
D0283,di,
D0283,rumahnya,
D0283,korban,
D0283,melihat,
D0283,sepeda,
D0283,motor,
D0283,yang,
D0283,diletakkan,
D0283,di,
D0283,ruang,
D0283,tengah,
D0283,telah,
D0283,hilang,
D0283,Korban,
D0283,pun,
D0283,mengecek,
D0283,ke,
D0283,dalam,
D0283,kamarnya,
D0283,dan,
D0283,menemukan,
D0283,brankas,
D0283,berisi,
D0283,emas,
D0283,120,
D0283,ameh,
D0283,2,
D0283,BPKB,
D0283,motor,
D0283,satu,
D0283,sertifikat,
D0283,rumah,
D0283,telab,
D0283,raib,
D0283,Selain,
D0283,itu,
D0283,satu,
D0283,unit,
D0283,laptop,
D0283,korban,
D0283,juga,
D0283,telah,
D0283,hilang,
D0283,dari,
D0283,rumah,
D0283,tersebut,
D0283,Atas,
D0283,kejadian,
D0283,tersebut,
D0283,korban,
D0283,mengalami,
D0283,kerugian,
D0283,sebesar,
D0283,Rp,
D0283,381,
D0283,juta,
D0283,Pihak,
D0283,kepolisian,
D0283,pun,
D0283,menyelidiki,
D0283,kasus,
D0283,tersebut,
D0283,dan,
D0283,mengamankan,
D0283,pelaku,
D0283,pada,
D0283,Rabu,
D0283,52,
D0283,Wira,
D0283,menyebut,
D0283,pelaku,
D0283,ini,
D0283,masih,
D0283,tinggal,
D0283,di,
D0283,lingkungan,
D0283,yang,
D0283,sama,
D0283,dengan,
D0283,korban,
D0283,Sebelum,
D0283,melancarkan,
D0283,aksinya,
D0283,pelaku,
D0283,sudah,
D0283,lebih,
D0283,dulu,
D0283,mengintai,
D0283,rumah,
D0283,korban,
D0283,Mobil,
D0283,seorang,
D0283,wanita,
D0283,di,
D0283,Kota,
D0283,Medan,
D0283,bernama,
D0283,Shanti,
D0283,31,
D0283,dibawa,
D0283,kabur,
D0283,suami,
D0283,siri,
D0283,ibunya,
D0283,Dedi,
D0283,Ferdian,
D0283,43,
D0283,Mobil,
D0283,itu,
D0283,lalu,
D0283,dijual,
D0283,pelaku,
D0283,seharga,
D0283,Rp,
D0283,45,
D0283,juta,
D0283,Kasat,
D0283,Reskrim,
D0283,Polres,
D0283,Pelabuhan,
D0283,Belawan,
D0283,AKP,
D0283,Riffi,
D0283,Noor,
D0283,Faizal,
D0283,menyebut,
D0283,pelaku,
D0283,merupakan,
D0283,warga,
D0283,Jalan,
D0283,Tentram,
D0283,Kecamatan,
D0283,Medan,
D0283,Marelan,
D0283,Peristiwa,
D0283,pencurian,
D0283,itu,
D0283,terjadi,
D0283,pada,
D0283,4,
D0283,Agustus,
D0283,2023,
D0283,sedangkan,
D0283,pelaku,
D0283,ditangkap,
D0283,pada,
D0283,Selasa,
D0283,112,
D0283,Awalnya,
D0283,pelapor,
D0283,memakirkan,
D0283,mobil,
D0283,Nisan,
D0283,miliknya,
D0283,dirumah,
D0283,orang,
D0283,tua,
D0283,kandungnya,
D0283,dan,
D0283,memberikan,
D0283,kunci,
D0283,mobil,
D0283,tersebut,
D0283,kata,
D0283,Riffi,
D0283,Rabu,
D0283,122,
D0283,Setelah,
D0283,menitipkan,
D0283,mobil,
D0283,itu,
D0283,korban,
D0283,pulang,
D0283,ke,
D0283,rumahnya,
D0283,di,
D0283,Kelurahan,
D0283,Tanah,
D0283,600,
D0283,Kecamatan,
D0283,Medan,
D0283,Marelan,
D0283,Lalu,
D0283,keesokan,
D0283,harinya,
D0283,ibu,
D0283,korban,
D0283,menghubungi,
D0283,korban,
D0283,untuk,
D0283,memberitahu,
D0283,bahwa,
D0283,mobil,
D0283,korban,
D0283,sudah,
D0283,tidak,
D0283,ada,
D0283,garasi,
D0283,Selain,
D0283,itu,
D0283,kunci,
D0283,mobil,
D0283,korban,
D0283,juga,
D0283,telah,
D0283,hilang,
D0283,Setelah,
D0283,diselidiki,
D0283,ternyata,
D0283,kendaraan,
D0283,tersebut,
D0283,dibawa,
D0283,oleh,
D0283,tersangka,
D0283,yang,
D0283,merupakan,
D0283,suami,
D0283,siri,
D0283,ibu,
D0283,korban,
D0283,dan,
D0283,handphone,
D0283,miliknya,
D0283,Dedi,
D0283,juga,
D0283,sudah,
D0283,tidak,
D0283,bisa,
D0283,dihubungi,
D0283,lagi,
D0283,kata,
D0283,Riffi,
D0283,Atas,
D0283,kejadian,
D0283,itu,
D0283,korban,
D0283,membuat,
D0283,laporan,
D0283,ke,
D0283,Polda,
D0283,Sumut,
D0283,Pihak,
D0283,kepolisian,
D0283,pun,
D0283,menyelidiki,
D0283,kasus,
D0283,tersebut,
D0283,hingga,
D0283,akhirnya,
D0283,menangkap,
D0283,pelaku,
D0283,di,
D0283,Kelurahan,
D0283,Martubung,
D0283,Kecamatan,
D0283,Medan,
D0283,Labuhan,
D0283,Berdasarkan,
D0283,pengakuan,
D0283,pelaku,
D0283,mobil,
D0283,korban,
D0283,tersebut,
D0283,telah,
D0283,dijualnya,
D0283,ke,
D0283,pelaku,
D0283,D,
D0283,melalui,
D0283,pelaku,
D0283,I,
D0283,seharga,
D0283,Rp,
D0283,45,
D0283,juta,
D0283,Seorang,
D0283,pria,
D0283,di,
D0283,Kabupaten,
D0283,Labuhanbatu,
D0283,Selatan,
D0283,Labusel,
D0283,H,
D0283,40,
D0283,memperkosa,
D0283,anak,
D0283,kandungnya,
D0283,hingga,
D0283,hamil,
D0283,dan,
D0283,melahirkan,
D0283,Perbuatan,
D0283,bejat,
D0283,itu,
D0283,diperkirakan,
D0283,sudah,
D0283,dilakukan,
D0283,pelaku,
D0283,selama,
D0283,dua,
D0283,tahun,
D0283,Perbuatan,
D0283,cabul,
D0283,disertai,
D0283,tekanan,
D0283,itu,
D0283,dilakukan,
D0283,tersangka,
D0283,diperkirakan,
D0283,sejak,
D0283,korban,
D0283,berusia,
D0283,15,
D0283,tahun,
D0283,Kini,
D0283,korban,
D0283,berusia,
D0283,17,
D0283,tahun,
D0283,kata,
D0283,Kasat,
D0283,Reskrim,
D0283,Polres,
D0283,Labusel,
D0283,AKP,
D0283,Endang,
D0283,R,
D0283,Ginting,
D0283,Kamis,
D0283,132,
D0283,Endang,
D0283,mengatakan,
D0283,peristiwa,
D0283,itu,
D0283,terungkap,
D0283,pada,
D0283,1,
D0283,Januari,
D0283,2025,
D0283,Saat,
D0283,itu,
D0283,korban,
D0283,mengeluhkan,
D0283,sakit,
D0283,di,
D0283,bagian,
D0283,perutnya,
D0283,Pihak,
D0283,keluarga,
D0283,kemudian,
D0283,membawa,
D0283,korban,
D0283,ke,
D0283,puskesmas,
D0283,Tak,
D0283,lama,
D0283,setelah,
D0283,itu,
D0283,korban,
D0283,pun,
D0283,melahirkan,
D0283,Lalu,
D0283,peristiwa,
D0283,itu,
D0283,dilaporkan,
D0283,orang,
D0283,tua,
D0283,korban,
D0283,ke,
D0283,Polres,
D0283,Labusel,
D0283,pada,
D0283,23,
D0283,Januari,
D0283,2025,
D0283,Pihak,
D0283,kepolisian,
D0283,pun,
D0283,menyelidiki,
D0283,kasus,
D0283,itu,
D0283,dan,
D0283,menangkap,
D0283,pelaku,
D0283,di,
D0283,Provinsi,
D0283,Riau,
D0283,pada,
D0283,Selasa,
D0283,112,
D0283,Berdasarkan,
D0283,pengakuan,
D0283,pelaku,
D0283,aksi,
D0283,bejat,
D0283,itu,
D0283,dilakukannya,
D0283,saat,
D0283,rumah,
D0283,dalam,
D0283,keadaan,
D0283,sepi,
D0283,dan,
D0283,ibu,
D0283,korban,
D0283,tengah,
D0283,berada,
D0283,di,
D0283,luar,
D0283,Saat,
D0283,melancarkan,
D0283,aksinya,
D0283,pelaku,
D0283,selalu,
D0283,mengancam,
D0283,korban,
D0283,Seorang,
D0283,pecatan,
D0283,polisi,
D0283,bernama,
D0283,Afrizal,
D0283,Murdani,
D0283,36,
D0283,menodongkan,
D0283,senjata,
D0283,dan,
D0283,merampok,
D0283,handphone,
D0283,warga,
D0283,di,
D0283,Kota,
D0283,Medan,
D0283,Saat,
D0283,melancarkan,
D0283,aksinya,
D0283,pelaku,
D0283,berpurapura,
D0283,sebagai,
D0283,anggota,
D0283,polisi,
D0283,Kasat,
D0283,Reskrim,
D0283,Polres,
D0283,Pelabuhan,
D0283,Belawan,
D0283,AKP,
D0283,Riffi,
D0283,Noor,
D0283,Faizal,
D0283,mengatakan,
D0283,peristiwa,
D0283,itu,
D0283,terjadi,
D0283,di,
D0283,salah,
D0283,satu,
D0283,warung,
D0283,di,
D0283,Jalan,
D0283,Suasa,
D0283,Tengah,
D0283,Kelurahan,
D0283,Kota,
D0283,Bangun,
D0283,Kecamatan,
D0283,Medan,
D0283,Deli,
D0283,3,
D0283,Februari,
D0283,2025,
D0283,Pelaku,
D0283,melancarkan,
D0283,aksinya,
D0283,bersama,
D0283,temannya,
D0283,Supriadi,
D0283,Mubarak,
D0283,32,
D0283,Para,
D0283,pelaku,
D0283,melakukan,
D0283,kasus,
D0283,perampokan,
D0283,dengan,
D0283,modus,
D0283,berpurapura,
D0283,sebagai,
D0283,anggota,
D0283,kepolisian,
D0283,Dari,
D0283,hasil,
D0283,pemeriksaan,
D0283,awal,
D0283,diketahui,
D0283,bahwa,
D0283,Afrizal,
D0283,Murdani,
D0283,merupakan,
D0283,mantan,
D0283,anggota,
D0283,Polri,
D0283,yang,
D0283,telah,
D0283,dipecat,
D0283,dari,
D0283,Polda,
D0283,Aceh,
D0283,kata,
D0283,Riffi,
D0283,Jumat,
D0283,142,
D0283,Riffi,
D0283,menjelaskan,
D0283,bahwa,
D0283,saat,
D0283,kejadian,
D0283,korban,
D0283,bernama,
D0283,Pordian,
D0283,Butarbutar,
D0283,sedang,
D0283,duduk,
D0283,bersama,
D0283,temantemannya,
D0283,di,
D0283,warung,
D0283,itu,
D0283,Lalu,
D0283,tibatiba,
D0283,para,
D0283,pelaku,
D0283,mendatangi,
D0283,warung,
D0283,itu,
D0283,dengan,
D0283,menggunakan,
D0283,mobil,
D0283,Setelah,
D0283,itu,
D0283,salah,
D0283,seorang,
D0283,pelaku,
D0283,menodongkan,
D0283,benda,
D0283,berbentuk,
D0283,senjata,
D0283,api,
D0283,sambil,
D0283,memerintahkan,
D0283,korban,
D0283,untuk,
D0283,tidak,
D0283,bergerak,
D0283,Usai,
D0283,merampas,
D0283,hp,
D0283,korban,
D0283,pelaku,
D0283,meminta,
D0283,korban,
D0283,untuk,
D0283,mengambilnya,
D0283,ke,
D0283,polsek,
D0283,Setelah,
D0283,itu,
D0283,para,
D0283,pelaku,
D0283,pergi,
D0283,melarikan,
D0283,diri,
D0283,Korban,
D0283,sempat,
D0283,berusaha,
D0283,mengejar,
D0283,pelaku,
D0283,tetapi,
D0283,gagal,
D0283,Atas,
D0283,kejadian,
D0283,itu,
D0283,korban,
D0283,membuat,
D0283,laporan,
D0283,ke,
D0283,Polres,
D0283,Pelabuhan,
D0283,Belawan,
D0283,Pihak,
D0283,kepolisian,
D0283,pun,
D0283,menyelidiki,
D0283,kasus,
D0283,itu,
D0283,dan,
D0283,menangkap,
D0283,keduanya,
D0283,pada,
D0283,Kamis,
D0283,132,
D0283,Selain,
D0283,mengamankan,
D0283,pelaku,
D0283,petugas,
D0283,kepolisian,
D0283,juga,
D0283,menyita,
D0283,sejumlah,
D0283,barang,
D0283,bukti,
D0283,seperti,
D0283,mobil,
D0283,yang,
D0283,digunakan,
D0283,kedua,
D0283,pelaku,
D0283,satu,
D0283,pucuk,
D0283,senjata,
D0283,airsoft,
D0283,gun,
D0283,jenis,
D0283,revolver,
D0283,satu,
D0283,borgol,
D0283,serta,
D0283,kartu,
D0283,tanda,
D0283,anggota,
D0283,polri,
D0283,milik,
D0283,pelaku,
D0283,Afrizal,
D0283,Murdani,
D0283,Usai,
D0283,ditangkap,
D0283,keduanya,
D0283,diboyong,
D0283,ke,
D0283,kantor,
D0283,polisi,
D0283,untuk,
D0283,proses,
D0283,pemeriksaan,
D0283,lebih,
D0283,lanjut,
D0283,Keduanya,
D0283,mengaku,
D0283,telah,
D0283,dua,
D0283,kali,
D0283,beraksi,
D0283,dengan,
D0283,modus,
D0283,yang,
D0283,sama,
D0283,sebutnya,
D0283,Seorang,
D0283,pedagang,
D0283,sate,
D0283,di,
D0283,Kota,
D0283,Medan,
D0283,bernama,
D0283,M,
D0283,Alfian,
D0283,25,
D0283,menyiram,
D0283,ayahnya,
D0283,Aswar,
D0283,49,
D0283,Pelaku,
D0283,menduga,
D0283,korban,
D0283,menggunaguna,
D0283,dagangannya,
D0283,sehingga,
D0283,tidak,
D0283,laku,
D0283,Kapolres,
D0283,Pelabuhan,
D0283,Belawan,
D0283,AKBP,
D0283,Janton,
D0283,Silaban,
D0283,mengatakan,
D0283,peristiwa,
D0283,itu,
D0283,terjadi,
D0283,di,
D0283,rumah,
D0283,korban,
D0283,dan,
D0283,pelaku,
D0283,di,
D0283,Jalan,
D0283,Platina,
D0283,Kelurahan,
D0283,Titi,
D0283,Papan,
D0283,Kecamatan,
D0283,Medan,
D0283,Deli,
D0283,Rabu,
D0283,122,
D0283,Awalnya,
D0283,korban,
D0283,menawarkan,
D0283,untuk,
D0283,mengantar,
D0283,pelaku,
D0283,pergi,
D0283,bekerja,
D0283,Lalu,
D0283,dijawab,
D0283,oleh,
D0283,terlapor,
D0283,ayah,
D0283,sama,
D0283,ibu,
D0283,kan,
D0283,sok,
D0283,baik,
D0283,sama,
D0283,aku,
D0283,padahal,
D0283,ayah,
D0283,yang,
D0283,sudah,
D0283,menggunaguna,
D0283,aku,
D0283,agar,
D0283,jualan,
D0283,ku,
D0283,tidak,
D0283,laku,
D0283,ujar,
D0283,Janton,
D0283,menirukan,
D0283,perkataan,
D0283,pelaku,
D0283,Jumat,
D0283,142,
D0283,Setelah,
D0283,itu,
D0283,pelaku,
D0283,pergi,
D0283,ke,
D0283,arah,
D0283,depan,
D0283,dan,
D0283,mengunci,
D0283,pintu,
D0283,rumah,
D0283,Lalu,
D0283,pelaku,
D0283,masuk,
D0283,ke,
D0283,dalam,
D0283,kamarnya,
D0283,untuk,
D0283,mengambil,
D0283,bensin,
D0283,Kemudian,
D0283,pelaku,
D0283,menyiramkan,
D0283,bensin,
D0283,itu,
D0283,ke,
D0283,ruang,
D0283,tamu,
D0283,mereka,
D0283,dan,
D0283,membakarnya,
D0283,hingga,
D0283,mengenai,
D0283,korban,
D0283,Akibatnya,
D0283,korban,
D0283,mengalami,
D0283,luka,
D0283,bakar,
D0283,hingga,
D0283,80,
D0283,persen,
D0283,Pihak,
D0283,kepolisian,
D0283,pun,
D0283,bergerak,
D0283,menangkap,
D0283,pelaku,
D0283,Namun,
D0283,saat,
D0283,akan,
D0283,dibawa,
D0283,ke,
D0283,kantor,
D0283,polisi,
D0283,pelaku,
D0283,melakukan,
D0283,perlawan,
D0283,hingga,
D0283,terpaksa,
D0283,ditembak,
D0283,oleh,
D0283,petugas,
D0283,kepolisian,
D0283,di,
D0283,bagian,
D0283,kaki,
D0283,Berdasarkan,
D0283,hasil,
D0283,pemeriksaan,
D0283,pelaku,
D0283,mengakui,
D0283,telah,
D0283,menyiram,
D0283,ayahnya,
D0283,menggunakan,
D0283,bensin,
D0283,Pelaku,
D0283,mengaku,
D0283,tega,
D0283,melakukan,
D0283,hal,
D0283,itu,
D0283,karena,
D0283,emosi,
D0284,Gerombolan,
D0284,pria,
D0284,menyerang,
D0284,3,
D0284,pemuda,
D0284,di,
D0284,Jalan,
D0284,Raya,
D0284,Desa,
D0284,Pesantren,
D0284,Tembelang,
D0284,Jombang,
D0284,Aksi,
D0284,kekerasan,
D0284,ini,
D0284,menyebabkan,
D0284,2,
D0284,korban,
D0284,dan,
D0284,1,
D0284,pelaku,
D0284,terluka,
D0284,Kapolsek,
D0284,Tembelang,
D0284,AKP,
D0284,Fadhila,
D0284,menjelaskan,
D0284,3,
D0284,pemuda,
D0284,yang,
D0284,diserang,
D0284,gerombolan,
D0284,pria,
D0284,itu,
D0284,adalah,
D0284,Didik,
D0284,Abdul,
D0284,Aziz,
D0284,18,
D0284,warga,
D0284,Desa,
D0284,Glagahan,
D0284,Perak,
D0284,Yulian,
D0284,Yoga,
D0284,Pratama,
D0284,21,
D0284,warga,
D0284,Desa,
D0284,Mojokrapak,
D0284,Tembelang,
D0284,serta,
D0284,MBS,
D0284,17,
D0284,warga,
D0284,Bandar,
D0284,Kedungmulyo,
D0284,Jombang,
D0284,Awalnya,
D0284,Didik,
D0284,dan,
D0284,MBS,
D0284,mengantar,
D0284,pulang,
D0284,Yoga,
D0284,dini,
D0284,hari,
D0284,tadi,
D0284,sekitar,
D0284,pukul,
D0284,0315,
D0284,WIB,
D0284,Mereka,
D0284,boncengan,
D0284,tiga,
D0284,mengendarai,
D0284,sepeda,
D0284,motor,
D0284,Di,
D0284,tengah,
D0284,perjalanan,
D0284,mereka,
D0284,berpapasan,
D0284,dengan,
D0284,gerombolan,
D0284,pria,
D0284,berjumlah,
D0284,sekitar,
D0284,8,
D0284,orang,
D0284,SCROLL,
D0284,TO,
D0284,CONTINUE,
D0284,WITH,
D0284,CONTENT,
D0284,Para,
D0284,pelaku,
D0284,menggunakan,
D0284,3,
D0284,sepeda,
D0284,motor,
D0284,Kemudian,
D0284,korban,
D0284,dikejar,
D0284,para,
D0284,pelaku,
D0284,jelasnya,
D0284,kepada,
D0284,detikJatim,
D0284,Sabtu,
D0284,1522025,
D0284,Tiba,
D0284,di,
D0284,Jalan,
D0284,Raya,
D0284,Desa,
D0284,Pesantren,
D0284,lanjut,
D0284,Fadhila,
D0284,para,
D0284,pelaku,
D0284,memepet,
D0284,lalu,
D0284,menendang,
D0284,sepeda,
D0284,motor,
D0284,Didik,
D0284,Seketika,
D0284,Didik,
D0284,MBS,
D0284,dan,
D0284,Yoga,
D0284,terjatuh,
D0284,dari,
D0284,sepeda,
D0284,motor,
D0284,tersebut,
D0284,Gerombolan,
D0284,pria,
D0284,itu,
D0284,pun,
D0284,mengeroyok,
D0284,mereka,
D0284,Akibatnya,
D0284,Yoga,
D0284,dan,
D0284,MBS,
D0284,terluka,
D0284,Bahkan,
D0284,lanjut,
D0284,Fadhila,
D0284,MBS,
D0284,mengalami,
D0284,luka,
D0284,bacok,
D0284,Sedangkan,
D0284,Didik,
D0284,yang,
D0284,selamat,
D0284,sempat,
D0284,menarik,
D0284,salah,
D0284,satu,
D0284,pelaku,
D0284,sampai,
D0284,terjatuh,
D0284,dari,
D0284,sepeda,
D0284,motornya,
D0284,Yaitu,
D0284,Farel,
D0284,18,
D0284,warga,
D0284,Desa,
D0284,Darurejo,
D0284,Plandaan,
D0284,Jombang,
D0284,Sampai,
D0284,sore,
D0284,ini,
D0284,Farel,
D0284,masih,
D0284,dirawat,
D0284,di,
D0284,RSUD,
D0284,Jombang,
D0284,Pasca,
D0284,pengeroyokan,
D0284,tersebut,
D0284,Didik,
D0284,melapor,
D0284,ke,
D0284,Polsek,
D0284,Tembelang,
D0284,Keterangan,
D0284,korban,
D0284,para,
D0284,pelaku,
D0284,membawa,
D0284,sajam,
D0284,Kasus,
D0284,ini,
D0284,kami,
D0284,limpahkan,
D0284,ke,
D0284,Unit,
D0284,PPA,
D0284,Satreskrim,
D0284,Polres,
D0284,Jombang,
D0284,tandasnya,
D0285,Empat,
D0285,orang,
D0285,preman,
D0285,memalak,
D0285,dan,
D0285,mengeroyok,
D0285,seorang,
D0285,pria,
D0285,di,
D0285,pinggir,
D0285,Jalan,
D0285,Yos,
D0285,Sudarso,
D0285,dekat,
D0285,Gogo,
D0285,Supermarket,
D0285,Bengkong,
D0285,Aljabar,
D0285,Batam,
D0285,Kepulauan,
D0285,Riau,
D0285,Kepri,
D0285,Akibat,
D0285,pengeroyokan,
D0285,itu,
D0285,korban,
D0285,mengalami,
D0285,luka,
D0285,robek,
D0285,di,
D0285,bagian,
D0285,kepala,
D0285,Unit,
D0285,Reskrim,
D0285,Polsek,
D0285,Bengkong,
D0285,menangkap,
D0285,4,
D0285,pelaku,
D0285,pemalakan,
D0285,dan,
D0285,pengeroyokan,
D0285,di,
D0285,pinggir,
D0285,jalan,
D0285,Yos,
D0285,Sudarso,
D0285,Mereka,
D0285,ditangkap,
D0285,pada,
D0285,Jumat,
D0285,142,
D0285,dini,
D0285,hari,
D0285,kata,
D0285,Kanit,
D0285,Reskrim,
D0285,Polsek,
D0285,Bengkong,
D0285,Iptu,
D0285,Marihot,
D0285,Pakpahan,
D0285,Sabtu,
D0285,1522025,
D0285,Kasus,
D0285,pemalakan,
D0285,dan,
D0285,pengeroyokan,
D0285,itu,
D0285,terjadi,
D0285,pada,
D0285,Jumat,
D0285,141,
D0285,dini,
D0285,hari,
D0285,Saat,
D0285,itu,
D0285,korban,
D0285,berinisial,
D0285,HL,
D0285,20,
D0285,tengah,
D0285,duduk,
D0285,bersama,
D0285,rekannya,
D0285,di,
D0285,angkringan,
D0285,yang,
D0285,berada,
D0285,di,
D0285,pinggir,
D0285,Jalan,
D0285,Yos,
D0285,Sudarso,
D0285,SCROLL,
D0285,TO,
D0285,CONTINUE,
D0285,WITH,
D0285,CONTENT,
D0285,Korban,
D0285,saat,
D0285,itu,
D0285,didatangi,
D0285,3,
D0285,orang,
D0285,pelaku,
D0285,dan,
D0285,meminta,
D0285,sejumlah,
D0285,uang,
D0285,Namun,
D0285,korban,
D0285,menolak,
D0285,permintaan,
D0285,para,
D0285,pelaku,
D0285,ujarnya,
D0285,Akibat,
D0285,korban,
D0285,menolak,
D0285,para,
D0285,pelaku,
D0285,merasa,
D0285,tersinggung,
D0285,kemudian,
D0285,memukul,
D0285,korban,
D0285,dengan,
D0285,kursi,
D0285,plastik,
D0285,Tak,
D0285,hanya,
D0285,itu,
D0285,rekan,
D0285,pelaku,
D0285,lainnya,
D0285,juga,
D0285,memukul,
D0285,korban,
D0285,dengan,
D0285,batu,
D0285,Akibat,
D0285,mendapatkan,
D0285,pengeroyokan,
D0285,itu,
D0285,korban,
D0285,sempat,
D0285,terjatuh,
D0285,Kemudian,
D0285,korban,
D0285,dan,
D0285,rekannya,
D0285,langsung,
D0285,melarikan,
D0285,diri,
D0285,dari,
D0285,lokasi,
D0285,tersebut,
D0285,Akibat,
D0285,pengeroyokan,
D0285,itu,
D0285,korban,
D0285,mengalami,
D0285,luka,
D0285,robek,
D0285,di,
D0285,bagian,
D0285,kepalanya,
D0285,Korban,
D0285,kemudian,
D0285,melaporkan,
D0285,kejadian,
D0285,itu,
D0285,ke,
D0285,Polsek,
D0285,Bengkong,
D0285,Usai,
D0285,mendapatkan,
D0285,laporan,
D0285,dari,
D0285,korban,
D0285,tim,
D0285,langsung,
D0285,bergerak,
D0285,dang,
D0285,mengamankan,
D0285,4,
D0285,orang,
D0285,pelaku,
D0285,yang,
D0285,masingmasing,
D0285,berinisial,
D0285,AK,
D0285,24,
D0285,DG,
D0285,25,
D0285,AN,
D0285,24,
D0285,dan,
D0285,HL,
D0285,23,
D0285,ujarnya,
D0285,Dari,
D0285,pemeriksaan,
D0285,polisi,
D0285,keempat,
D0285,pelaku,
D0285,itu,
D0285,diduga,
D0285,kerap,
D0285,melakukan,
D0285,aksi,
D0285,pemalakan,
D0285,di,
D0285,lokasi,
D0285,tersebut,
D0285,Saat,
D0285,ini,
D0285,keempat,
D0285,pelaku,
D0285,itu,
D0285,telah,
D0285,ditahan,
D0285,polisi,
D0285,untuk,
D0285,mempertanggungjawabkan,
D0285,perbuatannya,
D0285,Dugaan,
D0285,para,
D0285,pelaku,
D0285,ini,
D0285,sudah,
D0285,sering,
D0285,melakukan,
D0285,pemalakan,
D0285,di,
D0285,lokasi,
D0285,tersebut,
D0285,ujarnya,
D0285,Selain,
D0285,menangkap,
D0285,pelaku,
D0285,polisi,
D0285,juga,
D0285,menyita,
D0285,beberapa,
D0285,barang,
D0285,bukti,
D0285,seperti,
D0285,batu,
D0285,yang,
D0285,digunakan,
D0285,pelaku,
D0285,patahan,
D0285,kursi,
D0285,plastik,
D0285,dan,
D0285,hasil,
D0285,visum,
D0285,korban,
D0285,Keempatnya,
D0285,dijerat,
D0285,dengan,
D0285,pasal,
D0285,pengeroyokan,
D0285,dengan,
D0285,ancaman,
D0285,pidana,
D0285,penjara,
D0285,7,
D0285,tahun,
D0286,Seorang,
D0286,pria,
D0286,di,
D0286,Kota,
D0286,Tanjungbalai,
D0286,Sumatera,
D0286,Utara,
D0286,Sumut,
D0286,berinisial,
D0286,SM,
D0286,32,
D0286,tega,
D0286,menganiaya,
D0286,ibu,
D0286,kandungnya,
D0286,sendiri,
D0286,Pelaku,
D0286,melakukan,
D0286,itu,
D0286,karena,
D0286,kesal,
D0286,ditanya,
D0286,soal,
D0286,gas,
D0286,LPG,
D0286,yang,
D0286,digadaikannya,
D0286,untuk,
D0286,membeli,
D0286,narkoba,
D0286,Kasi,
D0286,Humas,
D0286,Polres,
D0286,Tanjungbalai,
D0286,AKP,
D0286,Ahmad,
D0286,Dahlan,
D0286,Panjaitan,
D0286,menyebut,
D0286,peristiwa,
D0286,itu,
D0286,terjadi,
D0286,Jalan,
D0286,Suprapto,
D0286,Kecamatan,
D0286,Tanjungbalai,
D0286,Utara,
D0286,Kamis,
D0286,132,
D0286,pagi,
D0286,Awalnya,
D0286,korban,
D0286,menanyakan,
D0286,soal,
D0286,gas,
D0286,LPG,
D0286,yang,
D0286,diduga,
D0286,digadaikan,
D0286,oleh,
D0286,pelaku,
D0286,Kejadian,
D0286,tersebut,
D0286,bermula,
D0286,saat,
D0286,ibu,
D0286,kandung,
D0286,tersangka,
D0286,bertanya,
D0286,di,
D0286,mana,
D0286,digadaikan,
D0286,tersangka,
D0286,tabung,
D0286,gas,
D0286,LPG,
D0286,dengan,
D0286,memegang,
D0286,kerah,
D0286,baju,
D0286,tersangka,
D0286,kata,
D0286,Ahmad,
D0286,Jumat,
D0286,1422025,
D0286,SCROLL,
D0286,TO,
D0286,CONTINUE,
D0286,WITH,
D0286,CONTENT,
D0286,Bukan,
D0286,menjawab,
D0286,pertanyaan,
D0286,ibunya,
D0286,pelaku,
D0286,malah,
D0286,mendorong,
D0286,ibunya,
D0286,hingga,
D0286,terjatuh,
D0286,Akibatnya,
D0286,kepala,
D0286,korban,
D0286,terbentur,
D0286,ke,
D0286,kursi,
D0286,kayu,
D0286,dan,
D0286,lantai,
D0286,Pada,
D0286,saat,
D0286,itu,
D0286,korban,
D0286,mengalami,
D0286,lukaluka,
D0286,Mengakibatkan,
D0286,telinga,
D0286,sebelah,
D0286,kiri,
D0286,sang,
D0286,ibu,
D0286,mengalami,
D0286,luka,
D0286,robek,
D0286,serta,
D0286,luka,
D0286,lecet,
D0286,pada,
D0286,punggung,
D0286,tangan,
D0286,sebelah,
D0286,kanan,
D0286,dan,
D0286,luka,
D0286,memar,
D0286,bengkak,
D0286,pada,
D0286,bagian,
D0286,kepala,
D0286,sebelah,
D0286,kiri,
D0286,jelasnya,
D0286,Setelah,
D0286,peristiwa,
D0286,itu,
D0286,korban,
D0286,membuat,
D0286,laporan,
D0286,ke,
D0286,Polsek,
D0286,Tanjungbalai,
D0286,Utara,
D0286,Pihak,
D0286,kepolisian,
D0286,pun,
D0286,langsung,
D0286,merespons,
D0286,laporan,
D0286,itu,
D0286,dan,
D0286,menangkap,
D0286,pelaku,
D0286,di,
D0286,rumahnya,
D0286,Dalam,
D0286,kasus,
D0286,ini,
D0286,pelaku,
D0286,dijerat,
D0286,UU,
D0286,Penghapusan,
D0286,Kekerasan,
D0286,Dalam,
D0286,Rumah,
D0286,Tangga,
D0286,KDRT,
D0286,subs,
D0286,Pasal,
D0286,351,
D0286,KUHPidana,
D0286,Dari,
D0286,hasil,
D0286,interogasi,
D0286,tersangka,
D0286,mengakui,
D0286,perbuatannya,
D0286,Hasil,
D0286,tes,
D0286,urine,
D0286,terhadap,
D0286,tersangka,
D0286,hasilnya,
D0286,positif,
D0286,mengandung,
D0286,narkotika,
D0286,sebutnya,
D0286,Berdasarkan,
D0286,pengakuan,
D0286,korban,
D0286,kata,
D0286,Ahmad,
D0286,gas,
D0286,LPG,
D0286,itu,
D0286,memang,
D0286,digadaikan,
D0286,oleh,
D0286,pelaku,
D0286,Lalu,
D0286,uangnya,
D0286,digunakan,
D0286,pelaku,
D0286,untuk,
D0286,membeli,
D0286,narkoba,
D0286,Itu,
D0286,keterangan,
D0286,ibunya,
D0286,iya,
D0286,beli,
D0286,narkoba,
D0286,pungkasnya,
D0287,Polisi,
D0287,memperketat,
D0287,pemeriksaan,
D0287,di,
D0287,Pelabuhan,
D0287,Gilimanuk,
D0287,Jembrana,
D0287,dalam,
D0287,upayanya,
D0287,memburu,
D0287,pelaku,
D0287,penusukan,
D0287,yang,
D0287,menewaskan,
D0287,Kadek,
D0287,Parwata,
D0287,31,
D0287,Insiden,
D0287,berdarah,
D0287,itu,
D0287,terjadi,
D0287,di,
D0287,Jalan,
D0287,Nangka,
D0287,Utara,
D0287,Denpasar,
D0287,Kamis,
D0287,1322025,
D0287,dini,
D0287,hari,
D0287,Polisi,
D0287,tak,
D0287,mau,
D0287,pelaku,
D0287,lebih,
D0287,dulu,
D0287,kabur,
D0287,keluar,
D0287,Bali,
D0287,Seluruh,
D0287,kendaraan,
D0287,hingga,
D0287,masyarakat,
D0287,yang,
D0287,keluar,
D0287,Bali,
D0287,kami,
D0287,periksa,
D0287,tanpa,
D0287,terkecuali,
D0287,Anggota,
D0287,Polsek,
D0287,Kawasan,
D0287,Pelabuhan,
D0287,Gilimanuk,
D0287,kami,
D0287,intensifkan,
D0287,untuk,
D0287,pemeriksaan,
D0287,di,
D0287,pos,
D0287,pintu,
D0287,keluar,
D0287,Bali,
D0287,di,
D0287,Pelabuhan,
D0287,Gilimanuk,
D0287,ungkap,
D0287,Kapolres,
D0287,Jembrana,
D0287,AKBP,
D0287,Endang,
D0287,Tri,
D0287,Purwanto,
D0287,Jumat,
D0287,1422025,
D0287,Endang,
D0287,membeberkan,
D0287,anggotanya,
D0287,sudah,
D0287,mengantongi,
D0287,ciriciri,
D0287,pelaku,
D0287,sesuai,
D0287,rekaman,
D0287,CCTV,
D0287,Hal,
D0287,ini,
D0287,menjadi,
D0287,acuan,
D0287,bagi,
D0287,petugas,
D0287,untuk,
D0287,memeriksa,
D0287,lebih,
D0287,ketat,
D0287,arus,
D0287,kendaraan,
D0287,yang,
D0287,keluar,
D0287,Bali,
D0287,SCROLL,
D0287,TO,
D0287,CONTINUE,
D0287,WITH,
D0287,CONTENT,
D0287,Sampai,
D0287,malam,
D0287,ini,
D0287,pelaku,
D0287,penusukan,
D0287,belum,
D0287,kami,
D0287,temukan,
D0287,tapi,
D0287,kami,
D0287,akan,
D0287,tetap,
D0287,melakukan,
D0287,pemeriksaan,
D0287,ujar,
D0287,Endang,
D0287,Sebelumnya,
D0287,Kadek,
D0287,Parwata,
D0287,tewas,
D0287,ditusuk,
D0287,orang,
D0287,tak,
D0287,dikenal,
D0287,di,
D0287,depan,
D0287,warung,
D0287,kelontong,
D0287,di,
D0287,Jalan,
D0287,Nangka,
D0287,Utara,
D0287,Kelurahan,
D0287,Tonja,
D0287,Denpasar,
D0287,Utara,
D0287,Kamis,
D0287,dini,
D0287,hari,
D0287,Korban,
D0287,dan,
D0287,temannya,
D0287,yang,
D0287,hendak,
D0287,membeli,
D0287,minum,
D0287,di,
D0287,warung,
D0287,terlibat,
D0287,cekcok,
D0287,dengan,
D0287,pelaku,
D0287,hingga,
D0287,berujung,
D0287,penusukan,
D0287,Parwata,
D0287,sempat,
D0287,dilarikan,
D0287,ke,
D0287,rumah,
D0287,sakit,
D0287,tapi,
D0287,nyawanya,
D0287,tidak,
D0287,tertolong,
D0287,karena,
D0287,kehabisan,
D0287,darah,
D0287,Dalam,
D0287,rekaman,
D0287,CCTV,
D0287,pelaku,
D0287,terlihat,
D0287,cekcok,
D0287,dengan,
D0287,seorang,
D0287,pemuda,
D0287,di,
D0287,depan,
D0287,warung,
D0287,sebelum,
D0287,akhirnya,
D0287,menusuk,
D0287,Parwata,
D0288,Pria,
D0288,di,
D0288,Kota,
D0288,Medan,
D0288,Sumatera,
D0288,Utara,
D0288,Sumut,
D0288,bernama,
D0288,Aswar,
D0288,49,
D0288,dibakar,
D0288,anaknya,
D0288,yang,
D0288,berprofesi,
D0288,sebagai,
D0288,pedagang,
D0288,sate,
D0288,M,
D0288,Alfian,
D0288,menggunakan,
D0288,bensin,
D0288,Akibatnya,
D0288,korban,
D0288,mengalami,
D0288,luka,
D0288,bakar,
D0288,hingga,
D0288,80,
D0288,persen,
D0288,Kondisi,
D0288,saat,
D0288,ini,
D0288,korban,
D0288,mengalami,
D0288,80,
D0288,persen,
D0288,luka,
D0288,bakarnya,
D0288,kata,
D0288,Kasat,
D0288,Reskrim,
D0288,Polres,
D0288,Pelabuhan,
D0288,Belawan,
D0288,AKP,
D0288,Riffi,
D0288,Noor,
D0288,Faizal,
D0288,saat,
D0288,dikonfirmasi,
D0288,detikSumut,
D0288,Jumat,
D0288,1422025,
D0288,Riffi,
D0288,mengatakan,
D0288,korban,
D0288,saat,
D0288,ini,
D0288,masih,
D0288,menjalani,
D0288,perawatan,
D0288,di,
D0288,klinik,
D0288,Masih,
D0288,dirawat,
D0288,di,
D0288,klinik,
D0288,jelasnya,
D0288,SCROLL,
D0288,TO,
D0288,CONTINUE,
D0288,WITH,
D0288,CONTENT,
D0288,Sebelumnya,
D0288,diberitakan,
D0288,seorang,
D0288,pedagang,
D0288,sate,
D0288,bernama,
D0288,M,
D0288,Alfian,
D0288,menyiram,
D0288,ayahnya,
D0288,Aswar,
D0288,Pelaku,
D0288,menduga,
D0288,korban,
D0288,menggunaguna,
D0288,dagangannya,
D0288,sehingga,
D0288,tidak,
D0288,laku,
D0288,Kapolres,
D0288,Pelabuhan,
D0288,Belawan,
D0288,AKBP,
D0288,Janton,
D0288,Silaban,
D0288,mengatakan,
D0288,peristiwa,
D0288,itu,
D0288,terjadi,
D0288,di,
D0288,rumah,
D0288,korban,
D0288,dan,
D0288,pelaku,
D0288,di,
D0288,Jalan,
D0288,Platina,
D0288,Kelurahan,
D0288,Titi,
D0288,Papan,
D0288,Kecamatan,
D0288,Medan,
D0288,Deli,
D0288,Rabu,
D0288,122,
D0288,Awalnya,
D0288,korban,
D0288,menawarkan,
D0288,untuk,
D0288,mengantar,
D0288,pelaku,
D0288,pergi,
D0288,bekerja,
D0288,Lalu,
D0288,dijawab,
D0288,oleh,
D0288,terlapor,
D0288,ayah,
D0288,sama,
D0288,ibu,
D0288,kan,
D0288,sok,
D0288,baik,
D0288,sama,
D0288,aku,
D0288,padahal,
D0288,ayah,
D0288,yang,
D0288,sudah,
D0288,menggunaguna,
D0288,aku,
D0288,agar,
D0288,jualan,
D0288,ku,
D0288,tidak,
D0288,laku,
D0288,ujar,
D0288,Janton,
D0288,menirukan,
D0288,perkataan,
D0288,pelaku,
D0288,Jumat,
D0288,Setelah,
D0288,itu,
D0288,pelaku,
D0288,pergi,
D0288,ke,
D0288,arah,
D0288,depan,
D0288,dan,
D0288,mengunci,
D0288,pintu,
D0288,rumah,
D0288,Lalu,
D0288,pelaku,
D0288,masuk,
D0288,ke,
D0288,dalam,
D0288,kamarnya,
D0288,untuk,
D0288,mengambil,
D0288,bensin,
D0288,Kemudian,
D0288,pelaku,
D0288,menyiramkan,
D0288,bensin,
D0288,itu,
D0288,ke,
D0288,ruang,
D0288,tamu,
D0288,mereka,
D0288,dan,
D0288,membakarnya,
D0288,Sambaran,
D0288,api,
D0288,tersebut,
D0288,langsung,
D0288,mengenai,
D0288,tubuh,
D0288,korban,
D0288,Akibat,
D0288,kejadian,
D0288,tersebut,
D0288,tubuh,
D0288,korban,
D0288,mengalami,
D0288,luka,
D0288,bakar,
D0288,di,
D0288,hampir,
D0288,seluruh,
D0288,tubuhnya,
D0288,ujarnya,
D0288,Atas,
D0288,kejadian,
D0288,itu,
D0288,orang,
D0288,tua,
D0288,korban,
D0288,membuat,
D0288,laporan,
D0288,ke,
D0288,Polres,
D0288,Pelabuhan,
D0288,Belawan,
D0288,Pihak,
D0288,kepolisian,
D0288,pun,
D0288,bergerak,
D0288,menangkap,
D0288,pelaku,
D0288,Namun,
D0288,saat,
D0288,akan,
D0288,dibawa,
D0288,ke,
D0288,kantor,
D0288,polisi,
D0288,pelaku,
D0288,melakukan,
D0288,perlawan,
D0288,hingga,
D0288,terpaksa,
D0288,ditembak,
D0288,oleh,
D0288,petugas,
D0288,kepolisian,
D0288,di,
D0288,bagian,
D0288,kaki,
D0288,Pelaku,
D0288,diamankan,
D0288,oleh,
D0288,BhabinKamtibmas,
D0288,Titi,
D0288,Papan,
D0288,dan,
D0288,langsung,
D0288,berkoordinasi,
D0288,dengan,
D0288,Unit,
D0288,PPA,
D0288,Sat,
D0288,Reskrim,
D0288,Polres,
D0288,Pelabuhan,
D0288,Belawan,
D0288,Kemudian,
D0288,pelaku,
D0288,dan,
D0288,barang,
D0288,bukti,
D0288,dibawa,
D0288,ke,
D0288,Polres,
D0288,Pelabuhan,
D0288,Belawan,
D0288,Namun,
D0288,saat,
D0288,di,
D0288,perjalanan,
D0288,pelaku,
D0288,melakukan,
D0288,perlawanan,
D0288,kepada,
D0288,petugas,
D0288,sehingga,
D0288,diberikan,
D0288,tindakan,
D0288,tegas,
D0288,dan,
D0288,terukur,
D0288,sebutnya,
D0288,Berdasarkan,
D0288,hasil,
D0288,pemeriksaan,
D0288,pelaku,
D0288,mengakui,
D0288,telah,
D0288,menyiram,
D0288,ayahnya,
D0288,menggunakan,
D0288,bensin,
D0288,Pelaku,
D0288,mengaku,
D0288,tega,
D0288,melakukan,
D0288,hal,
D0288,itu,
D0288,karena,
D0288,emosi,
D0288,Pelaku,
D0288,mengakui,
D0288,perbuatannya,
D0288,melakukan,
D0288,pembakaran,
D0288,dikarenakan,
D0288,emosi,
D0288,dan,
D0288,khilaf,
D0288,Pelaku,
D0288,mengakui,
D0288,bahwa,
D0288,botol,
D0288,yang,
D0288,berisi,
D0288,bensin,
D0288,dibeli,
D0288,di,
D0288,Marelan,
D0288,namun,
D0288,pelaku,
D0288,lupa,
D0288,di,
D0288,mana,
D0288,toko,
D0288,dia,
D0288,membelinya,
D0288,pungkasnya,
D0289,Seorang,
D0289,pecatan,
D0289,polisi,
D0289,bernama,
D0289,Afrizal,
D0289,Murdani,
D0289,36,
D0289,menodongkan,
D0289,senjata,
D0289,dan,
D0289,merampok,
D0289,handphone,
D0289,warga,
D0289,di,
D0289,Kota,
D0289,Medan,
D0289,Sumatera,
D0289,Utara,
D0289,Sumut,
D0289,Saat,
D0289,melancarkan,
D0289,aksinya,
D0289,pelaku,
D0289,berpurapura,
D0289,sebagai,
D0289,anggota,
D0289,polisi,
D0289,Kasat,
D0289,Reskrim,
D0289,Polres,
D0289,Pelabuhan,
D0289,Belawan,
D0289,AKP,
D0289,Riffi,
D0289,Noor,
D0289,Faizal,
D0289,mengatakan,
D0289,peristiwa,
D0289,itu,
D0289,terjadi,
D0289,di,
D0289,salah,
D0289,satu,
D0289,warung,
D0289,di,
D0289,Jalan,
D0289,Suasa,
D0289,Tengah,
D0289,Kelurahan,
D0289,Kota,
D0289,Bangun,
D0289,Kecamatan,
D0289,Medan,
D0289,Deli,
D0289,3,
D0289,Februari,
D0289,2025,
D0289,Pelaku,
D0289,melancarkan,
D0289,aksinya,
D0289,bersama,
D0289,temannya,
D0289,Supriadi,
D0289,Mubarak,
D0289,32,
D0289,Para,
D0289,pelaku,
D0289,melakukan,
D0289,kasus,
D0289,perampokan,
D0289,dengan,
D0289,modus,
D0289,berpurapura,
D0289,sebagai,
D0289,anggota,
D0289,kepolisian,
D0289,Dari,
D0289,hasil,
D0289,pemeriksaan,
D0289,awal,
D0289,diketahui,
D0289,bahwa,
D0289,Afrizal,
D0289,Murdani,
D0289,merupakan,
D0289,mantan,
D0289,anggota,
D0289,Polri,
D0289,yang,
D0289,telah,
D0289,dipecat,
D0289,dari,
D0289,Polda,
D0289,Aceh,
D0289,kata,
D0289,Riffi,
D0289,Jumat,
D0289,1422025,
D0289,SCROLL,
D0289,TO,
D0289,CONTINUE,
D0289,WITH,
D0289,CONTENT,
D0289,Riffi,
D0289,menjelaskan,
D0289,saat,
D0289,kejadian,
D0289,korban,
D0289,bernama,
D0289,Pordian,
D0289,Butarbutar,
D0289,sedang,
D0289,duduk,
D0289,bersama,
D0289,temantemannya,
D0289,di,
D0289,warung,
D0289,itu,
D0289,Lalu,
D0289,tibatiba,
D0289,para,
D0289,pelaku,
D0289,mendatangi,
D0289,warung,
D0289,itu,
D0289,dengan,
D0289,menggunakan,
D0289,mobil,
D0289,Setelah,
D0289,itu,
D0289,salah,
D0289,seorang,
D0289,pelaku,
D0289,menodongkan,
D0289,benda,
D0289,berbentuk,
D0289,senjata,
D0289,api,
D0289,sambil,
D0289,memerintahkan,
D0289,korban,
D0289,untuk,
D0289,tidak,
D0289,bergerak,
D0289,Salah,
D0289,satu,
D0289,tersangka,
D0289,menodongkan,
D0289,alat,
D0289,berbentuk,
D0289,senjata,
D0289,api,
D0289,dan,
D0289,berteriak,
D0289,jangan,
D0289,bergerak,
D0289,Kemudian,
D0289,mereka,
D0289,memaksa,
D0289,korban,
D0289,menyerahkan,
D0289,handphone,
D0289,miliknya,
D0289,jelasnya,
D0289,Usai,
D0289,merampas,
D0289,hp,
D0289,korban,
D0289,pelaku,
D0289,meminta,
D0289,korban,
D0289,untuk,
D0289,mengambilnya,
D0289,ke,
D0289,polsek,
D0289,Setelah,
D0289,itu,
D0289,para,
D0289,pelaku,
D0289,pergi,
D0289,melarikan,
D0289,diri,
D0289,Korban,
D0289,sempat,
D0289,berusaha,
D0289,mengejar,
D0289,pelaku,
D0289,tetapi,
D0289,gagal,
D0289,Atas,
D0289,kejadian,
D0289,itu,
D0289,korban,
D0289,membuat,
D0289,laporan,
D0289,ke,
D0289,Polres,
D0289,Pelabuhan,
D0289,Belawan,
D0289,Pihak,
D0289,kepolisian,
D0289,pun,
D0289,menyelidiki,
D0289,kasus,
D0289,itu,
D0289,dan,
D0289,menangkap,
D0289,keduanya,
D0289,pada,
D0289,Kamis,
D0289,132,
D0289,Selain,
D0289,mengamankan,
D0289,pelaku,
D0289,petugas,
D0289,kepolisian,
D0289,juga,
D0289,menyita,
D0289,sejumlah,
D0289,barang,
D0289,bukti,
D0289,seperti,
D0289,mobil,
D0289,yang,
D0289,digunakan,
D0289,kedua,
D0289,pelaku,
D0289,satu,
D0289,pucuk,
D0289,senjata,
D0289,airsoft,
D0289,gun,
D0289,jenis,
D0289,revolver,
D0289,satu,
D0289,borgol,
D0289,serta,
D0289,kartu,
D0289,tanda,
D0289,anggota,
D0289,polri,
D0289,milik,
D0289,pelaku,
D0289,Afrizal,
D0289,Murdani,
D0289,Usai,
D0289,ditangkap,
D0289,keduanya,
D0289,diboyong,
D0289,ke,
D0289,kantor,
D0289,polisi,
D0289,untuk,
D0289,proses,
D0289,pemeriksaan,
D0289,lebih,
D0289,lanjut,
D0289,Keduanya,
D0289,mengaku,
D0289,telah,
D0289,dua,
D0289,kali,
D0289,beraksi,
D0289,dengan,
D0289,modus,
D0289,yang,
D0289,sama,
D0289,sebutnya,
D0290,Polisi,
D0290,menangkap,
D0290,Rizky,
D0290,Pratama,
D0290,pelaku,
D0290,perampokan,
D0290,terhadap,
D0290,temannya,
D0290,sendiri,
D0290,di,
D0290,Rokan,
D0290,Hulu,
D0290,Riau,
D0290,Pelaku,
D0290,juga,
D0290,melukai,
D0290,korban,
D0290,dengan,
D0290,pisau,
D0290,cutter,
D0290,Kapolres,
D0290,Rokan,
D0290,Hulu,
D0290,AKBP,
D0290,Budi,
D0290,Setiyono,
D0290,mengatakan,
D0290,aksi,
D0290,begal,
D0290,terjadi,
D0290,pada,
D0290,Rabu,
D0290,122,
D0290,Saat,
D0290,itu,
D0290,pelaku,
D0290,RP,
D0290,19,
D0290,diajak,
D0290,oleh,
D0290,korban,
D0290,RC,
D0290,ke,
D0290,salah,
D0290,satu,
D0290,kafe,
D0290,di,
D0290,Desa,
D0290,Bangun,
D0290,Jaya,
D0290,SCROLL,
D0290,TO,
D0290,CONTINUE,
D0290,WITH,
D0290,CONTENT,
D0290,Sekitar,
D0290,pukul,
D0290,2330,
D0290,WIB,
D0290,pelaku,
D0290,ini,
D0290,minta,
D0290,diantar,
D0290,pulang,
D0290,Namun,
D0290,dalam,
D0290,perjalanan,
D0290,korban,
D0290,mengarahkan,
D0290,sepeda,
D0290,motor,
D0290,yang,
D0290,dikendarai,
D0290,ke,
D0290,pinggir,
D0290,sungai,
D0290,Batang,
D0290,Kumu,
D0290,kata,
D0290,Kapolres,
D0290,Jumat,
D0290,1422025,
D0290,Di,
D0290,tepi,
D0290,sungai,
D0290,pelaku,
D0290,dijanjikan,
D0290,sesuatu,
D0290,oleh,
D0290,korban,
D0290,Namun,
D0290,karena,
D0290,tak,
D0290,kunjung,
D0290,menerima,
D0290,apa,
D0290,yang,
D0290,dijanjikan,
D0290,pelaku,
D0290,RP,
D0290,memukul,
D0290,kepala,
D0290,korban,
D0290,ke,
D0290,body,
D0290,sepeda,
D0290,motor,
D0290,yang,
D0290,dikendarai,
D0290,Setelah,
D0290,korban,
D0290,terjatuh,
D0290,pelaku,
D0290,RP,
D0290,melihat,
D0290,sebilah,
D0290,pisau,
D0290,cutter,
D0290,di,
D0290,kotak,
D0290,depan,
D0290,motor,
D0290,Pelaku,
D0290,coba,
D0290,menusukan,
D0290,cutter,
D0290,itu,
D0290,ke,
D0290,arah,
D0290,korban,
D0290,Selanjutnya,
D0290,pelaku,
D0290,mengayunkan,
D0290,cutter,
D0290,ke,
D0290,perut,
D0290,dan,
D0290,leher,
D0290,korban,
D0290,Korban,
D0290,pun,
D0290,jatuh,
D0290,akibat,
D0290,sayatan,
D0290,pisau,
D0290,cutter,
D0290,pelaku,
D0290,Pelaku,
D0290,lalu,
D0290,membuka,
D0290,bagasi,
D0290,sepeda,
D0290,motor,
D0290,dan,
D0290,mengambil,
D0290,2,
D0290,unit,
D0290,handphone,
D0290,dan,
D0290,uang,
D0290,senilai,
D0290,Rp,
D0290,500000,
D0290,Setelah,
D0290,menggasak,
D0290,Hp,
D0290,dan,
D0290,uang,
D0290,pelaku,
D0290,kabur,
D0290,kata,
D0290,Budi,
D0290,Tidak,
D0290,terima,
D0290,orang,
D0290,tua,
D0290,pelaku,
D0290,melaporkan,
D0290,kasus,
D0290,yang,
D0290,menimpa,
D0290,anaknya,
D0290,Polisi,
D0290,lalu,
D0290,menangkap,
D0290,RP,
D0290,pada,
D0290,Kamis,
D0290,132,
D0290,sekitar,
D0290,pukul,
D0290,0900,
D0290,WIB,
D0290,di,
D0290,Desa,
D0290,Rantau,
D0290,Sakti,
D0290,Setelah,
D0290,ditangkap,
D0290,pelaku,
D0290,mengakui,
D0290,telah,
D0290,membegal,
D0290,korban,
D0290,yang,
D0290,merupakan,
D0290,teman,
D0290,nongkrongnya,
D0290,Pelaku,
D0290,selanjutnya,
D0290,dibawa,
D0290,ke,
D0290,Polsek,
D0290,Tanbusai,
D0290,Utara,
D0290,dan,
D0290,sudah,
D0290,resmi,
D0290,ditetapkan,
D0290,tersangka,
D0290,Kapolsek,
D0290,Tambusai,
D0290,Utara,
D0290,AKP,
D0290,Tony,
D0290,Prawira,
D0290,membenarkan,
D0290,korban,
D0290,dan,
D0290,pelaku,
D0290,saling,
D0290,kenal,
D0290,Namun,
D0290,pelaku,
D0290,membegal,
D0290,korban,
D0290,di,
D0290,perjalanan,
D0290,pulang,
D0290,Laporan,
D0290,kami,
D0290,terima,
D0290,diduga,
D0290,memang,
D0290,aksi,
D0290,curas,
D0290,atau,
D0290,begal,
D0290,Jadi,
D0290,kasus,
D0290,itu,
D0290,yang,
D0290,kami,
D0290,pelaku,
D0290,dan,
D0290,korban,
D0290,ini,
D0290,saling,
D0290,kenal,
D0290,karena,
D0290,sempat,
D0290,nongkrong,
D0290,di,
D0290,cafe,
D0290,sebelum,
D0290,korban,
D0290,dibegal,
D0290,kata,
D0290,Tony,
D0291,Seorang,
D0291,pria,
D0291,berinisial,
D0291,MMK,
D0291,33,
D0291,ditangkap,
D0291,polisi,
D0291,di,
D0291,rumah,
D0291,pamannya,
D0291,Jalan,
D0291,Glogor,
D0291,Carik,
D0291,Denpasar,
D0291,Bali,
D0291,Kamis,
D0291,1322025,
D0291,Dia,
D0291,diciduk,
D0291,polisi,
D0291,beberapa,
D0291,jam,
D0291,seusai,
D0291,membacok,
D0291,seorang,
D0291,sopir,
D0291,bernama,
D0291,Yohanis,
D0291,Ngongu,
D0291,Bongu,
D0291,37,
D0291,Yohanis,
D0291,dibacok,
D0291,di,
D0291,depan,
D0291,sebuah,
D0291,kafe,
D0291,di,
D0291,Jalan,
D0291,Bypass,
D0291,Ngurah,
D0291,Rai,
D0291,Nusa,
D0291,Dua,
D0291,Kelurahan,
D0291,Benoa,
D0291,Kecamatan,
D0291,Kuta,
D0291,Selatan,
D0291,Kabupaten,
D0291,Badung,
D0291,pukul,
D0291,0250,
D0291,Wita,
D0291,Kamis,
D0291,Kami,
D0291,tangkap,
D0291,pelaku,
D0291,penebasan,
D0291,beberapa,
D0291,jam,
D0291,setelah,
D0291,kejadian,
D0291,kata,
D0291,Kapolsek,
D0291,Kuta,
D0291,Selatan,
D0291,Kompol,
D0291,I,
D0291,Gusti,
D0291,Ngurah,
D0291,Yudistira,
D0291,dalam,
D0291,keterangannya,
D0291,kepada,
D0291,detikBali,
D0291,Jumat,
D0291,1422025,
D0291,SCROLL,
D0291,TO,
D0291,CONTINUE,
D0291,WITH,
D0291,CONTENT,
D0291,MMK,
D0291,kabur,
D0291,ke,
D0291,rumah,
D0291,pamannya,
D0291,di,
D0291,Jalan,
D0291,Glogor,
D0291,Carik,
D0291,beberapa,
D0291,jam,
D0291,setelah,
D0291,membacok,
D0291,Yohanis,
D0291,Istri,
D0291,Yohanis,
D0291,yang,
D0291,mendapat,
D0291,kabar,
D0291,soal,
D0291,pembacokan,
D0291,suaminya,
D0291,langsung,
D0291,melapor,
D0291,ke,
D0291,polisi,
D0291,Lokasi,
D0291,kejadian,
D0291,didatangi,
D0291,dan,
D0291,diselidiki,
D0291,polisi,
D0291,Setelah,
D0291,diselidiki,
D0291,aparat,
D0291,korps,
D0291,baju,
D0291,cokelat,
D0291,mendapat,
D0291,petunjuk,
D0291,dan,
D0291,langsung,
D0291,memburu,
D0291,MMK,
D0291,yang,
D0291,kabur,
D0291,ke,
D0291,rumah,
D0291,pamannya,
D0291,Berdasarkan,
D0291,keterangan,
D0291,korban,
D0291,saksi,
D0291,dan,
D0291,rekaman,
D0291,CCTV,
D0291,polisi,
D0291,berhasil,
D0291,mengidentifikasi,
D0291,dan,
D0291,menangkap,
D0291,pelaku,
D0291,tanpa,
D0291,perlawanan,
D0291,kata,
D0291,Yudistira,
D0291,Kini,
D0291,MMK,
D0291,ditahan,
D0291,di,
D0291,tahanan,
D0291,Mapolsek,
D0291,Kuta,
D0291,Selatan,
D0291,Setelah,
D0291,diinterogasi,
D0291,MMK,
D0291,mengaku,
D0291,nekat,
D0291,membacok,
D0291,Yohanis,
D0291,garagara,
D0291,salah,
D0291,paham,
D0291,Pelaku,
D0291,mengaku,
D0291,melakukan,
D0291,penebasan,
D0291,karena,
D0291,kesalahpahaman,
D0291,yang,
D0291,memicu,
D0291,emosi,
D0291,Kami,
D0291,juga,
D0291,mengamankan,
D0291,barang,
D0291,bukti,
D0291,berupa,
D0291,satu,
D0291,bilah,
D0291,pedang,
D0291,tanpa,
D0291,gagang,
D0291,ungkapnya,
D0291,Sebelumnya,
D0291,diberitakan,
D0291,pembacokan,
D0291,itu,
D0291,berawal,
D0291,saat,
D0291,Yohanis,
D0291,hendak,
D0291,pulang,
D0291,dari,
D0291,kafe,
D0291,Saat,
D0291,melintas,
D0291,di,
D0291,depan,
D0291,kos,
D0291,tempat,
D0291,tinggal,
D0291,pelaku,
D0291,Yohanis,
D0291,diteriaki,
D0291,dengan,
D0291,katakata,
D0291,kasar,
D0291,Yohanis,
D0291,yang,
D0291,emosi,
D0291,lalu,
D0291,menghampiri,
D0291,pelaku,
D0291,hingga,
D0291,keduanya,
D0291,terlibat,
D0291,cekcok,
D0291,Warga,
D0291,di,
D0291,sekitar,
D0291,kejadian,
D0291,sempat,
D0291,melerai,
D0291,pertikaian,
D0291,keduanya,
D0291,Tak,
D0291,lama,
D0291,kemudian,
D0291,Yohanis,
D0291,kembali,
D0291,diteriaki,
D0291,dan,
D0291,dikejar,
D0291,pelaku,
D0292,Pria,
D0292,inisial,
D0292,RS,
D0292,21,
D0292,di,
D0292,Kabupaten,
D0292,Minahasa,
D0292,Selatan,
D0292,Minsel,
D0292,Sulawesi,
D0292,Utara,
D0292,Sulut,
D0292,menikam,
D0292,tukang,
D0292,ojek,
D0292,inisial,
D0292,RAM,
D0292,52,
D0292,menggunakan,
D0292,pisau,
D0292,badik,
D0292,hingga,
D0292,tewas,
D0292,Pelaku,
D0292,nekat,
D0292,melakukan,
D0292,aksi,
D0292,tersebut,
D0292,gegara,
D0292,emosi,
D0292,korban,
D0292,menggoda,
D0292,tantenya,
D0292,Kapolres,
D0292,Minahasa,
D0292,Selatan,
D0292,AKBP,
D0292,David,
D0292,Candra,
D0292,Babega,
D0292,mengatakan,
D0292,bahwa,
D0292,korban,
D0292,merupakan,
D0292,seorang,
D0292,tukang,
D0292,ojek,
D0292,Pelaku,
D0292,nekat,
D0292,melakukan,
D0292,itu,
D0292,karena,
D0292,emosi,
D0292,ke,
D0292,korban,
D0292,Korban,
D0292,pria,
D0292,seharihari,
D0292,sebagai,
D0292,tukang,
D0292,ojek,
D0292,meninggal,
D0292,dunia,
D0292,kena,
D0292,tikaman,
D0292,pisau,
D0292,badik,
D0292,Pelaku,
D0292,emosi,
D0292,marah,
D0292,ke,
D0292,korban,
D0292,masalahnya,
D0292,tantenya,
D0292,digoda,
D0292,pelaku,
D0292,dengan,
D0292,katakata,
D0292,tidak,
D0292,sopan,
D0292,kata,
D0292,David,
D0292,Candra,
D0292,Babega,
D0292,Kamis,
D0292,1322025,
D0292,melansir,
D0292,detikSulsel,
D0292,SCROLL,
D0292,TO,
D0292,CONTINUE,
D0292,WITH,
D0292,CONTENT,
D0292,David,
D0292,menyebut,
D0292,penganiayaan,
D0292,tersebut,
D0292,terjadi,
D0292,di,
D0292,Jalan,
D0292,Raya,
D0292,antara,
D0292,Desa,
D0292,Ranoketang,
D0292,Tua,
D0292,dan,
D0292,Desa,
D0292,Kilometer,
D0292,Tiga,
D0292,Kecamatan,
D0292,Amurang,
D0292,Minahasa,
D0292,Selatan,
D0292,Selasa,
D0292,42,
D0292,pukul,
D0292,1930,
D0292,Wita,
D0292,Pelaku,
D0292,awalnya,
D0292,menemui,
D0292,korban,
D0292,dengan,
D0292,dalih,
D0292,meminta,
D0292,korban,
D0292,minta,
D0292,maaf,
D0292,kepada,
D0292,tantenya,
D0292,Jadi,
D0292,awalnya,
D0292,tersangka,
D0292,ini,
D0292,meminta,
D0292,korban,
D0292,untuk,
D0292,meminta,
D0292,maaf,
D0292,atas,
D0292,perlakuannya,
D0292,ke,
D0292,tantenya,
D0292,Kemudian,
D0292,korban,
D0292,tidak,
D0292,mau,
D0292,di,
D0292,sana,
D0292,terlibat,
D0292,cekcok,
D0292,pelaku,
D0292,berbalik,
D0292,badan,
D0292,mengambil,
D0292,pisau,
D0292,badik,
D0292,yang,
D0292,terletak,
D0292,di,
D0292,dalam,
D0292,bagasi,
D0292,motor,
D0292,dan,
D0292,setelah,
D0292,itu,
D0292,diayunkan,
D0292,langsung,
D0292,ke,
D0292,arah,
D0292,dada,
D0292,kiri,
D0292,dan,
D0292,kaki,
D0292,sehingga,
D0292,korban,
D0292,jatuh,
D0292,jelasnya,
D0292,David,
D0292,menyebut,
D0292,korban,
D0292,meninggal,
D0292,di,
D0292,tempat,
D0292,kejadian,
D0292,perkara,
D0292,TKP,
D0292,Mayat,
D0292,korban,
D0292,lalu,
D0292,dilarikan,
D0292,ke,
D0292,rumah,
D0292,sakit,
D0292,RS,
D0292,untuk,
D0292,pemeriksaan,
D0292,lebih,
D0292,lanjut,
D0292,Iya,
D0292,dilarikan,
D0292,ke,
D0292,rumah,
D0292,sakit,
D0292,umum,
D0292,daerah,
D0292,Minahasa,
D0292,Selatan,
D0292,Korban,
D0292,meninggal,
D0292,dunia,
D0292,di,
D0292,TKP,
D0292,ucap,
D0292,David,
D0292,Selanjutnya,
D0292,pihak,
D0292,keluarga,
D0292,membuat,
D0292,laporan,
D0292,ke,
D0292,polisi,
D0292,terkait,
D0292,kasus,
D0292,tersebut,
D0292,Polisi,
D0292,lalu,
D0292,melakukan,
D0292,penyelidikan,
D0292,di,
D0292,lokasi,
D0292,kejadian,
D0292,dan,
D0292,menangkap,
D0292,pelaku,
D0292,sehari,
D0292,setelah,
D0292,penganiayaan,
D0292,tersebut,
D0292,Setelah,
D0292,melakukan,
D0292,aksinya,
D0292,tersangka,
D0292,kabur,
D0292,ke,
D0292,Kabupaten,
D0292,Bolaang,
D0292,Mongondow,
D0292,Selatan,
D0292,Awalnya,
D0292,kami,
D0292,kesulitan,
D0292,selama,
D0292,sehari,
D0292,karena,
D0292,saat,
D0292,kejadian,
D0292,malam,
D0292,hari,
D0292,pelaku,
D0292,menggunakan,
D0292,helm,
D0292,Tetapi,
D0292,dengan,
D0292,ada,
D0292,bukti,
D0292,CCTV,
D0292,di,
D0292,lokasi,
D0292,kami,
D0292,berhasil,
D0292,mengamankan,
D0292,pelaku,
D0292,ungkapnya,
D0292,Dari,
D0292,hasil,
D0292,pemeriksaan,
D0292,pelaku,
D0292,mengakui,
D0292,perbuatannya,
D0292,Pelaku,
D0292,berdalih,
D0292,nekat,
D0292,menganiaya,
D0292,korban,
D0292,karena,
D0292,emosi,
D0292,dendam,
D0292,atas,
D0292,perlakuan,
D0292,yang,
D0292,dilakukan,
D0292,korban,
D0292,kepada,
D0292,tantenya,
D0292,Iya,
D0292,pelaku,
D0292,mengakui,
D0292,semua,
D0292,perbuatannya,
D0292,Waktu,
D0292,itu,
D0292,pelaku,
D0292,mendengar,
D0292,dari,
D0292,tantenya,
D0292,yang,
D0292,mana,
D0292,korban,
D0292,menggoda,
D0292,dengan,
D0292,katakata,
D0292,tidak,
D0292,pantas,
D0292,ke,
D0292,tantenya,
D0292,sebutnya,
D0292,Atas,
D0292,perbuatannya,
D0292,RS,
D0292,kini,
D0292,sudah,
D0292,ditahan,
D0292,di,
D0292,Mapolres,
D0292,Minahasa,
D0292,Selatan,
D0292,Minsel,
D0292,guna,
D0292,proses,
D0292,lebih,
D0292,lanjut,
D0292,Pelaku,
D0292,dijerat,
D0292,pasal,
D0292,340,
D0292,KUHP,
D0292,subsider,
D0292,pasal,
D0292,338,
D0292,KUHP,
D0292,Dengan,
D0292,ancaman,
D0292,maksimal,
D0292,pidana,
D0292,mati,
D0292,atau,
D0292,seumur,
D0292,hidup,
D0292,pungkasnya,
D0293,Seorang,
D0293,warga,
D0293,Surabaya,
D0293,terpaksa,
D0293,harus,
D0293,berurusan,
D0293,dengan,
D0293,polisi,
D0293,di,
D0293,Lamongan,
D0293,Pasalnya,
D0293,ia,
D0293,tertangkap,
D0293,tangan,
D0293,ketika,
D0293,hendak,
D0293,mencuri,
D0293,seekor,
D0293,burung,
D0293,peliharaan,
D0293,milik,
D0293,warga,
D0293,Pelaku,
D0293,adalah,
D0293,GS,
D0293,46,
D0293,warga,
D0293,Kecamatan,
D0293,Benowo,
D0293,Surabaya,
D0293,Ia,
D0293,diketahui,
D0293,mencuri,
D0293,burung,
D0293,miik,
D0293,warga,
D0293,di,
D0293,Kelurahan,
D0293,Tumenggungan,
D0293,Kecamatan,
D0293,Lamongan,
D0293,Benar,
D0293,kami,
D0293,telah,
D0293,mengamankan,
D0293,GS,
D0293,yang,
D0293,diduga,
D0293,telah,
D0293,mencuri,
D0293,seekor,
D0293,burung,
D0293,peliharaan,
D0293,warga,
D0293,di,
D0293,Kelurahan,
D0293,Tumenggungan,
D0293,Kecamatan,
D0293,Lamongan,
D0293,pada,
D0293,Rabu,
D0293,dini,
D0293,hari,
D0293,1222025,
D0293,kata,
D0293,Kapolsek,
D0293,Lamongan,
D0293,Kota,
D0293,Kompol,
D0293,Fadelan,
D0293,kepada,
D0293,wartawan,
D0293,Rabu,
D0293,1222025,
D0293,SCROLL,
D0293,TO,
D0293,CONTINUE,
D0293,WITH,
D0293,CONTENT,
D0293,Ihwal,
D0293,tertangkapnya,
D0293,GS,
D0293,ini,
D0293,menurut,
D0293,Fadelan,
D0293,bermula,
D0293,dari,
D0293,laporan,
D0293,warga,
D0293,ke,
D0293,polisi,
D0293,pada,
D0293,Rabu,
D0293,dinihari,
D0293,1222025,
D0293,sekira,
D0293,pukul,
D0293,0200,
D0293,WIB,
D0293,Ketika,
D0293,itu,
D0293,warga,
D0293,menghubungi,
D0293,korban,
D0293,karena,
D0293,dan,
D0293,melaporkan,
D0293,ada,
D0293,aktivitas,
D0293,mencurigakan,
D0293,di,
D0293,rumah,
D0293,korban,
D0293,dilihat,
D0293,dari,
D0293,gelagatnya,
D0293,Warga,
D0293,yang,
D0293,tahu,
D0293,itu,
D0293,kemudian,
D0293,menghubungi,
D0293,korban,
D0293,sehingga,
D0293,korban,
D0293,segera,
D0293,menghubungi,
D0293,Polsek,
D0293,Lamongan,
D0293,Kota,
D0293,ujarnya,
D0293,Setelah,
D0293,mendapat,
D0293,laporan,
D0293,petugas,
D0293,dari,
D0293,Polsek,
D0293,Lamongan,
D0293,Kota,
D0293,dengan,
D0293,segera,
D0293,datang,
D0293,ke,
D0293,lokasi,
D0293,untuk,
D0293,melakukan,
D0293,penyelidiikan,
D0293,Ketika,
D0293,itu,
D0293,polisi,
D0293,mendapati,
D0293,terduga,
D0293,pelaku,
D0293,sedang,
D0293,melakukan,
D0293,tindakan,
D0293,pencurian,
D0293,burung,
D0293,milik,
D0293,salah,
D0293,satu,
D0293,warga,
D0293,Sebelumnya,
D0293,kata,
D0293,Fadelan,
D0293,di,
D0293,lingkungan,
D0293,yang,
D0293,sama,
D0293,di,
D0293,rumah,
D0293,warga,
D0293,yang,
D0293,lain,
D0293,telah,
D0293,kehilangan,
D0293,tiga,
D0293,ekor,
D0293,burung,
D0293,peliharaannya,
D0293,Mendapati,
D0293,hal,
D0293,sama,
D0293,ini,
D0293,korban,
D0293,juga,
D0293,mengecek,
D0293,CCTV,
D0293,yang,
D0293,terpasang,
D0293,di,
D0293,lingkungan,
D0293,tersebut,
D0293,Setelah,
D0293,diamati,
D0293,terduga,
D0293,pelaku,
D0293,merupakan,
D0293,orang,
D0293,yang,
D0293,sama,
D0293,ketika,
D0293,melakukan,
D0293,aksinya,
D0293,hari,
D0293,ini,
D0293,tandasnya,
D0293,Saat,
D0293,ini,
D0293,pelaku,
D0293,sudah,
D0293,diamankan,
D0293,di,
D0293,Mapolsek,
D0293,Lamongan,
D0293,Kota,
D0293,beserta,
D0293,barang,
D0293,bukti,
D0293,berupa,
D0293,satu,
D0293,unit,
D0293,sepeda,
D0293,motor,
D0293,dan,
D0293,dua,
D0293,buah,
D0293,pipa,
D0293,yang,
D0293,digunakan,
D0293,pelaku,
D0293,sebagai,
D0293,tempat,
D0293,hasil,
D0293,curiannya,
D0293,Kepada,
D0293,pelaku,
D0293,polisi,
D0293,akan,
D0293,menjeratnya,
D0293,dengan,
D0293,KUHP,
D0293,pasal,
D0293,pencurian,
D0293,dengan,
D0293,pemberatan,
D0293,Atas,
D0293,tindakannya,
D0293,terduga,
D0293,pelaku,
D0293,akan,
D0293,kami,
D0293,sangkakan,
D0293,pasal,
D0293,363,
D0293,ayat,
D0293,2,
D0293,KHUP,
D0293,tentang,
D0293,pencurian,
D0293,dengan,
D0293,pemberatan,
D0293,pungkasnya,
D0294,Warga,
D0294,Dusun,
D0294,Mireng,
D0294,Desa,
D0294,Dukuharum,
D0294,Megaluh,
D0294,Jombang,
D0294,geger,
D0294,usai,
D0294,menemukan,
D0294,mayat,
D0294,pria,
D0294,tanpa,
D0294,busana,
D0294,dalam,
D0294,kondisi,
D0294,mengenaskan,
D0294,di,
D0294,saluran,
D0294,irigasi,
D0294,Mayat,
D0294,tersebut,
D0294,ditemukan,
D0294,tanpa,
D0294,kepala,
D0294,dan,
D0294,sudah,
D0294,membusuk,
D0294,Mayat,
D0294,pria,
D0294,yang,
D0294,belum,
D0294,diketahui,
D0294,identitasnya,
D0294,tersebut,
D0294,ditemukan,
D0294,warga,
D0294,sekitar,
D0294,pukul,
D0294,1200,
D0294,WIB,
D0294,Posisi,
D0294,mayat,
D0294,tengkurap,
D0294,di,
D0294,saluran,
D0294,irigasi,
D0294,Dusun,
D0294,Mireng,
D0294,Mayat,
D0294,tersebut,
D0294,sudah,
D0294,membusuk,
D0294,Jenis,
D0294,kelamin,
D0294,lakilaki,
D0294,kondisi,
D0294,jenazah,
D0294,sudah,
D0294,membusuk,
D0294,perkiraan,
D0294,kami,
D0294,matinya,
D0294,sekitar,
D0294,45,
D0294,hari,
D0294,terang,
D0294,Komandan,
D0294,Tim,
D0294,Pusdalops,
D0294,BPBD,
D0294,Jombang,
D0294,Muhammad,
D0294,Zainudin,
D0294,kepada,
D0294,wartawan,
D0294,di,
D0294,kamar,
D0294,jenazah,
D0294,RSUD,
D0294,Jombang,
D0294,dilansir,
D0294,detikJatim,
D0294,Rabu,
D0294,1222025,
D0294,SCROLL,
D0294,TO,
D0294,CONTINUE,
D0294,WITH,
D0294,CONTENT,
D0294,Zainudin,
D0294,membenarkan,
D0294,mayat,
D0294,tersebut,
D0294,ditemukan,
D0294,tanpa,
D0294,kepala,
D0294,Untuk,
D0294,anggota,
D0294,tubuh,
D0294,lainnya,
D0294,masih,
D0294,lengkap,
D0294,Pihaknya,
D0294,juga,
D0294,tak,
D0294,menemukan,
D0294,identitas,
D0294,pada,
D0294,mayat,
D0294,tersebut,
D0294,Kondisi,
D0294,mayat,
D0294,tengkurap,
D0294,ternyata,
D0294,kepalanya,
D0294,tidak,
D0294,ada,
D0294,Bagian,
D0294,tubuh,
D0294,yang,
D0294,lain,
D0294,masih,
D0294,lengkap,
D0294,jelasnya,
D0294,Kapolsek,
D0294,Megaluh,
D0294,AKP,
D0294,Wawan,
D0294,Purwoko,
D0294,mengatakan,
D0294,pihaknya,
D0294,belum,
D0294,bisa,
D0294,memastikan,
D0294,soal,
D0294,dugaan,
D0294,mayat,
D0294,tersebut,
D0294,merupakan,
D0294,korban,
D0294,mutilasi,
D0294,Saat,
D0294,ini,
D0294,mayat,
D0294,tersebut,
D0294,sudah,
D0294,dievakuasi,
D0294,ke,
D0294,kamar,
D0294,jenazah,
D0294,RSUD,
D0294,Jombang,
D0294,untuk,
D0294,divisum,
D0294,Iya,
D0294,betul,
D0294,tanpa,
D0294,kepala,
D0294,tandasnya,
D0295,Enam,
D0295,wartawan,
D0295,gadungan,
D0295,ditangkap,
D0295,polisi,
D0295,karena,
D0295,memeras,
D0295,seorang,
D0295,pria,
D0295,yang,
D0295,tengah,
D0295,check,
D0295,in,
D0295,di,
D0295,hotel,
D0295,di,
D0295,Kawasan,
D0295,Cempaka,
D0295,Putih,
D0295,Jakarta,
D0295,Pusat,
D0295,Modusnya,
D0295,mengancam,
D0295,akan,
D0295,memviralkan,
D0295,korban,
D0295,Mereka,
D0295,melakukan,
D0295,pidana,
D0295,pemerasan,
D0295,ini,
D0295,dengan,
D0295,modus,
D0295,mengakungaku,
D0295,sebagai,
D0295,wartawan,
D0295,dan,
D0295,stay,
D0295,di,
D0295,hotelhotel,
D0295,yang,
D0295,ada,
D0295,di,
D0295,daerah,
D0295,wilayah,
D0295,Jakarta,
D0295,kata,
D0295,Panit,
D0295,3,
D0295,Subdit,
D0295,Resmob,
D0295,Polda,
D0295,Metro,
D0295,Jaya,
D0295,AKP,
D0295,Fanni,
D0295,Athar,
D0295,dilansir,
D0295,detikNews,
D0295,Rabu,
D0295,1222025,
D0295,Para,
D0295,pelaku,
D0295,kerap,
D0295,stay,
D0295,di,
D0295,hotelhotel,
D0295,untuk,
D0295,mencari,
D0295,korban,
D0295,Jika,
D0295,mendapatkan,
D0295,calon,
D0295,target,
D0295,mereka,
D0295,akan,
D0295,membuntutinya,
D0295,kemudian,
D0295,memeras,
D0295,korban,
D0295,dengan,
D0295,ancaman,
D0295,akan,
D0295,memviralkan,
D0295,korban,
D0295,yang,
D0295,menginap,
D0295,di,
D0295,hotel,
D0295,tersebut,
D0295,SCROLL,
D0295,TO,
D0295,CONTINUE,
D0295,WITH,
D0295,CONTENT,
D0295,Kemudian,
D0295,ada,
D0295,korban,
D0295,yang,
D0295,keluar,
D0295,dari,
D0295,hotel,
D0295,dan,
D0295,diikutinya,
D0295,Kemudian,
D0295,ketika,
D0295,sampai,
D0295,rumah,
D0295,korban,
D0295,diperas,
D0295,sebesar,
D0295,puluhan,
D0295,juta,
D0295,rupiah,
D0295,jelasnya,
D0295,Kabid,
D0295,Humas,
D0295,Polda,
D0295,Metro,
D0295,Jaya,
D0295,Kombes,
D0295,Ade,
D0295,Ary,
D0295,Syam,
D0295,Indradi,
D0295,menjelaskan,
D0295,keenam,
D0295,pelaku,
D0295,tersebut,
D0295,yakni,
D0295,MS,
D0295,40,
D0295,FFH,
D0295,63,
D0295,DP,
D0295,57,
D0295,HPS,
D0295,52,
D0295,MN,
D0295,52,
D0295,dan,
D0295,JP,
D0295,43,
D0295,Para,
D0295,pelaku,
D0295,ditangkap,
D0295,oleh,
D0295,Tim,
D0295,Opsnal,
D0295,Unit,
D0295,III,
D0295,Subdit,
D0295,Resmob,
D0295,Polda,
D0295,Metro,
D0295,Jaya,
D0295,di,
D0295,6,
D0295,lokasi,
D0295,berbeda,
D0295,pada,
D0295,7,
D0295,Februari,
D0295,2025,
D0295,Kasubdit,
D0295,Resmob,
D0295,Ditreskrimum,
D0295,Polda,
D0295,Metro,
D0295,Jaya,
D0295,AKBP,
D0295,Ressa,
D0295,Fiardy,
D0295,Marasabessy,
D0295,mengatakan,
D0295,korban,
D0295,adalah,
D0295,pria,
D0295,berinisial,
D0295,SA,
D0295,42,
D0295,seorang,
D0295,karyawan,
D0295,swasta,
D0295,Saat,
D0295,beraksi,
D0295,pelaku,
D0295,menuduh,
D0295,korban,
D0295,sebagai,
D0295,jaksa,
D0295,padahal,
D0295,korban,
D0295,hanya,
D0295,karyawan,
D0295,swasta,
D0295,Iya,
D0295,mereka,
D0295,mengiranya,
D0295,korban,
D0295,jaksa,
D0295,padahal,
D0295,bukan,
D0295,Asal,
D0295,nebak,
D0295,aja,
D0295,Korban,
D0295,karyawan,
D0295,swasta,
D0295,katanya,
D0295,Awalnya,
D0295,korban,
D0295,ditemui,
D0295,oleh,
D0295,seorang,
D0295,perempuan,
D0295,di,
D0295,rumah,
D0295,orang,
D0295,tuanya,
D0295,di,
D0295,kawasan,
D0295,Pengadegan,
D0295,Pancoran,
D0295,Jakarta,
D0295,Selatan,
D0295,Kamis,
D0295,301,
D0295,sekitar,
D0295,pukul,
D0295,1530,
D0295,WIB,
D0295,Kemudian,
D0295,perempuan,
D0295,itu,
D0295,mengajak,
D0295,korban,
D0295,keluar,
D0295,rumah,
D0295,lalu,
D0295,tibatiba,
D0295,para,
D0295,pelaku,
D0295,tersebut,
D0295,datang,
D0295,dan,
D0295,mengancam,
D0295,korban,
D0295,akan,
D0295,memviralkan,
D0295,kejadian,
D0295,di,
D0295,hotel,
D0295,jika,
D0295,korban,
D0295,tidak,
D0295,menyerahkan,
D0295,sejumlah,
D0295,uang,
D0295,Akhirnya,
D0295,korban,
D0295,dan,
D0295,pelaku,
D0295,pergi,
D0295,ke,
D0295,sebuah,
D0295,warung,
D0295,yang,
D0295,tak,
D0295,jauh,
D0295,dari,
D0295,rumah,
D0295,tersebut,
D0295,Pelaku,
D0295,lalu,
D0295,memperlihatkan,
D0295,fotofoto,
D0295,di,
D0295,handphone,
D0295,mereka,
D0295,yang,
D0295,menampilkan,
D0295,mobil,
D0295,korban,
D0295,di,
D0295,garasi,
D0295,hotel,
D0295,Modal,
D0295,foto,
D0295,tersebut,
D0295,para,
D0295,pelaku,
D0295,memeras,
D0295,korban,
D0295,dan,
D0295,meminta,
D0295,uang,
D0295,Rp,
D0295,30,
D0295,juta,
D0295,dan,
D0295,jika,
D0295,tidak,
D0295,korban,
D0295,diancam,
D0295,akan,
D0295,diberitakan,
D0295,di,
D0295,30,
D0295,media,
D0295,Pelaku,
D0295,bilang,
D0295,ini,
D0295,kami,
D0295,dari,
D0295,media,
D0295,mau,
D0295,diramaikan,
D0295,di,
D0295,rumah,
D0295,sekarang,
D0295,atau,
D0295,ada,
D0295,kebijaksanaan,
D0295,Lalu,
D0295,salah,
D0295,satu,
D0295,pelaku,
D0295,bilang,
D0295,Abang,
D0295,jaksa,
D0295,kan,
D0295,dan,
D0295,dijawab,
D0295,korban,
D0295,bukan,
D0295,tetapi,
D0295,pelaku,
D0295,tidak,
D0295,percaya,
D0295,dan,
D0295,terus,
D0295,memaksa,
D0295,korban,
D0295,jelasnya,
D0295,Kemudian,
D0295,terjadi,
D0295,negosiasi,
D0295,hingga,
D0295,korban,
D0295,mentransfer,
D0295,uang,
D0295,ke,
D0295,rekening,
D0295,salah,
D0295,satu,
D0295,pelaku,
D0295,dan,
D0295,sisanya,
D0295,diminta,
D0295,untuk,
D0295,ditransfer,
D0295,3,
D0295,minggu,
D0295,lagi,
D0296,Seorang,
D0296,warga,
D0296,diduga,
D0296,tewas,
D0296,usai,
D0296,disiram,
D0296,cairan,
D0296,yang,
D0296,diduga,
D0296,air,
D0296,keras,
D0296,oleh,
D0296,orang,
D0296,tak,
D0296,dikenal,
D0296,OTK,
D0296,di,
D0296,Kabupaten,
D0296,Deli,
D0296,Serdang,
D0296,Sumatera,
D0296,Utara,
D0296,Sumut,
D0296,Polisi,
D0296,saat,
D0296,ini,
D0296,tengah,
D0296,menyelidiki,
D0296,peristiwa,
D0296,tersebut,
D0296,Kapolsek,
D0296,Medan,
D0296,Tembung,
D0296,Kompol,
D0296,Jhonson,
D0296,Sitompul,
D0296,mengaku,
D0296,sudah,
D0296,menerima,
D0296,informasi,
D0296,kejadian,
D0296,itu,
D0296,Dia,
D0296,menyebut,
D0296,peristiwa,
D0296,itu,
D0296,terjadi,
D0296,di,
D0296,Jalan,
D0296,Suryadi,
D0296,Desa,
D0296,Sampali,
D0296,Kecamatan,
D0296,Percut,
D0296,Sei,
D0296,Tuan,
D0296,Adapun,
D0296,korban,
D0296,bernama,
D0296,Abdi,
D0296,alias,
D0296,Panjang,
D0296,48,
D0296,Jhonson,
D0296,menyebut,
D0296,pihaknya,
D0296,tengah,
D0296,mengusut,
D0296,peristiwa,
D0296,tersebut,
D0296,SCROLL,
D0296,TO,
D0296,CONTINUE,
D0296,WITH,
D0296,CONTENT,
D0296,Sudah,
D0296,dapat,
D0296,informasi,
D0296,sedang,
D0296,kita,
D0296,usut,
D0296,kasusnya,
D0296,kata,
D0296,Jhonson,
D0296,Rabu,
D0296,122,
D0296,Sementara,
D0296,Kanit,
D0296,Reskrim,
D0296,Polsek,
D0296,Medan,
D0296,Tembung,
D0296,AKP,
D0296,Japri,
D0296,Simamora,
D0296,mengatakan,
D0296,peristiwa,
D0296,itu,
D0296,terjadi,
D0296,Selasa,
D0296,122,
D0296,sekira,
D0296,pukul,
D0296,0100,
D0296,WIB,
D0296,Saat,
D0296,ini,
D0296,pihaknya,
D0296,tengah,
D0296,menyelidiki,
D0296,pelaku,
D0296,penyiraman,
D0296,itu,
D0296,Kejadiannya,
D0296,sekitar,
D0296,jam,
D0296,1,
D0296,subuh,
D0296,kemarin,
D0296,Pelaku,
D0296,sementara,
D0296,belum,
D0296,diketahui,
D0296,masih,
D0296,dalam,
D0296,lidik,
D0296,ujarnya,
D0296,Terkait,
D0296,cairan,
D0296,diduga,
D0296,air,
D0296,keras,
D0296,Japri,
D0296,mengatakan,
D0296,pihaknya,
D0296,belum,
D0296,bisa,
D0296,memastikan,
D0296,jenis,
D0296,cairan,
D0296,yang,
D0296,disiramkan,
D0296,ke,
D0296,tubuh,
D0296,korban,
D0296,tersebut,
D0296,Dia,
D0296,menyebut,
D0296,polisi,
D0296,masih,
D0296,menunggu,
D0296,hasil,
D0296,pemeriksan,
D0296,labfor,
D0296,Ke,
D0296,labfor,
D0296,apa,
D0296,kirakira,
D0296,cairannya,
D0296,mengandung,
D0296,apa,
D0296,Belum,
D0296,bisa,
D0296,dipastikan,
D0296,air,
D0296,keras,
D0296,itu,
D0296,yang,
D0296,menyatakan,
D0296,kan,
D0296,ahlinya,
D0296,sebutnya,
D0297,Seorang,
D0297,perempuan,
D0297,berinisial,
D0297,AY,
D0297,menjadi,
D0297,korban,
D0297,pembegalan,
D0297,di,
D0297,jalanan,
D0297,sekitar,
D0297,Desa,
D0297,Pecatu,
D0297,Kecamatan,
D0297,Kuta,
D0297,Selatan,
D0297,Kabupaten,
D0297,Badung,
D0297,Bali,
D0297,Selasa,
D0297,1122025,
D0297,AY,
D0297,dianiaya,
D0297,dan,
D0297,tasnya,
D0297,yang,
D0297,berisi,
D0297,handphone,
D0297,dirampas,
D0297,Polisi,
D0297,kini,
D0297,tengah,
D0297,menyelidiki,
D0297,kasus,
D0297,tersebut,
D0297,Ya,
D0297,sudah,
D0297,kemarin,
D0297,kejadiannya,
D0297,Saat,
D0297,ini,
D0297,masih,
D0297,penyelidikan,
D0297,masih,
D0297,berjalan,
D0297,Pelakunya,
D0297,masih,
D0297,kami,
D0297,selidiki,
D0297,kata,
D0297,Kapolsek,
D0297,Kuta,
D0297,Selatan,
D0297,Kompol,
D0297,I,
D0297,Gusti,
D0297,Ngurah,
D0297,Yudistira,
D0297,dihubungi,
D0297,detikBali,
D0297,Rabu,
D0297,1222025,
D0297,Ada,
D0297,rekaman,
D0297,video,
D0297,yang,
D0297,beredar,
D0297,di,
D0297,media,
D0297,sosial,
D0297,Rekaman,
D0297,itu,
D0297,menayangkan,
D0297,curhatan,
D0297,AY,
D0297,setelah,
D0297,dibegal,
D0297,di,
D0297,sekitar,
D0297,Desa,
D0297,Pecatu,
D0297,SCROLL,
D0297,TO,
D0297,CONTINUE,
D0297,WITH,
D0297,CONTENT,
D0297,Di,
D0297,dalam,
D0297,video,
D0297,peristiwa,
D0297,nahas,
D0297,itu,
D0297,bermula,
D0297,saat,
D0297,AY,
D0297,berkendara,
D0297,seorang,
D0297,diri,
D0297,menuju,
D0297,ke,
D0297,hotel,
D0297,di,
D0297,Desa,
D0297,Pecatu,
D0297,sektar,
D0297,pukul,
D0297,0530,
D0297,Wita,
D0297,Tibatiba,
D0297,siswi,
D0297,SMK,
D0297,itu,
D0297,dicegat,
D0297,seseorang,
D0297,Pelaku,
D0297,meminta,
D0297,uang,
D0297,kepada,
D0297,AY,
D0297,Dia,
D0297,lantas,
D0297,mengaku,
D0297,tidak,
D0297,punya,
D0297,uang,
D0297,Pelaku,
D0297,yang,
D0297,emosi,
D0297,kemudian,
D0297,menganiaya,
D0297,AY,
D0297,dan,
D0297,meminta,
D0297,paksa,
D0297,harta,
D0297,benda,
D0297,miliknya,
D0297,AY,
D0297,pun,
D0297,menyerahkan,
D0297,tas,
D0297,berisi,
D0297,HP,
D0297,lantaran,
D0297,ketakutan,
D0297,setelah,
D0297,pelaku,
D0297,mengancam,
D0297,membunuh,
D0297,AY,
D0297,Saya,
D0297,jawab,
D0297,saya,
D0297,nggak,
D0297,ada,
D0297,uang,
D0297,Terus,
D0297,dia,
D0297,mukulin,
D0297,saya,
D0297,berkalikali,
D0297,Katanya,
D0297,kalau,
D0297,nggak,
D0297,kasih,
D0297,uang,
D0297,mau,
D0297,dibunuh,
D0297,kata,
D0297,AY,
D0297,dalam,
D0297,unggahan,
D0297,yang,
D0297,viral,
D0297,di,
D0297,media,
D0297,sosial,
D0297,itu,
D0297,Yudistira,
D0297,mengatakan,
D0297,AY,
D0297,sudah,
D0297,diarahkan,
D0297,untuk,
D0297,membuat,
D0297,laporan,
D0297,Setelah,
D0297,korban,
D0297,melapor,
D0297,polisi,
D0297,langsung,
D0297,bergerak,
D0297,menelusuri,
D0297,pelaku,
D0297,di,
D0297,lokasi,
D0297,kejadian,
D0297,Korban,
D0297,sudah,
D0297,lapor,
D0297,Kemarin,
D0297,sudah,
D0297,diarahkan,
D0297,melapor,
D0297,Tapi,
D0297,pelakunya,
D0297,belum,
D0297,ketahuan,
D0297,masih,
D0297,dilidik,
D0297,tandas,
D0297,Yudistira,
D0298,Seorang,
D0298,pria,
D0298,bernama,
D0298,Juan,
D0298,Poltak,
D0298,Surbakti,
D0298,25,
D0298,kepergok,
D0298,warga,
D0298,mencuri,
D0298,sepeda,
D0298,motor,
D0298,pekerja,
D0298,toko,
D0298,material,
D0298,bangunan,
D0298,di,
D0298,Kecamatan,
D0298,Medan,
D0298,Tuntungan,
D0298,Kota,
D0298,Medan,
D0298,Sumatera,
D0298,Utara,
D0298,Sumut,
D0298,Pelaku,
D0298,mengaku,
D0298,nekat,
D0298,mencuri,
D0298,karena,
D0298,terlilit,
D0298,utang,
D0298,judi,
D0298,online,
D0298,judol,
D0298,Kapolsek,
D0298,Medan,
D0298,Tuntungan,
D0298,Iptu,
D0298,Eko,
D0298,Sanjaya,
D0298,mengatakan,
D0298,peristiwa,
D0298,itu,
D0298,tepatnya,
D0298,terjadi,
D0298,di,
D0298,Jalan,
D0298,Jamin,
D0298,Ginting,
D0298,KM,
D0298,11,
D0298,Kelurahan,
D0298,Kemenangan,
D0298,Tani,
D0298,Senin,
D0298,1022025,
D0298,sekira,
D0298,pukul,
D0298,0800,
D0298,WIB,
D0298,Awalnya,
D0298,korban,
D0298,tiba,
D0298,di,
D0298,toko,
D0298,tempatnya,
D0298,bekerja,
D0298,dan,
D0298,memarkirkan,
D0298,sepeda,
D0298,motornya,
D0298,di,
D0298,depan,
D0298,toko,
D0298,Pada,
D0298,saat,
D0298,memarkirkan,
D0298,motor,
D0298,korban,
D0298,di,
D0298,depan,
D0298,toko,
D0298,tersebut,
D0298,korban,
D0298,lupa,
D0298,melepaskan,
D0298,kuncinya,
D0298,kata,
D0298,Eko,
D0298,Rabu,
D0298,122,
D0298,SCROLL,
D0298,TO,
D0298,CONTINUE,
D0298,WITH,
D0298,CONTENT,
D0298,Selang,
D0298,beberapa,
D0298,waktu,
D0298,pemilik,
D0298,toko,
D0298,melihat,
D0298,sepeda,
D0298,motor,
D0298,korban,
D0298,tengah,
D0298,dinaiki,
D0298,oleh,
D0298,pelaku,
D0298,di,
D0298,depan,
D0298,toko,
D0298,tersebut,
D0298,Sontak,
D0298,pemilik,
D0298,toko,
D0298,langsung,
D0298,meneriaki,
D0298,pelaku,
D0298,maling,
D0298,Rekan,
D0298,korban,
D0298,yang,
D0298,mendengar,
D0298,teriakan,
D0298,itu,
D0298,langsung,
D0298,berupaya,
D0298,mengejar,
D0298,pelaku,
D0298,dan,
D0298,menangkapnya,
D0298,Kawan,
D0298,korban,
D0298,langsung,
D0298,mengejar,
D0298,dan,
D0298,menendang,
D0298,pelaku,
D0298,yang,
D0298,di,
D0298,mana,
D0298,pelaku,
D0298,sudah,
D0298,menguasai,
D0298,motor,
D0298,korban,
D0298,tersebut,
D0298,Pelaku,
D0298,terjatuh,
D0298,bersama,
D0298,motor,
D0298,korban,
D0298,dan,
D0298,pelaku,
D0298,berusaha,
D0298,untuk,
D0298,kabur,
D0298,namun,
D0298,teman,
D0298,korban,
D0298,berhasil,
D0298,mengejar,
D0298,pelaku,
D0298,jelasnya,
D0298,Selang,
D0298,beberapa,
D0298,waktu,
D0298,petugas,
D0298,kepolisian,
D0298,yang,
D0298,tengah,
D0298,berpatroli,
D0298,mendapatkan,
D0298,informasi,
D0298,soal,
D0298,penangkapan,
D0298,pelaku,
D0298,Lalu,
D0298,petugas,
D0298,langsung,
D0298,menuju,
D0298,lokasi,
D0298,dan,
D0298,membawa,
D0298,pelaku,
D0298,ke,
D0298,Polsek,
D0298,Medan,
D0298,Tuntungan,
D0298,Berdasarkan,
D0298,hasil,
D0298,pemeriksaan,
D0298,motif,
D0298,pelaku,
D0298,nekat,
D0298,mencuri,
D0298,sepeda,
D0298,motor,
D0298,korban,
D0298,karena,
D0298,terlilit,
D0298,utang,
D0298,judi,
D0298,Pelaku,
D0298,baru,
D0298,satu,
D0298,kali,
D0298,melakukan,
D0298,Motifnya,
D0298,terhimpit,
D0298,utang,
D0298,judi,
D0298,slot,
D0298,dan,
D0298,bola,
D0298,pungkasnya,
D0299,Aksi,
D0299,pencurian,
D0299,sawit,
D0299,menjadi,
D0299,dalang,
D0299,seorang,
D0299,sopir,
D0299,dianiaya,
D0299,hingga,
D0299,truknya,
D0299,dibakar,
D0299,di,
D0299,Siak,
D0299,Riau,
D0299,Polisi,
D0299,kini,
D0299,masih,
D0299,memburu,
D0299,pelaku,
D0299,pencurian,
D0299,yang,
D0299,kabur,
D0299,saat,
D0299,kepergok,
D0299,massa,
D0299,Sementara,
D0299,seorang,
D0299,penganiaya,
D0299,sopir,
D0299,truk,
D0299,tersebut,
D0299,ditangkap,
D0299,Informasi,
D0299,dirangkum,
D0299,detikSumut,
D0299,pelaku,
D0299,penganiayaan,
D0299,Riki,
D0299,Panjaitan,
D0299,alias,
D0299,Jaik,
D0299,Uban,
D0299,ditangkap,
D0299,setelah,
D0299,membuat,
D0299,laporan,
D0299,pencurian,
D0299,sawit,
D0299,Jaik,
D0299,Uban,
D0299,melapor,
D0299,ke,
D0299,Mapolda,
D0299,Riau,
D0299,Senin,
D0299,102,
D0299,kemarin,
D0299,Dalam,
D0299,laporannya,
D0299,Jaik,
D0299,Uban,
D0299,melaporkan,
D0299,kasus,
D0299,pencurian,
D0299,sawit,
D0299,di,
D0299,kebun,
D0299,miliknya,
D0299,Jumlahnya,
D0299,pun,
D0299,tak,
D0299,sedikit,
D0299,yaitu,
D0299,sampai,
D0299,6,
D0299,ton,
D0299,sawit,
D0299,yang,
D0299,dicuri,
D0299,SCROLL,
D0299,TO,
D0299,CONTINUE,
D0299,WITH,
D0299,CONTENT,
D0299,Tudingan,
D0299,pencurian,
D0299,sawit,
D0299,itulah,
D0299,kemudian,
D0299,menjadi,
D0299,penyebab,
D0299,Jaik,
D0299,Uban,
D0299,cs,
D0299,memukuli,
D0299,sopir,
D0299,Rifnaldo,
D0299,34,
D0299,Bahkan,
D0299,sampai,
D0299,nekat,
D0299,membakar,
D0299,mobil,
D0299,truk,
D0299,yang,
D0299,mengangkut,
D0299,6,
D0299,ton,
D0299,sawit,
D0299,Yang,
D0299,dilaporkan,
D0299,RBP,
D0299,sawit,
D0299,hilang,
D0299,6,
D0299,ton,
D0299,Laporan,
D0299,di,
D0299,SPKT,
D0299,Mapolda,
D0299,Riau,
D0299,kemarin,
D0299,terang,
D0299,Kabid,
D0299,Humas,
D0299,Polda,
D0299,Riau,
D0299,Kombes,
D0299,Anom,
D0299,Karibianto,
D0299,Selasa,
D0299,1122025,
D0299,Setelah,
D0299,dapat,
D0299,laporan,
D0299,Anom,
D0299,menyebut,
D0299,pelaku,
D0299,pencurian,
D0299,sedang,
D0299,diburu,
D0299,Sebab,
D0299,terlihat,
D0299,ada,
D0299,2,
D0299,pelaku,
D0299,kabur,
D0299,saat,
D0299,massa,
D0299,menghadang,
D0299,mobil,
D0299,truk,
D0299,saat,
D0299,keluar,
D0299,dari,
D0299,kebun,
D0299,Untuk,
D0299,pencuri,
D0299,sawit,
D0299,masih,
D0299,penyelidikan,
D0299,Ya,
D0299,dikejar,
D0299,kata,
D0299,Anom,
D0299,Sementara,
D0299,dalam,
D0299,kasus,
D0299,penganiayaan,
D0299,dan,
D0299,pembakaran,
D0299,mobil,
D0299,Polres,
D0299,Siak,
D0299,dan,
D0299,Polsek,
D0299,Minas,
D0299,juga,
D0299,masih,
D0299,memburu,
D0299,pelaku,
D0299,yang,
D0299,terlibat,
D0299,Termasuk,
D0299,pria,
D0299,yang,
D0299,menggunakan,
D0299,kaos,
D0299,warna,
D0299,cokelat,
D0299,seperti,
D0299,pada,
D0299,video,
D0299,yang,
D0299,beredar,
D0299,Untuk,
D0299,pelaku,
D0299,penganiayaan,
D0299,juga,
D0299,sedang,
D0299,dalam,
D0299,proses,
D0299,pengejaran,
D0299,oleh,
D0299,Polres,
D0299,Siak,
D0299,dan,
D0299,Polsek,
D0299,Minas,
D0299,Saat,
D0299,ini,
D0299,sudah,
D0299,1,
D0299,pelaku,
D0299,diamankan,
D0299,dan,
D0299,ditetapkan,
D0299,tersangka,
D0299,yaitu,
D0299,RBP,
D0299,kata,
D0299,Anom,
D0299,Diketahui,
D0299,penganiayaan,
D0299,oleh,
D0299,sekelompok,
D0299,orang,
D0299,terjadi,
D0299,Siak,
D0299,Riau,
D0299,Dalam,
D0299,video,
D0299,yang,
D0299,viral,
D0299,seorang,
D0299,pria,
D0299,dipukuli,
D0299,karena,
D0299,dituding,
D0299,mencuri,
D0299,sawit,
D0299,Video,
D0299,berjudul,
D0299,Viral,
D0299,di,
D0299,medsos,
D0299,seorang,
D0299,pria,
D0299,aniaya,
D0299,sopir,
D0299,truk,
D0299,karena,
D0299,dituding,
D0299,curi,
D0299,sawit,
D0299,itu,
D0299,viral,
D0299,sejak,
D0299,kemarin,
D0299,Dalam,
D0299,video,
D0299,terlihat,
D0299,sekelompok,
D0299,orang,
D0299,baru,
D0299,menganiaya,
D0299,pria,
D0299,di,
D0299,lokasi,
D0299,jalan,
D0299,tanah,
D0299,Kau,
D0299,siapa,
D0299,bentar,
D0299,pria,
D0299,badan,
D0299,besar,
D0299,dan,
D0299,berambut,
D0299,putih,
D0299,seperti,
D0299,dilihat,
D0299,detikSumut,
D0299,Adek,
D0299,aku,
D0299,pak,
D0299,jawab,
D0299,pria,
D0299,berkemeja,
D0299,biru,
D0299,tersebut,
D0299,Di,
D0299,tanah,
D0299,terlihat,
D0299,seorang,
D0299,pria,
D0299,tak,
D0299,berdaya,
D0299,diduga,
D0299,habis,
D0299,dipukuli,
D0299,Pria,
D0299,berambut,
D0299,putih,
D0299,itu,
D0299,terlihat,
D0299,emosi,
D0299,bahkan,
D0299,ia,
D0299,mengungkap,
D0299,sudah,
D0299,beberapa,
D0299,kali,
D0299,terjadi,
D0299,pencurian,
D0299,buah,
D0299,sawit,
D0299,Bawa,
D0299,ke,
D0299,Polsek,
D0299,saja,
D0299,kata,
D0299,pria,
D0299,mengaku,
D0299,abang,
D0299,yang,
D0299,dipukuli,
D0299,Enggak,
D0299,ku,
D0299,siksa,
D0299,dulu,
D0299,Aku,
D0299,tanggungjawab,
D0299,ke,
D0299,polsek,
D0299,ke,
D0299,polsek,
D0299,tanggungjawab,
D0299,mau,
D0299,ke,
D0299,polda,
D0299,pun,
D0299,aku,
D0299,tanggungjawab,
D0299,Ikatikat,
D0299,ini,
D0299,kata,
D0299,pria,
D0299,berambut,
D0299,putih,
D0299,Dia,
D0299,pun,
D0299,beberapa,
D0299,kali,
D0299,menyorongkan,
D0299,dada,
D0299,mengajak,
D0299,pria,
D0299,berkemeja,
D0299,biru,
D0299,duel,
D0299,Namun,
D0299,ajakan,
D0299,itu,
D0299,ditolak,
D0299,Dalam,
D0299,situasi,
D0299,cekcok,
D0299,tibatiba,
D0299,pria,
D0299,berbaju,
D0299,kaos,
D0299,oblong,
D0299,cokelat,
D0299,coba,
D0299,menghantam,
D0299,pria,
D0299,berbaju,
D0299,kemeja,
D0299,dan,
D0299,yang,
D0299,sudah,
D0299,terkapar,
D0299,di,
D0299,tanah,
D0299,Hanya,
D0299,saja,
D0299,aksi,
D0299,penganiayaan,
D0299,itu,
D0299,dihalau,
D0299,oleh,
D0299,pria,
D0299,lainnya,
D0299,Insiden,
D0299,terjadi,
D0299,pada,
D0299,6,
D0299,Februari,
D0299,lalu,
D0299,sekitar,
D0299,pukul,
D0299,1500,
D0299,WIB,
D0299,Lokasi,
D0299,di,
D0299,areal,
D0299,GS,
D0299,3,
D0299,PT,
D0299,PHR,
D0299,Minas,
D0299,Kampung,
D0299,Minas,
D0299,Siak,
D0299,Pria,
D0299,yang,
D0299,dipukuli,
D0299,adalah,
D0299,sopir,
D0299,mobil,
D0299,truk,
D0299,bernama,
D0299,Rifnaldo,
D0299,35,
D0299,Ia,
D0299,saat,
D0299,itu,
D0299,baru,
D0299,saja,
D0299,menjemput,
D0299,buah,
D0299,sawit,
D0299,atas,
D0299,permintaan,
D0299,A,
D0299,dan,
D0299,S,
D0299,Setelah,
D0299,keluar,
D0299,kebun,
D0299,sekitar,
D0299,1,
D0299,KM,
D0299,Rifnaldo,
D0299,tibatiba,
D0299,dihadang,
D0299,sekitar,
D0299,20,
D0299,orang,
D0299,Saat,
D0299,itu,
D0299,sopir,
D0299,langsung,
D0299,dipukuli,
D0300,Polisi,
D0300,menangkap,
D0300,Riki,
D0300,Panjaitan,
D0300,alias,
D0300,Jaik,
D0300,Uban,
D0300,usai,
D0300,menganiaya,
D0300,sopir,
D0300,dan,
D0300,nekat,
D0300,membakar,
D0300,mobil,
D0300,truk,
D0300,yang,
D0300,dituding,
D0300,maling,
D0300,sawit,
D0300,Polisi,
D0300,mengungkap,
D0300,korban,
D0300,hanyalah,
D0300,sopir,
D0300,bukan,
D0300,maling,
D0300,sawit,
D0300,Kapolres,
D0300,Siak,
D0300,AKBP,
D0300,Eka,
D0300,Ariandy,
D0300,menyebut,
D0300,hasil,
D0300,pemeriksaan,
D0300,korban,
D0300,Rifnaldo,
D0300,hanya,
D0300,diminta,
D0300,menjemput,
D0300,buah,
D0300,sawit,
D0300,Setelah,
D0300,itu,
D0300,barulah,
D0300,mereka,
D0300,dihadang,
D0300,puluhan,
D0300,orang,
D0300,di,
D0300,lokasi,
D0300,Sopir,
D0300,ini,
D0300,bukan,
D0300,pencuri,
D0300,Dia,
D0300,hanya,
D0300,jemput,
D0300,saja,
D0300,diminta,
D0300,jemput,
D0300,Yang,
D0300,mencuri,
D0300,sawit,
D0300,yang,
D0300,kabur,
D0300,2,
D0300,orang,
D0300,itu,
D0300,kata,
D0300,Kapolres,
D0300,saat,
D0300,dikonfirmasi,
D0300,Senin,
D0300,1022025,
D0300,SCROLL,
D0300,TO,
D0300,CONTINUE,
D0300,WITH,
D0300,CONTENT,
D0300,Kedua,
D0300,orang,
D0300,diduga,
D0300,pencuri,
D0300,kabur,
D0300,setelah,
D0300,dihadang,
D0300,massa,
D0300,Keduanya,
D0300,yakni,
D0300,A,
D0300,dan,
D0300,S,
D0300,yang,
D0300,saat,
D0300,ini,
D0300,sedang,
D0300,diburu,
D0300,polisi,
D0300,A,
D0300,dan,
D0300,S,
D0300,ini,
D0300,meninggalkan,
D0300,lokasi,
D0300,dengan,
D0300,berlari,
D0300,Bahkan,
D0300,motor,
D0300,yang,
D0300,dikendarai,
D0300,di,
D0300,lokasi,
D0300,juga,
D0300,ditinggalkan,
D0300,saat,
D0300,dikejar,
D0300,oleh,
D0300,massa,
D0300,kata,
D0300,Kapolres,
D0300,Hasil,
D0300,pemeriksaan,
D0300,Jaid,
D0300,Uban,
D0300,mengakui,
D0300,penganiayaan,
D0300,tersebut,
D0300,Dia,
D0300,juga,
D0300,mengaku,
D0300,kesal,
D0300,karena,
D0300,sejak,
D0300,akhirakhir,
D0300,ini,
D0300,marak,
D0300,pencurian,
D0300,tandan,
D0300,kelapa,
D0300,sawit,
D0300,dan,
D0300,sudah,
D0300,membuat,
D0300,resah,
D0300,masyarakat,
D0300,Jadi,
D0300,di,
D0300,sana,
D0300,memang,
D0300,banyak,
D0300,pencurian,
D0300,itu,
D0300,jadi,
D0300,yang,
D0300,membakar,
D0300,ini,
D0300,banyak,
D0300,orang,
D0300,Tidak,
D0300,bisa,
D0300,mengontrol,
D0300,dan,
D0300,mengetahui,
D0300,siapa,
D0300,saja,
D0300,yang,
D0300,membakar,
D0300,itu,
D0300,pengakuan,
D0300,tersangka,
D0300,kata,
D0300,Kapolres,
D0300,Meskipun,
D0300,begitu,
D0300,Ariandy,
D0300,memastikan,
D0300,akan,
D0300,mengusut,
D0300,kasus,
D0300,tersebut,
D0300,sampai,
D0300,tuntas,
D0300,bersama,
D0300,Polsek,
D0300,Minas,
D0300,Termasuk,
D0300,memburu,
D0300,pelaku,
D0300,lain,
D0300,yang,
D0300,terlibat,
D0300,dalam,
D0300,penganiayan,
D0300,hingga,
D0300,pembakaran,
D0300,mobil,
D0300,truk,
D0300,Sebelumnya,
D0300,penganiayaan,
D0300,oleh,
D0300,sekelompok,
D0300,orang,
D0300,terjadi,
D0300,Siak,
D0300,Riau,
D0300,Dalam,
D0300,video,
D0300,yang,
D0300,viral,
D0300,seorang,
D0300,pria,
D0300,dipukuli,
D0300,karena,
D0300,dituding,
D0300,mencuri,
D0300,sawit,
D0300,Video,
D0300,berjudul,
D0300,Viral,
D0300,di,
D0300,medsos,
D0300,seorang,
D0300,pria,
D0300,aniaya,
D0300,sopir,
D0300,truk,
D0300,karena,
D0300,dituding,
D0300,curi,
D0300,sawit,
D0300,itu,
D0300,viral,
D0300,sejak,
D0300,kemarin,
D0300,Dalam,
D0300,video,
D0300,terlihat,
D0300,sekelompok,
D0300,orang,
D0300,baru,
D0300,menganiaya,
D0300,pria,
D0300,di,
D0300,lokasi,
D0300,jalan,
D0300,tanah,
D0300,Kau,
D0300,siapa,
D0300,bentar,
D0300,pria,
D0300,badan,
D0300,besar,
D0300,dan,
D0300,berambut,
D0300,putih,
D0300,seperti,
D0300,dilihat,
D0300,detikSumut,
D0300,Adek,
D0300,aku,
D0300,pak,
D0300,jawab,
D0300,pria,
D0300,berkemeja,
D0300,biru,
D0300,tersebut,
D0300,Selengkapnya,
D0300,di,
D0300,Halaman,
D0300,Berikutnya,
D0300,Di,
D0300,tanah,
D0300,terlihat,
D0300,seorang,
D0300,pria,
D0300,tak,
D0300,berdaya,
D0300,diduga,
D0300,habis,
D0300,dipukuli,
D0300,Pria,
D0300,berambut,
D0300,putih,
D0300,itu,
D0300,terlihat,
D0300,emosi,
D0300,bahkan,
D0300,ia,
D0300,mengungkap,
D0300,sudah,
D0300,beberapa,
D0300,kali,
D0300,terjadi,
D0300,pencurian,
D0300,buah,
D0300,sawit,
D0300,Bawa,
D0300,ke,
D0300,Polsek,
D0300,saja,
D0300,kata,
D0300,pria,
D0300,mengaku,
D0300,abang,
D0300,yang,
D0300,dipukuli,
D0300,Nggak,
D0300,ku,
D0300,siksa,
D0300,dulu,
D0300,Aku,
D0300,tanggungjawab,
D0300,ke,
D0300,polsek,
D0300,ke,
D0300,polsek,
D0300,tanggungjawab,
D0300,mau,
D0300,ke,
D0300,polda,
D0300,pun,
D0300,aku,
D0300,tanggungjawab,
D0300,Ikatikat,
D0300,ini,
D0300,kata,
D0300,pria,
D0300,berambut,
D0300,putih,
D0300,Dia,
D0300,pun,
D0300,beberapa,
D0300,kali,
D0300,menyorongkan,
D0300,dada,
D0300,mengajak,
D0300,pria,
D0300,berkemeja,
D0300,biru,
D0300,duel,
D0300,Namun,
D0300,ajakan,
D0300,itu,
D0300,ditolak,
D0300,Dalam,
D0300,situasi,
D0300,cekcok,
D0300,tibatiba,
D0300,pria,
D0300,berbaju,
D0300,kaos,
D0300,oblong,
D0300,cokelat,
D0300,coba,
D0300,menghantam,
D0300,pria,
D0300,berbaju,
D0300,kemeja,
D0300,dan,
D0300,yang,
D0300,sudah,
D0300,terkapar,
D0300,di,
D0300,tanah,
D0300,Hanya,
D0300,saja,
D0300,aksi,
D0300,penganiayaan,
D0300,itu,
D0300,dihalau,
D0300,oleh,
D0300,pria,
D0300,lainnya,
D0301,Pria,
D0301,berinisial,
D0301,DWG,
D0301,25,
D0301,menyerahkan,
D0301,diri,
D0301,usai,
D0301,menikam,
D0301,seorang,
D0301,warga,
D0301,hingga,
D0301,tewas,
D0301,di,
D0301,Kabupaten,
D0301,Nias,
D0301,Barat,
D0301,Sumatera,
D0301,Utara,
D0301,Sumut,
D0301,Saat,
D0301,akan,
D0301,diamankan,
D0301,pelaku,
D0301,sempat,
D0301,dihajar,
D0301,oleh,
D0301,warga,
D0301,Plt,
D0301,Kasi,
D0301,Humas,
D0301,Polres,
D0301,Nias,
D0301,Aipda,
D0301,Motivasi,
D0301,Gea,
D0301,mengatakan,
D0301,pelaku,
D0301,menyerahkan,
D0301,diri,
D0301,ke,
D0301,rumah,
D0301,camat,
D0301,Moroo,
D0301,Minggu,
D0301,92,
D0301,Awalnya,
D0301,pihak,
D0301,kepolisian,
D0301,menerima,
D0301,informasi,
D0301,dari,
D0301,Camat,
D0301,Moroo,
D0301,soal,
D0301,pelaku,
D0301,yang,
D0301,datang,
D0301,menyerahkan,
D0301,diri,
D0301,Di,
D0301,mana,
D0301,si,
D0301,pelaku,
D0301,telah,
D0301,menyerahkan,
D0301,diri,
D0301,sedang,
D0301,berada,
D0301,di,
D0301,rumah,
D0301,camat,
D0301,Mendapat,
D0301,informasi,
D0301,tersebut,
D0301,Kapolsek,
D0301,bersama,
D0301,personel,
D0301,dan,
D0301,tim,
D0301,lain,
D0301,melakukan,
D0301,penjemputan,
D0301,terhadap,
D0301,terduga,
D0301,pelaku,
D0301,kata,
D0301,Motivasi,
D0301,saat,
D0301,dikonfirmasi,
D0301,detikSumut,
D0301,Senin,
D0301,1022025,
D0301,SCROLL,
D0301,TO,
D0301,CONTINUE,
D0301,WITH,
D0301,CONTENT,
D0301,Namun,
D0301,saat,
D0301,pelaku,
D0301,hendak,
D0301,dibawa,
D0301,ke,
D0301,mobil,
D0301,polisi,
D0301,sejumlah,
D0301,warga,
D0301,menghadang,
D0301,dan,
D0301,berupaya,
D0301,menghalangi,
D0301,petugas,
D0301,kepolisian,
D0301,Pada,
D0301,saat,
D0301,yang,
D0301,bersamaan,
D0301,warga,
D0301,tersebut,
D0301,memukuli,
D0301,pelaku,
D0301,Saat,
D0301,melakukan,
D0301,penjemputan,
D0301,dan,
D0301,telah,
D0301,membawa,
D0301,pelaku,
D0301,di,
D0301,mobil,
D0301,hendak,
D0301,diamankan,
D0301,dibawa,
D0301,ke,
D0301,kantor,
D0301,beberapa,
D0301,massa,
D0301,mencoba,
D0301,menghalangi,
D0301,sehingga,
D0301,sedikit,
D0301,mereka,
D0301,melakukan,
D0301,kekerasan,
D0301,baik,
D0301,kendaraan,
D0301,yang,
D0301,kita,
D0301,tumpangi,
D0301,dan,
D0301,juga,
D0301,sempat,
D0301,dialami,
D0301,oleh,
D0301,terduga,
D0301,pelaku,
D0301,ini,
D0301,jelasnya,
D0301,Selang,
D0301,beberapa,
D0301,waktu,
D0301,petugas,
D0301,kepolisian,
D0301,bisa,
D0301,menyelamatkan,
D0301,pelaku,
D0301,dari,
D0301,hadangan,
D0301,massa,
D0301,Akibat,
D0301,kejadian,
D0301,itu,
D0301,kata,
D0301,Motivasi,
D0301,pelaku,
D0301,mengalami,
D0301,luka,
D0301,lebam,
D0301,di,
D0301,wajah,
D0301,Saat,
D0301,ini,
D0301,pelaku,
D0301,tengah,
D0301,menjalani,
D0301,perawatan,
D0301,di,
D0301,RS,
D0301,Gunung,
D0301,Sitoli,
D0301,Korban,
D0301,untuk,
D0301,saat,
D0301,ini,
D0301,sedang,
D0301,dirujuk,
D0301,di,
D0301,RS,
D0301,Gunung,
D0301,Sitoli,
D0301,mendapatkan,
D0301,perawatan,
D0301,medis,
D0301,Ya,
D0301,ada,
D0301,luka,
D0301,kekerasan,
D0301,di,
D0301,bagian,
D0301,muka,
D0301,ya,
D0301,dan,
D0301,kita,
D0301,pun,
D0301,enggak,
D0301,berdiam,
D0301,diri,
D0301,tetap,
D0301,menyelidiki,
D0301,siapa,
D0301,pelakupelaku,
D0301,yang,
D0301,melakukan,
D0301,itu,
D0301,kekerasan,
D0301,jelasnya,
D0301,Motivasi,
D0301,menyebut,
D0301,pihaknya,
D0301,belum,
D0301,bisa,
D0301,memintai,
D0301,keterangan,
D0301,pelaku,
D0301,terkait,
D0301,dengan,
D0301,kasus,
D0301,pembunuhan,
D0301,itu,
D0301,Sebab,
D0301,kondisi,
D0301,pelaku,
D0301,belum,
D0301,memungkinkan,
D0301,untuk,
D0301,dimintai,
D0301,keterangan,
D0301,Belum,
D0301,karena,
D0301,menunggu,
D0301,keadaan,
D0301,terduga,
D0301,pelaku,
D0301,pulih,
D0301,pungkasnya,
D0301,Selengkapnya,
D0301,di,
D0301,Halaman,
D0301,Berikutnya,
D0301,Laporan,
D0301,kejadian,
D0301,tersebut,
D0301,diterima,
D0301,dari,
D0301,Camat,
D0301,Moroo,
D0301,sekitar,
D0301,pukul,
D0301,1915,
D0301,WIB,
D0301,Lalu,
D0301,Kapolsek,
D0301,Mandrehe,
D0301,bersama,
D0301,anggota,
D0301,segera,
D0301,menuju,
D0301,ke,
D0301,TKP,
D0301,untuk,
D0301,melakukan,
D0301,penyelidikan,
D0301,lebih,
D0301,lanjut,
D0301,kata,
D0301,Motivasi,
D0301,Sabtu,
D0301,82,
D0301,Berdasarkan,
D0301,keterangan,
D0301,warga,
D0301,di,
D0301,lokasi,
D0301,peristiwa,
D0301,itu,
D0301,berawal,
D0301,saat,
D0301,pelaku,
D0301,DWG,
D0301,diduga,
D0301,mengancam,
D0301,dan,
D0301,melempari,
D0301,rumah,
D0301,salah,
D0301,seorang,
D0301,warga,
D0301,menggunakan,
D0301,batu,
D0301,Merasa,
D0301,ketakutan,
D0301,warga,
D0301,tersebut,
D0301,lalu,
D0301,menghubungi,
D0301,kerabatnya,
D0301,yang,
D0301,ada,
D0301,di,
D0301,Batam,
D0301,Kerabat,
D0301,warga,
D0301,tersebut,
D0301,pun,
D0301,meminta,
D0301,bantuan,
D0301,anak,
D0301,korban,
D0301,untuk,
D0301,mengecek,
D0301,peristiwa,
D0301,itu,
D0301,Selang,
D0301,beberapa,
D0301,waktu,
D0301,korban,
D0301,EG,
D0301,menuju,
D0301,lokasi,
D0301,kejadian,
D0301,usai,
D0301,dikabari,
D0301,oleh,
D0301,anaknya,
D0301,Setibanya,
D0301,di,
D0301,lokasi,
D0301,kejadian,
D0301,korban,
D0301,pun,
D0301,mencari,
D0301,pelaku,
D0301,tetapi,
D0301,tidak,
D0301,ditemukan,
D0301,Lalu,
D0301,tibatiba,
D0301,pelaku,
D0301,muncul,
D0301,dari,
D0301,belakang,
D0301,sekolah,
D0301,dan,
D0301,langsung,
D0301,menikam,
D0301,korban,
D0301,menggunakan,
D0301,parang,
D0301,Berdasarkan,
D0301,hasil,
D0301,penyelidikan,
D0301,sementara,
D0301,pelaku,
D0301,ini,
D0301,diduga,
D0301,memiliki,
D0301,masalah,
D0301,dengan,
D0301,korban,
D0301,dan,
D0301,warga,
D0301,yang,
D0301,rumahnya,
D0301,dilempar,
D0301,pelaku,
D0302,Pengeroyok,
D0302,dua,
D0302,pengemudi,
D0302,ojek,
D0302,online,
D0302,ojol,
D0302,berinisial,
D0302,ED,
D0302,24,
D0302,dan,
D0302,HH,
D0302,30,
D0302,sudah,
D0302,tertangkap,
D0302,ED,
D0302,dan,
D0302,HH,
D0302,dikeroyok,
D0302,segerombolan,
D0302,orang,
D0302,tak,
D0302,dikenal,
D0302,di,
D0302,Jalan,
D0302,Labuan,
D0302,Sait,
D0302,Desa,
D0302,Pecatu,
D0302,Kecamatan,
D0302,Kuta,
D0302,Selatan,
D0302,Kamis,
D0302,622025,
D0302,sekitar,
D0302,pukul,
D0302,0300,
D0302,Wita,
D0302,Ya,
D0302,betul,
D0302,sudah,
D0302,tertangkap,
D0302,kata,
D0302,Kapolsek,
D0302,Kuta,
D0302,Selatan,
D0302,Kompol,
D0302,I,
D0302,Gusti,
D0302,Ngurah,
D0302,Yudistira,
D0302,dihubungi,
D0302,detikBali,
D0302,Senin,
D0302,1022025,
D0302,Yudistira,
D0302,belum,
D0302,mengungkapkan,
D0302,jumlah,
D0302,pelaku,
D0302,yang,
D0302,ditangkap,
D0302,Sebelumnya,
D0302,disebutkan,
D0302,pengeroyok,
D0302,dua,
D0302,ojol,
D0302,itu,
D0302,berjumlah,
D0302,10,
D0302,orang,
D0302,SCROLL,
D0302,TO,
D0302,CONTINUE,
D0302,WITH,
D0302,CONTENT,
D0302,Nanti,
D0302,dijelaskan,
D0302,saat,
D0302,rilis,
D0302,ungkap,
D0302,kasus,
D0302,Apakah,
D0302,sebagian,
D0302,atau,
D0302,semuanya,
D0302,Yang,
D0302,jelas,
D0302,sudah,
D0302,tertangkap,
D0302,tandas,
D0302,Yudistira,
D0302,Diberitakan,
D0302,sebelumnya,
D0302,pelaku,
D0302,pengeroyokan,
D0302,sudah,
D0302,diburu,
D0302,polisi,
D0302,sejak,
D0302,dilaporkan,
D0302,ED,
D0302,dan,
D0302,HH,
D0302,Dua,
D0302,korban,
D0302,dikeroyok,
D0302,diduga,
D0302,karena,
D0302,rebutan,
D0302,lahan,
D0302,mangkal,
D0302,Kepala,
D0302,Seksi,
D0302,Kasi,
D0302,Humas,
D0302,Polresta,
D0302,Denpasar,
D0302,AKP,
D0302,I,
D0302,Ketut,
D0302,Sukadi,
D0302,dalam,
D0302,keterangannya,
D0302,mengatakan,
D0302,pengeroyokan,
D0302,itu,
D0302,bermula,
D0302,saat,
D0302,ED,
D0302,dan,
D0302,HH,
D0302,sedang,
D0302,mangkal,
D0302,di,
D0302,lokasi,
D0302,kejadian,
D0302,Tak,
D0302,lama,
D0302,mereka,
D0302,didatangi,
D0302,10,
D0302,orang,
D0302,tak,
D0302,dikenal,
D0302,Tanpa,
D0302,basabasi,
D0302,ED,
D0302,dan,
D0302,HH,
D0302,langsung,
D0302,diserang,
D0302,oleh,
D0302,10,
D0302,orang,
D0302,itu,
D0302,Akibatnya,
D0302,ED,
D0302,dan,
D0302,HH,
D0302,menderita,
D0302,sejumlah,
D0302,luka,
D0302,Kedua,
D0302,korban,
D0302,dilarikan,
D0302,ke,
D0302,rumah,
D0302,sakit,
D0302,untuk,
D0302,menjalani,
D0302,perawatan,
D0302,ED,
D0302,dan,
D0302,HH,
D0302,mengalami,
D0302,luka,
D0302,di,
D0302,beberapa,
D0302,bagian,
D0302,tubuh,
D0302,termasuk,
D0302,pelipis,
D0302,jari,
D0302,tengah,
D0302,dan,
D0302,lengan,
D0302,kiri,
D0302,kata,
D0302,Sukadi,
D0303,Pria,
D0303,bernama,
D0303,Ulfan,
D0303,48,
D0303,di,
D0303,Kabupaten,
D0303,Pohuwato,
D0303,Gorontalo,
D0303,tega,
D0303,menikam,
D0303,istrinya,
D0303,CD,
D0303,38,
D0303,pakai,
D0303,pisau,
D0303,hingga,
D0303,tewas,
D0303,Hal,
D0303,itu,
D0303,terjadi,
D0303,diduga,
D0303,gegara,
D0303,pelaku,
D0303,cemburu,
D0303,dengan,
D0303,korban,
D0303,Iya,
D0303,pelaku,
D0303,melakukan,
D0303,penganiayaan,
D0303,penikaman,
D0303,menyebabkan,
D0303,korban,
D0303,istrinya,
D0303,meninggal,
D0303,dunia,
D0303,kata,
D0303,Kasi,
D0303,Humas,
D0303,Polres,
D0303,Pohuwato,
D0303,AKP,
D0303,Hanny,
D0303,Dayoh,
D0303,Minggu,
D0303,922025,
D0303,melansir,
D0303,detikSulsel,
D0303,Peristiwa,
D0303,tersebut,
D0303,diketahui,
D0303,terjadi,
D0303,di,
D0303,Desa,
D0303,Ayula,
D0303,Kecamatan,
D0303,Randangan,
D0303,Pohuwato,
D0303,Minggu,
D0303,92,
D0303,sekitar,
D0303,pukul,
D0303,0400,
D0303,Wita,
D0303,Mulanya,
D0303,pelaku,
D0303,mendengar,
D0303,istrinya,
D0303,berbicara,
D0303,dengan,
D0303,pria,
D0303,lain,
D0303,melalui,
D0303,sambungan,
D0303,telepon,
D0303,Kemudian,
D0303,pelaku,
D0303,diduga,
D0303,kecewa,
D0303,dan,
D0303,melakukan,
D0303,penganiayaan,
D0303,tersebut,
D0303,SCROLL,
D0303,TO,
D0303,CONTINUE,
D0303,WITH,
D0303,CONTENT,
D0303,Pelaku,
D0303,cemburu,
D0303,mendengar,
D0303,istrinya,
D0303,berkomunikasi,
D0303,melalui,
D0303,telepon,
D0303,dengan,
D0303,pria,
D0303,lain,
D0303,Pelaku,
D0303,kecewa,
D0303,langsung,
D0303,melakukan,
D0303,penganiayaan,
D0303,katanya,
D0303,Hanny,
D0303,mengatakan,
D0303,warga,
D0303,kemudian,
D0303,melaporkan,
D0303,peristiwa,
D0303,itu,
D0303,ke,
D0303,polisi,
D0303,Selanjutnya,
D0303,pelaku,
D0303,menyerahkan,
D0303,diri,
D0303,ke,
D0303,Polres,
D0303,Pohuwato,
D0303,Dari,
D0303,laporan,
D0303,warga,
D0303,tim,
D0303,langsung,
D0303,ke,
D0303,lokasi,
D0303,kejadian,
D0303,pelaku,
D0303,datang,
D0303,menyerahkan,
D0303,diri,
D0303,ke,
D0303,Polres,
D0303,Pohuwato,
D0303,bebernya,
D0303,Hanny,
D0303,menambahkan,
D0303,korban,
D0303,mengalami,
D0303,8,
D0303,luka,
D0303,tikaman,
D0303,di,
D0303,bagian,
D0303,dada,
D0303,Akibat,
D0303,dari,
D0303,tikaman,
D0303,tersebut,
D0303,korban,
D0303,meninggal,
D0303,di,
D0303,tempat,
D0303,kejadian,
D0303,perkara,
D0303,TKP,
D0303,Korban,
D0303,mengalami,
D0303,8,
D0303,luka,
D0303,tusukan,
D0303,di,
D0303,bagian,
D0303,dada,
D0303,mengakibatkan,
D0303,pendarahan,
D0303,sampai,
D0303,nyawa,
D0303,korban,
D0303,tidak,
D0303,tertolong,
D0303,pungkasnya,
D0304,Seorang,
D0304,pemuda,
D0304,berinisial,
D0304,ZU,
D0304,24,
D0304,di,
D0304,Kecamatan,
D0304,Sagulung,
D0304,Batam,
D0304,Kepulauan,
D0304,Riau,
D0304,Kepri,
D0304,ditangkap,
D0304,polisi,
D0304,karena,
D0304,menikam,
D0304,temannya,
D0304,yang,
D0304,masih,
D0304,di,
D0304,bawah,
D0304,umur,
D0304,Motifnya,
D0304,karena,
D0304,pelaku,
D0304,tersinggung,
D0304,atas,
D0304,ucapan,
D0304,korban,
D0304,Pelaku,
D0304,inisial,
D0304,ZU,
D0304,ditangkap,
D0304,dan,
D0304,Kawasan,
D0304,Tunas,
D0304,Regency,
D0304,pada,
D0304,Minggu,
D0304,92,
D0304,dini,
D0304,hari,
D0304,kata,
D0304,Kapolsek,
D0304,Sagulung,
D0304,Iptu,
D0304,Rohandi,
D0304,Parlindungan,
D0304,Tambunan,
D0304,melalui,
D0304,Kanit,
D0304,Reskrim,
D0304,Iptu,
D0304,Anwar,
D0304,Aris,
D0304,Senin,
D0304,1022025,
D0304,Aris,
D0304,mengatakan,
D0304,korban,
D0304,yakni,
D0304,kejadian,
D0304,penikaman,
D0304,terhadap,
D0304,korban,
D0304,berinisial,
D0304,YB,
D0304,16,
D0304,itu,
D0304,dilaporkan,
D0304,orang,
D0304,tuanya,
D0304,pada,
D0304,Sabtu,
D0304,82,
D0304,Pihaknya,
D0304,kemudian,
D0304,menindaklanjuti,
D0304,laporan,
D0304,korban,
D0304,dan,
D0304,mencari,
D0304,keberadaan,
D0304,pelaku,
D0304,SCROLL,
D0304,TO,
D0304,CONTINUE,
D0304,WITH,
D0304,CONTENT,
D0304,Kasus,
D0304,penikaman,
D0304,itu,
D0304,terjadi,
D0304,pada,
D0304,Kamis,
D0304,72,
D0304,malam,
D0304,Kemudian,
D0304,dilaporkan,
D0304,oleh,
D0304,orang,
D0304,tua,
D0304,korban,
D0304,ke,
D0304,Polsek,
D0304,Sagulung,
D0304,ujarnya,
D0304,Dari,
D0304,penyelidikan,
D0304,polisi,
D0304,pelaku,
D0304,ZU,
D0304,diketahui,
D0304,berada,
D0304,di,
D0304,kawasan,
D0304,Tunas,
D0304,Regency,
D0304,Batu,
D0304,Aji,
D0304,Batam,
D0304,Tim,
D0304,opsnal,
D0304,unit,
D0304,Reskrim,
D0304,Polsek,
D0304,langsung,
D0304,menangkap,
D0304,pelaku,
D0304,di,
D0304,lokasi,
D0304,tersebut,
D0304,Setelah,
D0304,mengetahui,
D0304,keberadaan,
D0304,pelaku,
D0304,di,
D0304,Kawasan,
D0304,Tunas,
D0304,Regency,
D0304,anggota,
D0304,Opsnal,
D0304,langsung,
D0304,mengamankan,
D0304,pelaku,
D0304,dan,
D0304,membawa,
D0304,pelaku,
D0304,ke,
D0304,Polsek,
D0304,Sagulung,
D0304,untuk,
D0304,diambil,
D0304,keterangan,
D0304,guna,
D0304,proses,
D0304,lanjut,
D0304,ujarnya,
D0304,Dari,
D0304,pemeriksaan,
D0304,polisi,
D0304,pelaku,
D0304,ZU,
D0304,mengaku,
D0304,dirinya,
D0304,nekat,
D0304,menikam,
D0304,korban,
D0304,karena,
D0304,kesal,
D0304,dengan,
D0304,perkataannya,
D0304,saat,
D0304,mereka,
D0304,nongkrong,
D0304,bersama,
D0304,Pelaku,
D0304,kemudian,
D0304,pulang,
D0304,mengambil,
D0304,pisau,
D0304,dan,
D0304,menikam,
D0304,leher,
D0304,korban,
D0304,Awalnya,
D0304,mereka,
D0304,kumpul,
D0304,kemudian,
D0304,tersangka,
D0304,tersinggung,
D0304,atas,
D0304,omongan,
D0304,dari,
D0304,korban,
D0304,Kemudian,
D0304,tersangka,
D0304,pulang,
D0304,ambil,
D0304,pisau,
D0304,dan,
D0304,kembali,
D0304,ke,
D0304,lokasi,
D0304,kejadian,
D0304,yang,
D0304,berada,
D0304,di,
D0304,Kawasan,
D0304,Ruko,
D0304,Rexvin,
D0304,Dapur,
D0304,12,
D0304,Sagulung,
D0304,dan,
D0304,langsung,
D0304,menusuk,
D0304,leher,
D0304,korban,
D0304,dari,
D0304,belakang,
D0304,ujarnya,
D0304,Atas,
D0304,perbuatannya,
D0304,pelaku,
D0304,ZU,
D0304,dijerat,
D0304,dengan,
D0304,undangundang,
D0304,perlindungan,
D0304,anak,
D0304,Pelaku,
D0304,terancam,
D0304,pidana,
D0304,penjara,
D0304,5,
D0304,tahun,
D0305,Seorang,
D0305,bocah,
D0305,perempuan,
D0305,berusia,
D0305,8,
D0305,tahun,
D0305,di,
D0305,Kabupaten,
D0305,Asahan,
D0305,Sumatera,
D0305,Utara,
D0305,Sumut,
D0305,dicabuli,
D0305,ayah,
D0305,tirinya,
D0305,S,
D0305,47,
D0305,Saat,
D0305,kejadian,
D0305,ibu,
D0305,korban,
D0305,tengah,
D0305,pergi,
D0305,bekerja,
D0305,Korban,
D0305,merupakan,
D0305,anak,
D0305,tiri,
D0305,pelaku,
D0305,kata,
D0305,Kapolres,
D0305,Asahan,
D0305,AKBP,
D0305,Afdhal,
D0305,Junaidi,
D0305,saat,
D0305,konferensi,
D0305,pers,
D0305,Senin,
D0305,1022025,
D0305,Afdhal,
D0305,menyebut,
D0305,peristiwa,
D0305,itu,
D0305,salah,
D0305,satunya,
D0305,terjadi,
D0305,di,
D0305,rumah,
D0305,korban,
D0305,dan,
D0305,pelaku,
D0305,pada,
D0305,Sabtu,
D0305,12,
D0305,sore,
D0305,Saat,
D0305,itu,
D0305,korban,
D0305,tengah,
D0305,bermain,
D0305,di,
D0305,dekat,
D0305,rumahnya,
D0305,SCROLL,
D0305,TO,
D0305,CONTINUE,
D0305,WITH,
D0305,CONTENT,
D0305,Lalu,
D0305,tibatiba,
D0305,pelaku,
D0305,memanggil,
D0305,korban,
D0305,dan,
D0305,menariknya,
D0305,ke,
D0305,dalam,
D0305,kamar,
D0305,pelaku,
D0305,Di,
D0305,kamar,
D0305,tersebut,
D0305,pelaku,
D0305,mencabuli,
D0305,korban,
D0305,Perbuatan,
D0305,tersebut,
D0305,sudah,
D0305,dua,
D0305,kali,
D0305,dilakukan,
D0305,terlapor,
D0305,terhadap,
D0305,korban,
D0305,ujarnya,
D0305,Kasat,
D0305,Reskrim,
D0305,Polres,
D0305,Asahan,
D0305,AKP,
D0305,Ghulam,
D0305,mengatakan,
D0305,peristiwa,
D0305,itu,
D0305,terungkap,
D0305,usai,
D0305,warga,
D0305,heran,
D0305,karena,
D0305,korban,
D0305,tibatiba,
D0305,menghilang,
D0305,saat,
D0305,bermain,
D0305,Warga,
D0305,pun,
D0305,mencari,
D0305,korban,
D0305,dan,
D0305,menemukannya,
D0305,tengah,
D0305,bersembunyi,
D0305,di,
D0305,kamar,
D0305,rumahnya,
D0305,dalam,
D0305,keadaan,
D0305,ketakutan,
D0305,Warga,
D0305,lalu,
D0305,menginterogasi,
D0305,korban,
D0305,Pada,
D0305,saat,
D0305,itulah,
D0305,korban,
D0305,mengakui,
D0305,bahwa,
D0305,dirinya,
D0305,telah,
D0305,dicabuli,
D0305,pelaku,
D0305,Saat,
D0305,itulah,
D0305,korban,
D0305,memberitahukan,
D0305,bahwa,
D0305,korban,
D0305,telah,
D0305,dicabuli,
D0305,oleh,
D0305,ayah,
D0305,tirinya,
D0305,kata,
D0305,Ghulam,
D0305,Atas,
D0305,kejadian,
D0305,itu,
D0305,keluarga,
D0305,korban,
D0305,membuat,
D0305,laporan,
D0305,ke,
D0305,Polres,
D0305,Asahan,
D0305,Pihak,
D0305,kepolisian,
D0305,pun,
D0305,menyelidiki,
D0305,kasus,
D0305,tersebut,
D0305,dan,
D0305,menangkap,
D0305,pelaku,
D0305,pada,
D0305,Minggu,
D0305,22,
D0305,dini,
D0305,hari,
D0305,Mantan,
D0305,Kasat,
D0305,Reskrim,
D0305,Polres,
D0305,Simalungun,
D0305,itu,
D0305,mengatakan,
D0305,bahwa,
D0305,saat,
D0305,kejadian,
D0305,korban,
D0305,hanya,
D0305,berdua,
D0305,dengan,
D0305,pelaku,
D0305,Pasalnya,
D0305,ibu,
D0305,korban,
D0305,tengah,
D0305,bekerja,
D0305,di,
D0305,salah,
D0305,satu,
D0305,rumah,
D0305,makan,
D0305,sedangkan,
D0305,kakak,
D0305,korban,
D0305,sedang,
D0305,bermain,
D0305,di,
D0305,luar,
D0305,rumah,
D0305,Adapun,
D0305,pelaku,
D0305,ini,
D0305,telah,
D0305,ditinggal,
D0305,bersama,
D0305,korban,
D0305,sejak,
D0305,tahun,
D0305,2020,
D0305,Pada,
D0305,saat,
D0305,kejadian,
D0305,ibu,
D0305,kandung,
D0305,korban,
D0305,sedang,
D0305,bekerja,
D0305,di,
D0305,sebuah,
D0305,rumah,
D0305,makan,
D0305,di,
D0305,rumah,
D0305,sedang,
D0305,tidak,
D0305,ada,
D0305,siapapun,
D0305,kecuali,
D0305,korban,
D0305,dan,
D0305,pelaku,
D0305,Saat,
D0305,itulah,
D0305,terjadi,
D0305,perbuatan,
D0305,cabul,
D0305,jelasnya,
D0305,Ghulam,
D0305,menyebut,
D0305,pelaku,
D0305,mencabuli,
D0305,korban,
D0305,dengan,
D0305,mengimingimingi,
D0305,korban,
D0305,uang,
D0305,jajan,
D0305,sebesar,
D0305,Rp,
D0305,7,
D0305,ribu,
D0305,Pelaku,
D0305,melakukan,
D0305,perbuatan,
D0305,cabul,
D0305,tersebut,
D0305,dengan,
D0305,mengimingimingi,
D0305,uang,
D0305,jajan,
D0305,kepada,
D0305,korban,
D0305,sebelum,
D0305,melakukan,
D0305,perbuatan,
D0305,cabul,
D0305,tersebut,
D0305,sebesar,
D0305,Rp,
D0305,7000,
D0305,pungkasnya,
D0306,Seorang,
D0306,pria,
D0306,bernama,
D0306,M,
D0306,Sani,
D0306,35,
D0306,menodongkan,
D0306,pisau,
D0306,serta,
D0306,merampas,
D0306,handphone,
D0306,milik,
D0306,sopir,
D0306,truk,
D0306,di,
D0306,Tol,
D0306,BelawanMedanTanjung,
D0306,Morawa,
D0306,Belmera,
D0306,Saat,
D0306,ini,
D0306,pelaku,
D0306,telah,
D0306,ditangkap,
D0306,pihak,
D0306,kepolisian,
D0306,Kasat,
D0306,Reskrim,
D0306,Polres,
D0306,Pelabuhan,
D0306,Belawan,
D0306,AKP,
D0306,Riffi,
D0306,Noor,
D0306,Faizal,
D0306,mengatakan,
D0306,peristiwa,
D0306,itu,
D0306,terjadi,
D0306,pada,
D0306,Jumat,
D0306,722025,
D0306,dini,
D0306,hari,
D0306,Saat,
D0306,itu,
D0306,korban,
D0306,Rizky,
D0306,23,
D0306,tengah,
D0306,melintas,
D0306,di,
D0306,tol,
D0306,tersebut,
D0306,dengan,
D0306,mengemudikan,
D0306,truk,
D0306,Pelaku,
D0306,naik,
D0306,ke,
D0306,dalam,
D0306,truk,
D0306,korban,
D0306,dan,
D0306,mengancam,
D0306,dengan,
D0306,menggunakan,
D0306,sebilah,
D0306,pisau,
D0306,kata,
D0306,Riffi,
D0306,Senin,
D0306,102,
D0306,SCROLL,
D0306,TO,
D0306,CONTINUE,
D0306,WITH,
D0306,CONTENT,
D0306,Setelah,
D0306,itu,
D0306,pelaku,
D0306,merampas,
D0306,dua,
D0306,handphone,
D0306,korban,
D0306,serta,
D0306,memukul,
D0306,wajah,
D0306,korban,
D0306,Usai,
D0306,menganiaya,
D0306,korban,
D0306,pelaku,
D0306,pergi,
D0306,melarikan,
D0306,diri,
D0306,Atas,
D0306,kejadian,
D0306,itu,
D0306,korban,
D0306,membuat,
D0306,laporan,
D0306,ke,
D0306,Polres,
D0306,Pelabuhan,
D0306,Belawan,
D0306,Pihak,
D0306,kepolisian,
D0306,pun,
D0306,menyelidiki,
D0306,laporan,
D0306,korban,
D0306,hingga,
D0306,akhirnya,
D0306,menangkap,
D0306,pelaku,
D0306,di,
D0306,Jalan,
D0306,KL,
D0306,Yos,
D0306,Sudarso,
D0306,Sabtu,
D0306,82,
D0306,Berdasarkan,
D0306,informasi,
D0306,yang,
D0306,kami,
D0306,kumpulkan,
D0306,kami,
D0306,berhasil,
D0306,melacak,
D0306,keberadaan,
D0306,pelaku,
D0306,dan,
D0306,melakukan,
D0306,penangkapan,
D0306,di,
D0306,Jalan,
D0306,KL,
D0306,Yos,
D0306,Sudarso,
D0306,sebutnya,
D0306,Setelah,
D0306,ditangkap,
D0306,pelaku,
D0306,diboyong,
D0306,ke,
D0306,kantor,
D0306,polisi,
D0306,untuk,
D0306,proses,
D0306,pemeriksaan,
D0306,lebih,
D0306,lanjut,
D0306,Saat,
D0306,ini,
D0306,kata,
D0306,Riffi,
D0306,pelaku,
D0306,masih,
D0306,menjalani,
D0306,pemeriksaan,
D0306,lebih,
D0306,lanjut,
D0306,Pelaku,
D0306,mengakui,
D0306,perbuatannya,
D0306,Saat,
D0306,ini,
D0306,tersangka,
D0306,sedang,
D0306,menjalani,
D0306,proses,
D0306,pemeriksaan,
D0306,lebih,
D0306,lanjut,
D0306,Kami,
D0306,akan,
D0306,mendalami,
D0306,apakah,
D0306,pelaku,
D0306,terlibat,
D0306,dalam,
D0306,kasus,
D0306,serupa,
D0306,lainnya,
D0306,pungkasnya,
D0307,Seorang,
D0307,Asisten,
D0307,Rumah,
D0307,Tangga,
D0307,ART,
D0307,di,
D0307,Kabupaten,
D0307,Asahan,
D0307,Sumatera,
D0307,Utara,
D0307,Sumut,
D0307,Sulastri,
D0307,42,
D0307,mencuri,
D0307,dan,
D0307,menguras,
D0307,uang,
D0307,di,
D0307,ATM,
D0307,majikannya,
D0307,senilai,
D0307,total,
D0307,Rp,
D0307,375,
D0307,juta,
D0307,Pelaku,
D0307,melakukan,
D0307,penarikan,
D0307,uang,
D0307,sebanyak,
D0307,26,
D0307,kali,
D0307,Kapolres,
D0307,Asahan,
D0307,AKBP,
D0307,Afdhal,
D0307,Junaidi,
D0307,mengatakan,
D0307,peristiwa,
D0307,itu,
D0307,terjadi,
D0307,di,
D0307,Jalan,
D0307,Melinjo,
D0307,Kecamatan,
D0307,Kota,
D0307,Kisaran,
D0307,Timur,
D0307,Aksi,
D0307,pelaku,
D0307,itu,
D0307,baru,
D0307,diketahui,
D0307,majikannya,
D0307,pada,
D0307,Kamis,
D0307,3012025,
D0307,Pelaku,
D0307,bekerja,
D0307,sebagai,
D0307,ART,
D0307,di,
D0307,rumah,
D0307,korban,
D0307,kata,
D0307,Afdhal,
D0307,saat,
D0307,konferensi,
D0307,pers,
D0307,Senin,
D0307,102,
D0307,SCROLL,
D0307,TO,
D0307,CONTINUE,
D0307,WITH,
D0307,CONTENT,
D0307,Afdhal,
D0307,menyebut,
D0307,awalnya,
D0307,pelaku,
D0307,tengah,
D0307,membersihkan,
D0307,lemari,
D0307,tamu,
D0307,rumah,
D0307,korban,
D0307,Lalu,
D0307,pelaku,
D0307,melihat,
D0307,sebuah,
D0307,dompet,
D0307,dalam,
D0307,keadaan,
D0307,terbuka,
D0307,di,
D0307,dalam,
D0307,lemari,
D0307,itu,
D0307,Pelaku,
D0307,pun,
D0307,mengambil,
D0307,dompet,
D0307,itu,
D0307,dan,
D0307,mengeceknya,
D0307,Di,
D0307,dalam,
D0307,dompet,
D0307,tersebut,
D0307,pelaku,
D0307,menemukan,
D0307,ATM,
D0307,korban,
D0307,dan,
D0307,kertas,
D0307,bertuliskan,
D0307,pin,
D0307,ATM,
D0307,tersebut,
D0307,Kemudian,
D0307,pelaku,
D0307,langsung,
D0307,mengambil,
D0307,kartu,
D0307,ATM,
D0307,serta,
D0307,secarik,
D0307,kertas,
D0307,dan,
D0307,menyimpannya,
D0307,ke,
D0307,dalam,
D0307,kantong,
D0307,celananya,
D0307,sebutnya,
D0307,Setelah,
D0307,itu,
D0307,pelaku,
D0307,langsung,
D0307,pergi,
D0307,ke,
D0307,agen,
D0307,penarikan,
D0307,uang,
D0307,di,
D0307,Jalan,
D0307,Budi,
D0307,Utomo,
D0307,Kecamatan,
D0307,Kota,
D0307,Kisaran,
D0307,Timur,
D0307,dengan,
D0307,mengendarai,
D0307,sepeda,
D0307,motor,
D0307,Setibanya,
D0307,di,
D0307,lokasi,
D0307,pelaku,
D0307,memberikan,
D0307,ATM,
D0307,tersebut,
D0307,ke,
D0307,petugas,
D0307,agen,
D0307,Saat,
D0307,itu,
D0307,pelaku,
D0307,mengambil,
D0307,uang,
D0307,korban,
D0307,sebanyak,
D0307,Rp,
D0307,2,
D0307,juta,
D0307,Usai,
D0307,mengambil,
D0307,uang,
D0307,korban,
D0307,pelaku,
D0307,kembali,
D0307,ke,
D0307,rumah,
D0307,korban,
D0307,dan,
D0307,mengembalikan,
D0307,ATM,
D0307,itu,
D0307,Namun,
D0307,aksi,
D0307,serupa,
D0307,ternyata,
D0307,terus,
D0307,dilakukan,
D0307,pelaku,
D0307,hingga,
D0307,sebanyak,
D0307,26,
D0307,kali,
D0307,Pelaku,
D0307,melakukan,
D0307,perbuatan,
D0307,tersebut,
D0307,secara,
D0307,berulang,
D0307,kali,
D0307,yakni,
D0307,sebanyak,
D0307,26,
D0307,kali,
D0307,transaksi,
D0307,dengan,
D0307,nominal,
D0307,bervariasi,
D0307,hingga,
D0307,uang,
D0307,yang,
D0307,pelaku,
D0307,ambil,
D0307,berjumlah,
D0307,total,
D0307,Rp,
D0307,37500000,
D0307,kata,
D0307,Afdhal,
D0307,Perwira,
D0307,menengah,
D0307,Polri,
D0307,itu,
D0307,menyebut,
D0307,korban,
D0307,awalnya,
D0307,tidak,
D0307,curiga,
D0307,Lalu,
D0307,pada,
D0307,akhirnya,
D0307,korban,
D0307,baru,
D0307,sadar,
D0307,uangnya,
D0307,telah,
D0307,dikuras,
D0307,pelaku,
D0307,usai,
D0307,menerima,
D0307,SMS,
D0307,banking,
D0307,penarikan,
D0307,uang,
D0307,Korban,
D0307,pun,
D0307,langsung,
D0307,menuju,
D0307,bank,
D0307,dan,
D0307,diketahui,
D0307,bahwa,
D0307,uang,
D0307,di,
D0307,ATM,
D0307,korban,
D0307,telah,
D0307,diambil,
D0307,melalui,
D0307,agen,
D0307,BRILink,
D0307,Setelah,
D0307,itu,
D0307,korban,
D0307,menuju,
D0307,BRILink,
D0307,untuk,
D0307,melihat,
D0307,pelaku,
D0307,yang,
D0307,melakukan,
D0307,penarikan,
D0307,uang,
D0307,dan,
D0307,melalui,
D0307,rekaman,
D0307,CCTV,
D0307,dapat,
D0307,dikenali,
D0307,bahwa,
D0307,pelaku,
D0307,adalah,
D0307,Sulastri,
D0307,yang,
D0307,bekerja,
D0307,sebagai,
D0307,ART,
D0307,jelasnya,
D0307,Usai,
D0307,mengetahui,
D0307,hal,
D0307,itu,
D0307,kata,
D0307,Afdhal,
D0307,korban,
D0307,langsung,
D0307,pulang,
D0307,dan,
D0307,membawa,
D0307,pelaku,
D0307,ke,
D0307,kantor,
D0307,polisi,
D0307,Berdasarkan,
D0307,hasil,
D0307,pemeriksaan,
D0307,aksi,
D0307,itu,
D0307,telah,
D0307,dilakukan,
D0307,pelaku,
D0307,sejak,
D0307,14,
D0307,September,
D0307,2024,
D0307,hingga,
D0307,29,
D0307,Januari,
D0307,2025,
D0307,Atas,
D0307,perbuatannya,
D0307,pelaku,
D0307,dijerat,
D0307,Pasal,
D0307,362,
D0307,KUHPidana,
D0307,dengan,
D0307,ancaman,
D0307,hukuman,
D0307,maksimal,
D0307,lima,
D0307,tahun,
D0307,penjara,
D0307,Motifnya,
D0307,pelaku,
D0307,melakukan,
D0307,pencurian,
D0307,tersebut,
D0307,dengan,
D0307,maksud,
D0307,dan,
D0307,tujuan,
D0307,untuk,
D0307,memiliki,
D0307,uang,
D0307,tersebut,
D0307,untuk,
D0307,memenuhi,
D0307,kebutuhan,
D0307,seharihari,
D0307,pungkasnya,
D0308,Seorang,
D0308,pria,
D0308,berinisial,
D0308,EG,
D0308,48,
D0308,tewas,
D0308,ditikam,
D0308,saat,
D0308,tengah,
D0308,mencari,
D0308,pelaku,
D0308,pelemparan,
D0308,rumah,
D0308,warga,
D0308,di,
D0308,Kabupaten,
D0308,Nias,
D0308,Barat,
D0308,Sumatera,
D0308,Utara,
D0308,Sumut,
D0308,Pelaku,
D0308,penikaman,
D0308,itu,
D0308,adalah,
D0308,DWG,
D0308,25,
D0308,Plt,
D0308,Kasi,
D0308,Humas,
D0308,Polres,
D0308,Nias,
D0308,Aipda,
D0308,Motivasi,
D0308,Gea,
D0308,mengatakan,
D0308,peristiwa,
D0308,itu,
D0308,terjadi,
D0308,di,
D0308,depan,
D0308,SD,
D0308,Negeri,
D0308,07,
D0308,Hilifadolo,
D0308,Desa,
D0308,Siduahili,
D0308,Kecamatan,
D0308,Moroo,
D0308,Jumat,
D0308,72,
D0308,Informasi,
D0308,kejadian,
D0308,itu,
D0308,diterima,
D0308,pihak,
D0308,kepolisian,
D0308,sekira,
D0308,pukul,
D0308,1915,
D0308,WIB,
D0308,Laporan,
D0308,kejadian,
D0308,tersebut,
D0308,diterima,
D0308,dari,
D0308,Camat,
D0308,Moroo,
D0308,sekitar,
D0308,pukul,
D0308,1915,
D0308,WIB,
D0308,Lalu,
D0308,Kapolsek,
D0308,Mandrehe,
D0308,bersama,
D0308,anggota,
D0308,segera,
D0308,menuju,
D0308,ke,
D0308,TKP,
D0308,untuk,
D0308,melakukan,
D0308,penyelidikan,
D0308,lebih,
D0308,lanjut,
D0308,kata,
D0308,Motivasi,
D0308,Sabtu,
D0308,822025,
D0308,SCROLL,
D0308,TO,
D0308,CONTINUE,
D0308,WITH,
D0308,CONTENT,
D0308,Berdasarkan,
D0308,keterangan,
D0308,warga,
D0308,di,
D0308,lokasi,
D0308,peristiwa,
D0308,itu,
D0308,berawal,
D0308,saat,
D0308,pelaku,
D0308,DWG,
D0308,diduga,
D0308,mengancam,
D0308,dan,
D0308,melempari,
D0308,rumah,
D0308,salah,
D0308,seorang,
D0308,warga,
D0308,menggunakan,
D0308,batu,
D0308,Merasa,
D0308,ketakutan,
D0308,warga,
D0308,tersebut,
D0308,lalu,
D0308,menghubungi,
D0308,kerabatnya,
D0308,yang,
D0308,ada,
D0308,di,
D0308,Batam,
D0308,Kerabat,
D0308,warga,
D0308,tersebut,
D0308,pun,
D0308,meminta,
D0308,bantuan,
D0308,anak,
D0308,korban,
D0308,untuk,
D0308,mengecek,
D0308,peristiwa,
D0308,itu,
D0308,Selang,
D0308,beberapa,
D0308,waktu,
D0308,korban,
D0308,EG,
D0308,menuju,
D0308,lokasi,
D0308,kejadian,
D0308,usai,
D0308,dikabari,
D0308,oleh,
D0308,anaknya,
D0308,Setibanya,
D0308,di,
D0308,lokasi,
D0308,kejadian,
D0308,korban,
D0308,pun,
D0308,mencari,
D0308,pelaku,
D0308,tetapi,
D0308,tidak,
D0308,ditemukan,
D0308,Lalu,
D0308,tibatiba,
D0308,pelaku,
D0308,muncul,
D0308,dari,
D0308,belakang,
D0308,sekolah,
D0308,dan,
D0308,langsung,
D0308,menikam,
D0308,korban,
D0308,menggunakan,
D0308,parang,
D0308,Korban,
D0308,mengalami,
D0308,luka,
D0308,serius,
D0308,di,
D0308,bagian,
D0308,perut,
D0308,Korban,
D0308,sempat,
D0308,dilarikan,
D0308,ke,
D0308,Puskesmas,
D0308,Moroo,
D0308,namun,
D0308,nyawanya,
D0308,tidak,
D0308,tertolong,
D0308,dalam,
D0308,perjalanan,
D0308,sebutnya,
D0308,Motivasi,
D0308,menyebut,
D0308,pihaknya,
D0308,telah,
D0308,melakukan,
D0308,olah,
D0308,TKP,
D0308,dan,
D0308,memeriksa,
D0308,sejumlah,
D0308,saksi,
D0308,atas,
D0308,kejadian,
D0308,itu,
D0308,Saat,
D0308,ini,
D0308,pihak,
D0308,kepolisian,
D0308,masih,
D0308,mencari,
D0308,keberadaan,
D0308,pelaku,
D0308,Berdasarkan,
D0308,hasil,
D0308,penyelidikan,
D0308,sementara,
D0308,pelaku,
D0308,ini,
D0308,diduga,
D0308,memiliki,
D0308,masalah,
D0308,dengan,
D0308,korban,
D0308,dan,
D0308,warga,
D0308,yang,
D0308,rumahnya,
D0308,dilempar,
D0308,pelaku,
D0308,Saat,
D0308,ini,
D0308,Polres,
D0308,Nias,
D0308,bersama,
D0308,dengan,
D0308,Polsek,
D0308,Mandrehe,
D0308,masih,
D0308,memburu,
D0308,pelaku,
D0308,yang,
D0308,melarikan,
D0308,diri,
D0308,setelah,
D0308,kejadian,
D0308,Dugaan,
D0308,sementara,
D0308,pelaku,
D0308,nekat,
D0308,melakukan,
D0308,penikaman,
D0308,karena,
D0308,sakit,
D0308,hati,
D0308,terhadap,
D0308,korban,
D0308,pungkasnya,
D0309,Dua,
D0309,pelaku,
D0309,begal,
D0309,bersenjata,
D0309,api,
D0309,rakitan,
D0309,senpira,
D0309,di,
D0309,Kabupaten,
D0309,Ogan,
D0309,Komering,
D0309,Ilir,
D0309,OKI,
D0309,ditangkap,
D0309,polisi,
D0309,Satu,
D0309,pelaku,
D0309,ternyata,
D0309,masih,
D0309,di,
D0309,bawah,
D0309,umur,
D0309,Peristiwa,
D0309,pembegalan,
D0309,tersebut,
D0309,terjadi,
D0309,di,
D0309,Jalan,
D0309,Tanggul,
D0309,Irigasi,
D0309,326,
D0309,Desa,
D0309,Cahya,
D0309,Tani,
D0309,Kecamatan,
D0309,Lempuing,
D0309,Kabupaten,
D0309,OKI,
D0309,pada,
D0309,Sabtu,
D0309,122025,
D0309,lalu,
D0309,Akibatnya,
D0309,Korban,
D0309,berinisial,
D0309,MF,
D0309,harus,
D0309,kehilangan,
D0309,sepeda,
D0309,motor,
D0309,Honda,
D0309,Beat,
D0309,Hitam,
D0309,miliknya,
D0309,kemudian,
D0309,melaporkan,
D0309,kejadian,
D0309,tersebut,
D0309,ke,
D0309,pihak,
D0309,kepolisian,
D0309,Usai,
D0309,mendapat,
D0309,laporan,
D0309,polisi,
D0309,melakukan,
D0309,penyelidikan,
D0309,dan,
D0309,berhasil,
D0309,mengamankan,
D0309,dua,
D0309,pelaku,
D0309,yakni,
D0309,J,
D0309,27,
D0309,dan,
D0309,MA,
D0309,16,
D0309,yang,
D0309,masih,
D0309,di,
D0309,bawah,
D0309,umur,
D0309,SCROLL,
D0309,TO,
D0309,CONTINUE,
D0309,WITH,
D0309,CONTENT,
D0309,Iya,
D0309,kita,
D0309,berhasil,
D0309,mengungkap,
D0309,kasus,
D0309,pencurian,
D0309,dengan,
D0309,kekerasan,
D0309,yang,
D0309,menggunakan,
D0309,senjata,
D0309,api,
D0309,rakitan,
D0309,senpira,
D0309,Ada,
D0309,dua,
D0309,pelaku,
D0309,yang,
D0309,berhasil,
D0309,diamankan,
D0309,kata,
D0309,Kapolres,
D0309,OKI,
D0309,AKBP,
D0309,Hendrawan,
D0309,Susanto,
D0309,Selain,
D0309,mengamankan,
D0309,pelaku,
D0309,polisi,
D0309,juga,
D0309,berhasil,
D0309,menyita,
D0309,senpira,
D0309,yang,
D0309,digunakan,
D0309,para,
D0309,pelaku,
D0309,saat,
D0309,beraksi,
D0309,beserta,
D0309,6,
D0309,butir,
D0309,amunisi,
D0309,Dari,
D0309,hasil,
D0309,penyidikan,
D0309,diketahui,
D0309,bahwa,
D0309,pelaku,
D0309,J,
D0309,sebelumnya,
D0309,telah,
D0309,terlibat,
D0309,dalam,
D0309,lima,
D0309,kasus,
D0309,pencurian,
D0309,dengan,
D0309,kekerasan,
D0309,curas,
D0309,dan,
D0309,merupakan,
D0309,Daftar,
D0309,Pencarian,
D0309,Orang,
D0309,DPO,
D0309,yang,
D0309,telah,
D0309,lama,
D0309,kami,
D0309,kejar,
D0309,ujarnya,
D0309,Hendrawan,
D0309,mengimbau,
D0309,masyarakat,
D0309,untuk,
D0309,selalu,
D0309,waspada,
D0309,dan,
D0309,berhatihati,
D0309,terhadap,
D0309,potensi,
D0309,tindak,
D0309,kekerasan,
D0309,serta,
D0309,melapor,
D0309,ke,
D0309,Polsek,
D0309,dan,
D0309,Polres,
D0309,secepatnya,
D0309,apabila,
D0309,melihat,
D0309,atau,
D0309,mengalami,
D0309,curas,
D0309,Kami,
D0309,mengimbau,
D0309,masyarakat,
D0309,apabila,
D0309,melewati,
D0309,daerah,
D0309,yang,
D0309,rawan,
D0309,curas,
D0309,dan,
D0309,kriminalitas,
D0309,agar,
D0309,menyampaikan,
D0309,ke,
D0309,anggota,
D0309,atau,
D0309,polsek,
D0309,setempat,
D0309,untuk,
D0309,minta,
D0309,pengawalan,
D0309,serta,
D0309,hindari,
D0309,jalan,
D0309,maupun,
D0309,lokasi,
D0309,yang,
D0309,rawan,
D0309,curas,
D0309,pada,
D0309,jamjam,
D0309,tertentu,
D0309,tuturnya,
D0309,Akibat,
D0309,perbuatannya,
D0309,pelaku,
D0309,akan,
D0309,dijerat,
D0309,dengan,
D0309,Pasal,
D0309,365,
D0309,ayat,
D0309,1,
D0309,ke2,
D0309,KUHP,
D0309,tentang,
D0309,pencurian,
D0309,dengan,
D0309,kekerasan,
D0309,dengan,
D0309,ancaman,
D0309,hukuman,
D0309,penjara,
D0309,maksimal,
D0309,sembilan,
D0309,tahun,
D0309,penjara,
D0309,Sementara,
D0309,itu,
D0309,pihak,
D0309,kepolisian,
D0309,masih,
D0309,mendalami,
D0309,keterlibatan,
D0309,pelaku,
D0309,MA,
D0309,yang,
D0309,masih,
D0309,di,
D0309,bawah,
D0309,umur,
D0310,Kapolda,
D0310,Bali,
D0310,Irjen,
D0310,Daniel,
D0310,Adityajaya,
D0310,menegaskan,
D0310,warga,
D0310,asing,
D0310,yang,
D0310,melanggar,
D0310,hukum,
D0310,di,
D0310,Bali,
D0310,tetap,
D0310,akan,
D0310,ditindak,
D0310,sesuai,
D0310,aturan,
D0310,yang,
D0310,berlaku,
D0310,Hal,
D0310,itu,
D0310,disampaikan,
D0310,seusai,
D0310,audiensi,
D0310,dengan,
D0310,konsulat,
D0310,jenderal,
D0310,dari,
D0310,40,
D0310,negara,
D0310,di,
D0310,Mapolda,
D0310,Bali,
D0310,Tentunya,
D0310,sesuai,
D0310,dengan,
D0310,undangundang,
D0310,di,
D0310,Indonesia,
D0310,Apabila,
D0310,nanti,
D0310,lakukan,
D0310,pelanggaran,
D0310,hukum,
D0310,ya,
D0310,diproses,
D0310,hukum,
D0310,seperti,
D0310,biasa,
D0310,kata,
D0310,Daniel,
D0310,di,
D0310,Mapolda,
D0310,Bali,
D0310,Jumat,
D0310,722025,
D0310,Penanganan,
D0310,tindak,
D0310,kriminal,
D0310,yang,
D0310,melibatkan,
D0310,warga,
D0310,asing,
D0310,memerlukan,
D0310,koordinasi,
D0310,dengan,
D0310,konsulat,
D0310,jenderal,
D0310,negara,
D0310,asal,
D0310,pelaku,
D0310,Hal,
D0310,ini,
D0310,bertujuan,
D0310,memastikan,
D0310,ada,
D0310,atau,
D0310,tidaknya,
D0310,perjanjian,
D0310,diplomasi,
D0310,antara,
D0310,negara,
D0310,tersebut,
D0310,dengan,
D0310,Indonesia,
D0310,SCROLL,
D0310,TO,
D0310,CONTINUE,
D0310,WITH,
D0310,CONTENT,
D0310,Untuk,
D0310,itu,
D0310,kami,
D0310,perlu,
D0310,terus,
D0310,berkomunikasi,
D0310,dengan,
D0310,pihak,
D0310,negara,
D0310,asing,
D0310,Apakah,
D0310,ada,
D0310,perjanjianperjanjian,
D0310,diplomasi,
D0310,yang,
D0310,memungkinkan,
D0310,untuk,
D0310,penanganan,
D0310,sebuah,
D0310,kasus,
D0310,tersebut,
D0310,kata,
D0310,Daniel,
D0310,Berdasarkan,
D0310,data,
D0310,yang,
D0310,diperoleh,
D0310,detikBali,
D0310,sebanyak,
D0310,83,
D0310,warga,
D0310,asing,
D0310,di,
D0310,Bali,
D0310,yang,
D0310,menjadi,
D0310,pelaku,
D0310,kejahatan,
D0310,pada,
D0310,2023,
D0310,Baik,
D0310,kategori,
D0310,pidana,
D0310,umum,
D0310,dan,
D0310,narkotika,
D0310,Sedangkan,
D0310,pada,
D0310,2024,
D0310,angkanya,
D0310,naik,
D0310,menjadi,
D0310,108,
D0310,orang,
D0310,Data,
D0310,juga,
D0310,menunjukkan,
D0310,peningkatan,
D0310,jumlah,
D0310,kasus,
D0310,kecelakaan,
D0310,lalu,
D0310,lintas,
D0310,Sepanjang,
D0310,2023,
D0310,jumlah,
D0310,warga,
D0310,asing,
D0310,yang,
D0310,melanggar,
D0310,lali,
D0310,lintas,
D0310,hingga,
D0310,berujung,
D0310,kecelakaan,
D0310,sebanyak,
D0310,71,
D0310,orang,
D0310,Pada,
D0310,2024,
D0310,naik,
D0310,menjadi,
D0310,91,
D0310,orang,
D0310,Kecenderungannya,
D0310,saat,
D0310,ini,
D0310,meningkatnya,
D0310,gangguan,
D0310,kamtibmas,
D0310,Baik,
D0310,pelanggaran,
D0310,lalu,
D0310,lintas,
D0310,maupun,
D0310,tindak,
D0310,pidana,
D0310,yang,
D0310,tidak,
D0310,hanya,
D0310,melibatkan,
D0310,warga,
D0310,asing,
D0310,sebagai,
D0310,korban,
D0310,juga,
D0310,warga,
D0310,asing,
D0310,sebagai,
D0310,pelaku,
D0310,ungkapnya,
D0310,Daniel,
D0310,berharap,
D0310,para,
D0310,konsulat,
D0310,jenderal,
D0310,memahami,
D0310,peningkatan,
D0310,angka,
D0310,kejahatan,
D0310,di,
D0310,Bali,
D0310,dan,
D0310,menyampaikan,
D0310,peringatan,
D0310,kepada,
D0310,warganya,
D0310,agar,
D0310,tidak,
D0310,melanggar,
D0310,hukum,
D0310,saat,
D0310,berada,
D0310,di,
D0310,Pulau,
D0310,Dewata,
D0310,Apabila,
D0310,ada,
D0310,warga,
D0310,negaranya,
D0310,yang,
D0310,ke,
D0310,Bali,
D0310,dapat,
D0310,membantu,
D0310,mengkomunikasikan,
D0310,atau,
D0310,paling,
D0310,tidak,
D0310,mensosialisasikan,
D0310,apa,
D0310,yang,
D0310,harus,
D0310,dan,
D0310,apa,
D0310,yang,
D0310,tidak,
D0310,boleh,
D0310,dilanggar,
D0310,di,
D0310,Bali,
D0310,katanya,
D0310,Kepala,
D0310,Dinas,
D0310,Pariwisata,
D0310,Bali,
D0310,Tjok,
D0310,Bagus,
D0310,Pemayun,
D0310,mengklaim,
D0310,situasi,
D0310,pariwisata,
D0310,di,
D0310,Bali,
D0310,tetap,
D0310,aman,
D0310,meskipun,
D0310,angka,
D0310,kriminalitas,
D0310,yang,
D0310,melibatkan,
D0310,warga,
D0310,asing,
D0310,meningkat,
D0310,dalam,
D0310,dua,
D0310,tahun,
D0310,terakhir,
D0310,Pariwisata,
D0310,di,
D0310,Bali,
D0310,masih,
D0310,aman,
D0310,Para,
D0310,konsulat,
D0310,masih,
D0310,datang,
D0310,ke,
D0310,kantor,
D0310,kami,
D0310,kata,
D0310,Bagus,
D0310,Pemayun,
D0310,Menurutnya,
D0310,banyak,
D0310,wisatawan,
D0310,asing,
D0310,yang,
D0310,belum,
D0310,memahami,
D0310,aturan,
D0310,di,
D0310,Bali,
D0310,Oleh,
D0310,karena,
D0310,itu,
D0310,Pemerintah,
D0310,Provinsi,
D0310,Bali,
D0310,terus,
D0310,menyosialisasikan,
D0310,aturan,
D0310,Dos,
D0310,and,
D0310,Donts,
D0310,yang,
D0310,tertuang,
D0310,dalam,
D0310,Surat,
D0310,Edaran,
D0310,SE,
D0310,Nomor,
D0310,4,
D0310,Tahun,
D0310,2023,
D0310,Karena,
D0310,memang,
D0310,ada,
D0310,ketidaktahuan,
D0310,para,
D0310,wisatawan,
D0310,juga,
D0310,Makanya,
D0310,hari,
D0310,ini,
D0310,mengajak,
D0310,para,
D0310,konsulat,
D0310,untuk,
D0310,menyampaikan,
D0310,ke,
D0310,warganya,
D0310,saat,
D0310,di,
D0310,Bali,
D0310,mana,
D0310,yang,
D0310,boleh,
D0310,dan,
D0310,mana,
D0310,yang,
D0310,tidak,
D0310,katanya,
D0311,Seorang,
D0311,pemuda,
D0311,berinisial,
D0311,DK,
D0311,27,
D0311,asal,
D0311,Lubuklinggau,
D0311,Sumatra,
D0311,Selatan,
D0311,ditangkap,
D0311,usai,
D0311,mencuri,
D0311,karena,
D0311,membobol,
D0311,kotak,
D0311,amal,
D0311,di,
D0311,salah,
D0311,satu,
D0311,masjid,
D0311,wilayah,
D0311,Sukun,
D0311,Kota,
D0311,Malang,
D0311,Pelaku,
D0311,yang,
D0311,merupakan,
D0311,pengangguran,
D0311,adalah,
D0311,residivis,
D0311,kasus,
D0311,pencurian,
D0311,Kasat,
D0311,Reskrim,
D0311,Polresta,
D0311,Malang,
D0311,Kota,
D0311,Kompol,
D0311,M,
D0311,Sholeh,
D0311,mengatakan,
D0311,tersangka,
D0311,diketahui,
D0311,pernah,
D0311,melakukan,
D0311,aksi,
D0311,mencuri,
D0311,uang,
D0311,kotak,
D0311,amal,
D0311,di,
D0311,Masjid,
D0311,Miftahul,
D0311,Jannah,
D0311,Kecamatan,
D0311,Sukun,
D0311,Kota,
D0311,Malang,
D0311,pada,
D0311,20,
D0311,Januari,
D0311,2025,
D0311,Kemudian,
D0311,setelah,
D0311,itu,
D0311,tersangka,
D0311,juga,
D0311,membobol,
D0311,kotak,
D0311,amal,
D0311,di,
D0311,masjid,
D0311,wilayah,
D0311,Dau,
D0311,Kabupaten,
D0311,Malang,
D0311,SCROLL,
D0311,TO,
D0311,CONTINUE,
D0311,WITH,
D0311,CONTENT,
D0311,Setelah,
D0311,itu,
D0311,kami,
D0311,lakukan,
D0311,penyelidikan,
D0311,setelah,
D0311,mendapat,
D0311,laporan,
D0311,warga,
D0311,ujar,
D0311,Sholeh,
D0311,dalam,
D0311,konferensi,
D0311,pers,
D0311,di,
D0311,Polsek,
D0311,Sukun,
D0311,Malang,
D0311,Jumat,
D0311,722025,
D0311,Dalam,
D0311,aksi,
D0311,pertamanya,
D0311,di,
D0311,Masjid,
D0311,Miftahul,
D0311,Jannah,
D0311,tersangka,
D0311,masuk,
D0311,ke,
D0311,area,
D0311,masjid,
D0311,dengan,
D0311,cara,
D0311,memanjat,
D0311,pagar,
D0311,tembok,
D0311,sekitar,
D0311,pukul,
D0311,0250,
D0311,WIB,
D0311,Selang,
D0311,dua,
D0311,minggu,
D0311,kemudian,
D0311,tersangka,
D0311,kembali,
D0311,beraksi,
D0311,di,
D0311,sebuah,
D0311,masjid,
D0311,di,
D0311,wilayah,
D0311,Desa,
D0311,Karangwidoro,
D0311,Kecamatan,
D0311,Dau,
D0311,Kabupaten,
D0311,Malang,
D0311,Dari,
D0311,penyelidikan,
D0311,dan,
D0311,penelusuran,
D0311,rekaman,
D0311,CCTV,
D0311,terindikasi,
D0311,pelakunya,
D0311,adalah,
D0311,orang,
D0311,yang,
D0311,sama,
D0311,tegas,
D0311,Sholeh,
D0311,Namun,
D0311,ketika,
D0311,akan,
D0311,melakukan,
D0311,aksi,
D0311,ketiga,
D0311,kalinya,
D0311,di,
D0311,musala,
D0311,Al,
D0311,Mutmainah,
D0311,yang,
D0311,terletak,
D0311,di,
D0311,Jalan,
D0311,Raya,
D0311,Candi,
D0311,III,
D0311,Gang,
D0311,Metro,
D0311,3,
D0311,Kecamatan,
D0311,Sukun,
D0311,Kota,
D0311,Malang,
D0311,pada,
D0311,Kamis,
D0311,622025,
D0311,kemarin,
D0311,Keberadaan,
D0311,tersangka,
D0311,diketahui,
D0311,warga,
D0311,yang,
D0311,kemudian,
D0311,dilaporkan,
D0311,ke,
D0311,Polsek,
D0311,Sukun,
D0311,dan,
D0311,petugas,
D0311,pun,
D0311,mengamankan,
D0311,tersangka,
D0311,di,
D0311,lokasi,
D0311,Pada,
D0311,lokasi,
D0311,ketiga,
D0311,ini,
D0311,pelaku,
D0311,hendak,
D0311,masuk,
D0311,lewat,
D0311,kamar,
D0311,mandi,
D0311,musala,
D0311,Namun,
D0311,diketahui,
D0311,warga,
D0311,dan,
D0311,kemudian,
D0311,dilaporkan,
D0311,ke,
D0311,Polsek,
D0311,Sukun,
D0311,untuk,
D0311,selanjutnya,
D0311,dilakukan,
D0311,upaya,
D0311,paksa,
D0311,dengan,
D0311,mengamankan,
D0311,tersangka,
D0311,beber,
D0311,Sholeh,
D0311,Selain,
D0311,tersangka,
D0311,petugas,
D0311,juga,
D0311,diamankan,
D0311,beberapa,
D0311,barang,
D0311,bukti,
D0311,Di,
D0311,antaranya,
D0311,yaitu,
D0311,obeng,
D0311,serta,
D0311,tas,
D0311,yang,
D0311,digunakan,
D0311,tersangka,
D0311,untuk,
D0311,melakukan,
D0311,aksi,
D0311,pembobolan,
D0311,kotak,
D0311,amal,
D0311,Dari,
D0311,hasil,
D0311,penyidikan,
D0311,lanjut,
D0311,Sholeh,
D0311,tersangka,
D0311,diketahui,
D0311,merupakan,
D0311,residivis,
D0311,kasus,
D0311,pencurian,
D0311,dengan,
D0311,barang,
D0311,bukti,
D0311,laptop,
D0311,pada,
D0311,tahun,
D0311,2023,
D0311,lalu,
D0311,Tersangka,
D0311,adalah,
D0311,residivis,
D0311,kasus,
D0311,pencurian,
D0311,sambung,
D0311,Sholeh,
D0311,Terpisah,
D0311,Kapolsek,
D0311,Sukun,
D0311,Kompol,
D0311,Yoyok,
D0311,Ucuk,
D0311,Suyono,
D0311,menyampaikan,
D0311,apresiasi,
D0311,kepada,
D0311,warga,
D0311,yang,
D0311,telah,
D0311,membantu,
D0311,pihak,
D0311,kepolisian,
D0311,dalam,
D0311,pengungkapan,
D0311,kasus,
D0311,ini,
D0311,Ucok,
D0311,mengimbau,
D0311,kepada,
D0311,masyarakat,
D0311,apabila,
D0311,mendapati,
D0311,sesuatu,
D0311,yang,
D0311,mencurigakan,
D0311,atau,
D0311,mengetahui,
D0311,adanya,
D0311,tindak,
D0311,kriminalitas,
D0311,bisa,
D0311,memberitahu,
D0311,pihak,
D0311,kepolisian,
D0311,lewat,
D0311,nomor,
D0311,WA,
D0311,maupun,
D0311,media,
D0311,sosial,
D0311,Polresta,
D0311,Malang,
D0311,Kota,
D0311,Kami,
D0311,ucapkan,
D0311,terima,
D0311,kasih,
D0311,kepada,
D0311,masyarakat,
D0311,yang,
D0311,telah,
D0311,melaporkan,
D0311,adanya,
D0311,dugaan,
D0311,tindak,
D0311,pidana,
D0311,hingga,
D0311,dapat,
D0311,dilakukan,
D0311,penanganan,
D0311,secara,
D0311,cepat,
D0311,kata,
D0311,Ucok,
D0311,Sementara,
D0311,tersangka,
D0311,DK,
D0311,yang,
D0311,dihadirkan,
D0311,dalam,
D0311,konferensi,
D0311,pers,
D0311,mengaku,
D0311,nekat,
D0311,membobol,
D0311,kotak,
D0311,amal,
D0311,untuk,
D0311,memenuhi,
D0311,kebutuhan,
D0311,mudik,
D0311,ke,
D0311,kampung,
D0311,halaman,
D0311,di,
D0311,Sumatra,
D0311,Butuh,
D0311,uang,
D0311,untuk,
D0311,pulang,
D0311,ke,
D0311,Sumatra,
D0311,Dari,
D0311,dua,
D0311,kali,
D0311,lokasi,
D0311,saya,
D0311,dapatkan,
D0311,sekitar,
D0311,Rp,
D0311,15,
D0311,juta,
D0311,pungkasnya,
D0312,Satresnarkoba,
D0312,Polresta,
D0312,Deli,
D0312,Serdang,
D0312,melakukan,
D0312,upaya,
D0312,penangkapan,
D0312,terhadap,
D0312,seorang,
D0312,bandar,
D0312,narkoba,
D0312,di,
D0312,Kecamatan,
D0312,Percut,
D0312,Sei,
D0312,Tuan,
D0312,Namun,
D0312,dalam,
D0312,upaya,
D0312,tersebut,
D0312,seorang,
D0312,anggota,
D0312,polisi,
D0312,ditembak,
D0312,pelaku,
D0312,hingga,
D0312,harus,
D0312,menjalani,
D0312,operasi,
D0312,Berikut,
D0312,momen,
D0312,penembakan,
D0312,tersebut,
D0312,Kapolda,
D0312,Sumut,
D0312,Irjen,
D0312,Whisnu,
D0312,Hermawan,
D0312,Februanto,
D0312,menjelaskan,
D0312,kronologi,
D0312,penembakan,
D0312,yang,
D0312,terjadi,
D0312,Rabu,
D0312,522025,
D0312,tersebut,
D0312,Korban,
D0312,yakni,
D0312,Bripka,
D0312,BS,
D0312,ditembak,
D0312,di,
D0312,bagian,
D0312,perut,
D0312,usai,
D0312,sempat,
D0312,rebutan,
D0312,senjata,
D0312,api,
D0312,dengan,
D0312,pelaku,
D0312,Di,
D0312,perut,
D0312,personel,
D0312,Satresnarkoba,
D0312,Polresta,
D0312,Deli,
D0312,Serdang,
D0312,Kasus,
D0312,narkoba,
D0312,anggota,
D0312,kami,
D0312,ditembak,
D0312,pelaku,
D0312,TKP,
D0312,di,
D0312,wilayah,
D0312,Polsek,
D0312,Medan,
D0312,Tembung,
D0312,kata,
D0312,Whisnu,
D0312,Kamis,
D0312,62,
D0312,SCROLL,
D0312,TO,
D0312,CONTINUE,
D0312,WITH,
D0312,CONTENT,
D0312,Whisnu,
D0312,menjelaskan,
D0312,sempat,
D0312,terjadi,
D0312,perkelahian,
D0312,di,
D0312,lokasi,
D0312,antara,
D0312,petugas,
D0312,dan,
D0312,bandar,
D0312,narkoba,
D0312,tersebut,
D0312,Saat,
D0312,itu,
D0312,pelaku,
D0312,merebut,
D0312,senjata,
D0312,anggota,
D0312,dan,
D0312,menembakkannya,
D0312,Saat,
D0312,penangkapan,
D0312,terjadi,
D0312,perkelahian,
D0312,dia,
D0312,pelaku,
D0312,bisa,
D0312,mengambil,
D0312,senjata,
D0312,dari,
D0312,anggota,
D0312,dan,
D0312,ditembak,
D0312,Sampai,
D0312,saat,
D0312,ini,
D0312,baru,
D0312,satu,
D0312,orang,
D0312,ditangkap,
D0312,jelasnya,
D0312,Akibat,
D0312,tembakan,
D0312,di,
D0312,perutnya,
D0312,Bripka,
D0312,BS,
D0312,harus,
D0312,menjalani,
D0312,operasi,
D0312,pengangkatan,
D0312,peluru,
D0312,Whisnu,
D0312,berharap,
D0312,doa,
D0312,dari,
D0312,masyarakat,
D0312,Saat,
D0312,ini,
D0312,mohon,
D0312,doanya,
D0312,dari,
D0312,masyarakat,
D0312,supaya,
D0312,operasi,
D0312,ini,
D0312,berhasil,
D0312,diangkat,
D0312,pelurunya,
D0312,dan,
D0312,anggota,
D0312,kami,
D0312,selamat,
D0312,ujarnya,
D0312,Kapolresta,
D0312,Deli,
D0312,Serdang,
D0312,Kombes,
D0312,Raphael,
D0312,Sandhy,
D0312,Cahya,
D0312,Priambodo,
D0312,menjelaskan,
D0312,saat,
D0312,proses,
D0312,penangkapan,
D0312,situasi,
D0312,tidak,
D0312,kondusif,
D0312,dan,
D0312,warga,
D0312,ramai,
D0312,berkumpul,
D0312,di,
D0312,lokasi,
D0312,Sehingga,
D0312,petugas,
D0312,kepolisian,
D0312,harus,
D0312,mengeluarkan,
D0312,tembakan,
D0312,peringatan,
D0312,Namun,
D0312,saat,
D0312,mengeluarkan,
D0312,tembakan,
D0312,itu,
D0312,pelaku,
D0312,memukul,
D0312,personel,
D0312,dengan,
D0312,batu,
D0312,hingga,
D0312,terjatuh,
D0312,Saat,
D0312,itu,
D0312,pelaku,
D0312,langsung,
D0312,mengambil,
D0312,senjata,
D0312,api,
D0312,dari,
D0312,petugas,
D0312,dan,
D0312,menembak,
D0312,korban,
D0312,Raphael,
D0312,juga,
D0312,mengatakan,
D0312,pelaku,
D0312,penembakan,
D0312,terhadap,
D0312,Bripka,
D0312,BS,
D0312,bukan,
D0312,bandar,
D0312,narkoba,
D0312,yang,
D0312,hendak,
D0312,ditangkap,
D0312,tetapi,
D0312,warga,
D0312,sekitar,
D0312,Yang,
D0312,mau,
D0312,diamankan,
D0312,itu,
D0312,sebenarnya,
D0312,bandar,
D0312,setelah,
D0312,kita,
D0312,amankan,
D0312,bandar,
D0312,ternyata,
D0312,banyak,
D0312,keramaian,
D0312,anggota,
D0312,mengeluarkan,
D0312,tembakan,
D0312,peringatan,
D0312,untuk,
D0312,membubarkan,
D0312,Tibatiba,
D0312,orang,
D0312,ini,
D0312,dari,
D0312,belakang,
D0312,bukan,
D0312,tersangka,
D0312,ya,
D0312,melempar,
D0312,batu,
D0312,jatuh,
D0312,pistolnya,
D0312,diambil,
D0312,dia,
D0312,ditembaknya,
D0312,Bukan,
D0312,bandar,
D0312,narkoba,
D0312,yang,
D0312,menembak,
D0312,setelah,
D0312,nembak,
D0312,dia,
D0312,kabur,
D0312,ujarnya,
D0313,I,
D0313,Wayan,
D0313,Sudirta,
D0313,29,
D0313,pria,
D0313,asal,
D0313,Karangasem,
D0313,ditangkap,
D0313,polisi,
D0313,setelah,
D0313,menculik,
D0313,seorang,
D0313,bocah,
D0313,berinisial,
D0313,IMRAK,
D0313,11,
D0313,dari,
D0313,sekolahnya,
D0313,di,
D0313,Denpasar,
D0313,Rabu,
D0313,522025,
D0313,Kini,
D0313,eks,
D0313,kurir,
D0313,distributor,
D0313,kosmetik,
D0313,itu,
D0313,hanya,
D0313,dapat,
D0313,tertunduk,
D0313,lesu,
D0313,di,
D0313,Mapolsek,
D0313,Denpasar,
D0313,Selatan,
D0313,Astungkara,
D0313,kami,
D0313,lakukan,
D0313,penangkapan,
D0313,terhadap,
D0313,IWS,
D0313,Sudirta,
D0313,Hanya,
D0313,hitungan,
D0313,jam,
D0313,kami,
D0313,tangkap,
D0313,pelakunya,
D0313,kata,
D0313,Kapolsek,
D0313,Denpasar,
D0313,Selatan,
D0313,Kompol,
D0313,Herson,
D0313,Djuanda,
D0313,di,
D0313,Mapolsek,
D0313,Denpasar,
D0313,Selatan,
D0313,Kamis,
D0313,652025,
D0313,Pantauan,
D0313,detikBali,
D0313,Sudirta,
D0313,digiring,
D0313,ke,
D0313,ruang,
D0313,penyidik,
D0313,sebelum,
D0313,dihadirkan,
D0313,di,
D0313,hadapan,
D0313,awak,
D0313,media,
D0313,Saat,
D0313,dihadirkan,
D0313,dia,
D0313,berpakaian,
D0313,tahanan,
D0313,warna,
D0313,oranye,
D0313,dengan,
D0313,nomor,
D0313,235,
D0313,Dia,
D0313,terusterusan,
D0313,menunduk,
D0313,Wajah,
D0313,pria,
D0313,berambut,
D0313,lurus,
D0313,pendek,
D0313,itu,
D0313,tampak,
D0313,lesu,
D0313,SCROLL,
D0313,TO,
D0313,CONTINUE,
D0313,WITH,
D0313,CONTENT,
D0313,Kedua,
D0313,tangan,
D0313,Sudirta,
D0313,tampak,
D0313,diborgol,
D0313,Dia,
D0313,berjalan,
D0313,tanpa,
D0313,alas,
D0313,kaki,
D0313,saat,
D0313,dihadirkan,
D0313,di,
D0313,hadapan,
D0313,publik,
D0313,Sudirta,
D0313,berperawakan,
D0313,sedang,
D0313,dengan,
D0313,tinggi,
D0313,sekitar,
D0313,169170,
D0313,sentimeter,
D0313,cm,
D0313,Ada,
D0313,kedua,
D0313,orang,
D0313,tua,
D0313,IMRAK,
D0313,I,
D0313,Wayan,
D0313,Sudiarta,
D0313,dan,
D0313,Ni,
D0313,Made,
D0313,Widiasa,
D0313,yang,
D0313,juga,
D0313,turut,
D0313,hadir,
D0313,di,
D0313,Mapolsek,
D0313,Denpasar,
D0313,Utara,
D0313,Mereka,
D0313,lega,
D0313,Sudirta,
D0313,ditangkap,
D0313,Sudirta,
D0313,bukan,
D0313,orang,
D0313,asing,
D0313,bagi,
D0313,mereka,
D0313,karena,
D0313,pernah,
D0313,bekerja,
D0313,di,
D0313,perusahaan,
D0313,Sudiarta,
D0313,selama,
D0313,dua,
D0313,bulan,
D0313,sebelum,
D0313,dipecat,
D0313,karena,
D0313,kinerjanya,
D0313,buruk,
D0313,Baru,
D0313,kami,
D0313,tangkap,
D0313,kemarin,
D0313,Alasan,
D0313,pelaku,
D0313,ini,
D0313,karena,
D0313,sakit,
D0313,hati,
D0313,setelah,
D0313,dipecat,
D0313,dari,
D0313,pekerjaannnya,
D0313,dan,
D0313,memerlukan,
D0313,biaya,
D0313,hidup,
D0313,seharihari,
D0313,kata,
D0313,Herson,
D0313,Herson,
D0313,mengaku,
D0313,belum,
D0313,dapat,
D0313,memastikan,
D0313,apakah,
D0313,penculikan,
D0313,yang,
D0313,dilakukan,
D0313,Sudirta,
D0313,sudah,
D0313,direncanakan,
D0313,atau,
D0313,belum,
D0313,Pria,
D0313,itu,
D0313,masih,
D0313,harus,
D0313,menjalani,
D0313,pemeriksaan,
D0313,lebih,
D0313,lanjut,
D0313,Selain,
D0313,itu,
D0313,lanjut,
D0313,Herson,
D0313,kepolisian,
D0313,sedang,
D0313,mencarikan,
D0313,psikolog,
D0313,anak,
D0313,Hal,
D0313,ini,
D0313,guna,
D0313,mengatasi,
D0313,rasa,
D0313,trauma,
D0313,korban,
D0313,setelah,
D0313,diculik,
D0313,Sudirta,
D0313,dari,
D0313,sekolahnya,
D0313,Kami,
D0313,masih,
D0313,carikan,
D0313,psikiater,
D0313,anak,
D0313,biar,
D0313,tidak,
D0313,terganggu,
D0313,kejiwaannya,
D0313,Karena,
D0313,sudah,
D0313,trauma,
D0313,dibawa,
D0313,orang,
D0313,katanya,
D0313,Sebelumnya,
D0313,diberitakan,
D0313,Sudirta,
D0313,menculik,
D0313,korban,
D0313,dari,
D0313,sekolahnya,
D0313,Dia,
D0313,lantas,
D0313,menelepon,
D0313,Sudiarta,
D0313,dan,
D0313,meminta,
D0313,tebusan,
D0313,Rp,
D0313,100,
D0313,juta,
D0313,Pria,
D0313,itu,
D0313,juga,
D0313,mengancam,
D0313,akan,
D0313,membahayakan,
D0313,jiwa,
D0313,anak,
D0313,Sudiarta,
D0313,yang,
D0313,lain,
D0313,jika,
D0313,permintaannya,
D0313,tidak,
D0313,segera,
D0313,dipenuhi,
D0313,Sudirta,
D0313,tidak,
D0313,tahu,
D0313,jika,
D0313,saat,
D0313,dia,
D0313,menelepon,
D0313,Sudiarta,
D0313,justru,
D0313,tengah,
D0313,berada,
D0313,di,
D0313,Mapolsek,
D0313,Denpasar,
D0313,Selatan,
D0313,untuk,
D0313,melaporkan,
D0313,penculikan,
D0313,anaknya,
D0313,Polisi,
D0313,lalu,
D0313,menginstruksikan,
D0313,Sudiarta,
D0313,untuk,
D0313,mengulur,
D0313,waktu,
D0313,dengan,
D0313,cara,
D0313,menegosiasikan,
D0313,nominal,
D0313,tebusan,
D0313,sementara,
D0313,Sudirta,
D0313,diburu,
D0313,Simak,
D0313,juga,
D0313,Video,
D0313,Rekaman,
D0313,Telepon,
D0313,Penculik,
D0313,Anak,
D0313,Pengusaha,
D0313,di,
D0313,Bali,
D0313,Minta,
D0313,Rp,
D0313,100,
D0313,Juta,
D0313,GambasVideo,
D0313,20detik,
D0314,Seorang,
D0314,siswa,
D0314,sekolah,
D0314,dasar,
D0314,SD,
D0314,berinisial,
D0314,IMRAK,
D0314,diculik,
D0314,di,
D0314,sekolahnya,
D0314,di,
D0314,Denpasar,
D0314,pada,
D0314,Rabu,
D0314,522025,
D0314,oleh,
D0314,mantan,
D0314,karyawan,
D0314,orang,
D0314,tuanya,
D0314,bernama,
D0314,I,
D0314,Wayan,
D0314,Sudirta,
D0314,29,
D0314,Pria,
D0314,asal,
D0314,Kabupaten,
D0314,Karangasem,
D0314,Bali,
D0314,itu,
D0314,baru,
D0314,bekerja,
D0314,dua,
D0314,bulan,
D0314,di,
D0314,perusahaan,
D0314,ayah,
D0314,IMRAK,
D0314,Dia,
D0314,lantas,
D0314,dipecat,
D0314,lantaran,
D0314,kinerjanya,
D0314,buruk,
D0314,Baru,
D0314,dua,
D0314,bulan,
D0314,kerja,
D0314,kata,
D0314,ayah,
D0314,IMRAK,
D0314,I,
D0314,Komang,
D0314,Sudiarta,
D0314,di,
D0314,Mapolsek,
D0314,Denpasar,
D0314,Selatan,
D0314,Kamis,
D0314,622025,
D0314,Sudiarta,
D0314,menuturkan,
D0314,Sudirta,
D0314,bekerja,
D0314,sebagai,
D0314,kurir,
D0314,di,
D0314,perusahaan,
D0314,distributor,
D0314,kosmetik,
D0314,miliknya,
D0314,Selama,
D0314,bekerja,
D0314,di,
D0314,sana,
D0314,manajer,
D0314,perusahaan,
D0314,menilai,
D0314,kinerja,
D0314,Sudirta,
D0314,cukup,
D0314,buruk,
D0314,Alasan,
D0314,itu,
D0314,menjadi,
D0314,dasar,
D0314,perusahaan,
D0314,memecat,
D0314,Sudirta,
D0314,SCROLL,
D0314,TO,
D0314,CONTINUE,
D0314,WITH,
D0314,CONTENT,
D0314,Sudirta,
D0314,itu,
D0314,pegawai,
D0314,saya,
D0314,paling,
D0314,dasar,
D0314,bawah,
D0314,Saya,
D0314,tidak,
D0314,pernah,
D0314,bersentuhan,
D0314,atau,
D0314,berkomunikasi,
D0314,secara,
D0314,langsung,
D0314,dan,
D0314,intens,
D0314,dengan,
D0314,Sudirta,
D0314,Saya,
D0314,sendiri,
D0314,jarang,
D0314,di,
D0314,kantor,
D0314,kata,
D0314,Sudiarta,
D0314,Jadi,
D0314,saya,
D0314,hanya,
D0314,approve,
D0314,saja,
D0314,Bukan,
D0314,saya,
D0314,yang,
D0314,memutuskan,
D0314,memecat,
D0314,Sudirta,
D0314,imbuhnya,
D0314,Kapolsek,
D0314,Denpasar,
D0314,Selatan,
D0314,Kompol,
D0314,Herson,
D0314,Djuanda,
D0314,mengatakan,
D0314,belum,
D0314,dapat,
D0314,memastikan,
D0314,apakah,
D0314,aksi,
D0314,penculikan,
D0314,yang,
D0314,dilakukan,
D0314,Sudirta,
D0314,sudah,
D0314,terencana,
D0314,atau,
D0314,belum,
D0314,Sudirta,
D0314,masih,
D0314,diperiksa,
D0314,penyidik,
D0314,hingga,
D0314,kini,
D0314,Sementara,
D0314,masih,
D0314,kami,
D0314,dalami,
D0314,apakah,
D0314,sudah,
D0314,direncanakan,
D0314,atau,
D0314,spontan,
D0314,Hanya,
D0314,rencananya,
D0314,IMRAK,
D0314,dibawa,
D0314,Sudirta,
D0314,muter,
D0314,dan,
D0314,minta,
D0314,tebusan,
D0314,kata,
D0314,Herson,
D0314,Herson,
D0314,mengatakan,
D0314,atas,
D0314,perbuatannya,
D0314,Sudirta,
D0314,dijerat,
D0314,Pasal,
D0314,32,
D0314,KUHP,
D0314,tentang,
D0314,Penculikan,
D0314,Anak,
D0314,Ancamannya,
D0314,12,
D0314,tahun,
D0314,penjara,
D0314,Sebelumnya,
D0314,diberitakan,
D0314,detikBali,
D0314,mendapat,
D0314,rekaman,
D0314,pembicaraan,
D0314,antara,
D0314,Sudirta,
D0314,dan,
D0314,Sudiarta,
D0314,Awalnya,
D0314,Sudirta,
D0314,mengancam,
D0314,akan,
D0314,membahayakan,
D0314,nyawa,
D0314,kedua,
D0314,anak,
D0314,IMRAK,
D0314,Kemudian,
D0314,Sudirta,
D0314,meminta,
D0314,uang,
D0314,Rp,
D0314,100,
D0314,juta,
D0314,sebagai,
D0314,tebusan,
D0314,Sudiarta,
D0314,ditelepon,
D0314,dan,
D0314,dimintai,
D0314,tebusan,
D0314,justru,
D0314,saat,
D0314,melapor,
D0314,ke,
D0314,polisi,
D0314,Anggota,
D0314,korps,
D0314,baju,
D0314,cokelat,
D0314,itu,
D0314,lalu,
D0314,menginstruksikan,
D0314,Sudiarta,
D0314,agar,
D0314,mengulur,
D0314,waktu,
D0314,dengan,
D0314,cara,
D0314,negosiasi,
D0314,nominal,
D0314,tebusan,
D0314,hingga,
D0314,hanya,
D0314,Rp,
D0314,10,
D0314,juta,
D0314,saja,
D0314,Sementara,
D0314,bernegosiasi,
D0314,dengan,
D0314,Sudiarta,
D0314,polisi,
D0314,memburu,
D0314,Sudirta,
D0314,Dia,
D0314,akhirnya,
D0314,terciduk,
D0314,sedang,
D0314,bersama,
D0314,IMRAK,
D0314,di,
D0314,area,
D0314,kebun,
D0314,di,
D0314,Jalan,
D0314,Bypass,
D0314,Ngurah,
D0314,Rai,
D0314,di,
D0314,samping,
D0314,PT,
D0314,Indonesia,
D0314,Power,
D0314,Dusun,
D0314,Pesanggaran,
D0314,Desa,
D0314,Pedungan,
D0314,Denpasar,
D0314,Selatan,
D0315,Mendekam,
D0315,di,
D0315,penjara,
D0315,selama,
D0315,lima,
D0315,kali,
D0315,tidak,
D0315,membuat,
D0315,IA,
D0315,60,
D0315,kapok,
D0315,Pria,
D0315,asal,
D0315,Aceh,
D0315,Barat,
D0315,Daya,
D0315,Abdya,
D0315,Aceh,
D0315,itu,
D0315,kembali,
D0315,ditangkap,
D0315,usai,
D0315,lima,
D0315,hari,
D0315,menghirup,
D0315,udara,
D0315,bebas,
D0315,karena,
D0315,diduga,
D0315,melakukan,
D0315,pencurian,
D0315,Kasat,
D0315,Reskrim,
D0315,Polresta,
D0315,Banda,
D0315,Aceh,
D0315,Kompol,
D0315,Fadillah,
D0315,Aditya,
D0315,Pratama,
D0315,mengatakan,
D0315,penangkapan,
D0315,pelaku,
D0315,bermula,
D0315,dari,
D0315,laporan,
D0315,pemilik,
D0315,Istana,
D0315,Perabot,
D0315,Banda,
D0315,Aceh,
D0315,Yusniar,
D0315,yang,
D0315,melapor,
D0315,kehilangan,
D0315,tas,
D0315,berisi,
D0315,ponsel,
D0315,uang,
D0315,serta,
D0315,suratsurat,
D0315,berharga,
D0315,Tas,
D0315,itu,
D0315,diduga,
D0315,diambil,
D0315,IA,
D0315,yang,
D0315,sempat,
D0315,berpurapura,
D0315,membeli,
D0315,barang,
D0315,di,
D0315,toko,
D0315,tersebut,
D0315,Fadillah,
D0315,menyebutkan,
D0315,IA,
D0315,mendatangi,
D0315,toko,
D0315,tersebut,
D0315,pada,
D0315,Senin,
D0315,pagi,
D0315,dan,
D0315,bertemu,
D0315,dengan,
D0315,Yusniar,
D0315,yang,
D0315,hendak,
D0315,membuka,
D0315,tempat,
D0315,usahanya,
D0315,Korban,
D0315,disebut,
D0315,sempat,
D0315,meminta,
D0315,pelaku,
D0315,berbelanja,
D0315,di,
D0315,tempat,
D0315,lain,
D0315,terlebih,
D0315,dulu,
D0315,karena,
D0315,tokonya,
D0315,baru,
D0315,mau,
D0315,dibuka,
D0315,SCROLL,
D0315,TO,
D0315,CONTINUE,
D0315,WITH,
D0315,CONTENT,
D0315,Namun,
D0315,pelaku,
D0315,disebut,
D0315,tetap,
D0315,menunggu,
D0315,hingga,
D0315,toko,
D0315,dibuka,
D0315,Setelahnya,
D0315,dia,
D0315,ikut,
D0315,masuk,
D0315,ke,
D0315,dalam,
D0315,serta,
D0315,menanyakan,
D0315,harga,
D0315,kasur,
D0315,dan,
D0315,lemari,
D0315,Menurutnya,
D0315,usai,
D0315,terjadi,
D0315,kesepakatan,
D0315,harga,
D0315,AI,
D0315,meminta,
D0315,korban,
D0315,mengambil,
D0315,faktur,
D0315,bon,
D0315,namun,
D0315,korban,
D0315,meletakkan,
D0315,tas,
D0315,di,
D0315,meja,
D0315,depan,
D0315,toko,
D0315,Setelah,
D0315,mengambil,
D0315,bon,
D0315,korban,
D0315,melihat,
D0315,AI,
D0315,sudah,
D0315,tidak,
D0315,berada,
D0315,di,
D0315,lokasi,
D0315,dan,
D0315,tasnya,
D0315,juga,
D0315,sudah,
D0315,raib,
D0315,Korban,
D0315,pada,
D0315,saat,
D0315,itu,
D0315,langsung,
D0315,mengejar,
D0315,pelaku,
D0315,namun,
D0315,pelaku,
D0315,berhasil,
D0315,melarikan,
D0315,diri,
D0315,dengan,
D0315,menggunakan,
D0315,mobil,
D0315,minibus,
D0315,yang,
D0315,dikemudikannya,
D0315,kata,
D0315,Fadillah,
D0315,kepada,
D0315,wartawan,
D0315,Selasa,
D0315,422025,
D0315,Tak,
D0315,lama,
D0315,usai,
D0315,kejadian,
D0315,polisi,
D0315,turun,
D0315,tangan,
D0315,melakukan,
D0315,penyelidikan,
D0315,dan,
D0315,menangkap,
D0315,AI,
D0315,enam,
D0315,jam,
D0315,usai,
D0315,kejadian,
D0315,Menurutnya,
D0315,AI,
D0315,merupakan,
D0315,residivis,
D0315,kasus,
D0315,pencurian,
D0315,Pelaku,
D0315,residivis,
D0315,yang,
D0315,baru,
D0315,lima,
D0315,hari,
D0315,bebas,
D0315,dari,
D0315,Lembaga,
D0315,Permasyarakatan,
D0315,LP,
D0315,Kajhu,
D0315,Aceh,
D0315,Besar,
D0315,dalam,
D0315,perkara,
D0315,yang,
D0315,sama,
D0315,Ia,
D0315,sudah,
D0315,lima,
D0315,kali,
D0315,menghuni,
D0315,Lapas,
D0315,jelas,
D0315,Fadillah,
D0315,Penangkapan,
D0315,IA,
D0315,dilakukan,
D0315,tim,
D0315,Rimueng,
D0315,Satreskrim,
D0315,Polresta,
D0315,Banda,
D0315,Aceh,
D0315,di,
D0315,rumahnya,
D0315,di,
D0315,kawasan,
D0315,Lembah,
D0315,Seulawah,
D0315,Aceh,
D0315,Besar,
D0315,Senin,
D0315,32,
D0315,sore,
D0315,IA,
D0315,disebut,
D0315,tidak,
D0315,berkutik,
D0315,saat,
D0315,diringkus,
D0315,polisi,
D0316,Kejadian,
D0316,nahas,
D0316,menimpa,
D0316,seorang,
D0316,wanita,
D0316,berinisial,
D0316,JSR,
D0316,30,
D0316,di,
D0316,Kota,
D0316,Medan,
D0316,Sumatera,
D0316,Utara,
D0316,Sumut,
D0316,Pasalnya,
D0316,dia,
D0316,menjadi,
D0316,korban,
D0316,pemerkosaan,
D0316,dan,
D0316,perampokan,
D0316,pria,
D0316,yang,
D0316,dikenalnya,
D0316,lewat,
D0316,aplikasi,
D0316,Berikut,
D0316,detikSumut,
D0316,rangkum,
D0316,lima,
D0316,fakta,
D0316,terkait,
D0316,dengan,
D0316,peristiwa,
D0316,itu,
D0316,Kapolsek,
D0316,Sunggal,
D0316,Kompol,
D0316,Bambang,
D0316,Gunanti,
D0316,Hutabarat,
D0316,mengatakan,
D0316,peristiwa,
D0316,itu,
D0316,terjadi,
D0316,di,
D0316,Jalan,
D0316,Amal,
D0316,Kecamatan,
D0316,Medan,
D0316,Sunggal,
D0316,Senin,
D0316,2712025,
D0316,malam,
D0316,Ada,
D0316,dua,
D0316,pelaku,
D0316,yang,
D0316,ditangkap,
D0316,terkait,
D0316,kasus,
D0316,itu,
D0316,yakni,
D0316,Abdi,
D0316,Syahputra,
D0316,34,
D0316,dan,
D0316,Angga,
D0316,Lesmana,
D0316,30,
D0316,SCROLL,
D0316,TO,
D0316,CONTINUE,
D0316,WITH,
D0316,CONTENT,
D0316,Kami,
D0316,Polsek,
D0316,Sunggal,
D0316,merilis,
D0316,pengungkapan,
D0316,kasus,
D0316,tindak,
D0316,pidana,
D0316,pencurian,
D0316,dengan,
D0316,kekerasan,
D0316,dengan,
D0316,tersangka,
D0316,ada,
D0316,dua,
D0316,AL,
D0316,dan,
D0316,AS,
D0316,Motifnya,
D0316,adalah,
D0316,ingin,
D0316,mengambil,
D0316,dan,
D0316,menguasai,
D0316,barangbarang,
D0316,korban,
D0316,kata,
D0316,Bambang,
D0316,saat,
D0316,konferensi,
D0316,pers,
D0316,Senin,
D0316,32,
D0316,Bambang,
D0316,menyebut,
D0316,kejadian,
D0316,itu,
D0316,berawal,
D0316,saat,
D0316,korban,
D0316,dan,
D0316,pelaku,
D0316,Abdi,
D0316,Syahputra,
D0316,berkenalan,
D0316,melalui,
D0316,aplikasi,
D0316,Saat,
D0316,berkenalan,
D0316,pelaku,
D0316,mengaku,
D0316,bernama,
D0316,Yanto,
D0316,Selang,
D0316,beberapa,
D0316,waktu,
D0316,keduanya,
D0316,pun,
D0316,janjian,
D0316,untuk,
D0316,bertemu,
D0316,di,
D0316,salah,
D0316,satu,
D0316,SPBU,
D0316,di,
D0316,simpang,
D0316,Ringroad,
D0316,pada,
D0316,27,
D0316,Januari,
D0316,2025,
D0316,sekira,
D0316,pukul,
D0316,2230,
D0316,WIB,
D0316,Selang,
D0316,beberapa,
D0316,waktu,
D0316,pelaku,
D0316,datang,
D0316,dengan,
D0316,mengendarai,
D0316,mobil,
D0316,Usai,
D0316,bertemu,
D0316,keduanya,
D0316,pergi,
D0316,berkeliling,
D0316,dengan,
D0316,alasan,
D0316,ingin,
D0316,membeli,
D0316,minuman,
D0316,bandrek,
D0316,hingga,
D0316,ke,
D0316,Jalan,
D0316,Amal,
D0316,Setibanya,
D0316,di,
D0316,jalan,
D0316,tersebut,
D0316,pelaku,
D0316,ternyata,
D0316,tidak,
D0316,sendirian,
D0316,di,
D0316,dalam,
D0316,mobil,
D0316,itu,
D0316,Tibatiba,
D0316,pelaku,
D0316,AL,
D0316,muncul,
D0316,dari,
D0316,kursi,
D0316,belakang,
D0316,mobil,
D0316,dan,
D0316,langsung,
D0316,mencekik,
D0316,korban,
D0316,Selain,
D0316,itu,
D0316,pelaku,
D0316,juga,
D0316,mengancam,
D0316,akan,
D0316,memutilasi,
D0316,korban,
D0316,jika,
D0316,tidak,
D0316,menyerahkan,
D0316,perhiasannya,
D0316,Setibanya,
D0316,di,
D0316,Jalan,
D0316,Amal,
D0316,langsung,
D0316,tersangka,
D0316,satu,
D0316,lagi,
D0316,keluar,
D0316,dari,
D0316,belakang,
D0316,dan,
D0316,mencekik,
D0316,leher,
D0316,korban,
D0316,dengan,
D0316,mengancam,
D0316,apabila,
D0316,korban,
D0316,ini,
D0316,tidak,
D0316,mengikuti,
D0316,kemauan,
D0316,mereka,
D0316,dan,
D0316,menyerahkan,
D0316,barangbarangnya,
D0316,akan,
D0316,diancam,
D0316,mutilasi,
D0316,jelasnya,
D0316,Tak,
D0316,hanya,
D0316,itu,
D0316,pelaku,
D0316,Abdi,
D0316,Syahputra,
D0316,juga,
D0316,sempat,
D0316,memperkosa,
D0316,korban,
D0316,di,
D0316,salah,
D0316,satu,
D0316,hotel,
D0316,di,
D0316,Jalan,
D0316,Ngumban,
D0316,Surbakti,
D0316,Setelah,
D0316,itu,
D0316,para,
D0316,pelaku,
D0316,membawa,
D0316,korban,
D0316,dan,
D0316,menurunkannya,
D0316,ke,
D0316,arah,
D0316,Kecamatan,
D0316,Tanjung,
D0316,Morawa,
D0316,Sebelum,
D0316,menurunkan,
D0316,korban,
D0316,para,
D0316,pelaku,
D0316,mengambil,
D0316,hp,
D0316,dan,
D0316,perhiasan,
D0316,korban,
D0316,seperti,
D0316,gelang,
D0316,dan,
D0316,cincin,
D0316,Tapi,
D0316,dalam,
D0316,perjalanannya,
D0316,itu,
D0316,korban,
D0316,ini,
D0316,sempat,
D0316,mendapat,
D0316,perlakukan,
D0316,pelecehan,
D0316,dari,
D0316,tersangka,
D0316,AS,
D0316,Diperkosa,
D0316,di,
D0316,hotel,
D0316,di,
D0316,bawah,
D0316,tekanan,
D0316,Lalu,
D0316,dibawa,
D0316,kelilingkeliling,
D0316,diambil,
D0316,barangnya,
D0316,semua,
D0316,korban,
D0316,ditinggalkan,
D0316,di,
D0316,Simpang,
D0316,Kayu,
D0316,Besar,
D0316,Tanjung,
D0316,Morawa,
D0316,Selanjutnya,
D0316,para,
D0316,tersangka,
D0316,meninggalkan,
D0316,korban,
D0316,pergi,
D0316,kata,
D0316,Bambang,
D0316,Peristiwa,
D0316,itu,
D0316,lalu,
D0316,dilaporkan,
D0316,korban,
D0316,ke,
D0316,Polsek,
D0316,Sunggal,
D0316,Pihak,
D0316,kepolisian,
D0316,pun,
D0316,menyelidiki,
D0316,kasus,
D0316,tersebut,
D0316,dan,
D0316,menangkap,
D0316,kedua,
D0316,pelaku,
D0316,di,
D0316,Jalan,
D0316,Flamboyan,
D0316,Raya,
D0316,Kecamatan,
D0316,Medan,
D0316,Tuntungan,
D0316,Kamis,
D0316,301,
D0316,Namun,
D0316,saat,
D0316,akan,
D0316,ditangkap,
D0316,kedua,
D0316,pelaku,
D0316,melakukan,
D0316,perlawanan,
D0316,hingga,
D0316,terpaksa,
D0316,ditembak,
D0316,di,
D0316,bagian,
D0316,kakinya,
D0316,Selain,
D0316,menangkap,
D0316,kedua,
D0316,pelaku,
D0316,pihak,
D0316,kepolisian,
D0316,juga,
D0316,mengamankan,
D0316,hp,
D0316,korban,
D0316,Barang,
D0316,barang,
D0316,yang,
D0316,diambil,
D0316,dari,
D0316,korban,
D0316,adalah,
D0316,satu,
D0316,hp,
D0316,dan,
D0316,perhiasan,
D0316,milik,
D0316,korban,
D0316,Hp,
D0316,sudah,
D0316,kita,
D0316,amankan,
D0316,sedangkan,
D0316,perhiasan,
D0316,menurut,
D0316,keterangan,
D0316,mereka,
D0316,pelaku,
D0316,katanya,
D0316,bukan,
D0316,emas,
D0316,dibuang,
D0316,ujarnya,
D0316,Berdasarkan,
D0316,pengakuan,
D0316,pelaku,
D0316,aksi,
D0316,serupa,
D0316,telah,
D0316,empat,
D0316,kali,
D0316,dilakukan,
D0316,mereka,
D0316,Para,
D0316,pelaku,
D0316,melancarkan,
D0316,aksinya,
D0316,dengan,
D0316,modus,
D0316,mengajak,
D0316,korban,
D0316,berkenalan,
D0316,Pertamatama,
D0316,kedua,
D0316,pelaku,
D0316,mencari,
D0316,kenalan,
D0316,melalui,
D0316,media,
D0316,sosial,
D0316,dan,
D0316,mengajak,
D0316,korban,
D0316,untuk,
D0316,bertemu,
D0316,Setelah,
D0316,itu,
D0316,pelaku,
D0316,dengan,
D0316,mengendarai,
D0316,mobil,
D0316,bertemu,
D0316,dengan,
D0316,korban,
D0316,dan,
D0316,membawa,
D0316,korban,
D0316,masuk,
D0316,ke,
D0316,dalam,
D0316,mobil,
D0316,Setelah,
D0316,itu,
D0316,kedua,
D0316,pelaku,
D0316,langsung,
D0316,membekap,
D0316,korban,
D0316,di,
D0316,dalam,
D0316,mobil,
D0316,dan,
D0316,mengambil,
D0316,barangbarang,
D0316,berharga,
D0316,milik,
D0316,korban,
D0316,pungkasnya,
D0317,Pemilik,
D0317,toko,
D0317,harian,
D0317,sekaligus,
D0317,ATM,
D0317,mini,
D0317,di,
D0317,Rokan,
D0317,Hilir,
D0317,Riau,
D0317,jadi,
D0317,korban,
D0317,perampokan,
D0317,dengan,
D0317,senjata,
D0317,api,
D0317,Terlihat,
D0317,pelaku,
D0317,beraksi,
D0317,tidak,
D0317,lebih,
D0317,dari,
D0317,1,
D0317,menit,
D0317,dan,
D0317,berhasil,
D0317,menggasak,
D0317,uang,
D0317,puluhan,
D0317,juta,
D0317,Dilihat,
D0317,dari,
D0317,rekaman,
D0317,CCTV,
D0317,yang,
D0317,beredar,
D0317,2,
D0317,pelaku,
D0317,masuk,
D0317,sekitar,
D0317,pukul,
D0317,0019,
D0317,WIB,
D0317,dini,
D0317,hari,
D0317,tadi,
D0317,Pelaku,
D0317,yang,
D0317,berjumlah,
D0317,tiga,
D0317,orang,
D0317,beraksi,
D0317,saat,
D0317,pemilik,
D0317,toko,
D0317,Rukun,
D0317,Sinulingga,
D0317,bersama,
D0317,istri,
D0317,Saten,
D0317,Maria,
D0317,Br,
D0317,Ginting,
D0317,akan,
D0317,menutup,
D0317,toko,
D0317,SCROLL,
D0317,TO,
D0317,CONTINUE,
D0317,WITH,
D0317,CONTENT,
D0317,Tibatiba,
D0317,pelaku,
D0317,turun,
D0317,dari,
D0317,mobil,
D0317,menuju,
D0317,ke,
D0317,arah,
D0317,Rukun,
D0317,yang,
D0317,tengah,
D0317,memasukkan,
D0317,BBM,
D0317,ke,
D0317,gudang,
D0317,Pelaku,
D0317,langsung,
D0317,menembak,
D0317,ke,
D0317,arah,
D0317,Rukun,
D0317,tiga,
D0317,kali,
D0317,dan,
D0317,terdengarlah,
D0317,suara,
D0317,letusan,
D0317,Istri,
D0317,korban,
D0317,yang,
D0317,kaget,
D0317,melihat,
D0317,ke,
D0317,luar,
D0317,toko,
D0317,Saat,
D0317,itulah,
D0317,dua,
D0317,pelaku,
D0317,langsung,
D0317,menodong,
D0317,pakai,
D0317,senjata,
D0317,api,
D0317,sambil,
D0317,membawa,
D0317,korban,
D0317,masuk,
D0317,dan,
D0317,berkata,
D0317,Mana,
D0317,tas,
D0317,mana,
D0317,tas,
D0317,Merasa,
D0317,ketakutan,
D0317,karena,
D0317,diancam,
D0317,dengan,
D0317,senjata,
D0317,api,
D0317,pasutri,
D0317,itu,
D0317,lalu,
D0317,menyerahkan,
D0317,tas,
D0317,yang,
D0317,diminta,
D0317,Dalam,
D0317,tas,
D0317,tersebut,
D0317,berisi,
D0317,11,
D0317,ATM,
D0317,hingga,
D0317,uang,
D0317,tunai,
D0317,Rp,
D0317,50,
D0317,juta,
D0317,dari,
D0317,toko,
D0317,korban,
D0317,di,
D0317,jalan,
D0317,lintas,
D0317,RiauSumatera,
D0317,Utara,
D0317,KM,
D0317,21,
D0317,Bangko,
D0317,Pusako,
D0317,Tidak,
D0317,sampai,
D0317,1,
D0317,menit,
D0317,atau,
D0317,sekitar,
D0317,pukul,
D0317,0020,
D0317,WIB,
D0317,kedua,
D0317,pelaku,
D0317,terlihat,
D0317,keluar,
D0317,meninggalkan,
D0317,korban,
D0317,Tiga,
D0317,pelaku,
D0317,menggunakan,
D0317,penutup,
D0317,wajah,
D0317,dan,
D0317,masker,
D0317,saat,
D0317,beraksi,
D0317,Hasil,
D0317,pemeriksaan,
D0317,pelaku,
D0317,ini,
D0317,juga,
D0317,sempat,
D0317,menodongkan,
D0317,senjata,
D0317,sejenis,
D0317,senjata,
D0317,api,
D0317,ke,
D0317,arah,
D0317,kanan,
D0317,kening,
D0317,korban,
D0317,Bahkan,
D0317,ada,
D0317,mencekik,
D0317,leher,
D0317,pelapor,
D0317,dari,
D0317,arah,
D0317,belakang,
D0317,kata,
D0317,Kasat,
D0317,Reskrim,
D0317,Polres,
D0317,Rokan,
D0317,Hilir,
D0317,AKP,
D0317,I,
D0317,Putu,
D0317,Adi,
D0317,Senin,
D0317,322025,
D0317,Polisi,
D0317,juga,
D0317,mengungkap,
D0317,tiga,
D0317,pelaku,
D0317,yang,
D0317,sempat,
D0317,melepas,
D0317,tembakan,
D0317,bersadarkan,
D0317,keterangan,
D0317,korban,
D0317,Namun,
D0317,hasil,
D0317,olah,
D0317,TKP,
D0317,tak,
D0317,ditemukan,
D0317,adanya,
D0317,selongsong,
D0317,peluru,
D0317,bekas,
D0317,tembakan,
D0317,Tidak,
D0317,ada,
D0317,selongsong,
D0317,di,
D0317,TKP,
D0317,ditemukan,
D0317,Tapi,
D0317,perlu,
D0317,dipastikan,
D0317,lagi,
D0317,kata,
D0317,Kasat,
D0317,Polisi,
D0317,juga,
D0317,memastikan,
D0317,tidak,
D0317,ada,
D0317,korban,
D0317,jiwa,
D0317,dalam,
D0317,kejadian,
D0317,tersebut,
D0317,Korban,
D0317,hanya,
D0317,mengalami,
D0317,kerugian,
D0317,materi,
D0317,yang,
D0317,kini,
D0317,tengah,
D0317,diusut,
D0317,polisi,
D0318,Sembilan,
D0318,pemuda,
D0318,ditangkap,
D0318,saat,
D0318,tawuran,
D0318,di,
D0318,Jalan,
D0318,Selebes,
D0318,Kecamatan,
D0318,Medan,
D0318,Belawan,
D0318,Kota,
D0318,Medan,
D0318,Dari,
D0318,total,
D0318,tersebut,
D0318,enam,
D0318,di,
D0318,antaranya,
D0318,positif,
D0318,menggunakan,
D0318,narkoba,
D0318,Kabag,
D0318,Ops,
D0318,Polres,
D0318,Pelabuhan,
D0318,Belawan,
D0318,AKP,
D0318,Pittor,
D0318,Gultom,
D0318,mengatakan,
D0318,tawuran,
D0318,itu,
D0318,terjadi,
D0318,sekira,
D0318,pukul,
D0318,0130,
D0318,WIB,
D0318,tadi,
D0318,Tawuran,
D0318,tersebut,
D0318,terjadi,
D0318,antara,
D0318,pemuda,
D0318,Gang,
D0318,7,
D0318,dan,
D0318,Gang,
D0318,10,
D0318,Adapun,
D0318,sembilan,
D0318,orang,
D0318,yang,
D0318,diamankan,
D0318,itu,
D0318,adalah,
D0318,A,
D0318,16,
D0318,I,
D0318,15,
D0318,L,
D0318,14,
D0318,AST,
D0318,15,
D0318,R,
D0318,14,
D0318,MR,
D0318,16,
D0318,FP,
D0318,20,
D0318,RI,
D0318,20,
D0318,dan,
D0318,AG,
D0318,18,
D0318,Tim,
D0318,patroli,
D0318,gabungan,
D0318,Polres,
D0318,Pelabuhan,
D0318,Belawan,
D0318,menangkap,
D0318,sembilan,
D0318,remaja,
D0318,dan,
D0318,pemuda,
D0318,yang,
D0318,terlibat,
D0318,aksi,
D0318,tawuran,
D0318,di,
D0318,Jalan,
D0318,Selebes,
D0318,kata,
D0318,Pittor,
D0318,Minggu,
D0318,222025,
D0318,SCROLL,
D0318,TO,
D0318,CONTINUE,
D0318,WITH,
D0318,CONTENT,
D0318,Pittor,
D0318,menyebut,
D0318,pihaknya,
D0318,langsung,
D0318,menuju,
D0318,lokasi,
D0318,usai,
D0318,mendapatkan,
D0318,informasi,
D0318,tawuran,
D0318,itu,
D0318,Setibanya,
D0318,di,
D0318,lokasi,
D0318,para,
D0318,pelaku,
D0318,tawuran,
D0318,mencoba,
D0318,melarikan,
D0318,diri,
D0318,sehingga,
D0318,petugas,
D0318,kepolisian,
D0318,hanya,
D0318,bisa,
D0318,mengamankan,
D0318,sembilan,
D0318,orang,
D0318,Usai,
D0318,ditangkap,
D0318,para,
D0318,pelaku,
D0318,diboyong,
D0318,ke,
D0318,Polres,
D0318,Pelabuhan,
D0318,Belawan,
D0318,untuk,
D0318,proses,
D0318,pemeriksaan,
D0318,Dari,
D0318,hasil,
D0318,tes,
D0318,urine,
D0318,enam,
D0318,di,
D0318,antaranya,
D0318,positif,
D0318,mengonsumsi,
D0318,narkoba,
D0318,Hasil,
D0318,tes,
D0318,urine,
D0318,menunjukkan,
D0318,enam,
D0318,diantaranya,
D0318,positif,
D0318,menggunakan,
D0318,narkoba,
D0318,Dari,
D0318,interogasi,
D0318,awal,
D0318,aksi,
D0318,tawuran,
D0318,ini,
D0318,ternyata,
D0318,merupakan,
D0318,balas,
D0318,dendam,
D0318,antar,
D0318,kelompok,
D0318,pemuda,
D0318,dari,
D0318,dua,
D0318,gang,
D0318,yang,
D0318,sudah,
D0318,berlangsung,
D0318,cukup,
D0318,lama,
D0318,jelasnya,
D0318,Saat,
D0318,ini,
D0318,kata,
D0318,Pittor,
D0318,pihaknya,
D0318,masih,
D0318,menyelidiki,
D0318,soal,
D0318,kasus,
D0318,tersebut,
D0318,Selain,
D0318,itu,
D0318,pihak,
D0318,kepolisian,
D0318,juga,
D0318,berkoordinasi,
D0318,dengan,
D0318,orang,
D0318,tua,
D0318,para,
D0318,pelaku,
D0318,agar,
D0318,peristiwa,
D0318,serupa,
D0318,tidak,
D0318,lagi,
D0318,terjadi,
D0318,Kami,
D0318,mengimbau,
D0318,para,
D0318,orang,
D0318,tua,
D0318,untuk,
D0318,lebih,
D0318,memperhatikan,
D0318,aktivitas,
D0318,anakanak,
D0318,mereka,
D0318,terutama,
D0318,di,
D0318,malam,
D0318,hari,
D0318,Kami,
D0318,juga,
D0318,akan,
D0318,terus,
D0318,meningkatkan,
D0318,patroli,
D0318,guna,
D0318,menjaga,
D0318,kamtibmas,
D0318,kondusif,
D0318,di,
D0318,wilayah,
D0318,hukum,
D0318,Polres,
D0318,Pelabuhan,
D0318,Belawan,
D0318,pungkasnya,
D0319,Pria,
D0319,berinisial,
D0319,R,
D0319,tertangkap,
D0319,basah,
D0319,mencuri,
D0319,kotak,
D0319,amal,
D0319,dan,
D0319,speaker,
D0319,wireless,
D0319,di,
D0319,Masjid,
D0319,Ittihadul,
D0319,Ummah,
D0319,Desa,
D0319,Senanggalih,
D0319,Kecamatan,
D0319,Sambelia,
D0319,Lombok,
D0319,Timur,
D0319,Nusa,
D0319,Tenggara,
D0319,Barat,
D0319,NTB,
D0319,Pencurian,
D0319,dilakukan,
D0319,pada,
D0319,Minggu,
D0319,222025,
D0319,sekitar,
D0319,pukul,
D0319,1430,
D0319,Wita,
D0319,R,
D0319,sempat,
D0319,mencoba,
D0319,membawa,
D0319,kabur,
D0319,kotak,
D0319,amal,
D0319,dan,
D0319,speaker,
D0319,dengan,
D0319,menumpang,
D0319,angkutan,
D0319,umum,
D0319,Namun,
D0319,warga,
D0319,yang,
D0319,mengetahui,
D0319,kejadian,
D0319,langsung,
D0319,mengejarnya,
D0319,dan,
D0319,berhasil,
D0319,menangkap,
D0319,pelaku,
D0319,di,
D0319,dalam,
D0319,kendaraan,
D0319,tersebut,
D0319,Setelah,
D0319,berhasil,
D0319,mengambil,
D0319,kotak,
D0319,amal,
D0319,dan,
D0319,speaker,
D0319,pelaku,
D0319,langsung,
D0319,naik,
D0319,angkutan,
D0319,umum,
D0319,Beruntung,
D0319,warga,
D0319,setempat,
D0319,yang,
D0319,menyadari,
D0319,aksinya,
D0319,segera,
D0319,mengejar,
D0319,dan,
D0319,menangkapnya,
D0319,Pelaku,
D0319,beserta,
D0319,barang,
D0319,bukti,
D0319,kemudian,
D0319,diamankan,
D0319,ke,
D0319,Polsek,
D0319,Sambelia,
D0319,ujar,
D0319,Kepala,
D0319,Seksi,
D0319,Hubungan,
D0319,Masyarakat,
D0319,Kasi,
D0319,Humas,
D0319,Polres,
D0319,Lombok,
D0319,Timur,
D0319,AKP,
D0319,Nicolas,
D0319,Oesman,
D0319,SCROLL,
D0319,TO,
D0319,CONTINUE,
D0319,WITH,
D0319,CONTENT,
D0319,Polisi,
D0319,menyita,
D0319,barang,
D0319,bukti,
D0319,berupa,
D0319,uang,
D0319,koin,
D0319,pecahan,
D0319,Rp,
D0319,500,
D0319,hingga,
D0319,Rp,
D0319,1000,
D0319,dengan,
D0319,total,
D0319,Rp,
D0319,243200,
D0319,serta,
D0319,satu,
D0319,speaker,
D0319,wireless,
D0319,dari,
D0319,tangan,
D0319,pelaku,
D0319,Total,
D0319,kerugian,
D0319,akibat,
D0319,pencurian,
D0319,ini,
D0319,diperkirakan,
D0319,mencapai,
D0319,Rp,
D0319,3243200,
D0319,Pelaku,
D0319,masih,
D0319,diamankan,
D0319,di,
D0319,Polsek,
D0319,Sambelia,
D0319,untuk,
D0319,menjalani,
D0319,pemeriksaan,
D0319,lebih,
D0319,lanjut,
D0319,Dari,
D0319,hasil,
D0319,interogasi,
D0319,awal,
D0319,pelaku,
D0319,diketahui,
D0319,berinisial,
D0319,R,
D0319,tambah,
D0319,Nicolas,
D0319,Nicolas,
D0319,mengimbau,
D0319,kepada,
D0319,pengurus,
D0319,masjid,
D0319,agar,
D0319,lebih,
D0319,berhatihati,
D0319,dalam,
D0319,mengelola,
D0319,dana,
D0319,amal,
D0319,Kami,
D0319,mengingatkan,
D0319,agar,
D0319,uang,
D0319,hasil,
D0319,donasi,
D0319,segera,
D0319,diamankan,
D0319,setelah,
D0319,dikumpulkan,
D0319,mengingat,
D0319,kejadian,
D0319,serupa,
D0319,kerap,
D0319,terjadi,
D0319,tegasnya,
D0320,Pasangan,
D0320,suami,
D0320,istri,
D0320,pasutri,
D0320,di,
D0320,Kota,
D0320,Medan,
D0320,Sumatera,
D0320,Utara,
D0320,Sumut,
D0320,NM,
D0320,alias,
D0320,Bila,
D0320,16,
D0320,dan,
D0320,Riski,
D0320,Harahap,
D0320,21,
D0320,merampas,
D0320,sepeda,
D0320,motor,
D0320,warga,
D0320,bersama,
D0320,sejumlah,
D0320,pelaku,
D0320,lainnya,
D0320,Komplotan,
D0320,ini,
D0320,beraksi,
D0320,dengan,
D0320,berpurapura,
D0320,mengajak,
D0320,korban,
D0320,berkencan,
D0320,Kasat,
D0320,Reskrim,
D0320,Polres,
D0320,Pelabuhan,
D0320,Belawan,
D0320,AKP,
D0320,Riffi,
D0320,Noor,
D0320,Faizal,
D0320,mengatakan,
D0320,peristiwa,
D0320,itu,
D0320,terjadi,
D0320,di,
D0320,Jalan,
D0320,Platina,
D0320,3,
D0320,Kecamatan,
D0320,Medan,
D0320,Deli,
D0320,Rabu,
D0320,2912025,
D0320,Sementara,
D0320,kedua,
D0320,pelaku,
D0320,ditangkap,
D0320,pada,
D0320,Sabtu,
D0320,12,
D0320,Dari,
D0320,hasil,
D0320,interogasi,
D0320,awal,
D0320,terungkap,
D0320,bahwa,
D0320,tersangka,
D0320,Bila,
D0320,dan,
D0320,Riski,
D0320,Harahap,
D0320,adalah,
D0320,pasangan,
D0320,suami,
D0320,istri,
D0320,kata,
D0320,Riffi,
D0320,Minggu,
D0320,22,
D0320,SCROLL,
D0320,TO,
D0320,CONTINUE,
D0320,WITH,
D0320,CONTENT,
D0320,Riffi,
D0320,mengatakan,
D0320,kejadian,
D0320,itu,
D0320,berawal,
D0320,saat,
D0320,pelaku,
D0320,Bila,
D0320,bertemu,
D0320,dengan,
D0320,korban,
D0320,Rifali,
D0320,Lalu,
D0320,tersangka,
D0320,mengajak,
D0320,korban,
D0320,untuk,
D0320,ke,
D0320,kosannya,
D0320,di,
D0320,Jalan,
D0320,Platina,
D0320,3,
D0320,Korban,
D0320,awalnya,
D0320,menolak,
D0320,Namun,
D0320,karena,
D0320,terus,
D0320,dibujuk,
D0320,oleh,
D0320,pelaku,
D0320,korban,
D0320,akhirnya,
D0320,setuju,
D0320,Setelah,
D0320,itu,
D0320,keduanya,
D0320,pergi,
D0320,menuju,
D0320,kos,
D0320,pelaku,
D0320,dengan,
D0320,mengendarai,
D0320,sepeda,
D0320,motor,
D0320,korban,
D0320,Setibanya,
D0320,di,
D0320,lokasi,
D0320,kejadian,
D0320,sejumlah,
D0320,pelaku,
D0320,lainnya,
D0320,ternyata,
D0320,telah,
D0320,menunggu,
D0320,korban,
D0320,Tak,
D0320,lama,
D0320,para,
D0320,pelaku,
D0320,langsung,
D0320,menyerang,
D0320,korban,
D0320,menggunakan,
D0320,parang,
D0320,Saat,
D0320,korban,
D0320,tiba,
D0320,salah,
D0320,seorang,
D0320,pelaku,
D0320,langsung,
D0320,menyerangnya,
D0320,dengan,
D0320,parang,
D0320,Korban,
D0320,pun,
D0320,panik,
D0320,dan,
D0320,melarikan,
D0320,diri,
D0320,meninggalkan,
D0320,sepeda,
D0320,motornya,
D0320,yang,
D0320,kemudian,
D0320,dibawa,
D0320,kabur,
D0320,oleh,
D0320,para,
D0320,pelaku,
D0320,sebutnya,
D0320,Atas,
D0320,kejadian,
D0320,itu,
D0320,korban,
D0320,membuat,
D0320,laporan,
D0320,ke,
D0320,Polres,
D0320,Pelabuhan,
D0320,Belawan,
D0320,Pihak,
D0320,kepolisian,
D0320,pun,
D0320,menyelidiki,
D0320,kasus,
D0320,tersebut,
D0320,hingga,
D0320,menangkap,
D0320,pelaku,
D0320,Bila,
D0320,di,
D0320,Jalan,
D0320,Kapten,
D0320,Muslim,
D0320,Setelah,
D0320,itu,
D0320,petugas,
D0320,kepolisian,
D0320,mencari,
D0320,keberadaan,
D0320,pelaku,
D0320,Riski,
D0320,Harahap,
D0320,dan,
D0320,menangkapnya,
D0320,di,
D0320,Jalan,
D0320,Klambir,
D0320,V,
D0320,Saat,
D0320,ini,
D0320,petugas,
D0320,kepolisian,
D0320,tengah,
D0320,memburu,
D0320,tiga,
D0320,pelaku,
D0320,lainnya,
D0320,Mereka,
D0320,mengakui,
D0320,perbuatannya,
D0320,di,
D0320,mana,
D0320,Bila,
D0320,berperan,
D0320,memancing,
D0320,korban,
D0320,dengan,
D0320,cara,
D0320,mengajak,
D0320,korban,
D0320,pergi,
D0320,ke,
D0320,lokasi,
D0320,yang,
D0320,telah,
D0320,ditentukan,
D0320,Sementara,
D0320,itu,
D0320,Riski,
D0320,Harahap,
D0320,dan,
D0320,tiga,
D0320,pelaku,
D0320,lainnya,
D0320,yang,
D0320,masih,
D0320,buron,
D0320,bertugas,
D0320,untuk,
D0320,menyerang,
D0320,dan,
D0320,merampas,
D0320,barang,
D0320,korban,
D0320,sebut,
D0320,Riffi,
D0320,Berdasarkan,
D0320,pengakuan,
D0320,kedua,
D0320,pelaku,
D0320,sepeda,
D0320,motor,
D0320,korban,
D0320,tersebut,
D0320,telah,
D0320,dijual,
D0320,Keduanya,
D0320,mengaku,
D0320,mendapatkan,
D0320,jatah,
D0320,sebesar,
D0320,Rp,
D0320,1,
D0320,juta,
D0320,Saat,
D0320,ini,
D0320,keduanya,
D0320,masih,
D0320,menjalani,
D0320,proses,
D0320,penyidikan,
D0320,lebih,
D0320,lanjut,
D0320,Sementara,
D0320,itu,
D0320,satreskrim,
D0320,terus,
D0320,memburu,
D0320,tiga,
D0320,tersangka,
D0320,lainnya,
D0320,yang,
D0320,masih,
D0320,dalam,
D0320,DPO,
D0320,pungkasnya,
D0321,Komplotan,
D0321,begal,
D0321,membacok,
D0321,tangan,
D0321,korbannya,
D0321,saat,
D0321,beraksi,
D0321,di,
D0321,Jalan,
D0321,Bromo,
D0321,Kecamatan,
D0321,Medan,
D0321,Denai,
D0321,Kota,
D0321,Medan,
D0321,Usai,
D0321,kejadian,
D0321,1,
D0321,dari,
D0321,4,
D0321,pelaku,
D0321,berhasil,
D0321,ditangkap,
D0321,Kanit,
D0321,Reskrim,
D0321,Polsek,
D0321,Medan,
D0321,Area,
D0321,Iptu,
D0321,Poltak,
D0321,Tambunan,
D0321,mengatakan,
D0321,peristiwa,
D0321,itu,
D0321,terjadi,
D0321,pagi,
D0321,tadi,
D0321,sekitar,
D0321,pukul,
D0321,0545,
D0321,WIB,
D0321,Korban,
D0321,bernama,
D0321,Ikhsan,
D0321,Alkamil,
D0321,22,
D0321,berboncengan,
D0321,dengan,
D0321,temannya,
D0321,Arif,
D0321,Prayoga,
D0321,22,
D0321,dari,
D0321,rumah,
D0321,mereka,
D0321,ke,
D0321,arah,
D0321,Stadion,
D0321,Teladan,
D0321,Medan,
D0321,Korban,
D0321,M,
D0321,Ikhsan,
D0321,Alkamil,
D0321,bersama,
D0321,temannya,
D0321,Arif,
D0321,Prayoga,
D0321,berangkat,
D0321,dari,
D0321,rumahnya,
D0321,di,
D0321,Jalan,
D0321,Rawa,
D0321,Cangkuk,
D0321,No,
D0321,21,
D0321,Kecamatan,
D0321,Medan,
D0321,Denai,
D0321,dengan,
D0321,mengendarai,
D0321,sepeda,
D0321,motor,
D0321,Kawasaki,
D0321,KLX,
D0321,warna,
D0321,biru,
D0321,BK,
D0321,4662,
D0321,ZAI,
D0321,untuk,
D0321,menjemput,
D0321,abangnya,
D0321,Arif,
D0321,di,
D0321,Stadion,
D0321,Teladan,
D0321,kata,
D0321,Iptu,
D0321,Poltak,
D0321,Tambunan,
D0321,dalam,
D0321,keterangannya,
D0321,Sabtu,
D0321,122025,
D0321,SCROLL,
D0321,TO,
D0321,CONTINUE,
D0321,WITH,
D0321,CONTENT,
D0321,Saat,
D0321,melintas,
D0321,di,
D0321,Jalan,
D0321,Bromo,
D0321,tepatnya,
D0321,di,
D0321,seberang,
D0321,Jalan,
D0321,Mamiyai,
D0321,korban,
D0321,dipepet,
D0321,4,
D0321,orang,
D0321,pria,
D0321,dengan,
D0321,menggunakan,
D0321,2,
D0321,sepeda,
D0321,motor,
D0321,Pelaku,
D0321,kemudian,
D0321,membacok,
D0321,korban,
D0321,hingga,
D0321,menepi,
D0321,ke,
D0321,pinggir,
D0321,jalan,
D0321,Ketika,
D0321,korban,
D0321,melintas,
D0321,di,
D0321,Jalan,
D0321,Bromo,
D0321,di,
D0321,seberang,
D0321,Jalan,
D0321,Mamiyai,
D0321,korban,
D0321,dipepet,
D0321,oleh,
D0321,2,
D0321,unit,
D0321,sepeda,
D0321,motor,
D0321,honda,
D0321,Vario,
D0321,dan,
D0321,Beat,
D0321,ada,
D0321,sekitar,
D0321,4,
D0321,orang,
D0321,lakilaki,
D0321,lalu,
D0321,mengacungkan,
D0321,celurit,
D0321,ke,
D0321,arah,
D0321,korban,
D0321,sambil,
D0321,mengatakan,
D0321,mati,
D0321,kaumati,
D0321,kau,
D0321,ucapnya,
D0321,Korban,
D0321,dengan,
D0321,nama,
D0321,Arif,
D0321,kemudian,
D0321,menangkis,
D0321,bacokan,
D0321,itu,
D0321,sambil,
D0321,menyelamatkan,
D0321,diri,
D0321,sehingga,
D0321,mengalami,
D0321,luka,
D0321,di,
D0321,bagian,
D0321,tangan,
D0321,Pelaku,
D0321,lain,
D0321,kemudian,
D0321,membawa,
D0321,lari,
D0321,sepeda,
D0321,motor,
D0321,yang,
D0321,dikendarai,
D0321,korban,
D0321,ke,
D0321,arah,
D0321,Jalan,
D0321,Bromo,
D0321,Ujung,
D0321,Sementara,
D0321,pelaku,
D0321,atas,
D0321,nama,
D0321,Hans,
D0321,Cristoffer,
D0321,Saragih,
D0321,21,
D0321,pergi,
D0321,menuju,
D0321,arah,
D0321,AR,
D0321,Hakim,
D0321,dan,
D0321,terpisah,
D0321,dari,
D0321,rombongannya,
D0321,Hans,
D0321,kemudian,
D0321,kembali,
D0321,melintas,
D0321,di,
D0321,Jalan,
D0321,Bromo,
D0321,dan,
D0321,korban,
D0321,kemudian,
D0321,mengejarnya,
D0321,berujung,
D0321,ditangkap,
D0321,polisi,
D0321,yang,
D0321,berada,
D0321,di,
D0321,sekitar,
D0321,lokasi,
D0321,Kemudian,
D0321,pelaku,
D0321,Hans,
D0321,setelah,
D0321,pergi,
D0321,lalu,
D0321,kembali,
D0321,ke,
D0321,jalan,
D0321,bromo,
D0321,dan,
D0321,pada,
D0321,saat,
D0321,itu,
D0321,korban,
D0321,melihat,
D0321,pelaku,
D0321,dan,
D0321,mengejarnya,
D0321,dan,
D0321,terjadi,
D0321,keributan,
D0321,kemudian,
D0321,Unit,
D0321,Reskrim,
D0321,melintas,
D0321,di,
D0321,Jalan,
D0321,Bromo,
D0321,dan,
D0321,melihat,
D0321,adanya,
D0321,keributan,
D0321,langsung,
D0321,mengamankan,
D0321,pelaku,
D0321,bersama,
D0321,barang,
D0321,bukti,
D0321,ujarnya,
D0321,Pelaku,
D0321,kemudian,
D0321,diamankan,
D0321,di,
D0321,Polsek,
D0321,Medan,
D0321,Area,
D0321,Polisi,
D0321,saat,
D0321,ini,
D0321,melakukan,
D0321,pengembangan,
D0321,untuk,
D0321,mencari,
D0321,pelaku,
D0321,lainnya,
D0321,Kemudian,
D0321,korban,
D0321,diarahkan,
D0321,ke,
D0321,Polsek,
D0321,Medan,
D0321,Area,
D0321,sedangkan,
D0321,pelaku,
D0321,yang,
D0321,diamankan,
D0321,dibawa,
D0321,untuk,
D0321,dilakukan,
D0321,pengembangan,
D0321,mencari,
D0321,pelaku,
D0321,lainnya,
D0321,tutupnya,
D0322,Komplotan,
D0322,pencuri,
D0322,membobol,
D0322,anjungan,
D0322,tunai,
D0322,mandiri,
D0322,ATM,
D0322,milik,
D0322,salah,
D0322,satu,
D0322,bank,
D0322,di,
D0322,dalam,
D0322,sebuah,
D0322,minimarket,
D0322,di,
D0322,Kecamatan,
D0322,Rajabasa,
D0322,Bandar,
D0322,Lampung,
D0322,Setelah,
D0322,membobol,
D0322,para,
D0322,pelaku,
D0322,juga,
D0322,membakar,
D0322,minimarket,
D0322,tersebut,
D0322,Melansir,
D0322,detikSumbagsel,
D0322,peristiwa,
D0322,tersebut,
D0322,terjadi,
D0322,pada,
D0322,Sabtu,
D0322,122025,
D0322,malam,
D0322,pukul,
D0322,0400,
D0322,WIB,
D0322,di,
D0322,Jalan,
D0322,Kapayang,
D0322,2,
D0322,Kelurahan,
D0322,Rajabasa,
D0322,Pemuka,
D0322,Kecamatan,
D0322,Rajabasa,
D0322,Para,
D0322,pelaku,
D0322,diduga,
D0322,berhasil,
D0322,menggondol,
D0322,uang,
D0322,tunai,
D0322,yang,
D0322,berada,
D0322,di,
D0322,dalam,
D0322,mesin,
D0322,ATM,
D0322,senilai,
D0322,Rp,
D0322,100,
D0322,juta,
D0322,lebih,
D0322,Kapolresta,
D0322,Bandar,
D0322,Lampung,
D0322,Kombes,
D0322,Alfret,
D0322,Jacob,
D0322,Tilukay,
D0322,membenarkan,
D0322,soal,
D0322,pembakaran,
D0322,tersebut,
D0322,dia,
D0322,menyebut,
D0322,hal,
D0322,itu,
D0322,dilakukan,
D0322,diduga,
D0322,untuk,
D0322,menghilangkan,
D0322,jejaknya,
D0322,SCROLL,
D0322,TO,
D0322,CONTINUE,
D0322,WITH,
D0322,CONTENT,
D0322,Memang,
D0322,iya,
D0322,dibakar,
D0322,dugaan,
D0322,kami,
D0322,bisa,
D0322,saja,
D0322,toko,
D0322,dibakar,
D0322,untuk,
D0322,menghapus,
D0322,jejak,
D0322,atau,
D0322,bisa,
D0322,saja,
D0322,karena,
D0322,disebabkan,
D0322,mesin,
D0322,las,
D0322,yang,
D0322,digunakan,
D0322,para,
D0322,pelaku,
D0322,untuk,
D0322,membobol,
D0322,mesin,
D0322,ATM,
D0322,Maka,
D0322,atas,
D0322,kemungkinan,
D0322,tersebut,
D0322,kami,
D0322,masih,
D0322,terus,
D0322,dalami,
D0322,kata,
D0322,Kombes,
D0322,Alfret,
D0322,Jacob,
D0322,Tilukay,
D0322,Sabtu,
D0322,122025,
D0322,Alfret,
D0322,mengatakan,
D0322,pihaknya,
D0322,masih,
D0322,melakukan,
D0322,koordinasi,
D0322,dengan,
D0322,pihakpihak,
D0322,terkait,
D0322,untuk,
D0322,menghitung,
D0322,kerugian,
D0322,Sementara,
D0322,kerugian,
D0322,diduga,
D0322,ditaksir,
D0322,mencapai,
D0322,ratusan,
D0322,juta,
D0322,rupiah,
D0322,Sampai,
D0322,saat,
D0322,ini,
D0322,kita,
D0322,belum,
D0322,mengetahui,
D0322,jumlah,
D0322,totalnya,
D0322,diperkirakan,
D0322,mungkin,
D0322,lebih,
D0322,dari,
D0322,informasi,
D0322,yang,
D0322,beredar,
D0322,ya,
D0322,Kami,
D0322,masih,
D0322,melakukan,
D0322,koordinasi,
D0322,dengan,
D0322,pihak,
D0322,Indomaret,
D0322,maupun,
D0322,pihak,
D0322,bank,
D0322,untuk,
D0322,menghitung,
D0322,kerugiannya,
D0322,terang,
D0322,dia,
D0322,Adapun,
D0322,barang,
D0322,bukti,
D0322,yang,
D0322,ditemukan,
D0322,dilokasi,
D0322,kejadian,
D0322,yakni,
D0322,1,
D0322,buah,
D0322,tabung,
D0322,gas,
D0322,elpiji,
D0322,3,
D0322,kilogram,
D0322,serta,
D0322,tabung,
D0322,las,
D0322,kompresor,
D0322,yang,
D0322,digunakan,
D0322,para,
D0322,pelaku,
D0322,untuk,
D0322,menjebol,
D0322,mesin,
D0322,ATM,
D0323,Polres,
D0323,Pelabuhan,
D0323,Belawan,
D0323,menangkap,
D0323,3,
D0323,pelaku,
D0323,begal,
D0323,yang,
D0323,beraksi,
D0323,di,
D0323,Kota,
D0323,Medan,
D0323,Ketiganya,
D0323,adalah,
D0323,MAB,
D0323,17,
D0323,MAA,
D0323,20,
D0323,dan,
D0323,YAH,
D0323,17,
D0323,Kasat,
D0323,Reskrim,
D0323,Polres,
D0323,Pelabuhan,
D0323,Belawan,
D0323,AKP,
D0323,Riffi,
D0323,Noor,
D0323,Faizal,
D0323,mengatakan,
D0323,ketiga,
D0323,tersangka,
D0323,ditangkap,
D0323,kemarin,
D0323,Ketiganya,
D0323,ditangkap,
D0323,karena,
D0323,melakukan,
D0323,pembegalan,
D0323,di,
D0323,Jalan,
D0323,Alumunium,
D0323,Kelurahan,
D0323,Tanjung,
D0323,Mulia,
D0323,Medan,
D0323,pada,
D0323,Minggu,
D0323,261,
D0323,pukul,
D0323,0345,
D0323,WIB,
D0323,Ia,
D0323,mengatakan,
D0323,awalnya,
D0323,korban,
D0323,bernama,
D0323,Ferdy,
D0323,19,
D0323,mendapat,
D0323,informasi,
D0323,jika,
D0323,temannya,
D0323,Hafis,
D0323,kena,
D0323,bacok,
D0323,di,
D0323,jalan,
D0323,Ferdy,
D0323,kemudian,
D0323,ke,
D0323,lokasi,
D0323,bersama,
D0323,temannya,
D0323,dan,
D0323,membawa,
D0323,Hafis,
D0323,ke,
D0323,rumah,
D0323,sakit,
D0323,SCROLL,
D0323,TO,
D0323,CONTINUE,
D0323,WITH,
D0323,CONTENT,
D0323,Kejadian,
D0323,bermula,
D0323,saat,
D0323,korban,
D0323,Ferdy,
D0323,19,
D0323,sedang,
D0323,duduk,
D0323,bersama,
D0323,temantemannya,
D0323,Ia,
D0323,mendapat,
D0323,kabar,
D0323,bahwa,
D0323,rekannya,
D0323,Hafis,
D0323,menjadi,
D0323,korban,
D0323,pembacokan,
D0323,di,
D0323,Lingkungan,
D0323,XX,
D0323,Karena,
D0323,penasaran,
D0323,korban,
D0323,langsung,
D0323,menuju,
D0323,lokasi,
D0323,dan,
D0323,melihat,
D0323,Hafis,
D0323,terluka,
D0323,Korban,
D0323,kemudian,
D0323,bersama,
D0323,temantemannya,
D0323,hendak,
D0323,membawa,
D0323,teman,
D0323,Hafis,
D0323,ke,
D0323,RS,
D0323,Mitra,
D0323,Media,
D0323,dengan,
D0323,berboncengan,
D0323,tiga,
D0323,kata,
D0323,Kasat,
D0323,Reskrim,
D0323,Polres,
D0323,Pelabuhan,
D0323,Belawan,
D0323,dalam,
D0323,keterangannya,
D0323,Sabtu,
D0323,122025,
D0323,Namun,
D0323,di,
D0323,tengah,
D0323,perjalanan,
D0323,mereka,
D0323,dihadang,
D0323,oleh,
D0323,tiga,
D0323,orang,
D0323,pelaku,
D0323,yang,
D0323,memepet,
D0323,korban,
D0323,dan,
D0323,mengancam,
D0323,menggunakan,
D0323,senjata,
D0323,tajam,
D0323,berupa,
D0323,celurit,
D0323,Sepeda,
D0323,motor,
D0323,Ferdy,
D0323,kemudian,
D0323,dibawa,
D0323,kabur,
D0323,oleh,
D0323,ketiga,
D0323,pelaku,
D0323,Melihat,
D0323,ancaman,
D0323,itu,
D0323,dua,
D0323,teman,
D0323,korban,
D0323,langsung,
D0323,melompat,
D0323,dan,
D0323,melarikan,
D0323,diri,
D0323,Sementara,
D0323,itu,
D0323,korban,
D0323,yang,
D0323,berusaha,
D0323,kabur,
D0323,dengan,
D0323,memutar,
D0323,sepeda,
D0323,motornya,
D0323,justru,
D0323,terjatuh,
D0323,Korban,
D0323,akhirnya,
D0323,ikut,
D0323,melarikan,
D0323,diri,
D0323,dengan,
D0323,meninggalkan,
D0323,sepeda,
D0323,motor,
D0323,Honda,
D0323,Vario,
D0323,160,
D0323,miliknya,
D0323,Dari,
D0323,kejauhan,
D0323,korban,
D0323,melihat,
D0323,para,
D0323,tersangka,
D0323,mendorong,
D0323,sepeda,
D0323,motornya,
D0323,dan,
D0323,kabur,
D0323,jelasnya,
D0323,Setelah,
D0323,dilakukan,
D0323,penyelidikan,
D0323,intensif,
D0323,polisi,
D0323,mendapatkan,
D0323,informasi,
D0323,bahwa,
D0323,salah,
D0323,satu,
D0323,pelaku,
D0323,berinisial,
D0323,MAB,
D0323,berada,
D0323,di,
D0323,sebuah,
D0323,warnet,
D0323,di,
D0323,Jalan,
D0323,Gaharu,
D0323,Sedangkan,
D0323,2,
D0323,pelaku,
D0323,lainnya,
D0323,ditangkap,
D0323,di,
D0323,daerah,
D0323,Mabar,
D0323,Kami,
D0323,segera,
D0323,melakukan,
D0323,pengintaian,
D0323,dan,
D0323,berhasil,
D0323,menangkap,
D0323,MAB,
D0323,alias,
D0323,Cimeng,
D0323,Kemudian,
D0323,tim,
D0323,melakukan,
D0323,pengembangan,
D0323,dan,
D0323,berhasil,
D0323,menangkap,
D0323,MAA,
D0323,dan,
D0323,YAH,
D0323,di,
D0323,daerah,
D0323,Mabar,
D0323,ujarnya,
D0323,Dalam,
D0323,pemeriksaan,
D0323,tersangka,
D0323,MAB,
D0323,dan,
D0323,MAA,
D0323,mengakui,
D0323,telah,
D0323,melakukan,
D0323,pembegalan,
D0323,dan,
D0323,membawa,
D0323,kabur,
D0323,sepeda,
D0323,motor,
D0323,korban,
D0323,Sementara,
D0323,itu,
D0323,tersangka,
D0323,YAH,
D0323,mengaku,
D0323,ikut,
D0323,serta,
D0323,dalam,
D0323,menjual,
D0323,sepeda,
D0323,motor,
D0323,hasil,
D0323,kejahatan,
D0323,tersebut,
D0323,dengan,
D0323,harga,
D0323,Rp,
D0323,5600000,
D0323,atas,
D0323,permintaan,
D0323,MAB,
D0323,YAH,
D0323,mengaku,
D0323,mendapat,
D0323,upah,
D0323,sebesar,
D0323,Rp,
D0323,200000,
D0323,dari,
D0323,hasil,
D0323,penjualan,
D0323,sepeda,
D0323,motor,
D0323,korban,
D0323,ucapnya,
D0323,Saat,
D0323,ini,
D0323,tersangka,
D0323,ketiga,
D0323,sedang,
D0323,menjalani,
D0323,proses,
D0323,pemeriksaan,
D0323,lebih,
D0323,lanjut,
D0323,di,
D0323,Polres,
D0323,Pelabuhan,
D0323,Belawan,
D0323,Pihaknya,
D0323,akan,
D0323,melakukan,
D0323,pengembangan,
D0323,terkait,
D0323,peristiwa,
D0323,itu,
D0323,Kami,
D0323,juga,
D0323,masih,
D0323,terus,
D0323,melakukan,
D0323,pendinginan,
D0323,terhadap,
D0323,pelaku,
D0323,lainnya,
D0323,yang,
D0323,terlibat,
D0323,dalam,
D0323,kasus,
D0323,ini,
D0323,tutupnya,
D0324,Seorang,
D0324,pria,
D0324,disabilitas,
D0324,bernama,
D0324,Toikin,
D0324,22,
D0324,tewas,
D0324,dibunuh,
D0324,dua,
D0324,wanita,
D0324,di,
D0324,Subang,
D0324,Jawa,
D0324,Barat,
D0324,Motif,
D0324,pembunuhan,
D0324,tersebut,
D0324,lantaran,
D0324,cinta,
D0324,segitiga,
D0324,Motifnya,
D0324,itu,
D0324,cemburu,
D0324,ada,
D0324,hubungan,
D0324,percintaan,
D0324,di,
D0324,antara,
D0324,mereka,
D0324,bertiga,
D0324,ujar,
D0324,Kapolres,
D0324,Subang,
D0324,AKBP,
D0324,Ariek,
D0324,Indra,
D0324,Sentanu,
D0324,di,
D0324,Mapolres,
D0324,Subang,
D0324,dilansir,
D0324,detikJabar,
D0324,Jumat,
D0324,3112025,
D0324,Ariek,
D0324,menjelaskan,
D0324,kronologi,
D0324,peristiwa,
D0324,tersebut,
D0324,Awalnya,
D0324,salah,
D0324,satu,
D0324,pelaku,
D0324,janjian,
D0324,dengan,
D0324,korban,
D0324,untuk,
D0324,bertemu,
D0324,pada,
D0324,20,
D0324,Januari,
D0324,2025,
D0324,Namun,
D0324,keduanya,
D0324,baru,
D0324,bertemu,
D0324,sepekan,
D0324,setelah,
D0324,hari,
D0324,perjanjian,
D0324,SCROLL,
D0324,TO,
D0324,CONTINUE,
D0324,WITH,
D0324,CONTENT,
D0324,Kedua,
D0324,pelaku,
D0324,lalu,
D0324,bersamasama,
D0324,menjemput,
D0324,korban,
D0324,ke,
D0324,rumahnya,
D0324,dan,
D0324,mengajak,
D0324,korban,
D0324,berkeliling,
D0324,ke,
D0324,sisi,
D0324,laut,
D0324,Patimban,
D0324,Setelah,
D0324,itu,
D0324,ketiganya,
D0324,lalu,
D0324,menuju,
D0324,Jalan,
D0324,Pertamina,
D0324,yang,
D0324,menjadi,
D0324,TKP,
D0324,pembunuhan,
D0324,Di,
D0324,lokasi,
D0324,mereka,
D0324,bertiga,
D0324,melakukan,
D0324,komunikasi,
D0324,bercengkrama,
D0324,kemudian,
D0324,terjadi,
D0324,cekcok,
D0324,perkelahian,
D0324,di,
D0324,antara,
D0324,mereka,
D0324,bertiga,
D0324,Si,
D0324,pelaku,
D0324,A,
D0324,kemudian,
D0324,mengambil,
D0324,pisau,
D0324,di,
D0324,dalam,
D0324,jok,
D0324,motor,
D0324,Kemudian,
D0324,anak,
D0324,inisial,
D0324,T,
D0324,mengambil,
D0324,pisau,
D0324,di,
D0324,pinggang,
D0324,A,
D0324,menusukkan,
D0324,di,
D0324,sekitar,
D0324,leher,
D0324,Anak,
D0324,inisial,
D0324,T,
D0324,menusuk,
D0324,di,
D0324,punggung,
D0324,korban,
D0324,tutur,
D0324,Ariek,
D0324,Dari,
D0324,hasil,
D0324,autopsi,
D0324,ada,
D0324,27,
D0324,luka,
D0324,tusukan,
D0324,di,
D0324,tubuh,
D0324,korban,
D0324,Termasuk,
D0324,di,
D0324,kepala,
D0324,korban,
D0324,Usai,
D0324,menusuk,
D0324,korban,
D0324,beberapa,
D0324,kali,
D0324,keduanya,
D0324,pergi,
D0324,meninggalkan,
D0324,korban,
D0324,Ketiganya,
D0324,baru,
D0324,ditangkap,
D0324,polisi,
D0324,jajaran,
D0324,Unit,
D0324,Resmob,
D0324,Unit,
D0324,IV,
D0324,PPA,
D0324,Satreskrim,
D0324,Polres,
D0324,Subang,
D0324,dibantu,
D0324,Resmob,
D0324,Polda,
D0324,Jabar,
D0324,dan,
D0324,Unit,
D0324,Reskrim,
D0324,Polsek,
D0324,Pusakanagara,
D0324,tiga,
D0324,hari,
D0324,kemudian,
D0324,Ariek,
D0324,mengatakan,
D0324,saat,
D0324,ini,
D0324,masih,
D0324,menyelidiki,
D0324,hubungan,
D0324,rinci,
D0324,ketiganya,
D0324,Termasuk,
D0324,adanya,
D0324,dugaan,
D0324,hubungan,
D0324,asmara,
D0324,sesama,
D0324,jenis,
D0324,antara,
D0324,pelaku,
D0324,A,
D0324,21,
D0324,dan,
D0324,T,
D0324,16,
D0324,Terkait,
D0324,hubungan,
D0324,sesama,
D0324,jenis,
D0324,masih,
D0324,dalam,
D0324,penyelidikan,
D0324,kata,
D0324,Ariek,
D0324,Kasus,
D0324,tersebut,
D0324,terungkap,
D0324,saat,
D0324,warga,
D0324,menemukan,
D0324,mayat,
D0324,pria,
D0324,penuh,
D0324,luka,
D0324,tusuk,
D0324,di,
D0324,pematang,
D0324,sawah,
D0324,dekat,
D0324,Jalan,
D0324,Pertamina,
D0324,Dusun,
D0324,Cemara,
D0324,Desa,
D0324,Kalentambo,
D0324,Kecamatan,
D0324,Pusakanagara,
D0324,Kabupaten,
D0324,Suban,
D0324,Sabtu,
D0324,2512025,
D0324,sekitar,
D0324,pukul,
D0324,2200,
D0324,WIB,
D0324,dan,
D0324,langsung,
D0324,dilaporkan,
D0324,kepada,
D0324,pihak,
D0324,kepolisian,
D0325,Kaca,
D0325,mobil,
D0325,warga,
D0325,negara,
D0325,WN,
D0325,Ukraina,
D0325,Igor,
D0325,Iermakov,
D0325,pecah,
D0325,saat,
D0325,diculik,
D0325,dan,
D0325,dianiaya,
D0325,gangster,
D0325,Rusia,
D0325,di,
D0325,Jalan,
D0325,Tundun,
D0325,Penyu,
D0325,Desa,
D0325,Ungasan,
D0325,Kecamatan,
D0325,Kuta,
D0325,Selatan,
D0325,Badung,
D0325,Bali,
D0325,pada,
D0325,15,
D0325,Desember,
D0325,2024,
D0325,Kaca,
D0325,mobil,
D0325,yang,
D0325,pecah,
D0325,adalah,
D0325,bagian,
D0325,depan,
D0325,sisi,
D0325,kanan,
D0325,dekat,
D0325,tempat,
D0325,duduk,
D0325,sopir,
D0325,Hal,
D0325,itu,
D0325,diungkapkan,
D0325,salah,
D0325,seorang,
D0325,warga,
D0325,yang,
D0325,melihat,
D0325,Saya,
D0325,lihat,
D0325,mobil,
D0325,putih,
D0325,Kacanya,
D0325,pecah,
D0325,Kaca,
D0325,depan,
D0325,sebelah,
D0325,kanan,
D0325,kata,
D0325,Ita,
D0325,Purnama,
D0325,Sari,
D0325,39,
D0325,warga,
D0325,di,
D0325,dekat,
D0325,jalan,
D0325,itu,
D0325,saat,
D0325,ditemui,
D0325,detikBali,
D0325,Jumat,
D0325,3112025,
D0325,Sari,
D0325,tidak,
D0325,melihat,
D0325,langsung,
D0325,aksi,
D0325,Khasan,
D0325,Askhabov,
D0325,30,
D0325,dan,
D0325,komplotannya,
D0325,saat,
D0325,menculik,
D0325,Iermakov,
D0325,Namun,
D0325,dia,
D0325,masih,
D0325,ingat,
D0325,sempat,
D0325,mendatangi,
D0325,lokasi,
D0325,kejadiannya,
D0325,SCROLL,
D0325,TO,
D0325,CONTINUE,
D0325,WITH,
D0325,CONTENT,
D0325,Sari,
D0325,sempat,
D0325,melihat,
D0325,ada,
D0325,mobil,
D0325,putih,
D0325,terparkir,
D0325,tak,
D0325,jauh,
D0325,dari,
D0325,rumahnya,
D0325,Hanya,
D0325,saja,
D0325,ia,
D0325,tidak,
D0325,sempat,
D0325,mendekat,
D0325,Sari,
D0325,juga,
D0325,tidak,
D0325,mendengar,
D0325,ada,
D0325,suara,
D0325,keributan,
D0325,saat,
D0325,Iermakov,
D0325,diculik,
D0325,Ashkabov,
D0325,dan,
D0325,komplotannya,
D0325,Baru,
D0325,saat,
D0325,sore,
D0325,harinya,
D0325,dia,
D0325,memberanikan,
D0325,diri,
D0325,mendekati,
D0325,mobil,
D0325,misterius,
D0325,itu,
D0325,bersama,
D0325,beberapa,
D0325,warga,
D0325,lain,
D0325,Kacanya,
D0325,pecah,
D0325,Bekas,
D0325,pecahnya,
D0325,masih,
D0325,terbuka,
D0325,Di,
D0325,bawahnya,
D0325,ada,
D0325,pecahan,
D0325,kacanya,
D0325,Tidak,
D0325,ada,
D0325,garis,
D0325,polisi,
D0325,Polisi,
D0325,juga,
D0325,tidak,
D0325,ada,
D0325,Tidak,
D0325,mobil,
D0325,lain,
D0325,Mobilnya,
D0325,menghadap,
D0325,ke,
D0325,utara,
D0325,agak,
D0325,serong,
D0325,ke,
D0325,pinggir,
D0325,jalan,
D0325,ungkap,
D0325,Sari,
D0325,detikBali,
D0325,sempat,
D0325,mendatangi,
D0325,lokasi,
D0325,saat,
D0325,Iermakov,
D0325,diculik,
D0325,Ashkabov,
D0325,dan,
D0325,delapan,
D0325,orang,
D0325,komplotannya,
D0325,Jumat,
D0325,3112025,
D0325,pukul,
D0325,1930,
D0325,Wita,
D0325,Lokasinya,
D0325,berada,
D0325,di,
D0325,beberapa,
D0325,puluh,
D0325,meter,
D0325,setelah,
D0325,masuk,
D0325,Jalan,
D0325,Tundun,
D0325,Penyu,
D0325,Jalan,
D0325,masih,
D0325,dapat,
D0325,dilintasi,
D0325,dua,
D0325,mobil,
D0325,dengan,
D0325,posisi,
D0325,berpapasan,
D0325,Namun,
D0325,lokasi,
D0325,di,
D0325,sana,
D0325,tak,
D0325,ada,
D0325,lampu,
D0325,penerangan,
D0325,jalan,
D0325,umum,
D0325,LPJU,
D0325,Sehingga,
D0325,suasana,
D0325,di,
D0325,jalan,
D0325,itu,
D0325,praktis,
D0325,gelap,
D0325,jika,
D0325,tidak,
D0325,ada,
D0325,motor,
D0325,atau,
D0325,mobil,
D0325,yang,
D0325,melintas,
D0325,Namun,
D0325,masih,
D0325,ada,
D0325,penerangan,
D0325,beberapa,
D0325,rumah,
D0325,warga,
D0325,dua,
D0325,vila,
D0325,dan,
D0325,satu,
D0325,warung,
D0325,tak,
D0325,jauh,
D0325,dari,
D0325,jalan,
D0325,itu,
D0325,Tidak,
D0325,terlalu,
D0325,ramai,
D0325,seperti,
D0325,di,
D0325,jalan,
D0325,besar,
D0325,tetapi,
D0325,ada,
D0325,sajalah,
D0325,motor,
D0325,yang,
D0325,lewat,
D0325,Memang,
D0325,kebanyakan,
D0325,motor,
D0325,yang,
D0325,lewat,
D0325,terang,
D0325,Sari,
D0325,Latif,
D0325,50,
D0325,warga,
D0325,sekitar,
D0325,lain,
D0325,juga,
D0325,mengaku,
D0325,melihat,
D0325,ada,
D0325,keramaian,
D0325,warga,
D0325,di,
D0325,lokasi,
D0325,Iermakov,
D0325,diculik,
D0325,Hanya,
D0325,saja,
D0325,ia,
D0325,tidak,
D0325,mengetahui,
D0325,pasti,
D0325,jika,
D0325,Iermakov,
D0325,baru,
D0325,saja,
D0325,diculik,
D0325,dari,
D0325,mobil,
D0325,itu,
D0325,Saya,
D0325,inget,
D0325,itu,
D0325,tetapi,
D0325,saya,
D0325,nggak,
D0325,tahu,
D0325,kejadiannya,
D0325,Saya,
D0325,baru,
D0325,pulang,
D0325,jam,
D0325,4,
D0325,sore,
D0325,Pas,
D0325,itu,
D0325,sudah,
D0325,banyak,
D0325,kerumunan,
D0325,orangorang,
D0325,kata,
D0325,Latif,
D0325,Menurut,
D0325,Latif,
D0325,kondisi,
D0325,jalanan,
D0325,itu,
D0325,tidak,
D0325,pernah,
D0325,sepi,
D0325,hingga,
D0325,malam,
D0325,meski,
D0325,tidak,
D0325,seramai,
D0325,di,
D0325,jalan,
D0325,besar,
D0325,Menurutnya,
D0325,pasti,
D0325,ada,
D0325,saja,
D0325,warga,
D0325,yang,
D0325,melintas,
D0325,dengan,
D0325,motor,
D0325,atau,
D0325,jalan,
D0325,kaki,
D0325,Padahal,
D0325,jalan,
D0325,itu,
D0325,nggak,
D0325,sepi,
D0325,Pasti,
D0325,ada,
D0325,warga,
D0325,lewat,
D0325,walaupun,
D0325,nggak,
D0325,ada,
D0325,lampunya,
D0325,jelas,
D0325,Latif,
D0325,Berdasarkan,
D0325,video,
D0325,yang,
D0325,beredar,
D0325,di,
D0325,media,
D0325,sosial,
D0325,medsos,
D0325,mobil,
D0325,yang,
D0325,dikendarai,
D0325,Iermakov,
D0325,awalnya,
D0325,diadang,
D0325,mobil,
D0325,hitam,
D0325,Tak,
D0325,lama,
D0325,kemudian,
D0325,empat,
D0325,orang,
D0325,bertopeng,
D0325,dan,
D0325,berpakaian,
D0325,serba,
D0325,hitam,
D0325,keluar,
D0325,dari,
D0325,mobil,
D0325,Tidak,
D0325,ada,
D0325,motor,
D0325,mobil,
D0325,atau,
D0325,warga,
D0325,yang,
D0325,melintas,
D0325,dalam,
D0325,video,
D0325,itu,
D0325,Salah,
D0325,seorang,
D0325,dari,
D0325,mereka,
D0325,lantas,
D0325,menodongkan,
D0325,senjata,
D0325,api,
D0325,jenis,
D0325,pistol,
D0325,kepada,
D0325,Iermakov,
D0326,Polisi,
D0326,menangkap,
D0326,seorang,
D0326,warga,
D0326,negara,
D0326,WN,
D0326,Rusia,
D0326,yang,
D0326,diduga,
D0326,sebagai,
D0326,bos,
D0326,geng,
D0326,Rusia,
D0326,pelaku,
D0326,perampokan,
D0326,terhadap,
D0326,WN,
D0326,Ukraina,
D0326,di,
D0326,Ungasan,
D0326,Kuta,
D0326,Selatan,
D0326,Badung,
D0326,Bali,
D0326,Polisi,
D0326,mengonfirmasi,
D0326,identitas,
D0326,salah,
D0326,satu,
D0326,terduga,
D0326,pelaku,
D0326,yang,
D0326,ditangkap,
D0326,itu,
D0326,yakni,
D0326,Khasan,
D0326,Askhabov,
D0326,30,
D0326,Khasan,
D0326,ditangkap,
D0326,di,
D0326,Bandara,
D0326,I,
D0326,Gusti,
D0326,Ngurah,
D0326,Rai,
D0326,pada,
D0326,Kamis,
D0326,malam,
D0326,301,
D0326,malam,
D0326,Dia,
D0326,disebut,
D0326,ditangkap,
D0326,saat,
D0326,hendak,
D0326,kabur,
D0326,dari,
D0326,kejaran,
D0326,polisi,
D0326,Iya,
D0326,benar,
D0326,salah,
D0326,satu,
D0326,dari,
D0326,sembilan,
D0326,orang,
D0326,terlapor,
D0326,yang,
D0326,dilaporkan,
D0326,korban,
D0326,dalam,
D0326,laporan,
D0326,semalam,
D0326,jam,
D0326,1900,
D0326,Wita,
D0326,kami,
D0326,amankan,
D0326,di,
D0326,Bandara,
D0326,Ngurah,
D0326,Rai,
D0326,ungkap,
D0326,Kabid,
D0326,Humas,
D0326,Polda,
D0326,Bali,
D0326,Kombes,
D0326,Ariasandy,
D0326,kepada,
D0326,detikBali,
D0326,Jumat,
D0326,3112025,
D0326,SCROLL,
D0326,TO,
D0326,CONTINUE,
D0326,WITH,
D0326,CONTENT,
D0326,Dilihat,
D0326,dari,
D0326,video,
D0326,dan,
D0326,fotofoto,
D0326,yang,
D0326,diterima,
D0326,detikBali,
D0326,terlihat,
D0326,Khasan,
D0326,berada,
D0326,di,
D0326,satu,
D0326,ruangan,
D0326,saat,
D0326,hendak,
D0326,ditangkap,
D0326,Dia,
D0326,tampak,
D0326,menggunakan,
D0326,ponsel,
D0326,seperti,
D0326,menelepon,
D0326,seseorang,
D0326,Dia,
D0326,kemudian,
D0326,digiring,
D0326,ke,
D0326,luar,
D0326,melalui,
D0326,lorong,
D0326,gedung,
D0326,bandara,
D0326,Khasan,
D0326,tampak,
D0326,memakai,
D0326,jaket,
D0326,krem,
D0326,dan,
D0326,celana,
D0326,panjang,
D0326,abuabu,
D0326,Pria,
D0326,berewok,
D0326,sedikit,
D0326,plontos,
D0326,itu,
D0326,lantas,
D0326,digiring,
D0326,polisi,
D0326,berpakaian,
D0326,preman,
D0326,dan,
D0326,sejumlah,
D0326,petugas,
D0326,keamanan,
D0326,bandara,
D0326,Saat,
D0326,ini,
D0326,Askhabov,
D0326,diamankan,
D0326,di,
D0326,Ditreskrimum,
D0326,Polda,
D0326,Bali,
D0326,untuk,
D0326,diperiksa,
D0326,lebih,
D0326,lanjut,
D0326,Sementara,
D0326,kami,
D0326,amankan,
D0326,di,
D0326,kantor,
D0326,Ditreskrimum,
D0326,untuk,
D0326,didalami,
D0326,apakah,
D0326,benar,
D0326,terlibat,
D0326,atau,
D0326,tidak,
D0326,terang,
D0326,Ariasandy,
D0326,Ariasandy,
D0326,juga,
D0326,mengonfirmasi,
D0326,bahwa,
D0326,Askhabov,
D0326,berencana,
D0326,meninggalkan,
D0326,Indonesia,
D0326,untuk,
D0326,menghindari,
D0326,kejaran,
D0326,polisi,
D0326,Sebelumnya,
D0326,aksi,
D0326,perampokan,
D0326,terhadap,
D0326,WN,
D0326,Ukraina,
D0326,bernama,
D0326,Igor,
D0326,Iermakov,
D0326,terjadi,
D0326,pada,
D0326,15,
D0326,Desember,
D0326,2024,
D0326,di,
D0326,Jalan,
D0326,Tundun,
D0326,Penyu,
D0326,Ungasan,
D0326,Kuta,
D0326,Selatan,
D0326,Badung,
D0326,Perampokan,
D0326,yang,
D0326,dilakukan,
D0326,oleh,
D0326,empat,
D0326,orang,
D0326,geng,
D0326,Rusia,
D0326,itu,
D0326,mengakibatkan,
D0326,kerugian,
D0326,senilai,
D0326,Rp,
D0326,32,
D0326,miliar,
D0326,Mereka,
D0326,menggunakan,
D0326,masker,
D0326,dengan,
D0326,membawa,
D0326,senjata,
D0326,pisau,
D0326,palu,
D0326,dan,
D0326,pistol,
D0326,ungkap,
D0326,Ariasandy,
D0326,Perampokan,
D0326,itu,
D0326,bermula,
D0326,saat,
D0326,mobil,
D0326,Iermakov,
D0326,diadang,
D0326,dua,
D0326,mobil,
D0326,hitam,
D0326,Para,
D0326,pelaku,
D0326,memaksa,
D0326,korban,
D0326,dan,
D0326,sopirnya,
D0326,keluar,
D0326,dari,
D0326,mobil,
D0326,menutup,
D0326,kepala,
D0326,mereka,
D0326,dengan,
D0326,kain,
D0326,hitam,
D0326,dan,
D0326,memborgol,
D0326,tangan,
D0326,keduanya,
D0326,Korban,
D0326,kemudian,
D0326,dibawa,
D0326,ke,
D0326,sebuah,
D0326,vila,
D0326,di,
D0326,Jimbaran,
D0326,dan,
D0326,kembali,
D0326,dianiaya,
D0326,Para,
D0326,pelaku,
D0326,merampas,
D0326,ponsel,
D0326,Iermakov,
D0326,dan,
D0326,memaksa,
D0326,korban,
D0326,membuka,
D0326,akun,
D0326,Binance,
D0326,untuk,
D0326,mengirimkan,
D0326,uang,
D0326,kripto,
D0326,ke,
D0326,alamat,
D0326,tertentu,
D0326,Polisi,
D0326,hingga,
D0326,kini,
D0326,telah,
D0326,memeriksa,
D0326,sembilan,
D0326,saksi,
D0326,terkait,
D0326,kasus,
D0326,tersebut,
D0326,dan,
D0326,melakukan,
D0326,dua,
D0326,kali,
D0326,prarekonstruksi,
D0326,Koordinasi,
D0326,dengan,
D0326,imigrasi,
D0326,dan,
D0326,Kedutaan,
D0326,Ukraina,
D0326,sudah,
D0326,dilakukan,
D0326,tutup,
D0326,Ariasandy,
D0327,Angka,
D0327,kriminalitas,
D0327,di,
D0327,Bangkalan,
D0327,masih,
D0327,cukup,
D0327,tinggi,
D0327,Tercatat,
D0327,ada,
D0327,39,
D0327,kasus,
D0327,yang,
D0327,berhasil,
D0327,diungkap,
D0327,selama,
D0327,bulan,
D0327,Januari,
D0327,2025,
D0327,Selain,
D0327,itu,
D0327,terdapat,
D0327,24,
D0327,kasus,
D0327,yang,
D0327,berhasil,
D0327,diungkap,
D0327,Satreskrim,
D0327,Polres,
D0327,Bangkalan,
D0327,Sedangkan,
D0327,pengungkapan,
D0327,kasus,
D0327,dari,
D0327,Satnarkoba,
D0327,Polres,
D0327,Bangkalan,
D0327,sebanyak,
D0327,15,
D0327,kasus,
D0327,Dari,
D0327,total,
D0327,39,
D0327,kasus,
D0327,itu,
D0327,kami,
D0327,berhasil,
D0327,ringkus,
D0327,43,
D0327,tersangka,
D0327,ujar,
D0327,Kapolres,
D0327,Bangkalan,
D0327,AKBP,
D0327,Hendro,
D0327,Sukmono,
D0327,kepada,
D0327,wartawan,
D0327,Jumat,
D0327,3112025,
D0327,SCROLL,
D0327,TO,
D0327,CONTINUE,
D0327,WITH,
D0327,CONTENT,
D0327,Dari,
D0327,total,
D0327,24,
D0327,kasus,
D0327,yang,
D0327,berhasil,
D0327,diungkap,
D0327,Satreskrim,
D0327,Polres,
D0327,Bangkalan,
D0327,tambah,
D0327,dia,
D0327,didominasi,
D0327,kasus,
D0327,Pencurian,
D0327,Kendaraan,
D0327,Bermotor,
D0327,Curanmor,
D0327,yakni,
D0327,8,
D0327,kasus,
D0327,dengan,
D0327,9,
D0327,tersangka,
D0327,Untuk,
D0327,curat,
D0327,sebanyak,
D0327,3,
D0327,kasus,
D0327,penganiayaan,
D0327,3,
D0327,kasus,
D0327,penipuan,
D0327,3,
D0327,kasus,
D0327,penadah,
D0327,3,
D0327,kasus,
D0327,penyalahgunaan,
D0327,sajam,
D0327,2,
D0327,kasus,
D0327,penyalahgunaan,
D0327,senpi,
D0327,1,
D0327,kasus,
D0327,dan,
D0327,perjudian,
D0327,1,
D0327,kasus,
D0327,ungkapnya,
D0327,Untuk,
D0327,kasus,
D0327,penyalahgunaan,
D0327,narkoba,
D0327,ada,
D0327,15,
D0327,kasus,
D0327,dengan,
D0327,18,
D0327,tersangka,
D0327,Mayoritas,
D0327,pelaku,
D0327,merupakan,
D0327,pengguna,
D0327,narkoba,
D0327,dan,
D0327,pengedar,
D0327,Sedangkan,
D0327,untuk,
D0327,bandar,
D0327,polisi,
D0327,belum,
D0327,berhasil,
D0327,melakukan,
D0327,penangkapan,
D0327,Untuk,
D0327,pelaku,
D0327,penyalahgunaan,
D0327,narkoba,
D0327,semuanya,
D0327,lakilaki,
D0327,dewasa,
D0327,13,
D0327,diantaranya,
D0327,pemakai,
D0327,dan,
D0327,sisanya,
D0327,pengedar,
D0327,imbuhnya,
D0327,Selain,
D0327,itu,
D0327,polisi,
D0327,juga,
D0327,berhasil,
D0327,mengamankan,
D0327,barang,
D0327,bukti,
D0327,sebanyak,
D0327,12677,
D0327,gram,
D0327,sabu,
D0327,dari,
D0327,tangan,
D0327,para,
D0327,pelaku,
D0327,Kami,
D0327,terus,
D0327,melakukan,
D0327,pengembangan,
D0327,terhadap,
D0327,kasuskasus,
D0327,yang,
D0327,berhasil,
D0327,diungkap,
D0327,dan,
D0327,akan,
D0327,terus,
D0327,memerangi,
D0327,narkoba,
D0327,pungkasnya,
D0328,Polda,
D0328,Bali,
D0328,menangkap,
D0328,seorang,
D0328,warga,
D0328,negara,
D0328,WN,
D0328,Rusia,
D0328,yang,
D0328,diduga,
D0328,sebagai,
D0328,bos,
D0328,geng,
D0328,Rusia,
D0328,pelaku,
D0328,perampokan,
D0328,terhadap,
D0328,WN,
D0328,Ukraina,
D0328,di,
D0328,Ungasan,
D0328,Kuta,
D0328,Selatan,
D0328,Badung,
D0328,Bali,
D0328,Polisi,
D0328,mengonfirmasi,
D0328,identitas,
D0328,salah,
D0328,satu,
D0328,terduga,
D0328,pelaku,
D0328,yang,
D0328,ditangkap,
D0328,itu,
D0328,yakni,
D0328,Khasan,
D0328,Askhabov,
D0328,30,
D0328,Penangkapan,
D0328,dilakukan,
D0328,di,
D0328,Bandara,
D0328,I,
D0328,Gusti,
D0328,Ngurah,
D0328,Rai,
D0328,pada,
D0328,Kamis,
D0328,malam,
D0328,301,
D0328,malam,
D0328,Kabid,
D0328,Humas,
D0328,Polda,
D0328,Bali,
D0328,Kombes,
D0328,Ariasandy,
D0328,membenarkan,
D0328,penangkapan,
D0328,tersebut,
D0328,Iya,
D0328,benar,
D0328,salah,
D0328,satu,
D0328,dari,
D0328,sembilan,
D0328,orang,
D0328,terlapor,
D0328,yang,
D0328,dilaporkan,
D0328,korban,
D0328,dalam,
D0328,laporan,
D0328,semalam,
D0328,jam,
D0328,1900,
D0328,Wita,
D0328,kami,
D0328,amankan,
D0328,di,
D0328,Bandara,
D0328,Ngurah,
D0328,Rai,
D0328,ungkap,
D0328,Ariasandy,
D0328,kepada,
D0328,detikBali,
D0328,Jumat,
D0328,3112025,
D0328,SCROLL,
D0328,TO,
D0328,CONTINUE,
D0328,WITH,
D0328,CONTENT,
D0328,Saat,
D0328,ini,
D0328,Askhabov,
D0328,diamankan,
D0328,di,
D0328,Ditreskrimum,
D0328,Polda,
D0328,Bali,
D0328,untuk,
D0328,diperiksa,
D0328,lebih,
D0328,lanjut,
D0328,Sementara,
D0328,kami,
D0328,amankan,
D0328,di,
D0328,kantor,
D0328,Ditreskrimum,
D0328,untuk,
D0328,didalami,
D0328,apakah,
D0328,benar,
D0328,terlibat,
D0328,atau,
D0328,tidak,
D0328,terang,
D0328,Ariasandy,
D0328,Ariasandy,
D0328,juga,
D0328,mengonfirmasi,
D0328,bahwa,
D0328,Askhabov,
D0328,berencana,
D0328,meninggalkan,
D0328,Indonesia,
D0328,untuk,
D0328,menghindari,
D0328,kejaran,
D0328,polisi,
D0328,Sebelumnya,
D0328,aksi,
D0328,perampokan,
D0328,terhadap,
D0328,WN,
D0328,Ukraina,
D0328,bernama,
D0328,Igor,
D0328,Iermakov,
D0328,terjadi,
D0328,pada,
D0328,15,
D0328,Desember,
D0328,2024,
D0328,di,
D0328,Jalan,
D0328,Tundun,
D0328,Penyu,
D0328,Ungasan,
D0328,Kuta,
D0328,Selatan,
D0328,Badung,
D0328,Perampokan,
D0328,yang,
D0328,dilakukan,
D0328,oleh,
D0328,empat,
D0328,orang,
D0328,geng,
D0328,Rusia,
D0328,itu,
D0328,mengakibatkan,
D0328,kerugian,
D0328,senilai,
D0328,Rp32,
D0328,miliar,
D0328,Mereka,
D0328,menggunakan,
D0328,masker,
D0328,dengan,
D0328,membawa,
D0328,senjata,
D0328,pisau,
D0328,palu,
D0328,dan,
D0328,pistol,
D0328,ungkap,
D0328,Ariasandy,
D0328,Perampokan,
D0328,itu,
D0328,bermula,
D0328,saat,
D0328,mobil,
D0328,Iermakov,
D0328,diadang,
D0328,dua,
D0328,mobil,
D0328,hitam,
D0328,Para,
D0328,pelaku,
D0328,memaksa,
D0328,korban,
D0328,dan,
D0328,sopirnya,
D0328,keluar,
D0328,dari,
D0328,mobil,
D0328,menutup,
D0328,kepala,
D0328,mereka,
D0328,dengan,
D0328,kain,
D0328,hitam,
D0328,dan,
D0328,memborgol,
D0328,tangan,
D0328,keduanya,
D0328,Korban,
D0328,kemudian,
D0328,dibawa,
D0328,ke,
D0328,sebuah,
D0328,vila,
D0328,di,
D0328,Jimbaran,
D0328,dan,
D0328,kembali,
D0328,dianiaya,
D0328,Para,
D0328,pelaku,
D0328,merampas,
D0328,ponsel,
D0328,Iermakov,
D0328,dan,
D0328,memaksa,
D0328,korban,
D0328,membuka,
D0328,akun,
D0328,Binance,
D0328,untuk,
D0328,mengirimkan,
D0328,uang,
D0328,kripto,
D0328,ke,
D0328,alamat,
D0328,tertentu,
D0328,Polisi,
D0328,hingga,
D0328,kini,
D0328,telah,
D0328,memeriksa,
D0328,sembilan,
D0328,saksi,
D0328,terkait,
D0328,kasus,
D0328,tersebut,
D0328,dan,
D0328,melakukan,
D0328,dua,
D0328,kali,
D0328,prarekonstruksi,
D0328,Koordinasi,
D0328,dengan,
D0328,imigrasi,
D0328,dan,
D0328,Kedutaan,
D0328,Ukraina,
D0328,sudah,
D0328,dilakukan,
D0328,tutup,
D0328,Ariasandy,
D0329,Anggota,
D0329,geng,
D0329,Rusia,
D0329,yang,
D0329,merampok,
D0329,WN,
D0329,Ukraina,
D0329,Igor,
D0329,Iermakov,
D0329,telah,
D0329,ditangkap,
D0329,polisi,
D0329,Pelaku,
D0329,yang,
D0329,disebutsebut,
D0329,sebagai,
D0329,kepala,
D0329,geng,
D0329,itu,
D0329,ditangkap,
D0329,di,
D0329,Bandara,
D0329,I,
D0329,Gusti,
D0329,Ngurah,
D0329,Rai,
D0329,Bali,
D0329,Ya,
D0329,benar,
D0329,Kasi,
D0329,Humas,
D0329,Polres,
D0329,Bandara,
D0329,Gusti,
D0329,Ngurah,
D0329,Rai,
D0329,Ipda,
D0329,Nyoman,
D0329,Darsana,
D0329,dihubungi,
D0329,detikBali,
D0329,Jumat,
D0329,3112025,
D0329,Darsana,
D0329,enggan,
D0329,membeberkan,
D0329,berapa,
D0329,orang,
D0329,yang,
D0329,ditangkap,
D0329,dan,
D0329,siapa,
D0329,identitasnya,
D0329,Darsana,
D0329,mengatakan,
D0329,pihaknya,
D0329,hanya,
D0329,mendampingi,
D0329,personel,
D0329,Polda,
D0329,Bali,
D0329,saat,
D0329,meringkus,
D0329,pelaku,
D0329,di,
D0329,bandara,
D0329,pada,
D0329,Kamis,
D0329,301,
D0329,malam,
D0329,SCROLL,
D0329,TO,
D0329,CONTINUE,
D0329,WITH,
D0329,CONTENT,
D0329,Itu,
D0329,Polda,
D0329,Bali,
D0329,Tim,
D0329,piket,
D0329,kami,
D0329,hanya,
D0329,mendampingi,
D0329,saja,
D0329,kata,
D0329,Darsana,
D0329,Sebelumnya,
D0329,empat,
D0329,warga,
D0329,negara,
D0329,asing,
D0329,WNA,
D0329,asal,
D0329,Rusia,
D0329,diduga,
D0329,merampok,
D0329,dan,
D0329,menyekap,
D0329,seorang,
D0329,WNA,
D0329,Ukraina,
D0329,bernama,
D0329,Igor,
D0329,Iermakov,
D0329,serta,
D0329,seorang,
D0329,sopir,
D0329,warga,
D0329,Indonesia,
D0329,di,
D0329,Bali,
D0329,Aksi,
D0329,perampokan,
D0329,yang,
D0329,terjadi,
D0329,pada,
D0329,15,
D0329,Desember,
D0329,2024,
D0329,di,
D0329,Jalan,
D0329,Tundun,
D0329,Penyu,
D0329,Ungasan,
D0329,Kuta,
D0329,Selatan,
D0329,Badung,
D0329,itu,
D0329,terekam,
D0329,kamera,
D0329,dan,
D0329,viral,
D0329,di,
D0329,media,
D0329,sosial,
D0329,Kabid,
D0329,Humas,
D0329,Polda,
D0329,Bali,
D0329,Kombes,
D0329,Ariasandy,
D0329,menyebut,
D0329,peristiwa,
D0329,bermula,
D0329,saat,
D0329,mobil,
D0329,yang,
D0329,ditumpangi,
D0329,Iermakov,
D0329,diadang,
D0329,dua,
D0329,mobil,
D0329,hitam,
D0329,Salah,
D0329,satu,
D0329,kendaraan,
D0329,itu,
D0329,berpelat,
D0329,nomor,
D0329,B,
D0329,2144,
D0329,SIJ,
D0329,Mereka,
D0329,menggunakan,
D0329,masker,
D0329,dengan,
D0329,membawa,
D0329,senjata,
D0329,pisau,
D0329,palu,
D0329,dan,
D0329,pistol,
D0329,ungkap,
D0329,Ariasandy,
D0329,dalam,
D0329,keterangannya,
D0329,Kamis,
D0329,3012025,
D0329,Empat,
D0329,pelaku,
D0329,bertopeng,
D0329,itu,
D0329,memaksa,
D0329,Iermakov,
D0329,dan,
D0329,sopirnya,
D0329,keluar,
D0329,dari,
D0329,mobil,
D0329,Kepala,
D0329,keduanya,
D0329,ditutup,
D0329,kain,
D0329,hitam,
D0329,dan,
D0329,tangan,
D0329,mereka,
D0329,diborgol,
D0329,Korban,
D0329,kemudian,
D0329,dibawa,
D0329,ke,
D0329,sebuah,
D0329,vila,
D0329,di,
D0329,Jalan,
D0329,Blong,
D0329,Keker,
D0329,Perumahan,
D0329,Permata,
D0329,Gatsu,
D0329,Blok,
D0329,A,
D0329,Nomor,
D0329,10,
D0329,Jimbaran,
D0329,Vila,
D0329,tersebut,
D0329,diketahui,
D0329,disewa,
D0329,seseorang,
D0329,berinisial,
D0329,AM,
D0329,Di,
D0329,vila,
D0329,itu,
D0329,korban,
D0329,kembali,
D0329,dianiaya,
D0329,dirampas,
D0329,ponselnya,
D0329,dan,
D0329,dipaksa,
D0329,membuka,
D0329,akun,
D0329,Binance,
D0329,miliknya,
D0329,Uang,
D0329,kripto,
D0329,milik,
D0329,korban,
D0329,kemudian,
D0329,dikirimkan,
D0329,ke,
D0329,alamat,
D0329,tertentu,
D0329,jelas,
D0329,Ariasandy,
D0329,Akibat,
D0329,perampokan,
D0329,itu,
D0329,Iermakov,
D0329,dan,
D0329,sopirnya,
D0329,mengalami,
D0329,luka,
D0329,di,
D0329,kepala,
D0329,dan,
D0329,pinggang,
D0329,Total,
D0329,kerugian,
D0329,ditaksir,
D0329,mencapai,
D0329,Rp,
D0329,32,
D0329,miliar,
D0329,Polisi,
D0329,hingga,
D0329,kini,
D0329,masih,
D0329,menyelidiki,
D0329,kasus,
D0329,tersebut,
D0329,dan,
D0329,telah,
D0329,memeriksa,
D0329,sembilan,
D0329,saksi,
D0329,Koordinasi,
D0329,dengan,
D0329,imigrasi,
D0329,dan,
D0329,Kedutaan,
D0329,Ukraina,
D0329,sudah,
D0329,dilakukan,
D0329,Juga,
D0329,dua,
D0329,kali,
D0329,dilaksanakan,
D0329,prarekonstruksi,
D0329,tutup,
D0329,Ariasandy,
D0330,Seorang,
D0330,pria,
D0330,di,
D0330,Kota,
D0330,Tebing,
D0330,Tinggi,
D0330,Sumatera,
D0330,Utara,
D0330,Sumut,
D0330,MRH,
D0330,21,
D0330,ditangkap,
D0330,karena,
D0330,menganiaya,
D0330,istrinya,
D0330,Penganiayaan,
D0330,itu,
D0330,dilakukan,
D0330,pelaku,
D0330,karena,
D0330,kesal,
D0330,korban,
D0330,mencurigainya,
D0330,selingkuh,
D0330,Kanit,
D0330,Pidum,
D0330,Satreskrim,
D0330,Polres,
D0330,Tebing,
D0330,Tinggi,
D0330,Ipda,
D0330,JF,
D0330,Sormin,
D0330,mengatakan,
D0330,peristiwa,
D0330,itu,
D0330,terjadi,
D0330,di,
D0330,Jalan,
D0330,Bukit,
D0330,Kubu,
D0330,Kecamatan,
D0330,Rambutan,
D0330,Senin,
D0330,25112024,
D0330,Lalu,
D0330,pelaku,
D0330,ditangkap,
D0330,di,
D0330,rumahnya,
D0330,Rabu,
D0330,291,
D0330,Pada,
D0330,Rabu,
D0330,sore,
D0330,petugas,
D0330,kepolisian,
D0330,didampingi,
D0330,kepling,
D0330,setempat,
D0330,berhasil,
D0330,mengamankan,
D0330,pelaku,
D0330,dari,
D0330,rumahnya,
D0330,kata,
D0330,JF,
D0330,Sormin,
D0330,Kamis,
D0330,301,
D0330,SCROLL,
D0330,TO,
D0330,CONTINUE,
D0330,WITH,
D0330,CONTENT,
D0330,Berdasarkan,
D0330,keterangan,
D0330,korban,
D0330,peristiwa,
D0330,itu,
D0330,berawal,
D0330,saat,
D0330,korban,
D0330,mencurigai,
D0330,suaminya,
D0330,berselingkuh,
D0330,dengan,
D0330,wanita,
D0330,lain,
D0330,Namun,
D0330,saat,
D0330,korban,
D0330,hendak,
D0330,mengecek,
D0330,hp,
D0330,suaminya,
D0330,pelaku,
D0330,menolak,
D0330,Merasa,
D0330,tidak,
D0330,puas,
D0330,korban,
D0330,mendatangi,
D0330,rumah,
D0330,wanita,
D0330,yang,
D0330,dicurigai,
D0330,sebagai,
D0330,selingkuhan,
D0330,suaminya,
D0330,Namun,
D0330,saat,
D0330,itu,
D0330,pelaku,
D0330,menyusul,
D0330,korban,
D0330,dan,
D0330,keduanya,
D0330,pun,
D0330,kembali,
D0330,ke,
D0330,rumah,
D0330,mereka,
D0330,Setibanya,
D0330,di,
D0330,rumah,
D0330,pelaku,
D0330,menganiaya,
D0330,korban,
D0330,dengan,
D0330,menjambak,
D0330,rambutnya,
D0330,sebanyak,
D0330,dua,
D0330,kali,
D0330,memukul,
D0330,dada,
D0330,dan,
D0330,kepala,
D0330,serta,
D0330,memiting,
D0330,leher,
D0330,istrinya,
D0330,Akibat,
D0330,kejadian,
D0330,ini,
D0330,korban,
D0330,melaporkannya,
D0330,ke,
D0330,Polres,
D0330,Tebing,
D0330,Tinggi,
D0330,Dalam,
D0330,pemeriksaan,
D0330,awal,
D0330,pelaku,
D0330,mengakui,
D0330,perbuatannya,
D0330,jelasnya,
D0330,Usai,
D0330,ditangkap,
D0330,pelaku,
D0330,diboyong,
D0330,ke,
D0330,Polres,
D0330,Tebing,
D0330,Tinggi,
D0330,untuk,
D0330,proses,
D0330,pemeriksaan,
D0330,lebih,
D0330,lanjut,
D0331,Detikdetik,
D0331,aksi,
D0331,empat,
D0331,warga,
D0331,negara,
D0331,asing,
D0331,WNA,
D0331,merampok,
D0331,dan,
D0331,menculik,
D0331,terekam,
D0331,kamera,
D0331,di,
D0331,mobil,
D0331,korban,
D0331,Empat,
D0331,WNA,
D0331,tersebut,
D0331,diduga,
D0331,berasal,
D0331,dari,
D0331,Rusia,
D0331,Rekaman,
D0331,aksi,
D0331,mereka,
D0331,viral,
D0331,di,
D0331,media,
D0331,sosial,
D0331,medsos,
D0331,Korban,
D0331,perampokan,
D0331,adalah,
D0331,warga,
D0331,Ukraina,
D0331,bernama,
D0331,Igor,
D0331,Iermakov,
D0331,dan,
D0331,seorang,
D0331,warga,
D0331,Indonesia,
D0331,Perampokan,
D0331,itu,
D0331,terjadi,
D0331,di,
D0331,Jalan,
D0331,Tundun,
D0331,Penyu,
D0331,Ungasan,
D0331,Kuta,
D0331,Selatan,
D0331,Kabupaten,
D0331,Badung,
D0331,Bali,
D0331,pada,
D0331,15,
D0331,Desember,
D0331,2024,
D0331,Berdasarkan,
D0331,video,
D0331,yang,
D0331,beredar,
D0331,mobil,
D0331,yang,
D0331,dikendarai,
D0331,Iermakov,
D0331,awalnya,
D0331,diadang,
D0331,mobil,
D0331,hitam,
D0331,Tak,
D0331,lama,
D0331,kemudian,
D0331,empat,
D0331,orang,
D0331,bertopeng,
D0331,dan,
D0331,berpakaian,
D0331,serba,
D0331,hitam,
D0331,bertuliskan,
D0331,Polisi,
D0331,di,
D0331,dadanya,
D0331,keluar,
D0331,dari,
D0331,mobil,
D0331,Salah,
D0331,seorang,
D0331,dari,
D0331,mereka,
D0331,lantas,
D0331,menodongkan,
D0331,pistol,
D0331,kepada,
D0331,Iermakov,
D0331,SCROLL,
D0331,TO,
D0331,CONTINUE,
D0331,WITH,
D0331,CONTENT,
D0331,Kabid,
D0331,Humas,
D0331,Polda,
D0331,Bali,
D0331,Kombes,
D0331,Ariasandy,
D0331,mengatakan,
D0331,perampokan,
D0331,itu,
D0331,berawal,
D0331,saat,
D0331,Iermakov,
D0331,bersama,
D0331,sopirnya,
D0331,sedang,
D0331,dalam,
D0331,perjalanan,
D0331,menuju,
D0331,Tanah,
D0331,Bali,
D0331,Villas,
D0331,Saat,
D0331,melintas,
D0331,di,
D0331,lokasi,
D0331,kejadian,
D0331,mobil,
D0331,mereka,
D0331,diadang,
D0331,dua,
D0331,mobil,
D0331,hitam,
D0331,yang,
D0331,salah,
D0331,satunya,
D0331,berpelat,
D0331,nomor,
D0331,B,
D0331,2144,
D0331,SIJ,
D0331,Mereka,
D0331,menggunakan,
D0331,masker,
D0331,dengan,
D0331,membawa,
D0331,senjata,
D0331,pisau,
D0331,palu,
D0331,dan,
D0331,pistol,
D0331,kata,
D0331,Ariasandy,
D0331,Kamis,
D0331,3012025,
D0331,Empat,
D0331,perampok,
D0331,itu,
D0331,lantas,
D0331,memaksa,
D0331,sopir,
D0331,dan,
D0331,Iermakov,
D0331,untuk,
D0331,keluar,
D0331,dari,
D0331,mobil,
D0331,Setelah,
D0331,berhasil,
D0331,memaksa,
D0331,keluar,
D0331,dari,
D0331,mobil,
D0331,para,
D0331,perampok,
D0331,asing,
D0331,itu,
D0331,lantas,
D0331,menutup,
D0331,kepala,
D0331,warga,
D0331,Ukraina,
D0331,dan,
D0331,sopirnya,
D0331,menggunakan,
D0331,kain,
D0331,hitam,
D0331,Tak,
D0331,hanya,
D0331,itu,
D0331,mereka,
D0331,juga,
D0331,memborgol,
D0331,tangan,
D0331,keduanya,
D0331,Iermakov,
D0331,dan,
D0331,sopirnya,
D0331,sempat,
D0331,dianiaya,
D0331,oleh,
D0331,empat,
D0331,perampok,
D0331,itu,
D0331,sebelum,
D0331,dibawa,
D0331,ke,
D0331,sebuah,
D0331,vila,
D0331,di,
D0331,Jalan,
D0331,Blong,
D0331,Keker,
D0331,Perumahan,
D0331,Permata,
D0331,Gatsu,
D0331,Blok,
D0331,A,
D0331,Nomor,
D0331,10,
D0331,Jimbaran,
D0331,Badung,
D0331,Ariasandy,
D0331,mengatakan,
D0331,vila,
D0331,itu,
D0331,disewa,
D0331,seseorang,
D0331,berinisial,
D0331,AM,
D0331,Saat,
D0331,tiba,
D0331,di,
D0331,vila,
D0331,itu,
D0331,korban,
D0331,kembali,
D0331,dianiaya,
D0331,Empat,
D0331,orang,
D0331,Rusia,
D0331,itu,
D0331,merampas,
D0331,ponsel,
D0331,dan,
D0331,memaksa,
D0331,korban,
D0331,membuka,
D0331,akun,
D0331,Binance,
D0331,miliknya,
D0331,untuk,
D0331,diambil,
D0331,uang,
D0331,kriptonya,
D0331,serta,
D0331,mengirimkan,
D0331,ke,
D0331,alamat,
D0331,dengan,
D0331,kombinasi,
D0331,angka,
D0331,dan,
D0331,huruf,
D0331,Dari,
D0331,peristiwa,
D0331,itu,
D0331,Iermakov,
D0331,dan,
D0331,sopirnya,
D0331,mengalami,
D0331,sejumlah,
D0331,luka,
D0331,di,
D0331,kepala,
D0331,dan,
D0331,pinggang,
D0331,Ariasandy,
D0331,menegaskan,
D0331,polisi,
D0331,masih,
D0331,menyelidiki,
D0331,kasus,
D0331,tersebut,
D0331,Sembilan,
D0331,saksi,
D0331,sudah,
D0331,kami,
D0331,periksa,
D0331,Koordinasi,
D0331,dengan,
D0331,imigrasi,
D0331,dan,
D0331,Kedutaan,
D0331,Ukraina,
D0331,sudah,
D0331,dilakukan,
D0331,Juga,
D0331,dua,
D0331,kali,
D0331,dilaksanakan,
D0331,prarekonstruksi,
D0331,pungkasnya,
D0332,Seorang,
D0332,pria,
D0332,membakar,
D0332,warung,
D0332,nasi,
D0332,balap,
D0332,di,
D0332,Soboman,
D0332,Ngestiharjo,
D0332,Kecamatan,
D0332,Kasihan,
D0332,Kabupaten,
D0332,Bantul,
D0332,Motifnya,
D0332,karena,
D0332,sakit,
D0332,hati,
D0332,pacarnya,
D0332,dipecat,
D0332,dari,
D0332,warung,
D0332,tersebut,
D0332,tanpa,
D0332,alasan,
D0332,Kasi,
D0332,Humas,
D0332,Polres,
D0332,Bantul,
D0332,AKP,
D0332,I,
D0332,Nengah,
D0332,Jeffry,
D0332,menjelaskan,
D0332,pelaku,
D0332,utama,
D0332,dalam,
D0332,kasus,
D0332,itu,
D0332,pria,
D0332,berinisial,
D0332,VDP,
D0332,34,
D0332,warga,
D0332,Tegalrejo,
D0332,Kota,
D0332,Jogja,
D0332,Ia,
D0332,juga,
D0332,mengajak,
D0332,tiga,
D0332,temannya,
D0332,untuk,
D0332,melakukan,
D0332,aksi,
D0332,tersebut,
D0332,Jadi,
D0332,kekasih,
D0332,VDP,
D0332,itu,
D0332,bekerja,
D0332,di,
D0332,warung,
D0332,nasi,
D0332,balap,
D0332,dan,
D0332,dikeluarkan,
D0332,tanpa,
D0332,alasan,
D0332,ungkap,
D0332,Jeffry,
D0332,dilansir,
D0332,detikJogja,
D0332,Kamis,
D0332,3012025,
D0332,pagi,
D0332,SCROLL,
D0332,TO,
D0332,CONTINUE,
D0332,WITH,
D0332,CONTENT,
D0332,Selain,
D0332,VDP,
D0332,tiga,
D0332,rekannya,
D0332,juga,
D0332,jadi,
D0332,tersangka,
D0332,yakni,
D0332,IK,
D0332,21,
D0332,FF,
D0332,25,
D0332,dan,
D0332,ENB,
D0332,25,
D0332,Akibat,
D0332,aksi,
D0332,keempat,
D0332,pelaku,
D0332,kios,
D0332,warung,
D0332,makan,
D0332,nasi,
D0332,balap,
D0332,itu,
D0332,terbakar,
D0332,Minggu,
D0332,191,
D0332,dini,
D0332,hari,
D0332,Video,
D0332,saat,
D0332,pelaku,
D0332,membakar,
D0332,warung,
D0332,tersebut,
D0332,juga,
D0332,sempat,
D0332,viral,
D0332,di,
D0332,media,
D0332,sosial,
D0332,Para,
D0332,pelaku,
D0332,sempat,
D0332,buron,
D0332,beberapa,
D0332,hari,
D0332,hingga,
D0332,akhirnya,
D0332,ditangkap,
D0332,polisi,
D0332,Selasa,
D0332,281,
D0332,Untuk,
D0332,pelaku,
D0332,sudah,
D0332,diamankan,
D0332,semua,
D0332,total,
D0332,ada,
D0332,empat,
D0332,orang,
D0332,dan,
D0332,diamankan,
D0332,kemarin,
D0332,Selasa,
D0332,281,
D0332,kata,
D0332,Kasi,
D0332,Humas,
D0332,Polres,
D0332,Bantul,
D0332,AKP,
D0332,I,
D0332,Nengah,
D0332,Jeffry,
D0332,saat,
D0332,dihubungi,
D0332,wartawan,
D0332,Rabu,
D0332,291,
D0332,Awalnya,
D0332,polisi,
D0332,meringkus,
D0332,pelaku,
D0332,berinisial,
D0332,VDP,
D0332,34,
D0332,warga,
D0332,Kota,
D0332,Jogja,
D0332,di,
D0332,tempat,
D0332,kerjanya,
D0332,Selasa,
D0332,281,
D0332,Dari,
D0332,keterangan,
D0332,VDP,
D0332,mengaku,
D0332,beraksi,
D0332,bersama,
D0332,tiga,
D0332,rekannya,
D0332,ujar,
D0332,Jeffry,
D0332,kemarin,
D0332,Kemudian,
D0332,polisi,
D0332,menangkap,
D0332,pelaku,
D0332,berinisial,
D0332,IK,
D0332,di,
D0332,Bangunkerto,
D0332,Turi,
D0332,Sleman,
D0332,pada,
D0332,hari,
D0332,yang,
D0332,sama,
D0332,Lalu,
D0332,menangkap,
D0332,pelaku,
D0332,inisial,
D0332,FF,
D0332,di,
D0332,Tepus,
D0332,Gunungkidul,
D0332,Dan,
D0332,terakhir,
D0332,ENB,
D0332,25,
D0332,diamankan,
D0332,di,
D0332,Caturharjo,
D0332,Pandak,
D0332,Untuk,
D0332,barang,
D0332,bukti,
D0332,yang,
D0332,diamankan,
D0332,ada,
D0332,empat,
D0332,unit,
D0332,smartphone,
D0332,milik,
D0332,masingmasing,
D0332,pelaku,
D0332,dan,
D0332,dua,
D0332,unit,
D0332,motor,
D0332,yang,
D0332,digunakan,
D0332,pelaku,
D0332,saat,
D0332,beraksi,
D0332,ucap,
D0332,Jeffry,
D0332,Akibat,
D0332,kebakaran,
D0332,itu,
D0332,warung,
D0332,milik,
D0332,korban,
D0332,tidak,
D0332,mengalami,
D0332,kerusakan,
D0332,parah,
D0332,Sehari,
D0332,setelah,
D0332,kejadian,
D0332,warung,
D0332,itu,
D0332,juga,
D0332,kembali,
D0332,beroperasi,
D0332,Iya,
D0332,kemarin,
D0332,Minggu,
D0332,memang,
D0332,terbakar,
D0332,tapi,
D0332,sekarang,
D0332,sudah,
D0332,buka,
D0332,lagi,
D0332,kata,
D0332,pemilik,
D0332,kios,
D0332,yang,
D0332,digunakan,
D0332,tempat,
D0332,usaha,
D0332,nasi,
D0332,balap,
D0332,Suniyati,
D0332,60,
D0332,Menurut,
D0332,Suniyati,
D0332,warungnya,
D0332,dibakar,
D0332,saat,
D0332,sudah,
D0332,tutup,
D0332,Suniyati,
D0332,mengaku,
D0332,tidak,
D0332,tahu,
D0332,apakah,
D0332,pemilik,
D0332,usaha,
D0332,warung,
D0332,nasi,
D0332,balap,
D0332,yang,
D0332,menyewa,
D0332,kiosnya,
D0332,itu,
D0332,punya,
D0332,masalah,
D0332,dengan,
D0332,orang,
D0332,lain,
D0332,Yang,
D0332,punya,
D0332,masih,
D0332,muda,
D0332,dan,
D0332,sudah,
D0332,mengontrak,
D0332,sekitar,
D0332,9,
D0332,bulan,
D0332,Tapi,
D0332,pemiliknya,
D0332,tidak,
D0332,di,
D0332,sini,
D0332,karena,
D0332,sudah,
D0332,ada,
D0332,karyawannya,
D0332,ujar,
D0332,dia,
D0333,Seorang,
D0333,pria,
D0333,berinisial,
D0333,SN,
D0333,36,
D0333,menikam,
D0333,warga,
D0333,sekampungnya,
D0333,di,
D0333,Kabupaten,
D0333,Nias,
D0333,Selatan,
D0333,Nisel,
D0333,Sumatera,
D0333,Utara,
D0333,Sumut,
D0333,inisial,
D0333,FH,
D0333,54,
D0333,Peristiwa,
D0333,itu,
D0333,dipicu,
D0333,karena,
D0333,pelaku,
D0333,kesal,
D0333,sering,
D0333,diejek,
D0333,oleh,
D0333,korban,
D0333,Kasat,
D0333,Reskrim,
D0333,Polres,
D0333,Nisel,
D0333,AKP,
D0333,Sugiabdi,
D0333,mengatakan,
D0333,peristiwa,
D0333,itu,
D0333,terjadi,
D0333,di,
D0333,Desa,
D0333,Lawindra,
D0333,Kecamatan,
D0333,Mazino,
D0333,Rabu,
D0333,2912025,
D0333,Lalu,
D0333,pelaku,
D0333,ditangkap,
D0333,pagi,
D0333,tadi,
D0333,di,
D0333,rumah,
D0333,keluarganya,
D0333,di,
D0333,Desa,
D0333,Hilizalootano,
D0333,Laowo,
D0333,Dalam,
D0333,waktu,
D0333,kurang,
D0333,dari,
D0333,24,
D0333,jam,
D0333,terduga,
D0333,pelaku,
D0333,SN,
D0333,ditangkap,
D0333,di,
D0333,rumah,
D0333,keluarganya,
D0333,pada,
D0333,Kamis,
D0333,dini,
D0333,hari,
D0333,kata,
D0333,Sugiabdi,
D0333,Kamis,
D0333,301,
D0333,SCROLL,
D0333,TO,
D0333,CONTINUE,
D0333,WITH,
D0333,CONTENT,
D0333,Sugabdi,
D0333,menyebut,
D0333,saat,
D0333,kejadian,
D0333,korban,
D0333,tengah,
D0333,mengadakan,
D0333,acara,
D0333,keluarga,
D0333,Lalu,
D0333,tibatiba,
D0333,pelaku,
D0333,datang,
D0333,dan,
D0333,mengambil,
D0333,pisau,
D0333,yang,
D0333,digunakan,
D0333,untuk,
D0333,memotong,
D0333,daging,
D0333,saat,
D0333,acara,
D0333,keluarga,
D0333,tersebut,
D0333,Kemudian,
D0333,pelaku,
D0333,menikam,
D0333,korban,
D0333,di,
D0333,bagian,
D0333,bahu,
D0333,Saat,
D0333,acara,
D0333,keluarga,
D0333,yang,
D0333,kebetulan,
D0333,juga,
D0333,menggelar,
D0333,pemotongan,
D0333,daging,
D0333,SN,
D0333,secara,
D0333,spontan,
D0333,mengambil,
D0333,sebilah,
D0333,pisau,
D0333,yang,
D0333,digunakan,
D0333,dalam,
D0333,acara,
D0333,itu,
D0333,dan,
D0333,menikam,
D0333,korban,
D0333,dari,
D0333,bahu,
D0333,belakang,
D0333,ujarnya,
D0333,Warga,
D0333,yang,
D0333,berada,
D0333,di,
D0333,lokasi,
D0333,langsung,
D0333,berupaya,
D0333,menghentikan,
D0333,aksi,
D0333,pelaku,
D0333,tersebut,
D0333,dan,
D0333,membawa,
D0333,pelaku,
D0333,keluar,
D0333,rumah,
D0333,Setelah,
D0333,itu,
D0333,pelaku,
D0333,langsung,
D0333,pergi,
D0333,melarikan,
D0333,diri,
D0333,sementara,
D0333,korban,
D0333,dilarikan,
D0333,ke,
D0333,klinik,
D0333,terdekat,
D0333,Namun,
D0333,karena,
D0333,kondisinya,
D0333,memburuk,
D0333,korban,
D0333,dirujuk,
D0333,ke,
D0333,RS,
D0333,Gunungsitoli,
D0333,Nahas,
D0333,korban,
D0333,meninggal,
D0333,dunia,
D0333,di,
D0333,tengah,
D0333,perjalanan,
D0333,Dalam,
D0333,perjalanan,
D0333,menuju,
D0333,rumah,
D0333,sakit,
D0333,korban,
D0333,dinyatakan,
D0333,meninggal,
D0333,dunia,
D0333,ujarnya,
D0333,Peristiwa,
D0333,itu,
D0333,lalu,
D0333,dilaporkan,
D0333,keluarga,
D0333,korban,
D0333,ke,
D0333,Polres,
D0333,Nisel,
D0333,Pihak,
D0333,kepolisian,
D0333,pun,
D0333,langsung,
D0333,turun,
D0333,ke,
D0333,lokasi,
D0333,usai,
D0333,menerima,
D0333,laporan,
D0333,itu,
D0333,hingga,
D0333,akhirnya,
D0333,menangkap,
D0333,pelaku,
D0333,sekira,
D0333,pukul,
D0333,0530,
D0333,WIB,
D0333,Setelah,
D0333,ditangkap,
D0333,pelaku,
D0333,diboyong,
D0333,ke,
D0333,kantor,
D0333,polisi,
D0333,untuk,
D0333,proses,
D0333,pemeriksaan,
D0333,lebih,
D0333,lanjut,
D0333,Berdasarkan,
D0333,keterangan,
D0333,pelaku,
D0333,motifnya,
D0333,sampai,
D0333,tega,
D0333,membunuh,
D0333,korban,
D0333,karena,
D0333,kesal,
D0333,sering,
D0333,diejek,
D0333,mabukmabukan,
D0333,Dari,
D0333,keterangan,
D0333,terduga,
D0333,pelaku,
D0333,saat,
D0333,dimintai,
D0333,keterangannya,
D0333,dia,
D0333,merasa,
D0333,tidak,
D0333,senang,
D0333,dengan,
D0333,korban,
D0333,yang,
D0333,diduga,
D0333,sering,
D0333,mengejeknya,
D0333,karena,
D0333,kebiasaan,
D0333,mabukmabukan,
D0333,pungkasnya,
D0333,Atas,
D0333,perbuatannya,
D0333,pelaku,
D0333,dijerat,
D0333,Pasal,
D0333,338,
D0333,KUHP,
D0333,Subs,
D0333,Pasal,
D0333,351,
D0333,Ayat,
D0333,3,
D0333,KUHPidana,
D0333,dengan,
D0333,ancaman,
D0333,hukuman,
D0333,15,
D0333,tahun,
D0333,penjara,
D0334,Tiga,
D0334,siswa,
D0334,Sekolah,
D0334,Menengah,
D0334,Atas,
D0334,SMA,
D0334,di,
D0334,Kota,
D0334,Batam,
D0334,Kepulauan,
D0334,Riau,
D0334,Kepri,
D0334,berinisial,
D0334,CMY,
D0334,16,
D0334,AR,
D0334,16,
D0334,dan,
D0334,NS,
D0334,16,
D0334,ditangkap,
D0334,polisi,
D0334,karena,
D0334,menjambret,
D0334,pasangan,
D0334,suami,
D0334,istri,
D0334,di,
D0334,kawasan,
D0334,Lubuk,
D0334,Baja,
D0334,Batam,
D0334,Korban,
D0334,terluka,
D0334,akibat,
D0334,aksi,
D0334,penjambretan,
D0334,tersebut,
D0334,Tim,
D0334,gabungan,
D0334,Unit,
D0334,Reskrim,
D0334,Polsek,
D0334,Lubuk,
D0334,Baja,
D0334,dan,
D0334,Jatanras,
D0334,Polda,
D0334,Kepri,
D0334,menangkap,
D0334,3,
D0334,pelaku,
D0334,penjambretan,
D0334,yang,
D0334,beraksi,
D0334,di,
D0334,depan,
D0334,SPBU,
D0334,Jalan,
D0334,Yos,
D0334,Sudarso,
D0334,Ketiganya,
D0334,masih,
D0334,di,
D0334,bawah,
D0334,umur,
D0334,dan,
D0334,berstatus,
D0334,pelajar,
D0334,kata,
D0334,Kanit,
D0334,Reskrim,
D0334,Polsek,
D0334,Lubuk,
D0334,Baja,
D0334,Iptu,
D0334,Noval,
D0334,Adimas,
D0334,Ardianto,
D0334,Rabu,
D0334,2912025,
D0334,Kronologi,
D0334,penjambretan,
D0334,itu,
D0334,bermula,
D0334,saat,
D0334,korban,
D0334,yang,
D0334,merupakan,
D0334,pasangan,
D0334,suami,
D0334,istri,
D0334,hendak,
D0334,pulang,
D0334,ke,
D0334,rumahnya,
D0334,dengan,
D0334,sepeda,
D0334,motor,
D0334,pada,
D0334,Jumat,
D0334,241,
D0334,dini,
D0334,hari,
D0334,Saat,
D0334,tiba,
D0334,di,
D0334,depan,
D0334,SPBU,
D0334,Jalan,
D0334,Yos,
D0334,Sudarso,
D0334,korban,
D0334,dipepet,
D0334,pelaku,
D0334,yang,
D0334,mengendarai,
D0334,sepeda,
D0334,motor,
D0334,SCROLL,
D0334,TO,
D0334,CONTINUE,
D0334,WITH,
D0334,CONTENT,
D0334,Saat,
D0334,menghampiri,
D0334,korban,
D0334,pelaku,
D0334,langsung,
D0334,menarik,
D0334,paksa,
D0334,tas,
D0334,yang,
D0334,digunakan,
D0334,oleh,
D0334,istri,
D0334,korban,
D0334,dan,
D0334,terjadi,
D0334,tarik,
D0334,menarik,
D0334,tas,
D0334,dengan,
D0334,salah,
D0334,satu,
D0334,pelaku,
D0334,Akibatnya,
D0334,membuat,
D0334,korban,
D0334,dan,
D0334,istri,
D0334,terjatuh,
D0334,dari,
D0334,sepeda,
D0334,motor,
D0334,yang,
D0334,dikendarai,
D0334,ujarnya,
D0334,Akibatnya,
D0334,istri,
D0334,korban,
D0334,mengalami,
D0334,patah,
D0334,tulang,
D0334,bagian,
D0334,bahu,
D0334,dan,
D0334,luka,
D0334,bagian,
D0334,muka,
D0334,Untuk,
D0334,korban,
D0334,sendiri,
D0334,mengalami,
D0334,luka,
D0334,di,
D0334,bagian,
D0334,tangan,
D0334,dan,
D0334,wajah,
D0334,Para,
D0334,pelaku,
D0334,langsung,
D0334,melarikan,
D0334,diri,
D0334,Kemudian,
D0334,kejadian,
D0334,itu,
D0334,dilaporkan,
D0334,ke,
D0334,Polsek,
D0334,Lubuk,
D0334,Baja,
D0334,oleh,
D0334,korban,
D0334,untuk,
D0334,proses,
D0334,lebih,
D0334,lanjut,
D0334,ujarnya,
D0334,Dari,
D0334,laporan,
D0334,korban,
D0334,polisi,
D0334,kemudian,
D0334,melakukan,
D0334,penyelidikan,
D0334,Hasilnya,
D0334,polisi,
D0334,mendeteksi,
D0334,keberadaan,
D0334,salah,
D0334,satu,
D0334,pelaku,
D0334,di,
D0334,kawasan,
D0334,Sengkuang,
D0334,Batu,
D0334,Ampar,
D0334,Saat,
D0334,tim,
D0334,Jatanras,
D0334,Polda,
D0334,Kepri,
D0334,dan,
D0334,Opsnal,
D0334,Reskrim,
D0334,Polsek,
D0334,Lubuk,
D0334,Baja,
D0334,mendatangi,
D0334,lokasi,
D0334,yang,
D0334,dicurigai,
D0334,di,
D0334,dapati,
D0334,seorang,
D0334,pelaku,
D0334,berinisial,
D0334,AR,
D0334,pada,
D0334,Selasa,
D0334,281,
D0334,Dari,
D0334,hasil,
D0334,interogasi,
D0334,pelaku,
D0334,mengakui,
D0334,aksi,
D0334,penjambretan,
D0334,yang,
D0334,di,
D0334,dilakukan,
D0334,bersama,
D0334,dua,
D0334,rekannya,
D0334,ujarnya,
D0334,Dari,
D0334,penangkapan,
D0334,AR,
D0334,polisi,
D0334,kemudian,
D0334,melakukan,
D0334,pengembangan,
D0334,dan,
D0334,menangkap,
D0334,dua,
D0334,pelaku,
D0334,lainnya,
D0334,yakni,
D0334,NS,
D0334,dan,
D0334,CMY,
D0334,Keduanya,
D0334,juga,
D0334,ditangkap,
D0334,di,
D0334,kawasan,
D0334,Sengkuang,
D0334,Batu,
D0334,Ampar,
D0334,Kemudian,
D0334,dilakukan,
D0334,pengembangan,
D0334,dan,
D0334,tim,
D0334,menangkap,
D0334,NS,
D0334,dan,
D0334,CMY,
D0334,Ketiga,
D0334,pelaku,
D0334,dan,
D0334,barang,
D0334,bukti,
D0334,kemudahan,
D0334,dibawa,
D0334,ke,
D0334,Polsek,
D0334,Lubuk,
D0334,Baja,
D0334,untuk,
D0334,pemeriksaan,
D0334,lebih,
D0334,lanjut,
D0334,ujarnya,
D0334,Polisi,
D0334,juga,
D0334,menyita,
D0334,sejumlah,
D0334,barang,
D0334,bukti,
D0334,diantaranya,
D0334,satu,
D0334,unit,
D0334,sepeda,
D0334,motor,
D0334,Yamaha,
D0334,WR,
D0334,hitam,
D0334,yang,
D0334,digunakan,
D0334,para,
D0334,pelaku,
D0334,satu,
D0334,unit,
D0334,handphone,
D0334,Vivo,
D0334,Y17S,
D0334,warna,
D0334,forest,
D0334,green,
D0334,Satu,
D0334,unit,
D0334,handphone,
D0334,Vivo,
D0334,Y17S,
D0334,satu,
D0334,unit,
D0334,handphone,
D0334,Tecno,
D0334,Spark,
D0334,warna,
D0334,biru,
D0334,dan,
D0334,satu,
D0334,unit,
D0334,iPhone,
D0334,12,
D0334,Pro,
D0334,Max,
D0334,warna,
D0334,ocean,
D0334,blue,
D0334,Dari,
D0334,pemeriksaan,
D0334,polisi,
D0334,ketiga,
D0334,pelaku,
D0334,mengaku,
D0334,baru,
D0334,pertama,
D0334,kali,
D0334,melakukan,
D0334,aksi,
D0334,penjambretan,
D0334,Namun,
D0334,polisi,
D0334,masih,
D0334,mendalami,
D0334,pengakuan,
D0334,para,
D0334,pelaku,
D0334,Ketiganya,
D0334,saat,
D0334,ini,
D0334,masih,
D0334,dalam,
D0334,pemeriksaan,
D0334,oleh,
D0334,penyidik,
D0334,untuk,
D0334,mendalami,
D0334,motif,
D0334,perbuatan,
D0334,para,
D0334,pelaku,
D0334,ujarnya,
D0335,Berbagai,
D0335,kasus,
D0335,kriminal,
D0335,terjadi,
D0335,di,
D0335,wilayah,
D0335,Sumatera,
D0335,Utara,
D0335,Sumut,
D0335,dalam,
D0335,sepekan,
D0335,ini,
D0335,Misalnya,
D0335,soal,
D0335,puluhan,
D0335,pemuda,
D0335,yang,
D0335,menyerang,
D0335,dan,
D0335,menjarah,
D0335,salah,
D0335,satu,
D0335,warung,
D0335,hingga,
D0335,personel,
D0335,polisi,
D0335,yang,
D0335,dilaporkan,
D0335,karena,
D0335,10,
D0335,tahun,
D0335,tidak,
D0335,membayarkan,
D0335,utang,
D0335,ke,
D0335,tetangganya,
D0335,Berikut,
D0335,detikSumut,
D0335,rangkum,
D0335,sejumlah,
D0335,kasus,
D0335,kriminal,
D0335,tersebut,
D0335,1,
D0335,Mahasiswa,
D0335,SerangJarah,
D0335,Warung,
D0335,saat,
D0335,Cari,
D0335,Lawan,
D0335,SCROLL,
D0335,TO,
D0335,CONTINUE,
D0335,WITH,
D0335,CONTENT,
D0335,Satu,
D0335,video,
D0335,yang,
D0335,menunjukkan,
D0335,puluhan,
D0335,pemuda,
D0335,menyerang,
D0335,dan,
D0335,menjarah,
D0335,salah,
D0335,satu,
D0335,warung,
D0335,kelontong,
D0335,di,
D0335,Jalan,
D0335,Karya,
D0335,Kecamatan,
D0335,Medan,
D0335,Barat,
D0335,viral,
D0335,di,
D0335,media,
D0335,sosial,
D0335,Peristiwa,
D0335,itu,
D0335,terjadi,
D0335,pada,
D0335,Kamis,
D0335,1612025,
D0335,malam,
D0335,Kapolrestabes,
D0335,Medan,
D0335,Kombes,
D0335,Gidion,
D0335,Arif,
D0335,Setyawan,
D0335,menyebut,
D0335,penyerangan,
D0335,dan,
D0335,penjarahan,
D0335,itu,
D0335,dilakukan,
D0335,31,
D0335,pemuda,
D0335,yang,
D0335,sebagiannya,
D0335,merupakan,
D0335,mahasiswa,
D0335,Fakultas,
D0335,Hukum,
D0335,Universitas,
D0335,HKBP,
D0335,Nommensen,
D0335,UHN,
D0335,Dari,
D0335,total,
D0335,tersebut,
D0335,sembilan,
D0335,di,
D0335,antaranya,
D0335,telah,
D0335,ditangkap,
D0335,Semuanya,
D0335,kurang,
D0335,lebih,
D0335,ada,
D0335,31,
D0335,orang,
D0335,Kita,
D0335,sementara,
D0335,mengamankan,
D0335,sembilan,
D0335,orang,
D0335,dan,
D0335,semuanya,
D0335,kami,
D0335,tetapkan,
D0335,tersangka,
D0335,dan,
D0335,kami,
D0335,lakukan,
D0335,penahanan,
D0335,sebagai,
D0335,proses,
D0335,penyidikan,
D0335,kata,
D0335,Gidion,
D0335,saat,
D0335,konferensi,
D0335,pers,
D0335,di,
D0335,Polsek,
D0335,Medan,
D0335,Barat,
D0335,Senin,
D0335,2011,
D0335,Gidion,
D0335,membantah,
D0335,isu,
D0335,yang,
D0335,menyebutkan,
D0335,bahwa,
D0335,para,
D0335,pelaku,
D0335,adalah,
D0335,geng,
D0335,motor,
D0335,Dari,
D0335,total,
D0335,yang,
D0335,diamankan,
D0335,tersebut,
D0335,tujuh,
D0335,di,
D0335,antaranya,
D0335,merupakan,
D0335,mahasiswa,
D0335,fakultas,
D0335,hukum,
D0335,sedangkan,
D0335,dua,
D0335,orang,
D0335,lainnya,
D0335,adalah,
D0335,teman,
D0335,para,
D0335,pelaku,
D0335,Adapun,
D0335,kesembilan,
D0335,pelaku,
D0335,yang,
D0335,ditangkap,
D0335,adalah,
D0335,FN,
D0335,25,
D0335,OS,
D0335,21,
D0335,SS,
D0335,20,
D0335,TS,
D0335,21,
D0335,JS,
D0335,20,
D0335,RS,
D0335,22,
D0335,PIL,
D0335,19,
D0335,FS,
D0335,19,
D0335,dan,
D0335,RJT,
D0335,18,
D0335,Mantan,
D0335,Kapolres,
D0335,Jakarta,
D0335,Utara,
D0335,itu,
D0335,menyebut,
D0335,saat,
D0335,kejadian,
D0335,para,
D0335,pelaku,
D0335,hendak,
D0335,mencari,
D0335,lawan,
D0335,mereka,
D0335,dari,
D0335,fakultas,
D0335,teknik,
D0335,Setelah,
D0335,dicari,
D0335,mereka,
D0335,menemukan,
D0335,dua,
D0335,anak,
D0335,fakultas,
D0335,teknik,
D0335,tengah,
D0335,berada,
D0335,di,
D0335,warung,
D0335,tersebut,
D0335,Alhasil,
D0335,para,
D0335,pelaku,
D0335,memutuskan,
D0335,untuk,
D0335,menyerang,
D0335,warung,
D0335,itu,
D0335,Akibat,
D0335,ulah,
D0335,pelaku,
D0335,ada,
D0335,dua,
D0335,karyawan,
D0335,warung,
D0335,yang,
D0335,mengalami,
D0335,lukaluka,
D0335,Kanit,
D0335,Reskrim,
D0335,Polsek,
D0335,Medan,
D0335,Barat,
D0335,Iptu,
D0335,Darman,
D0335,Lumban,
D0335,Raja,
D0335,menyebut,
D0335,bahwa,
D0335,penyerangan,
D0335,itu,
D0335,adalah,
D0335,aksi,
D0335,balasan,
D0335,Sebab,
D0335,sebelumnya,
D0335,pada,
D0335,Kamis,
D0335,161,
D0335,sekitar,
D0335,pukul,
D0335,2030,
D0335,WIB,
D0335,mahasiswa,
D0335,fakultas,
D0335,teknik,
D0335,menyerang,
D0335,tempat,
D0335,tongkrongan,
D0335,mahasiswa,
D0335,fakultas,
D0335,hukum,
D0335,Sementara,
D0335,aksi,
D0335,penyerangan,
D0335,di,
D0335,warung,
D0335,itu,
D0335,terjadi,
D0335,pada,
D0335,pukul,
D0335,2330,
D0335,WIB,
D0335,Motifnya,
D0335,adalah,
D0335,untuk,
D0335,melakukan,
D0335,serangan,
D0335,balasan,
D0335,terhadap,
D0335,mahasiswa,
D0335,fakultas,
D0335,teknik,
D0335,yang,
D0335,mana,
D0335,sebelumnya,
D0335,pada,
D0335,Kamis,
D0335,sekira,
D0335,pukul,
D0335,2030,
D0335,WIB,
D0335,mahasiswa,
D0335,fakultas,
D0335,teknik,
D0335,menyerang,
D0335,warung,
D0335,yang,
D0335,berada,
D0335,di,
D0335,depan,
D0335,kampus,
D0335,yang,
D0335,merupakan,
D0335,tempat,
D0335,tongkrongan,
D0335,fakultas,
D0335,hukum,
D0335,jelasnya,
D0335,Alhasil,
D0335,mahasiswa,
D0335,fakultas,
D0335,hukum,
D0335,itu,
D0335,berkeliling,
D0335,dan,
D0335,mencari,
D0335,fakultas,
D0335,teknik,
D0335,tersebut,
D0335,Lalu,
D0335,saat,
D0335,melintas,
D0335,di,
D0335,Jalan,
D0335,Karya,
D0335,mereka,
D0335,melihat,
D0335,dua,
D0335,mahasiswa,
D0335,fakultas,
D0335,teknik,
D0335,tengah,
D0335,berada,
D0335,di,
D0335,warung,
D0335,tersebut,
D0335,2,
D0335,Pria,
D0335,Tipu,
D0335,Kerabat,
D0335,Rp,
D0335,100,
D0335,Juta,
D0335,Modus,
D0335,Bisa,
D0335,Luluskan,
D0335,PPPK,
D0335,Seorang,
D0335,pria,
D0335,bernama,
D0335,M,
D0335,Hudian,
D0335,Ambril,
D0335,45,
D0335,menipu,
D0335,keluarganya,
D0335,sebanyak,
D0335,Rp,
D0335,100,
D0335,juta,
D0335,dengan,
D0335,modus,
D0335,bisa,
D0335,meluluskan,
D0335,korban,
D0335,menjadi,
D0335,Pegawai,
D0335,Pemerintah,
D0335,dengan,
D0335,Perjanjian,
D0335,Kerja,
D0335,PPPK,
D0335,Saat,
D0335,ini,
D0335,pelaku,
D0335,telah,
D0335,diamankan,
D0335,petugas,
D0335,kepolisian,
D0335,Kapolres,
D0335,Asahan,
D0335,AKBP,
D0335,Afdhal,
D0335,Junaidi,
D0335,mengatakan,
D0335,peristiwa,
D0335,itu,
D0335,berawal,
D0335,pada,
D0335,18,
D0335,Oktober,
D0335,2024,
D0335,Saat,
D0335,itu,
D0335,korban,
D0335,Novia,
D0335,mendaftar,
D0335,ujian,
D0335,seleksi,
D0335,PPPK,
D0335,di,
D0335,Dinas,
D0335,Sosial,
D0335,Kabupaten,
D0335,Asahan,
D0335,Lalu,
D0335,pada,
D0335,akhir,
D0335,bulan,
D0335,Oktober,
D0335,2024,
D0335,orang,
D0335,tua,
D0335,korban,
D0335,bertemu,
D0335,dengan,
D0335,pelaku,
D0335,di,
D0335,salah,
D0335,satu,
D0335,warung,
D0335,kopi,
D0335,di,
D0335,Jalan,
D0335,Imam,
D0335,Bonjol,
D0335,Kisaran,
D0335,Orang,
D0335,tua,
D0335,korban,
D0335,memberitahukan,
D0335,bahwa,
D0335,anaknya,
D0335,mau,
D0335,ikut,
D0335,ujian,
D0335,untuk,
D0335,PPPK,
D0335,untuk,
D0335,Dinas,
D0335,Sosial,
D0335,Asahan,
D0335,kata,
D0335,Afdhal,
D0335,Selasa,
D0335,211,
D0335,Pada,
D0335,saat,
D0335,itu,
D0335,pelaku,
D0335,mengaku,
D0335,bisa,
D0335,membantu,
D0335,meluluskan,
D0335,korban,
D0335,menjadi,
D0335,PPPK,
D0335,Namun,
D0335,syaratnya,
D0335,korban,
D0335,harus,
D0335,menyiapkan,
D0335,uang,
D0335,sebanyak,
D0335,Rp,
D0335,100,
D0335,juta,
D0335,untuk,
D0335,biaya,
D0335,mengurusnya,
D0335,Jika,
D0335,tidak,
D0335,lulus,
D0335,pelaku,
D0335,berjanji,
D0335,akan,
D0335,mengembalikan,
D0335,uang,
D0335,tersebut,
D0335,Singkat,
D0335,cerita,
D0335,korban,
D0335,pun,
D0335,menyerahkan,
D0335,uang,
D0335,Rp,
D0335,100,
D0335,juta,
D0335,itu,
D0335,ke,
D0335,pelaku,
D0335,Untuk,
D0335,lebih,
D0335,meyakinkan,
D0335,korban,
D0335,pelaku,
D0335,menemani,
D0335,korban,
D0335,ujian,
D0335,seleksi,
D0335,PPPK,
D0335,di,
D0335,Kabupaten,
D0335,Deli,
D0335,Serdang,
D0335,pada,
D0335,8,
D0335,Desember,
D0335,2024,
D0335,Namun,
D0335,nahas,
D0335,pada,
D0335,pengumuman,
D0335,kelulusan,
D0335,di,
D0335,tanggal,
D0335,31,
D0335,Desember,
D0335,2024,
D0335,korban,
D0335,dinyatakan,
D0335,tidak,
D0335,lulus,
D0335,Merasa,
D0335,kecewa,
D0335,korban,
D0335,menghubungi,
D0335,pelaku,
D0335,dan,
D0335,meminta,
D0335,uangnya,
D0335,untuk,
D0335,dikembalikan,
D0335,Saat,
D0335,itu,
D0335,pelaku,
D0335,mengaku,
D0335,akan,
D0335,mengembalikan,
D0335,uang,
D0335,tersebut,
D0335,Namun,
D0335,nyatanya,
D0335,uang,
D0335,itu,
D0335,tidak,
D0335,kunjung,
D0335,dikembalikan,
D0335,Pada,
D0335,akhirnya,
D0335,korban,
D0335,membuat,
D0335,laporan,
D0335,ke,
D0335,Polres,
D0335,Asahan,
D0335,Pihak,
D0335,kepolisian,
D0335,pun,
D0335,mencari,
D0335,pelaku,
D0335,dan,
D0335,menangkapnya,
D0335,pada,
D0335,Sabtu,
D0335,181,
D0335,malam,
D0335,di,
D0335,rumahnya,
D0335,di,
D0335,Dusun,
D0335,IX,
D0335,Desa,
D0335,Gajah,
D0335,Kecamatan,
D0335,Meranti,
D0335,Berdasarkan,
D0335,pengakuan,
D0335,pelaku,
D0335,uang,
D0335,korban,
D0335,itu,
D0335,digunakannya,
D0335,untuk,
D0335,membayar,
D0335,utangnya,
D0335,3,
D0335,Pria,
D0335,Tewas,
D0335,Ditikam,
D0335,Tetangga,
D0335,Usai,
D0335,Cekcok,
D0335,di,
D0335,Warung,
D0335,Tuak,
D0335,Seorang,
D0335,pria,
D0335,di,
D0335,Kabupaten,
D0335,Samosir,
D0335,bernama,
D0335,Ronal,
D0335,Triwanito,
D0335,35,
D0335,tewas,
D0335,ditikam,
D0335,tetangganya,
D0335,Dimhot,
D0335,Sitinjak,
D0335,45,
D0335,Peristiwa,
D0335,itu,
D0335,berawal,
D0335,saat,
D0335,keduanya,
D0335,cekcok,
D0335,di,
D0335,warung,
D0335,tuak,
D0335,Kasat,
D0335,Reskrim,
D0335,Polres,
D0335,Samosir,
D0335,AKP,
D0335,Edward,
D0335,Sidauruk,
D0335,mengatakan,
D0335,peristiwa,
D0335,itu,
D0335,terjadi,
D0335,di,
D0335,Dusun,
D0335,III,
D0335,Uparongit,
D0335,Desa,
D0335,Janji,
D0335,Raja,
D0335,Kecamatan,
D0335,Sitiotio,
D0335,tadi,
D0335,malam,
D0335,sekira,
D0335,pukul,
D0335,2300,
D0335,WIB,
D0335,Pihak,
D0335,kepolisian,
D0335,masih,
D0335,mendalami,
D0335,motif,
D0335,pembunuhan,
D0335,ini,
D0335,Sampai,
D0335,saat,
D0335,ini,
D0335,Satreskrim,
D0335,Polres,
D0335,Samosir,
D0335,masih,
D0335,melakukan,
D0335,pendalaman,
D0335,namun,
D0335,dapat,
D0335,disampaikan,
D0335,timbulnya,
D0335,dugaan,
D0335,Tindak,
D0335,Pidana,
D0335,Pembunuhan,
D0335,tersebut,
D0335,karena,
D0335,ketersinggungan,
D0335,atau,
D0335,terjadi,
D0335,cekcok,
D0335,mulut,
D0335,kata,
D0335,Edward,
D0335,Rabu,
D0335,221,
D0335,Edward,
D0335,menyebut,
D0335,peristiwa,
D0335,itu,
D0335,berawal,
D0335,sekira,
D0335,pukul,
D0335,2200,
D0335,WIB,
D0335,Awalnya,
D0335,terjadi,
D0335,cekcok,
D0335,antara,
D0335,korban,
D0335,dan,
D0335,pelaku,
D0335,di,
D0335,warung,
D0335,tuak,
D0335,itu,
D0335,Tidak,
D0335,beberapa,
D0335,lama,
D0335,kemudian,
D0335,korbannya,
D0335,pergi,
D0335,meninggalkan,
D0335,warung,
D0335,tersebut,
D0335,dan,
D0335,berjalan,
D0335,ke,
D0335,arah,
D0335,rumahnya,
D0335,Lalu,
D0335,saat,
D0335,keluar,
D0335,dari,
D0335,dalam,
D0335,warung,
D0335,tuak,
D0335,tersebut,
D0335,pelaku,
D0335,langsung,
D0335,mengambil,
D0335,pisau,
D0335,di,
D0335,dapur,
D0335,warung,
D0335,dan,
D0335,mengejar,
D0335,korban,
D0335,serta,
D0335,menikamnya,
D0335,berkalikali,
D0335,Setelah,
D0335,menusuk,
D0335,korban,
D0335,pelaku,
D0335,kembali,
D0335,ke,
D0335,warung,
D0335,itu,
D0335,dan,
D0335,mengembalikan,
D0335,pisau,
D0335,tersebut,
D0335,Usai,
D0335,menerima,
D0335,informasi,
D0335,itu,
D0335,pihak,
D0335,kepolisian,
D0335,turun,
D0335,ke,
D0335,lokasi,
D0335,dan,
D0335,melakukan,
D0335,olah,
D0335,TKP,
D0335,Lalu,
D0335,petugas,
D0335,menangkap,
D0335,pelaku,
D0335,dan,
D0335,mengamankannya,
D0335,ke,
D0335,kantor,
D0335,polisi,
D0335,4,
D0335,Kesal,
D0335,Diingatkan,
D0335,Terlalu,
D0335,Nurut,
D0335,ke,
D0335,Kerabat,
D0335,Pria,
D0335,CekikPukul,
D0335,Istri,
D0335,Seorang,
D0335,pria,
D0335,di,
D0335,Kota,
D0335,Medan,
D0335,bernama,
D0335,Arif,
D0335,34,
D0335,ditangkap,
D0335,karena,
D0335,memukul,
D0335,dan,
D0335,mencekik,
D0335,istrinya,
D0335,RA,
D0335,29,
D0335,Peristiwa,
D0335,itu,
D0335,diduga,
D0335,dipicu,
D0335,karena,
D0335,pelaku,
D0335,tidak,
D0335,suka,
D0335,saat,
D0335,diingatkan,
D0335,untuk,
D0335,tidak,
D0335,terlalu,
D0335,patuh,
D0335,kepada,
D0335,kerabatnya,
D0335,Kejadian,
D0335,tersebut,
D0335,terjadi,
D0335,ketika,
D0335,pelapor,
D0335,memperingati,
D0335,terlapor,
D0335,untuk,
D0335,tidak,
D0335,selalu,
D0335,mau,
D0335,kalau,
D0335,disuruhsuruh,
D0335,oleh,
D0335,uwaknya,
D0335,namun,
D0335,terlapor,
D0335,tidak,
D0335,terima,
D0335,atas,
D0335,perkataan,
D0335,pelapor,
D0335,tersebut,
D0335,kata,
D0335,Kapolres,
D0335,Pelabuhan,
D0335,Belawan,
D0335,AKBP,
D0335,Janton,
D0335,Silaban,
D0335,Rabu,
D0335,221,
D0335,Janton,
D0335,mengatakan,
D0335,peristiwa,
D0335,itu,
D0335,terjadi,
D0335,di,
D0335,Jalan,
D0335,Marelan,
D0335,Raya,
D0335,Pasar,
D0335,4,
D0335,Barat,
D0335,Kecamatan,
D0335,Medan,
D0335,Marelan,
D0335,Selasa,
D0335,71,
D0335,sekira,
D0335,pukul,
D0335,2030,
D0335,WIB,
D0335,Sementara,
D0335,pelaku,
D0335,ditangkap,
D0335,di,
D0335,dekat,
D0335,saah,
D0335,satu,
D0335,swalayan,
D0335,di,
D0335,Kecamatan,
D0335,Medan,
D0335,Marelan,
D0335,pada,
D0335,Selasa,
D0335,211,
D0335,Awalnya,
D0335,korban,
D0335,mengingatkan,
D0335,pelaku,
D0335,untuk,
D0335,tidak,
D0335,selalu,
D0335,patuh,
D0335,dan,
D0335,mau,
D0335,disuruh,
D0335,oleh,
D0335,kerabatnya,
D0335,Mendengar,
D0335,hal,
D0335,itu,
D0335,pelaku,
D0335,emosi,
D0335,dan,
D0335,mencekik,
D0335,korban,
D0335,hingga,
D0335,susah,
D0335,bernapas,
D0335,Setelah,
D0335,itu,
D0335,pelaku,
D0335,mendorong,
D0335,korban,
D0335,hingga,
D0335,terbentur,
D0335,ke,
D0335,pintu,
D0335,dan,
D0335,memukulnya,
D0335,sebanyak,
D0335,lima,
D0335,kali,
D0335,menggunakan,
D0335,tangan,
D0335,hingga,
D0335,memar,
D0335,Akibat,
D0335,kejadian,
D0335,itu,
D0335,korban,
D0335,membuat,
D0335,laporkan,
D0335,ke,
D0335,Polres,
D0335,Pelabuhan,
D0335,Belawan,
D0335,Pihak,
D0335,kepolisian,
D0335,pun,
D0335,menyelidiki,
D0335,peristiwa,
D0335,itu,
D0335,hingga,
D0335,pada,
D0335,akhirnya,
D0335,mengamankan,
D0335,pelaku,
D0335,5,
D0335,10,
D0335,Tahun,
D0335,Tak,
D0335,Bayar,
D0335,Utang,
D0335,Rp,
D0335,58,
D0335,Juta,
D0335,ke,
D0335,Tetangga,
D0335,Oknum,
D0335,Polisi,
D0335,Dilaporkan,
D0335,Oknum,
D0335,polisi,
D0335,berinisial,
D0335,Aipda,
D0335,MHB,
D0335,43,
D0335,diduga,
D0335,tidak,
D0335,mengembalikan,
D0335,uang,
D0335,sebanyak,
D0335,Rp,
D0335,58,
D0335,juta,
D0335,yang,
D0335,dipinjamnya,
D0335,ke,
D0335,tetangganya,
D0335,di,
D0335,Kabupaten,
D0335,Serdang,
D0335,Bedagai,
D0335,Sergai,
D0335,Alhasil,
D0335,korban,
D0335,yang,
D0335,merupakan,
D0335,karyawan,
D0335,BUMN,
D0335,Supianto,
D0335,51,
D0335,melaporkan,
D0335,MHB,
D0335,ke,
D0335,polisi,
D0335,Plt,
D0335,Kasi,
D0335,Humas,
D0335,Polres,
D0335,Sergai,
D0335,Iptu,
D0335,Zulfan,
D0335,Ahmadi,
D0335,mengatakan,
D0335,peristiwa,
D0335,itu,
D0335,berawal,
D0335,pada,
D0335,05,
D0335,Oktober,
D0335,2015,
D0335,Saat,
D0335,itu,
D0335,MHB,
D0335,datang,
D0335,bersama,
D0335,istrinya,
D0335,ke,
D0335,rumah,
D0335,korban,
D0335,di,
D0335,Dusun,
D0335,II,
D0335,Desa,
D0335,Dolok,
D0335,Manampang,
D0335,Kecamatan,
D0335,Dolok,
D0335,Masihul,
D0335,MHB,
D0335,datang,
D0335,bersama,
D0335,dengan,
D0335,istrinya,
D0335,dengan,
D0335,keperluan,
D0335,untuk,
D0335,meminjam,
D0335,uang,
D0335,dikarenakan,
D0335,terlapor,
D0335,MHB,
D0335,adalah,
D0335,tetangga,
D0335,kata,
D0335,Iptu,
D0335,Zulfan,
D0335,Selasa,
D0335,211,
D0335,Pada,
D0335,saat,
D0335,itu,
D0335,kata,
D0335,Zulfan,
D0335,MHB,
D0335,mengaku,
D0335,meminjam,
D0335,uang,
D0335,untuk,
D0335,keperluan,
D0335,usaha,
D0335,Saat,
D0335,meminjam,
D0335,MHB,
D0335,juga,
D0335,memberikan,
D0335,agunan,
D0335,surat,
D0335,tanah,
D0335,sebagai,
D0335,jaminan,
D0335,Usai,
D0335,sepakat,
D0335,korban,
D0335,pun,
D0335,memberikan,
D0335,uang,
D0335,tunai,
D0335,sebanyak,
D0335,Rp,
D0335,58,
D0335,juta,
D0335,kepada,
D0335,MHB,
D0335,Lalu,
D0335,pada,
D0335,Maret,
D0335,2018,
D0335,MHB,
D0335,meminta,
D0335,jaminan,
D0335,surat,
D0335,tanahnya,
D0335,kepada,
D0335,korban,
D0335,dengan,
D0335,alasan,
D0335,pengurusan,
D0335,sertifikat,
D0335,tanah,
D0335,Padahal,
D0335,saat,
D0335,itu,
D0335,MHB,
D0335,belum,
D0335,mengembalikan,
D0335,uang,
D0335,yang,
D0335,dipinjamnya,
D0335,kepada,
D0335,korban,
D0335,Setelah,
D0335,itu,
D0335,korban,
D0335,pun,
D0335,terus,
D0335,menagih,
D0335,uangnya,
D0335,kepada,
D0335,MHB,
D0335,tetapi,
D0335,tidak,
D0335,kunjung,
D0335,dikembalikan,
D0335,Terakhir,
D0335,kali,
D0335,utang,
D0335,itu,
D0335,ditagih,
D0335,korban,
D0335,pada,
D0335,Maret,
D0335,2023,
D0335,Atas,
D0335,kejadian,
D0335,itu,
D0335,korban,
D0335,membuat,
D0335,laporan,
D0335,ke,
D0335,Polres,
D0335,Sergai,
D0335,pada,
D0335,18,
D0335,Januari,
D0335,2025,
D0335,Zulfan,
D0335,mengatakan,
D0335,pihaknya,
D0335,saat,
D0335,ini,
D0335,tengah,
D0335,menyelidiki,
D0335,laporan,
D0335,itu,
D0335,Dia,
D0335,mengatakan,
D0335,MHB,
D0335,merupakan,
D0335,personel,
D0335,polisi,
D0335,yang,
D0335,bertugas,
D0335,di,
D0335,Polresta,
D0335,Deli,
D0335,Serdang,
D0335,Kapolresta,
D0335,Deli,
D0335,Serdang,
D0335,Kombes,
D0335,Raphael,
D0335,Sandhy,
D0335,Cahya,
D0335,Priambodo,
D0335,mengatakan,
D0335,Aipda,
D0335,MHB,
D0335,bertugas,
D0335,di,
D0335,Polsek,
D0335,Galang,
D0335,Selama,
D0335,bertugas,
D0335,MHB,
D0335,telah,
D0335,berulang,
D0335,kali,
D0335,melanggar,
D0335,kode,
D0335,etik,
D0335,polri,
D0335,Aipda,
D0335,MHB,
D0335,sampai,
D0335,saat,
D0335,ini,
D0335,sudah,
D0335,berulang,
D0335,kali,
D0335,melakukan,
D0335,pelanggaran,
D0335,disiplin,
D0335,terkait,
D0335,ketidakhadirannya,
D0335,dalam,
D0335,pelaksanaan,
D0335,dinas,
D0335,sebagai,
D0335,anggota,
D0335,kepolisian,
D0335,kata,
D0335,Raphael,
D0335,Rabu,
D0335,221,
D0335,Raphael,
D0335,menyebut,
D0335,Aipda,
D0335,MHB,
D0335,pernah,
D0335,menjalani,
D0335,sidang,
D0335,disiplin,
D0335,karena,
D0335,tidak,
D0335,masuk,
D0335,dinas,
D0335,selama,
D0335,12,
D0335,hari,
D0335,pada,
D0335,September,
D0335,2024,
D0335,Hasil,
D0335,sidang,
D0335,MHB,
D0335,dikenakan,
D0335,sanksi,
D0335,penundaan,
D0335,gaji,
D0335,selama,
D0335,satu,
D0335,tahun,
D0335,Setelah,
D0335,itu,
D0335,MHB,
D0335,kembali,
D0335,melakukan,
D0335,pelanggaran,
D0335,dengan,
D0335,tidak,
D0335,masuk,
D0335,dinas,
D0335,selama,
D0335,75,
D0335,hari,
D0335,sejak,
D0335,SeptemberDesember,
D0335,2024,
D0335,Terkait,
D0335,hal,
D0335,ini,
D0335,pihak,
D0335,kepolisian,
D0335,masih,
D0335,akan,
D0335,memanggil,
D0335,Aipda,
D0335,MHB,
D0335,untuk,
D0335,diperiksa,
D0335,Sie,
D0335,Propam,
D0335,Polresta,
D0335,Deli,
D0335,Serdang,
D0335,akan,
D0335,melakukan,
D0335,tindak,
D0335,lanjut,
D0335,pemanggilan,
D0335,kepada,
D0335,Aipda,
D0335,MHB,
D0335,guna,
D0335,dilakukan,
D0335,pemeriksaan,
D0335,terkait,
D0335,pelanggaran,
D0335,yang,
D0335,dilakukannya,
D0335,Propam,
D0335,Polresta,
D0335,telah,
D0335,melakukan,
D0335,upaya,
D0335,pencarian,
D0335,terhadap,
D0335,Aipda,
D0335,MHB,
D0335,di,
D0335,tempat,
D0335,tinggalnya,
D0335,di,
D0335,Kecamatan,
D0335,Dolok,
D0335,Masihul,
D0335,Kabupaten,
D0335,Serdang,
D0335,Bedagai,
D0335,pungkasnya,
D0336,Aksi,
D0336,curanmor,
D0336,menjadi,
D0336,salah,
D0336,satu,
D0336,keluhan,
D0336,yang,
D0336,disampaikan,
D0336,warga,
D0336,lewat,
D0336,call,
D0336,center,
D0336,Lapor,
D0336,Pak,
D0336,Kapolres,
D0336,Cak,
D0336,Roma,
D0336,Menyikapi,
D0336,hal,
D0336,tersebut,
D0336,Kapolres,
D0336,Gresik,
D0336,AKBP,
D0336,Rovan,
D0336,Richard,
D0336,Mahenu,
D0336,segera,
D0336,bertindak,
D0336,cepat,
D0336,dengan,
D0336,membentuk,
D0336,Tim,
D0336,Khusus,
D0336,Timsus,
D0336,Macan,
D0336,Giri,
D0336,Timsus,
D0336,Macan,
D0336,Giri,
D0336,kita,
D0336,bentuk,
D0336,sebagai,
D0336,upaya,
D0336,mendukung,
D0336,program,
D0336,nasional,
D0336,Presiden,
D0336,Prabowo,
D0336,Subianto,
D0336,Asta,
D0336,Cita,
D0336,yang,
D0336,berfokus,
D0336,pada,
D0336,peningkatan,
D0336,keamanan,
D0336,dan,
D0336,ketertiban,
D0336,masyarakat,
D0336,ujar,
D0336,Rovan,
D0336,kepada,
D0336,detikJatim,
D0336,Sabtu,
D0336,2512024,
D0336,Rovan,
D0336,menjelaskan,
D0336,tim,
D0336,Macan,
D0336,Giri,
D0336,dirancang,
D0336,sebagai,
D0336,ujung,
D0336,tombak,
D0336,dalam,
D0336,pemberantasan,
D0336,tindak,
D0336,pidana,
D0336,di,
D0336,wilayah,
D0336,hukum,
D0336,Polres,
D0336,Gresik,
D0336,Mulai,
D0336,dari,
D0336,kejahatan,
D0336,konvensional,
D0336,hingga,
D0336,kejahatan,
D0336,berbasis,
D0336,teknologi,
D0336,Terutama,
D0336,memberantas,
D0336,aksi,
D0336,kejahatan,
D0336,3C,
D0336,curas,
D0336,curat,
D0336,dan,
D0336,curanmor,
D0336,SCROLL,
D0336,TO,
D0336,CONTINUE,
D0336,WITH,
D0336,CONTENT,
D0336,Tim,
D0336,Macan,
D0336,Giri,
D0336,tidak,
D0336,hanya,
D0336,terdiri,
D0336,dari,
D0336,personel,
D0336,terbaik,
D0336,di,
D0336,jajaran,
D0336,Polres,
D0336,Gresik,
D0336,tetapi,
D0336,juga,
D0336,melibatkan,
D0336,peran,
D0336,aktif,
D0336,masyarakat,
D0336,melalui,
D0336,sistem,
D0336,informasi,
D0336,terpadu,
D0336,dan,
D0336,pengawasan,
D0336,berbasis,
D0336,komunitas,
D0336,tambahnya,
D0336,Rovan,
D0336,menegaskan,
D0336,pentingnya,
D0336,sinergi,
D0336,antara,
D0336,kepolisian,
D0336,dan,
D0336,masyarakat,
D0336,untuk,
D0336,menciptakan,
D0336,lingkungan,
D0336,yang,
D0336,aman,
D0336,dan,
D0336,nyaman,
D0336,Kami,
D0336,percaya,
D0336,bahwa,
D0336,keamanan,
D0336,adalah,
D0336,tanggung,
D0336,jawab,
D0336,bersama,
D0336,Dengan,
D0336,adanya,
D0336,Tim,
D0336,Macan,
D0336,Giri,
D0336,kami,
D0336,ingin,
D0336,menunjukkan,
D0336,bahwa,
D0336,Polres,
D0336,Gresik,
D0336,berkomitmen,
D0336,untuk,
D0336,memberantas,
D0336,segala,
D0336,bentuk,
D0336,kriminalitas,
D0336,Dukungan,
D0336,masyarakat,
D0336,menjadi,
D0336,kunci,
D0336,keberhasilan,
D0336,kami,
D0336,tuturnya,
D0336,Untuk,
D0336,itu,
D0336,lanjut,
D0336,Rovan,
D0336,pihaknya,
D0336,juga,
D0336,telah,
D0336,menyiapkan,
D0336,layanan,
D0336,bernama,
D0336,Lapor,
D0336,Cak,
D0336,Roma,
D0336,Rovan,
D0336,Mahenu,
D0336,Melalui,
D0336,layanan,
D0336,tersebut,
D0336,masyarakat,
D0336,bisa,
D0336,melaporkan,
D0336,kejadian,
D0336,mengenai,
D0336,situasi,
D0336,keamanan,
D0336,dan,
D0336,kenyamanan,
D0336,di,
D0336,Wilayah,
D0336,Kota,
D0336,Gresik,
D0336,Kemarin,
D0336,ada,
D0336,yang,
D0336,memberikan,
D0336,informasi,
D0336,mengenai,
D0336,adanya,
D0336,pencurian,
D0336,sepeda,
D0336,motor,
D0336,melalui,
D0336,layanan,
D0336,Lapor,
D0336,Cak,
D0336,Roma,
D0336,Berkat,
D0336,adanya,
D0336,dukungan,
D0336,dari,
D0336,masyarakat,
D0336,pelaku,
D0336,sudah,
D0336,kita,
D0336,amankan,
D0336,dan,
D0336,diberi,
D0336,tindakan,
D0336,tegas,
D0336,tegasnya,
D0336,Kasat,
D0336,Reskrim,
D0336,Polres,
D0336,Gresik,
D0336,AKP,
D0336,Abid,
D0336,Uais,
D0336,AlQarni,
D0336,berharap,
D0336,keberadaan,
D0336,Tim,
D0336,Macan,
D0336,Giri,
D0336,dapat,
D0336,menjadi,
D0336,simbol,
D0336,kekuatan,
D0336,dan,
D0336,ketegasan,
D0336,dalam,
D0336,menegakkan,
D0336,hukum,
D0336,Serta,
D0336,mendorong,
D0336,kesadaran,
D0336,masyarakat,
D0336,untuk,
D0336,bersamasama,
D0336,menjaga,
D0336,ketertiban,
D0336,Harapan,
D0336,kami,
D0336,dengan,
D0336,langkah,
D0336,ini,
D0336,Gresik,
D0336,bisa,
D0336,menjadi,
D0336,wilayah,
D0336,yang,
D0336,benarbenar,
D0336,bebas,
D0336,dari,
D0336,tindak,
D0336,kriminalitas,
D0336,dan,
D0336,menjadi,
D0336,contoh,
D0336,bagi,
D0336,daerah,
D0336,lain,
D0336,kata,
D0336,Abid,
D0336,Ditanya,
D0336,adanya,
D0336,pelaku,
D0336,curanmor,
D0336,yang,
D0336,diamankan,
D0336,pihaknya,
D0336,masih,
D0336,belum,
D0336,membeberkan,
D0336,secara,
D0336,detail,
D0336,Pihaknya,
D0336,masih,
D0336,melakukan,
D0336,pendalaman,
D0336,terkait,
D0336,kasus,
D0336,tersebut,
D0336,Lusa,
D0336,kita,
D0336,rilis,
D0336,Masih,
D0336,pendalaman,
D0336,pungkasnya,
D0337,Personel,
D0337,Polres,
D0337,Pelabuhan,
D0337,Belawan,
D0337,menangkap,
D0337,pelaku,
D0337,begal,
D0337,bernama,
D0337,Afif,
D0337,Abror,
D0337,Lubis,
D0337,18,
D0337,di,
D0337,depan,
D0337,PLTU,
D0337,Tanah,
D0337,Bangun,
D0337,Kecamatan,
D0337,Medan,
D0337,Deli,
D0337,Selain,
D0337,pelaku,
D0337,begal,
D0337,dua,
D0337,penadah,
D0337,sepeda,
D0337,motor,
D0337,curian,
D0337,Heri,
D0337,40,
D0337,dan,
D0337,Yusup,
D0337,59,
D0337,juga,
D0337,ditangkap,
D0337,dalam,
D0337,kasus,
D0337,tersebut,
D0337,Kapolres,
D0337,Pelabuhan,
D0337,Belawan,
D0337,AKBP,
D0337,Janton,
D0337,Silaban,
D0337,mengatakan,
D0337,Afif,
D0337,melakukan,
D0337,pembegalan,
D0337,di,
D0337,Jalan,
D0337,Yos,
D0337,Sudarso,
D0337,tepatnya,
D0337,di,
D0337,depan,
D0337,PLTU,
D0337,Kelurahan,
D0337,Kota,
D0337,Bangun,
D0337,pada,
D0337,Jumat,
D0337,171,
D0337,Sepeda,
D0337,motor,
D0337,milik,
D0337,korban,
D0337,bernama,
D0337,Ali,
D0337,Akbar,
D0337,berhasil,
D0337,diambil,
D0337,Afif,
D0337,Dibegal,
D0337,dengan,
D0337,cara,
D0337,ditendang,
D0337,sepeda,
D0337,motornya,
D0337,hingga,
D0337,terjatuh,
D0337,dan,
D0337,pelaku,
D0337,juga,
D0337,mengayunkanmenyabetkan,
D0337,celurit,
D0337,panjang,
D0337,ke,
D0337,arah,
D0337,punggung,
D0337,dan,
D0337,kepala,
D0337,korban,
D0337,sehingga,
D0337,celurit,
D0337,tersebut,
D0337,mengenai,
D0337,helm,
D0337,korban,
D0337,dan,
D0337,sepeda,
D0337,motor,
D0337,miliknya,
D0337,dibawa,
D0337,oleh,
D0337,para,
D0337,pelaku,
D0337,kata,
D0337,Janton,
D0337,Silaban,
D0337,dalam,
D0337,keterangannya,
D0337,Jumat,
D0337,2412025,
D0337,SCROLL,
D0337,TO,
D0337,CONTINUE,
D0337,WITH,
D0337,CONTENT,
D0337,Istri,
D0337,korbankan,
D0337,kemudian,
D0337,membuat,
D0337,laporan,
D0337,ke,
D0337,Polsek,
D0337,Medan,
D0337,Labuhan,
D0337,Di,
D0337,hari,
D0337,yang,
D0337,sama,
D0337,Polsek,
D0337,Medan,
D0337,Labuhan,
D0337,meringkus,
D0337,3,
D0337,pelaku,
D0337,begal,
D0337,di,
D0337,kasus,
D0337,yang,
D0337,lain,
D0337,dengan,
D0337,nama,
D0337,Imam,
D0337,Azzaky,
D0337,Luthfi,
D0337,Akbari,
D0337,dan,
D0337,Rafly,
D0337,Ardiansyah,
D0337,Sedangkan,
D0337,Afif,
D0337,dalam,
D0337,kasus,
D0337,itu,
D0337,belum,
D0337,berhasil,
D0337,ditangkap,
D0337,Pada,
D0337,Kamis,
D0337,231,
D0337,sekitar,
D0337,pukul,
D0337,0230,
D0337,WIB,
D0337,personel,
D0337,kepolisian,
D0337,mendapat,
D0337,informasi,
D0337,jika,
D0337,Afif,
D0337,sedang,
D0337,berada,
D0337,di,
D0337,rumah,
D0337,sepupunya,
D0337,di,
D0337,Kelurahan,
D0337,Tanah,
D0337,Enam,
D0337,Ratus,
D0337,Kecamatan,
D0337,Medan,
D0337,Marelan,
D0337,Personel,
D0337,kepolisian,
D0337,akhirnya,
D0337,berhasil,
D0337,menangkap,
D0337,Afif,
D0337,di,
D0337,lokasi,
D0337,itu,
D0337,Tim,
D0337,Opsnal,
D0337,Polsek,
D0337,Medan,
D0337,Labuhan,
D0337,yang,
D0337,dipimpin,
D0337,Kanit,
D0337,Reskrim,
D0337,Iptu,
D0337,Hamzar,
D0337,Nodi,
D0337,bersama,
D0337,anggota,
D0337,langsung,
D0337,menuju,
D0337,ke,
D0337,lokasi,
D0337,yang,
D0337,dimaksud,
D0337,setelah,
D0337,tiba,
D0337,dilokasi,
D0337,team,
D0337,langsung,
D0337,mengamankan,
D0337,pelaku,
D0337,ucapnya,
D0337,Saat,
D0337,pengembangan,
D0337,ke,
D0337,daerah,
D0337,Kecamatan,
D0337,Hamparan,
D0337,Perak,
D0337,Kabupaten,
D0337,Deli,
D0337,Serdang,
D0337,Afif,
D0337,disebut,
D0337,mencoba,
D0337,melawan,
D0337,sehingga,
D0337,dilakukan,
D0337,penembakan,
D0337,di,
D0337,bagian,
D0337,kaki,
D0337,Dari,
D0337,pengembangan,
D0337,itu,
D0337,polisi,
D0337,juga,
D0337,menangkap,
D0337,2,
D0337,orang,
D0337,penadah,
D0337,sepeda,
D0337,motor,
D0337,hasil,
D0337,curian,
D0337,Heri,
D0337,dan,
D0337,Yusup,
D0337,Heri,
D0337,disebut,
D0337,menerima,
D0337,2,
D0337,sepeda,
D0337,motor,
D0337,dari,
D0337,Afif,
D0337,dan,
D0337,menjualnya,
D0337,kepada,
D0337,warga,
D0337,Klumpang,
D0337,Sedangkan,
D0337,Yusup,
D0337,juga,
D0337,menerima,
D0337,2,
D0337,sepeda,
D0337,motor,
D0337,dari,
D0337,Afif,
D0337,dan,
D0337,menjualnya,
D0337,di,
D0337,marketplace,
D0338,Seorang,
D0338,siswi,
D0338,SMA,
D0338,di,
D0338,Palembang,
D0338,Sumatera,
D0338,Selatan,
D0338,Sumsel,
D0338,nyaris,
D0338,dirampok,
D0338,saat,
D0338,jalan,
D0338,pulang,
D0338,sekolah,
D0338,Pelaku,
D0338,juga,
D0338,sempat,
D0338,menodongkan,
D0338,pistol,
D0338,ke,
D0338,korban,
D0338,Ibu,
D0338,korban,
D0338,pun,
D0338,membuat,
D0338,laporan,
D0338,ke,
D0338,polisi,
D0338,Ibu,
D0338,korban,
D0338,Rima,
D0338,Melati,
D0338,38,
D0338,menceritakan,
D0338,kejadian,
D0338,itu,
D0338,menimpa,
D0338,anaknya,
D0338,NS,
D0338,16,
D0338,di,
D0338,Jalan,
D0338,Bungaran,
D0338,2,
D0338,Kelurahan,
D0338,8,
D0338,Ulu,
D0338,Kecamatan,
D0338,Jakabaring,
D0338,Palembang,
D0338,Kamis,
D0338,2312025,
D0338,sekitar,
D0338,pukul,
D0338,1400,
D0338,WIB,
D0338,Saat,
D0338,itu,
D0338,NS,
D0338,sedang,
D0338,jalan,
D0338,pulang,
D0338,ke,
D0338,rumah,
D0338,dari,
D0338,sekolahnya,
D0338,Anakku,
D0338,pulang,
D0338,sekolah,
D0338,Lalu,
D0338,ada,
D0338,pengendara,
D0338,motor,
D0338,purapura,
D0338,tanya,
D0338,alamat,
D0338,Ujungnya,
D0338,dia,
D0338,menodong,
D0338,anak,
D0338,saya,
D0338,dengan,
D0338,senpi,
D0338,ungkapnya,
D0338,dilansir,
D0338,detikSumbagsel,
D0338,Jumat,
D0338,2412025,
D0338,SCROLL,
D0338,TO,
D0338,CONTINUE,
D0338,WITH,
D0338,CONTENT,
D0338,Rima,
D0338,menyebut,
D0338,seharihari,
D0338,NS,
D0338,memang,
D0338,melewati,
D0338,jalan,
D0338,tersebut,
D0338,karena,
D0338,lebih,
D0338,dekat,
D0338,ke,
D0338,rumah,
D0338,Saat,
D0338,itu,
D0338,dia,
D0338,tengah,
D0338,berjalan,
D0338,sendiri,
D0338,dan,
D0338,menggunakan,
D0338,ponselnya,
D0338,Tibatiba,
D0338,ada,
D0338,seorang,
D0338,yang,
D0338,tanya,
D0338,alamat,
D0338,padanya,
D0338,Lalu,
D0338,ada,
D0338,orang,
D0338,yang,
D0338,purapura,
D0338,tanya,
D0338,alamat,
D0338,Anakku,
D0338,bilang,
D0338,tidak,
D0338,tahu,
D0338,karena,
D0338,memang,
D0338,bukan,
D0338,warga,
D0338,daerah,
D0338,itu,
D0338,jelasnya,
D0338,Setelah,
D0338,itu,
D0338,pelaku,
D0338,pergi,
D0338,dan,
D0338,tak,
D0338,lama,
D0338,balik,
D0338,arah,
D0338,dan,
D0338,menghadang,
D0338,NS,
D0338,Pelaku,
D0338,juga,
D0338,memaksa,
D0338,NS,
D0338,menyerahkan,
D0338,ponselnya,
D0338,Dia,
D0338,terlapor,
D0338,minta,
D0338,anakku,
D0338,menyerahkan,
D0338,HPnya,
D0338,Anakku,
D0338,menolak,
D0338,sempat,
D0338,melawan,
D0338,juga,
D0338,ujarnya,
D0338,Karena,
D0338,korban,
D0338,menolak,
D0338,pelaku,
D0338,mengeluarkan,
D0338,senpi,
D0338,dari,
D0338,sakunya,
D0338,Pelaku,
D0338,juga,
D0338,sempat,
D0338,memegang,
D0338,korban,
D0338,dan,
D0338,memaksa,
D0338,korban,
D0338,menyerahkan,
D0338,ponselnya,
D0338,Pelaku,
D0338,juga,
D0338,disebut,
D0338,sempat,
D0338,melepaskan,
D0338,tembakan,
D0338,ke,
D0338,bawah,
D0338,Anak,
D0338,aku,
D0338,masih,
D0338,menolak,
D0338,Lakilaki,
D0338,itu,
D0338,langsung,
D0338,menembak,
D0338,ke,
D0338,bawah,
D0338,arah,
D0338,jalan,
D0338,katanya,
D0338,Namun,
D0338,suara,
D0338,tembakan,
D0338,itu,
D0338,membuat,
D0338,warga,
D0338,sekitar,
D0338,keluar,
D0338,dari,
D0338,rumah,
D0338,Saat,
D0338,itulah,
D0338,NS,
D0338,berteriak,
D0338,maling,
D0338,dan,
D0338,minta,
D0338,tolong,
D0338,Ada,
D0338,ibuibu,
D0338,keluar,
D0338,rumah,
D0338,tanya,
D0338,ada,
D0338,apa,
D0338,Lihat,
D0338,itu,
D0338,anakku,
D0338,langsung,
D0338,teriak,
D0338,Maling,
D0338,Ibu,
D0338,itu,
D0338,langsung,
D0338,menyahut,
D0338,teriak,
D0338,juga,
D0338,imbuhnya,
D0338,Pelaku,
D0338,pun,
D0338,langsung,
D0338,kabur,
D0338,meski,
D0338,sempat,
D0338,dikejar,
D0338,warga,
D0338,Warga,
D0338,Kecamatan,
D0338,Seberang,
D0338,Ulu,
D0338,I,
D0338,itu,
D0338,mengatakan,
D0338,anaknya,
D0338,mengalami,
D0338,trauma,
D0338,akibat,
D0338,kejadian,
D0338,tersebut,
D0338,HPnya,
D0338,aman,
D0338,langsung,
D0338,dimasukkan,
D0338,ke,
D0338,saku,
D0338,Tapi,
D0338,anakku,
D0338,ketakutan,
D0338,jadi,
D0338,minta,
D0338,lapor,
D0338,polisi,
D0338,katanya,
D0338,Rima,
D0338,juga,
D0338,menjelaskan,
D0338,ciriciri,
D0338,pelaku,
D0338,Pelaku,
D0338,menggunakan,
D0338,jaket,
D0338,ojek,
D0338,online,
D0338,dan,
D0338,celana,
D0338,pendek,
D0338,saat,
D0338,kejadian,
D0338,Pelaku,
D0338,satu,
D0338,orang,
D0338,Dia,
D0338,pakai,
D0338,jaket,
D0338,ojol,
D0338,celana,
D0338,pendek,
D0338,dan,
D0338,menggunakan,
D0338,helm,
D0338,rincinya,
D0338,Kepala,
D0338,SPKT,
D0338,Polrestabes,
D0338,Palembang,
D0338,AKP,
D0338,Heri,
D0338,membenarkan,
D0338,laporan,
D0338,tersebut,
D0338,Dia,
D0338,mengatakan,
D0338,percobaan,
D0338,pencurian,
D0338,tersebut,
D0338,merupakan,
D0338,tindak,
D0338,pidana,
D0338,yang,
D0338,tertuang,
D0338,dalam,
D0338,Pasal,
D0338,53,
D0338,jo,
D0338,365,
D0338,KUHP,
D0338,Kami,
D0338,telah,
D0338,menerima,
D0338,laporan,
D0338,percobaan,
D0338,pencurian,
D0338,bersenpi,
D0338,yang,
D0338,dialami,
D0338,pelajar,
D0338,SMA,
D0338,berinisial,
D0338,NS,
D0338,Saat,
D0338,ini,
D0338,berkas,
D0338,laporannya,
D0338,telah,
D0338,diteruskan,
D0338,ke,
D0338,Satreskrim,
D0338,Polrestabes,
D0338,Palembang,
D0338,katanya,
D0339,Polisi,
D0339,menangkap,
D0339,wanita,
D0339,berinisial,
D0339,J,
D0339,istri,
D0339,Serka,
D0339,Holmes,
D0339,yang,
D0339,diduga,
D0339,menculik,
D0339,dan,
D0339,menganiaya,
D0339,eks,
D0339,anggota,
D0339,TNI,
D0339,Andreas,
D0339,Sianipar,
D0339,44,
D0339,Begini,
D0339,peran,
D0339,J,
D0339,di,
D0339,kasus,
D0339,pembunuhan,
D0339,tersebut,
D0339,Kapolrestabes,
D0339,Medan,
D0339,Gidion,
D0339,Arif,
D0339,Setyawan,
D0339,menyebut,
D0339,J,
D0339,ditangkap,
D0339,pada,
D0339,Selasa,
D0339,231,
D0339,J,
D0339,pun,
D0339,kini,
D0339,telah,
D0339,ditetapkan,
D0339,sebagai,
D0339,tersangka,
D0339,Iya,
D0339,udah,
D0339,ditangkap,
D0339,Istri,
D0339,HS,
D0339,udah,
D0339,diamankan,
D0339,dan,
D0339,sudah,
D0339,ditetapkan,
D0339,sebagai,
D0339,tersangka,
D0339,Inisialnya,
D0339,J,
D0339,ditangkap,
D0339,pada,
D0339,Selasa,
D0339,kemarin,
D0339,di,
D0339,Jalan,
D0339,katanya,
D0339,Kamis,
D0339,2312025,
D0339,SCROLL,
D0339,TO,
D0339,CONTINUE,
D0339,WITH,
D0339,CONTENT,
D0339,Dijelaskan,
D0339,Gidion,
D0339,tersangka,
D0339,J,
D0339,berperan,
D0339,dalam,
D0339,menyuruh,
D0339,4,
D0339,warga,
D0339,sipil,
D0339,dalam,
D0339,menjemput,
D0339,korban,
D0339,Perannya,
D0339,menyuruh,
D0339,orang,
D0339,itu,
D0339,untuk,
D0339,jemput,
D0339,si,
D0339,korban,
D0339,ujarnya,
D0339,Terkait,
D0339,hal,
D0339,ini,
D0339,Gidion,
D0339,menyebutkan,
D0339,tersangka,
D0339,J,
D0339,dijerat,
D0339,pasal,
D0339,55,
D0339,dan,
D0339,56,
D0339,KUHP,
D0339,dan,
D0339,pasal,
D0339,340,
D0339,KUHP,
D0339,dengan,
D0339,hukuman,
D0339,maksimal,
D0339,14,
D0339,tahun,
D0339,penjara,
D0339,Tersangka,
D0339,dijerat,
D0339,Pasal,
D0339,55,
D0339,dan,
D0339,56,
D0339,Pasal,
D0339,340,
D0339,ancamannya,
D0339,dikurangi,
D0339,â,
D0339,dari,
D0339,hukumanlah,
D0339,Jadi,
D0339,kalau,
D0339,dia,
D0339,kena,
D0339,di,
D0339,Pasal,
D0339,340,
D0339,hukuman,
D0339,misal,
D0339,kena,
D0339,20,
D0339,tahun,
D0339,berarti,
D0339,23nya,
D0339,sekitar,
D0339,14,
D0339,tahun,
D0339,penjara,
D0339,Kirakiranya,
D0339,begitu,
D0339,pungkasnya,
D0339,Sebelumnya,
D0339,diberitakan,
D0339,polisi,
D0339,menangkap,
D0339,empat,
D0339,pelaku,
D0339,yang,
D0339,disuruh,
D0339,Serka,
D0339,Holmes,
D0339,untuk,
D0339,menganiaya,
D0339,Andreas,
D0339,Sianipar,
D0339,Adapun,
D0339,keempat,
D0339,pelaku,
D0339,itu,
D0339,adalah,
D0339,CJS,
D0339,alias,
D0339,Jovan,
D0339,23,
D0339,MFIH,
D0339,alias,
D0339,Aji,
D0339,25,
D0339,FA,
D0339,37,
D0339,dan,
D0339,Faisal,
D0339,45,
D0339,CJS,
D0339,yang,
D0339,berperan,
D0339,menjemput,
D0339,paksa,
D0339,korban,
D0339,dari,
D0339,Gang,
D0339,Damai,
D0339,menuju,
D0339,rumah,
D0339,tersangka,
D0339,pertama,
D0339,atas,
D0339,nama,
D0339,HS,
D0339,Holmes,
D0339,kata,
D0339,Gidion,
D0339,saat,
D0339,konferensi,
D0339,pers,
D0339,di,
D0339,Polrestabes,
D0339,Medan,
D0339,Jumat,
D0339,31,
D0339,Kemudian,
D0339,pelaku,
D0339,Aji,
D0339,berperan,
D0339,memukul,
D0339,menendang,
D0339,dan,
D0339,menebas,
D0339,kaki,
D0339,korban,
D0339,menggunakan,
D0339,parang,
D0339,Lalu,
D0339,pelaku,
D0339,FA,
D0339,memukul,
D0339,bagian,
D0339,dada,
D0339,korban,
D0339,secara,
D0339,berulang,
D0339,serta,
D0339,turut,
D0339,membantu,
D0339,Serka,
D0339,Holmes,
D0339,Sitompul,
D0339,untuk,
D0339,mengikat,
D0339,kaki,
D0339,dan,
D0339,tangan,
D0339,korban,
D0339,Sementara,
D0339,F,
D0339,berperan,
D0339,memukul,
D0339,korban,
D0339,dengan,
D0339,tangan,
D0339,dan,
D0339,selang,
D0339,Dalam,
D0339,kasus,
D0339,ini,
D0339,pihak,
D0339,kepolisian,
D0339,masih,
D0339,memburu,
D0339,tujuh,
D0339,pelaku,
D0339,lainnya,
D0339,Ketujuh,
D0339,pelaku,
D0339,itu,
D0339,adalah,
D0339,F,
D0339,R,
D0339,RSH,
D0339,E,
D0339,NIG,
D0339,J,
D0339,FS,
D0339,Para,
D0339,pelaku,
D0339,ini,
D0339,berperan,
D0339,menganiaya,
D0339,korban,
D0339,dan,
D0339,mengantarnya,
D0339,ke,
D0339,Labura,
D0339,bersama,
D0339,Serka,
D0339,Holmes,
D0339,Sitompul,
D0340,Kasus,
D0340,pencurian,
D0340,kendaraan,
D0340,bermotor,
D0340,curanmor,
D0340,masih,
D0340,marak,
D0340,terjadi,
D0340,di,
D0340,Surabaya,
D0340,Para,
D0340,pelaku,
D0340,punya,
D0340,banyak,
D0340,cara,
D0340,untuk,
D0340,membobol,
D0340,kendaraan,
D0340,baik,
D0340,roda,
D0340,dua,
D0340,maupun,
D0340,roda,
D0340,empat,
D0340,Seperti,
D0340,pencurian,
D0340,mobil,
D0340,pikap,
D0340,yang,
D0340,dilakukan,
D0340,oleh,
D0340,komplotan,
D0340,pelaku,
D0340,asal,
D0340,Pasuruan,
D0340,pada,
D0340,22,
D0340,September,
D0340,2024,
D0340,di,
D0340,kawasan,
D0340,Wonokromo,
D0340,dan,
D0340,29,
D0340,November,
D0340,2024,
D0340,di,
D0340,Gunung,
D0340,Anyar,
D0340,Mereka,
D0340,menggunakan,
D0340,kunci,
D0340,T,
D0340,untuk,
D0340,membobol,
D0340,mobil,
D0340,Selain,
D0340,itu,
D0340,para,
D0340,pelaku,
D0340,juga,
D0340,rupanya,
D0340,bisa,
D0340,jadi,
D0340,membawa,
D0340,sajam,
D0340,ketika,
D0340,melancarkan,
D0340,aksinya,
D0340,SCROLL,
D0340,TO,
D0340,CONTINUE,
D0340,WITH,
D0340,CONTENT,
D0340,Dalam,
D0340,hal,
D0340,ini,
D0340,Kasat,
D0340,Reskrim,
D0340,Polrestabes,
D0340,Surabaya,
D0340,AKBP,
D0340,Aris,
D0340,Purwanto,
D0340,mewantiwanti,
D0340,kepada,
D0340,para,
D0340,pelaku,
D0340,curanmor,
D0340,apapun,
D0340,modusnya,
D0340,Sebab,
D0340,polisi,
D0340,akan,
D0340,menindak,
D0340,tegas,
D0340,para,
D0340,pelaku,
D0340,Kami,
D0340,sampaikan,
D0340,bahwa,
D0340,akan,
D0340,dilakukan,
D0340,tindakan,
D0340,tegas,
D0340,terukur,
D0340,untuk,
D0340,yang,
D0340,melakukan,
D0340,pencurian,
D0340,di,
D0340,wilayah,
D0340,hukum,
D0340,Polrestabes,
D0340,Surabaya,
D0340,ujar,
D0340,Aris,
D0340,Kamis,
D0340,2312025,
D0340,Polisi,
D0340,juga,
D0340,mengajak,
D0340,agar,
D0340,masyarakat,
D0340,Surabaya,
D0340,bisa,
D0340,bersamasama,
D0340,menjaga,
D0340,keamanan,
D0340,guna,
D0340,mencegah,
D0340,terjadinya,
D0340,tindak,
D0340,kriminalitas,
D0340,Saya,
D0340,ajak,
D0340,kepada,
D0340,masyarakat,
D0340,Surabaya,
D0340,kita,
D0340,samasama,
D0340,menjaga,
D0340,memelihara,
D0340,keamanan,
D0340,dan,
D0340,ketertiban,
D0340,di,
D0340,Surabaya,
D0340,Saya,
D0340,ajak,
D0340,untuk,
D0340,jaga,
D0340,kendaraan,
D0340,dan,
D0340,barang,
D0340,bawaan,
D0340,miliknya,
D0340,tutur,
D0340,Aris,
D0340,Apabila,
D0340,terjadi,
D0340,tindak,
D0340,kriminalitas,
D0340,masyarakat,
D0340,diharapkan,
D0340,untuk,
D0340,segera,
D0340,melapor,
D0340,agar,
D0340,ditindaklanjuti,
D0340,oleh,
D0340,pihak,
D0340,kepolisian,
D0341,Satreskrim,
D0341,Polres,
D0341,Blitar,
D0341,berhasil,
D0341,mengungkap,
D0341,3,
D0341,perkara,
D0341,pencurian,
D0341,yakni,
D0341,1,
D0341,perkara,
D0341,curat,
D0341,pencurian,
D0341,dengan,
D0341,pemberat,
D0341,dan,
D0341,2,
D0341,perkara,
D0341,curanmor,
D0341,pencurian,
D0341,kendaraan,
D0341,bermotor,
D0341,Dari,
D0341,hasil,
D0341,ungkap,
D0341,perkara,
D0341,tersebut,
D0341,polis,
D0341,mengamankan,
D0341,7,
D0341,tersangka,
D0341,2,
D0341,diantaranya,
D0341,merupakan,
D0341,pasangan,
D0341,kekasih,
D0341,Sore,
D0341,ini,
D0341,kami,
D0341,sampaikan,
D0341,hasil,
D0341,ungkap,
D0341,perkara,
D0341,tindak,
D0341,kriminalitas,
D0341,di,
D0341,wilayah,
D0341,hukum,
D0341,Polres,
D0341,Blitar,
D0341,selama,
D0341,awal,
D0341,tahun,
D0341,2025,
D0341,Ada,
D0341,3,
D0341,kasus,
D0341,perkara,
D0341,dengan,
D0341,7,
D0341,orang,
D0341,tersangka,
D0341,yang,
D0341,kami,
D0341,amankan,
D0341,kata,
D0341,Kapolres,
D0341,Blitar,
D0341,AKBP,
D0341,Arif,
D0341,Fazlurrahman,
D0341,saat,
D0341,press,
D0341,release,
D0341,di,
D0341,Mapolres,
D0341,Blitar,
D0341,Kamis,
D0341,sore,
D0341,2212025,
D0341,Arif,
D0341,menyebut,
D0341,kasus,
D0341,curat,
D0341,terjadi,
D0341,di,
D0341,sebuah,
D0341,rumah,
D0341,di,
D0341,Kecamatan,
D0341,Selopuro,
D0341,Kabupaten,
D0341,Blitar,
D0341,Tersangka,
D0341,yakni,
D0341,A,
D0341,alias,
D0341,Ucluk,
D0341,37,
D0341,menerobos,
D0341,rumah,
D0341,warga,
D0341,yang,
D0341,sedang,
D0341,kosong,
D0341,tanpa,
D0341,penghuni,
D0341,Ucluk,
D0341,yang,
D0341,merupakan,
D0341,warga,
D0341,Tulungagung,
D0341,itu,
D0341,kedapatan,
D0341,mencuri,
D0341,2,
D0341,unit,
D0341,HP,
D0341,sejumlah,
D0341,slot,
D0341,rokok,
D0341,berbagai,
D0341,merk,
D0341,dan,
D0341,barang,
D0341,berharga,
D0341,lainnya,
D0341,SCROLL,
D0341,TO,
D0341,CONTINUE,
D0341,WITH,
D0341,CONTENT,
D0341,Adapun,
D0341,tatol,
D0341,kerugian,
D0341,akibat,
D0341,curat,
D0341,tersebut,
D0341,mencapai,
D0341,Rp,
D0341,13,
D0341,juta,
D0341,Tersangka,
D0341,berhasil,
D0341,diamankan,
D0341,setalah,
D0341,dilakukan,
D0341,penyelidikan,
D0341,dan,
D0341,rekaman,
D0341,CCTV,
D0341,di,
D0341,rumah,
D0341,korban,
D0341,terangnya,
D0341,Sementara,
D0341,terkait,
D0341,perkara,
D0341,curanmor,
D0341,lanjut,
D0341,Arif,
D0341,pelaku,
D0341,memanfaatkan,
D0341,keadaan,
D0341,saat,
D0341,motor,
D0341,korban,
D0341,terparkir,
D0341,dengan,
D0341,kunci,
D0341,masih,
D0341,tertancap,
D0341,AIH,
D0341,33,
D0341,warga,
D0341,Darungan,
D0341,Kecamatan,
D0341,Wlingi,
D0341,ditangkap,
D0341,setelah,
D0341,korban,
D0341,sempat,
D0341,memergoki,
D0341,kendaraan,
D0341,miliknya,
D0341,terparkir,
D0341,di,
D0341,sebuah,
D0341,toko,
D0341,kelontong,
D0341,setalah,
D0341,beberapa,
D0341,hari,
D0341,kemudian,
D0341,Saat,
D0341,itu,
D0341,korban,
D0341,sempat,
D0341,berteriak,
D0341,meminta,
D0341,tolong,
D0341,dan,
D0341,terdengar,
D0341,oleh,
D0341,petugas,
D0341,patroli,
D0341,Polsek,
D0341,Binangun,
D0341,Selanjutnya,
D0341,Polsek,
D0341,Binangun,
D0341,berkoordinasi,
D0341,dengan,
D0341,Satreskrim,
D0341,Polres,
D0341,Blitar,
D0341,untuk,
D0341,memburu,
D0341,pelaku,
D0341,Seorang,
D0341,tersangka,
D0341,AIH,
D0341,33,
D0341,diamankan,
D0341,setalah,
D0341,petugas,
D0341,mendapati,
D0341,ciri,
D0341,ciri,
D0341,dan,
D0341,keterangan,
D0341,korban,
D0341,Adapun,
D0341,motor,
D0341,korban,
D0341,yamaha,
D0341,Xride,
D0341,akan,
D0341,kami,
D0341,kembalikan,
D0341,langsung,
D0341,imbuhnya,
D0341,Hal,
D0341,serupa,
D0341,juga,
D0341,terjadi,
D0341,di,
D0341,Kecamatan,
D0341,Talun,
D0341,sebuah,
D0341,motor,
D0341,Honda,
D0341,Beat,
D0341,yang,
D0341,terparkir,
D0341,di,
D0341,sebuah,
D0341,warung,
D0341,ayam,
D0341,geprek,
D0341,juga,
D0341,disasar,
D0341,maling,
D0341,karena,
D0341,kunci,
D0341,yang,
D0341,masih,
D0341,tertancap,
D0341,di,
D0341,motor,
D0341,Kata,
D0341,Arif,
D0341,motor,
D0341,korban,
D0341,ditemukan,
D0341,di,
D0341,sebuah,
D0341,rumah,
D0341,penadah,
D0341,GB,
D0341,warga,
D0341,Kecamatan,
D0341,Wate,
D0341,Blitar,
D0341,Setelah,
D0341,dilakukan,
D0341,penelusuran,
D0341,ternyata,
D0341,penadah,
D0341,tersebut,
D0341,juga,
D0341,mendapatkan,
D0341,motor,
D0341,tersebut,
D0341,dari,
D0341,beberapa,
D0341,orang,
D0341,lainnya,
D0341,Sampai,
D0341,dengan,
D0341,diketahui,
D0341,pelaku,
D0341,pencurian,
D0341,yakni,
D0341,pasangan,
D0341,kekasih,
D0341,AI,
D0341,24,
D0341,dan,
D0341,TY,
D0341,22,
D0341,Sementara,
D0341,untuk,
D0341,penadah,
D0341,GB,
D0341,E,
D0341,alias,
D0341,Kodok,
D0341,dan,
D0341,M,
D0341,jelasnya,
D0341,Arif,
D0341,mengimbau,
D0341,masyarakat,
D0341,untuk,
D0341,tetap,
D0341,waspada,
D0341,dan,
D0341,berhatihati,
D0341,dalam,
D0341,menjaga,
D0341,barang,
D0341,berharga,
D0341,Khususnya,
D0341,kendaraan,
D0341,bermotor,
D0341,dengan,
D0341,tidak,
D0341,meninggalkan,
D0341,kunci,
D0341,motor,
D0341,secara,
D0341,sembarangan,
D0341,Selain,
D0341,itu,
D0341,perlu,
D0341,adanya,
D0341,upaya,
D0341,untuk,
D0341,waspada,
D0341,dan,
D0341,menjaga,
D0341,kamtibmas,
D0341,Kami,
D0341,juga,
D0341,akan,
D0341,bekerja,
D0341,keras,
D0341,dengan,
D0341,menindaklanjuti,
D0341,laporan,
D0341,secepatnya,
D0341,Kami,
D0341,juga,
D0341,butuh,
D0341,kerjasama,
D0341,masyarakat,
D0341,untuk,
D0341,menjaga,
D0341,kamtibmas,
D0341,dari,
D0341,tindak,
D0341,kriminal,
D0341,Kemudian,
D0341,lebih,
D0341,berhatihati,
D0341,untuk,
D0341,tidak,
D0341,meninggalkan,
D0341,kendaraan,
D0341,beserta,
D0341,kuncinya,
D0341,tandasnya,
D0342,Pria,
D0342,bernama,
D0342,M,
D0342,Agung,
D0342,Bakti,
D0342,alias,
D0342,Reihan,
D0342,22,
D0342,yang,
D0342,baru,
D0342,dua,
D0342,hari,
D0342,keluar,
D0342,dari,
D0342,penjara,
D0342,menusuk,
D0342,Feri,
D0342,Prayogi,
D0342,31,
D0342,kepala,
D0342,dusun,
D0342,kadus,
D0342,di,
D0342,Desa,
D0342,Sidumulyo,
D0342,20,
D0342,Muara,
D0342,Padang,
D0342,Banyuasin,
D0342,Sumatera,
D0342,Selatan,
D0342,Sumsel,
D0342,hingga,
D0342,tewas,
D0342,Akibat,
D0342,dari,
D0342,perbuatannya,
D0342,Agung,
D0342,pun,
D0342,ditangkap,
D0342,Melansir,
D0342,detikSumbagsel,
D0342,korban,
D0342,tewas,
D0342,usai,
D0342,sempat,
D0342,mendapat,
D0342,perawatan,
D0342,selama,
D0342,dua,
D0342,hari,
D0342,di,
D0342,rumah,
D0342,sakit,
D0342,Bahkan,
D0342,korban,
D0342,telah,
D0342,menjalani,
D0342,operasi,
D0342,di,
D0342,bagian,
D0342,pinggang,
D0342,korban,
D0342,Iya,
D0342,benar,
D0342,kejadiannya,
D0342,Sabtu,
D0342,1812025,
D0342,lalu,
D0342,Tapi,
D0342,korban,
D0342,meninggal,
D0342,dunia,
D0342,pada,
D0342,Selasa,
D0342,2112025,
D0342,kemarin,
D0342,kata,
D0342,Kapolsek,
D0342,Muara,
D0342,Padang,
D0342,Iptu,
D0342,Malau,
D0342,Kamis,
D0342,2312025,
D0342,SCROLL,
D0342,TO,
D0342,CONTINUE,
D0342,WITH,
D0342,CONTENT,
D0342,Malau,
D0342,mengatakan,
D0342,peristiwa,
D0342,itu,
D0342,terjadi,
D0342,pada,
D0342,Sabtu,
D0342,1812025,
D0342,sekitar,
D0342,pukul,
D0342,1530,
D0342,WIB,
D0342,Saat,
D0342,itu,
D0342,pelaku,
D0342,sedang,
D0342,bermain,
D0342,di,
D0342,desa,
D0342,yang,
D0342,merupakan,
D0342,tempat,
D0342,tinggal,
D0342,korban,
D0342,Warga,
D0342,setempat,
D0342,sudah,
D0342,resah,
D0342,karena,
D0342,pelaku,
D0342,merupakan,
D0342,residivis,
D0342,curanmor,
D0342,yang,
D0342,baru,
D0342,dua,
D0342,hari,
D0342,keluar,
D0342,dari,
D0342,penjara,
D0342,Warga,
D0342,yang,
D0342,resah,
D0342,lalu,
D0342,menghubungi,
D0342,korban,
D0342,Setelah,
D0342,mendapat,
D0342,laporan,
D0342,keluhan,
D0342,warga,
D0342,korban,
D0342,pun,
D0342,datang,
D0342,menasehati,
D0342,pelaku,
D0342,dan,
D0342,memintanya,
D0342,pulang,
D0342,Diduga,
D0342,saat,
D0342,disuruh,
D0342,pulang,
D0342,pelaku,
D0342,merasa,
D0342,tersinggung,
D0342,karena,
D0342,diusir,
D0342,Jadi,
D0342,sebelum,
D0342,diantar,
D0342,pulang,
D0342,korban,
D0342,dengan,
D0342,sepeda,
D0342,motornya,
D0342,pelaku,
D0342,ini,
D0342,diamdiam,
D0342,mengambil,
D0342,pisau,
D0342,ke,
D0342,dapur,
D0342,warga,
D0342,dan,
D0342,diselipkannya,
D0342,di,
D0342,pinggang,
D0342,katanya,
D0342,Setelah,
D0342,itu,
D0342,korban,
D0342,mengantar,
D0342,pelaku,
D0342,dengan,
D0342,dibonceng,
D0342,sepeda,
D0342,motornya,
D0342,Di,
D0342,tengah,
D0342,perjalanan,
D0342,tepatnya,
D0342,di,
D0342,Jalan,
D0342,Penghubung,
D0342,Desa,
D0342,Sido,
D0342,Mulyo,
D0342,20,
D0342,Muara,
D0342,Padang,
D0342,pelaku,
D0342,menusuk,
D0342,korban,
D0342,di,
D0342,bagian,
D0342,pinggang,
D0342,sebelah,
D0342,kanan,
D0342,Mendapat,
D0342,serangan,
D0342,tersebut,
D0342,korban,
D0342,berteriak,
D0342,minta,
D0342,tolong,
D0342,ke,
D0342,warga,
D0342,Sedangkan,
D0342,pelaku,
D0342,duduk,
D0342,di,
D0342,pinggir,
D0342,jalan,
D0342,Korban,
D0342,langsung,
D0342,di,
D0342,larikan,
D0342,ke,
D0342,rumah,
D0342,sakit,
D0342,sementara,
D0342,pelaku,
D0342,langsung,
D0342,diamankan,
D0342,oleh,
D0342,anggota,
D0342,dan,
D0342,saat,
D0342,ini,
D0342,pelaku,
D0342,berada,
D0342,di,
D0342,Polsek,
D0342,Muara,
D0342,Padang,
D0342,ungkapnya,
D0342,Atas,
D0342,perbuatannya,
D0342,pelaku,
D0342,dikenakan,
D0342,pasal,
D0342,338,
D0342,KUHP,
D0342,subsider,
D0342,351,
D0342,ayat,
D0342,3,
D0342,dengan,
D0342,ancaman,
D0342,15,
D0342,tahun,
D0342,penjara,
D0343,Empat,
D0343,pria,
D0343,bernama,
D0343,Ecek,
D0343,Bento,
D0343,Jayadi,
D0343,dan,
D0343,Udin,
D0343,ditangkap,
D0343,karena,
D0343,diduga,
D0343,mencuri,
D0343,kayu,
D0343,bekas,
D0343,milik,
D0343,warga,
D0343,di,
D0343,Kelurahan,
D0343,Turida,
D0343,Kecamatan,
D0343,Sandubaya,
D0343,Mataram,
D0343,Nusa,
D0343,Tenggara,
D0343,Barat,
D0343,NTB,
D0343,Mereka,
D0343,ditangkap,
D0343,Kepolisian,
D0343,Resor,
D0343,Kota,
D0343,Polresta,
D0343,Mataram,
D0343,Iya,
D0343,pada,
D0343,hari,
D0343,Rabu,
D0343,tanggal,
D0343,22,
D0343,Januari,
D0343,2025,
D0343,kemarin,
D0343,kami,
D0343,menerima,
D0343,laporan,
D0343,dari,
D0343,masyarakat,
D0343,tentang,
D0343,tindak,
D0343,pidana,
D0343,pencurian,
D0343,ini,
D0343,yang,
D0343,dicuri,
D0343,adalah,
D0343,kayu,
D0343,bekas,
D0343,atau,
D0343,kayu,
D0343,bongkaran,
D0343,kata,
D0343,Kepala,
D0343,Unit,
D0343,Jatanras,
D0343,Satreskrim,
D0343,Polresta,
D0343,Mataram,
D0343,Iptu,
D0343,Ahmad,
D0343,Taufik,
D0343,Kamis,
D0343,2312025,
D0343,Penangkapan,
D0343,empat,
D0343,pelaku,
D0343,berdasarkan,
D0343,hasil,
D0343,olah,
D0343,tempat,
D0343,kejadian,
D0343,perkara,
D0343,TKP,
D0343,keterangan,
D0343,saksi,
D0343,dan,
D0343,sejumlah,
D0343,alat,
D0343,bukti,
D0343,video,
D0343,rekaman,
D0343,warga,
D0343,Mereka,
D0343,beraksi,
D0343,pada,
D0343,910,
D0343,dan,
D0343,12,
D0343,Januari,
D0343,2025,
D0343,SCROLL,
D0343,TO,
D0343,CONTINUE,
D0343,WITH,
D0343,CONTENT,
D0343,Berdasarkan,
D0343,keterangan,
D0343,para,
D0343,pelaku,
D0343,motif,
D0343,pencurian,
D0343,kayu,
D0343,guna,
D0343,memenuhi,
D0343,biaya,
D0343,hidup,
D0343,Tak,
D0343,hanya,
D0343,itu,
D0343,tindakan,
D0343,kriminalitas,
D0343,itu,
D0343,juga,
D0343,dilakukan,
D0343,untuk,
D0343,foyafoya,
D0343,hingga,
D0343,bermain,
D0343,judi,
D0343,online,
D0343,judol,
D0343,Total,
D0343,kerugian,
D0343,korban,
D0343,itu,
D0343,mencapai,
D0343,Rp,
D0343,20,
D0343,juta,
D0343,Karena,
D0343,itu,
D0343,kayu,
D0343,kalimantan,
D0343,bekas,
D0343,yang,
D0343,ditaruh,
D0343,di,
D0343,gudangnya,
D0343,Nah,
D0343,pas,
D0343,mau,
D0343,dipakai,
D0343,lagi,
D0343,ternyata,
D0343,sudah,
D0343,hilang,
D0343,terang,
D0343,Taufik,
D0343,Peran,
D0343,keempat,
D0343,pelaku,
D0343,berbedabeda,
D0343,dalam,
D0343,menjalankan,
D0343,aksinya,
D0343,Ada,
D0343,yang,
D0343,bertugas,
D0343,mengeluarkan,
D0343,membawa,
D0343,ke,
D0343,jalan,
D0343,raya,
D0343,hingga,
D0343,ada,
D0343,yang,
D0343,ditugaskan,
D0343,untuk,
D0343,mencari,
D0343,kendaraan,
D0343,sebagai,
D0343,pengangkut,
D0343,Mereka,
D0343,ini,
D0343,masuk,
D0343,ke,
D0343,gudang,
D0343,dengan,
D0343,cara,
D0343,memanjat,
D0343,tembok,
D0343,pas,
D0343,dikeluarkan,
D0343,juga,
D0343,lewat,
D0343,tembok,
D0343,Kebetulan,
D0343,lokasinya,
D0343,itu,
D0343,di,
D0343,dekat,
D0343,persawahan,
D0343,dan,
D0343,sepi,
D0343,ungkap,
D0343,Taufik,
D0343,Selain,
D0343,menangkap,
D0343,empat,
D0343,pelaku,
D0343,polisi,
D0343,juga,
D0343,mengamankan,
D0343,salah,
D0343,satu,
D0343,warga,
D0343,yang,
D0343,membeli,
D0343,hasil,
D0343,curian,
D0343,tersebut,
D0343,Unit,
D0343,Jatanras,
D0343,Satrekrim,
D0343,Polresta,
D0343,Mataram,
D0343,juga,
D0343,tengah,
D0343,mendalami,
D0343,keterlibatan,
D0343,yang,
D0343,bersangkutan,
D0343,Kami,
D0343,masih,
D0343,dalami,
D0343,keterlibatannya,
D0343,apakah,
D0343,dia,
D0343,benar,
D0343,tidak,
D0343,tahu,
D0343,atau,
D0343,seperti,
D0343,apa,
D0343,Ini,
D0343,masih,
D0343,kami,
D0343,dalami,
D0343,dahulu,
D0343,tegas,
D0343,Taufik,
D0343,Polisi,
D0343,telah,
D0343,menyita,
D0343,barang,
D0343,bukti,
D0343,berupa,
D0343,kayu,
D0343,sisa,
D0343,hasil,
D0343,curian,
D0343,dan,
D0343,mobil,
D0343,bak,
D0343,terbuka,
D0343,Mobil,
D0343,itu,
D0343,sengaja,
D0343,disewa,
D0343,para,
D0343,pelaku,
D0343,Semua,
D0343,alat,
D0343,bukti,
D0343,tersebut,
D0343,sudah,
D0343,berada,
D0343,di,
D0343,Mapolresta,
D0343,Mataram,
D0343,Terhadap,
D0343,mereka,
D0343,kami,
D0343,sangkakan,
D0343,Pasal,
D0343,363,
D0343,KUHP,
D0343,dengan,
D0343,ancaman,
D0343,7,
D0343,tahun,
D0343,penjara,
D0343,Sedangkan,
D0343,untuk,
D0343,yang,
D0343,pembelinya,
D0343,ini,
D0343,masih,
D0343,kami,
D0343,dalami,
D0343,keterlibatannya,
D0343,jelas,
D0343,Taufik,
D0344,Seorang,
D0344,pria,
D0344,menikam,
D0344,tiga,
D0344,orang,
D0344,di,
D0344,sebuah,
D0344,stasiun,
D0344,kereta,
D0344,api,
D0344,di,
D0344,Jepang,
D0344,tengah,
D0344,Akibat,
D0344,dari,
D0344,kejadian,
D0344,itu,
D0344,satu,
D0344,orang,
D0344,dilaporkan,
D0344,tewas,
D0344,sedangkan,
D0344,pelaku,
D0344,melarikan,
D0344,diri,
D0344,dari,
D0344,lokasi,
D0344,kejadian,
D0344,Dilansir,
D0344,detikNews,
D0344,dari,
D0344,AFP,
D0344,Kamis,
D0344,2312025,
D0344,peristiwa,
D0344,mengerikan,
D0344,itu,
D0344,terjadi,
D0344,sekitar,
D0344,pukul,
D0344,2000,
D0344,waktu,
D0344,setempat,
D0344,di,
D0344,luar,
D0344,Stasiun,
D0344,JR,
D0344,Nagano,
D0344,Polisi,
D0344,tengah,
D0344,memburu,
D0344,pelaku,
D0344,penikaman,
D0344,tersebut,
D0344,Ketiga,
D0344,korban,
D0344,ditikam,
D0344,saat,
D0344,sedang,
D0344,menunggu,
D0344,di,
D0344,halte,
D0344,bus,
D0344,Para,
D0344,korban,
D0344,diduga,
D0344,menjadi,
D0344,sasaran,
D0344,penyerangan,
D0344,pelaku,
D0344,secara,
D0344,acak,
D0344,SCROLL,
D0344,TO,
D0344,CONTINUE,
D0344,WITH,
D0344,CONTENT,
D0344,Korban,
D0344,yang,
D0344,tewas,
D0344,adalah,
D0344,pria,
D0344,berusia,
D0344,49,
D0344,tahun,
D0344,Sedangkan,
D0344,korban,
D0344,lainnya,
D0344,ada,
D0344,pria,
D0344,berusia,
D0344,30an,
D0344,menderita,
D0344,luka,
D0344,serius,
D0344,Orang,
D0344,ketiga,
D0344,yang,
D0344,terluka,
D0344,adalah,
D0344,seorang,
D0344,wanita,
D0344,berusia,
D0344,30an,
D0344,Nagano,
D0344,merupakan,
D0344,ibu,
D0344,kota,
D0344,Prefektur,
D0344,Nagano,
D0344,terletak,
D0344,sekitar,
D0344,225,
D0344,kilometer,
D0344,140,
D0344,mil,
D0344,sebelah,
D0344,barat,
D0344,Tokyo,
D0344,Nagano,
D0344,menjadi,
D0344,tujuan,
D0344,olahraga,
D0344,musim,
D0344,dingin,
D0344,yang,
D0344,populer,
D0344,di,
D0344,Jepang,
D0345,Sejumlah,
D0345,kasus,
D0345,kriminalitas,
D0345,terjadi,
D0345,di,
D0345,kota,
D0345,pahlawan,
D0345,Sebagian,
D0345,besar,
D0345,didominasi,
D0345,kasus,
D0345,curanmor,
D0345,Publik,
D0345,menilai,
D0345,prosedur,
D0345,laporan,
D0345,kepolisian,
D0345,terkait,
D0345,hilangnya,
D0345,motor,
D0345,tidak,
D0345,efisien,
D0345,karena,
D0345,memakan,
D0345,waktu,
D0345,biaya,
D0345,hingga,
D0345,tenaga,
D0345,Ketidakefisienan,
D0345,tersebut,
D0345,juga,
D0345,dinilai,
D0345,menjadi,
D0345,polemik,
D0345,usai,
D0345,insiden,
D0345,yang,
D0345,menewaskan,
D0345,pemilik,
D0345,rental,
D0345,Makmur,
D0345,Jaya,
D0345,di,
D0345,Rest,
D0345,Area,
D0345,KM,
D0345,45,
D0345,Tol,
D0345,TangerangMerak,
D0345,pada,
D0345,Selasa,
D0345,31122024,
D0345,Hingga,
D0345,kini,
D0345,tak,
D0345,sedikit,
D0345,warga,
D0345,yang,
D0345,enggan,
D0345,melaporkan,
D0345,peristiwa,
D0345,pencurian,
D0345,ke,
D0345,polisi,
D0345,dan,
D0345,memilih,
D0345,untuk,
D0345,memburu,
D0345,pelaku,
D0345,tanpa,
D0345,didampingi,
D0345,kepolisian,
D0345,serta,
D0345,melapor,
D0345,ke,
D0345,pihak,
D0345,lain,
D0345,SCROLL,
D0345,TO,
D0345,CONTINUE,
D0345,WITH,
D0345,CONTENT,
D0345,Lantas,
D0345,bagaimana,
D0345,dengan,
D0345,peristiwa,
D0345,yang,
D0345,terjadi,
D0345,di,
D0345,Surabaya,
D0345,Kapolrestabes,
D0345,Surabaya,
D0345,Kombes,
D0345,Luthfie,
D0345,Sulistiawan,
D0345,buka,
D0345,suara,
D0345,terkait,
D0345,hal,
D0345,itu,
D0345,Ia,
D0345,menyinggung,
D0345,masalah,
D0345,kasus,
D0345,curanmor,
D0345,di,
D0345,Surabaya,
D0345,yang,
D0345,dinilai,
D0345,masih,
D0345,marak,
D0345,Padahal,
D0345,sudah,
D0345,ada,
D0345,sejumlah,
D0345,pelaku,
D0345,yang,
D0345,dibekuk,
D0345,dan,
D0345,ada,
D0345,berbagai,
D0345,langkah,
D0345,antisipatif,
D0345,yang,
D0345,dilakukan,
D0345,Di,
D0345,antaranya,
D0345,melakukan,
D0345,razia,
D0345,sepeda,
D0345,motor,
D0345,untuk,
D0345,pemeriksaan,
D0345,secara,
D0345,rutin,
D0345,Hingga,
D0345,melakukan,
D0345,patroli,
D0345,setiap,
D0345,malam,
D0345,tak,
D0345,hanya,
D0345,untuk,
D0345,antisipasi,
D0345,curanmor,
D0345,namun,
D0345,juga,
D0345,begal,
D0345,tawuran,
D0345,hingga,
D0345,aksi,
D0345,kriminalitas,
D0345,lain,
D0345,di,
D0345,kota,
D0345,pahlawan,
D0345,Beragam,
D0345,cara,
D0345,mulai,
D0345,preemtif,
D0345,sampai,
D0345,preventif,
D0345,kami,
D0345,lakukan,
D0345,dalam,
D0345,situasi,
D0345,agar,
D0345,tetap,
D0345,kondusif,
D0345,kami,
D0345,fokus,
D0345,dan,
D0345,serius,
D0345,mencegah,
D0345,dan,
D0345,meminimalisir,
D0345,kriminalitas,
D0345,di,
D0345,Surabaya,
D0345,terutama,
D0345,curanmor,
D0345,kata,
D0345,Luthfie,
D0345,Rabu,
D0345,2112025,
D0345,Luthfie,
D0345,menjelaskan,
D0345,pihaknya,
D0345,juga,
D0345,memaksimalkan,
D0345,kolaborasi,
D0345,dengan,
D0345,berbagai,
D0345,pihak,
D0345,untuk,
D0345,mengoptimalkan,
D0345,kamtibmas,
D0345,di,
D0345,Surabaya,
D0345,Bilamana,
D0345,edukasi,
D0345,hingga,
D0345,upaya,
D0345,pencegahan,
D0345,dinilai,
D0345,belum,
D0345,maksimal,
D0345,ia,
D0345,memastikan,
D0345,ultimatum,
D0345,pada,
D0345,para,
D0345,pelaku,
D0345,kriminalitas,
D0345,akan,
D0345,dijalankan,
D0345,secara,
D0345,tegas,
D0345,dan,
D0345,terukur,
D0345,Selain,
D0345,itu,
D0345,ia,
D0345,meminta,
D0345,seluruh,
D0345,Polsek,
D0345,dan,
D0345,jajarannya,
D0345,di,
D0345,lingkup,
D0345,Polrestabes,
D0345,Surabaya,
D0345,untuk,
D0345,mengoptimalkan,
D0345,patroli,
D0345,hingga,
D0345,sosialisasi,
D0345,ke,
D0345,masyarakat,
D0345,sekitar,
D0345,Serta,
D0345,segera,
D0345,bergerak,
D0345,memburu,
D0345,para,
D0345,pelaku,
D0345,usai,
D0345,mendapat,
D0345,informasi,
D0345,curanmor,
D0345,serta,
D0345,menyisir,
D0345,dan,
D0345,melakukan,
D0345,razia,
D0345,secara,
D0345,intens,
D0345,meski,
D0345,korban,
D0345,belum,
D0345,membuat,
D0345,laporan,
D0345,kepolisian,
D0345,secara,
D0345,resmi,
D0345,sekalipun,
D0345,Bagi,
D0345,para,
D0345,pelaku,
D0345,kriminalitas,
D0345,terutama,
D0345,curanmor,
D0345,peringatan,
D0345,yang,
D0345,diberikan,
D0345,saya,
D0345,kira,
D0345,sudah,
D0345,lebih,
D0345,dari,
D0345,cukup,
D0345,Segera,
D0345,berhenti,
D0345,atau,
D0345,saya,
D0345,berhentikan,
D0345,dengan,
D0345,tindakan,
D0345,tegas,
D0345,dan,
D0345,terukur,
D0345,imbuh,
D0345,polisi,
D0345,dengan,
D0345,3,
D0345,melati,
D0345,di,
D0345,pundaknya,
D0345,itu,
D0345,Hal,
D0345,senada,
D0345,disampaikan,
D0345,Kasat,
D0345,Reskrim,
D0345,Polrestabes,
D0345,Surabaya,
D0345,AKBP,
D0345,Aris,
D0345,Purwanto,
D0345,Menurutnya,
D0345,seluruh,
D0345,tim,
D0345,dari,
D0345,kepolisian,
D0345,telah,
D0345,dikerahkan,
D0345,untuk,
D0345,mengantisipasi,
D0345,hingga,
D0345,menindak,
D0345,kriminalitas,
D0345,di,
D0345,Surabaya,
D0345,terutama,
D0345,kasus,
D0345,curanmor,
D0345,Saya,
D0345,tegaskan,
D0345,tidak,
D0345,boleh,
D0345,ada,
D0345,aksi,
D0345,kriminalitas,
D0345,yang,
D0345,dilakukan,
D0345,oleh,
D0345,siapapun,
D0345,dan,
D0345,atas,
D0345,nama,
D0345,apapun,
D0345,di,
D0345,Surabaya,
D0345,Kami,
D0345,tetap,
D0345,berupaya,
D0345,maksimal,
D0345,untuk,
D0345,membongkar,
D0345,dan,
D0345,mengungkap,
D0345,kasus,
D0345,curanmor,
D0345,hingga,
D0345,tuntas,
D0345,tuturnya,
D0345,Aris,
D0345,mengungkapkan,
D0345,pihaknya,
D0345,tak,
D0345,hanya,
D0345,bertekad,
D0345,untuk,
D0345,memberantas,
D0345,curanmor,
D0345,dengan,
D0345,serius,
D0345,namun,
D0345,juga,
D0345,akan,
D0345,memberikan,
D0345,sanksi,
D0345,tegas,
D0345,bagi,
D0345,para,
D0345,pelaku,
D0345,Terutama,
D0345,yang,
D0345,kerap,
D0345,mengulangi,
D0345,perbuatannya,
D0345,bahkan,
D0345,melukai,
D0345,korbannya,
D0345,Ia,
D0345,meminta,
D0345,dukungan,
D0345,dan,
D0345,doa,
D0345,kepada,
D0345,masyarakat,
D0345,agar,
D0345,bisa,
D0345,menekan,
D0345,kriminalitas,
D0345,di,
D0345,Surabaya,
D0345,Ia,
D0345,memastikan,
D0345,seluruh,
D0345,tim,
D0345,dan,
D0345,jajaran,
D0345,tetap,
D0345,berupaya,
D0345,maksimal,
D0345,untuk,
D0345,menekan,
D0345,dan,
D0345,mencegah,
D0345,kriminalitas,
D0345,khususnya,
D0345,curanmor,
D0345,di,
D0345,Surabaya,
D0345,Jika,
D0345,masih,
D0345,ada,
D0345,pelaku,
D0345,yang,
D0345,nekat,
D0345,melancarkan,
D0345,aksinya,
D0345,kami,
D0345,akan,
D0345,lakukan,
D0345,tindakan,
D0345,tegas,
D0345,dan,
D0345,terukur,
D0345,tutup,
D0345,mantan,
D0345,Kasubdit,
D0345,II,
D0345,Harda,
D0345,Bangtah,
D0345,Ditreskrimum,
D0345,Polda,
D0345,Jatim,
D0345,itu,
D0346,Dua,
D0346,bandar,
D0346,narkoba,
D0346,melawan,
D0346,saat,
D0346,hendak,
D0346,digerebek,
D0346,oleh,
D0346,tim,
D0346,Satnarkoba,
D0346,Polres,
D0346,Lahat,
D0346,Sumatera,
D0346,Selatan,
D0346,Sumsel,
D0346,Mereka,
D0346,menikam,
D0346,tiga,
D0346,polisi,
D0346,Satu,
D0346,polisi,
D0346,tewas,
D0346,dalam,
D0346,peristiwa,
D0346,yang,
D0346,terjadi,
D0346,di,
D0346,Tanjung,
D0346,Sakti,
D0346,Lahat,
D0346,pada,
D0346,Rabu,
D0346,2212025,
D0346,dini,
D0346,hari,
D0346,itu,
D0346,Sementara,
D0346,dua,
D0346,polisi,
D0346,lainnya,
D0346,terluka,
D0346,dan,
D0346,masih,
D0346,dirawat,
D0346,Kapolda,
D0346,Sumsel,
D0346,Irjen,
D0346,Andi,
D0346,Rian,
D0346,Djajadi,
D0346,membenarkan,
D0346,kejadian,
D0346,tersebut,
D0346,Dia,
D0346,mengatakan,
D0346,dua,
D0346,pelaku,
D0346,penusukan,
D0346,tersebut,
D0346,sudah,
D0346,diamankan,
D0346,Ya,
D0346,benar,
D0346,kejadian,
D0346,tersebut,
D0346,ada,
D0346,anggota,
D0346,kami,
D0346,yang,
D0346,meninggal,
D0346,akibat,
D0346,ditusuk,
D0346,pelaku,
D0346,bandar,
D0346,narkoba,
D0346,dalam,
D0346,menjalankan,
D0346,tugas,
D0346,penangkapan,
D0346,terhadap,
D0346,bandar,
D0346,narkoba,
D0346,Tiga,
D0346,anggota,
D0346,kami,
D0346,ditusuk,
D0346,dua,
D0346,menjalani,
D0346,perawatan,
D0346,intensif,
D0346,di,
D0346,rumah,
D0346,sakit,
D0346,ujar,
D0346,Andi,
D0346,kepada,
D0346,detikSumbagsel,
D0346,Rabu,
D0346,SCROLL,
D0346,TO,
D0346,CONTINUE,
D0346,WITH,
D0346,CONTENT,
D0346,Kedua,
D0346,pelaku,
D0346,penikaman,
D0346,ialah,
D0346,Ebi,
D0346,27,
D0346,dan,
D0346,Lindi,
D0346,20,
D0346,Keduanya,
D0346,merupakan,
D0346,warga,
D0346,Desa,
D0346,Simpang,
D0346,III,
D0346,Pumu,
D0346,Kecamatan,
D0346,Tanjung,
D0346,Sakti,
D0346,Pumu,
D0346,Kabupaten,
D0346,Lahat,
D0346,Diketahui,
D0346,peristiwa,
D0346,itu,
D0346,terjadi,
D0346,pada,
D0346,Rabu,
D0346,2212025,
D0346,pukul,
D0346,0330,
D0346,WIB,
D0346,di,
D0346,rumah,
D0346,pelaku,
D0346,Ebi,
D0346,Lokasinya,
D0346,di,
D0346,Desa,
D0346,Simpang,
D0346,III,
D0346,Pumu,
D0346,Kecamatan,
D0346,Tanjung,
D0346,Sakti,
D0346,Pumu,
D0346,Kabupaten,
D0346,Lahat,
D0346,Kabid,
D0346,Humas,
D0346,Polda,
D0346,Sumsel,
D0346,Kombes,
D0346,Soenarto,
D0346,mengatakan,
D0346,kedua,
D0346,pelaku,
D0346,sudah,
D0346,berada,
D0346,di,
D0346,Polres,
D0346,Lahat,
D0346,untuk,
D0346,dilakukan,
D0346,pemeriksaan,
D0346,lebih,
D0346,lanjut,
D0346,Ya,
D0346,dua,
D0346,pelaku,
D0346,bandar,
D0346,narkoba,
D0346,di,
D0346,Lahat,
D0346,Yang,
D0346,melakukan,
D0346,penusukan,
D0346,terhadap,
D0346,tiga,
D0346,anggota,
D0346,polisi,
D0346,saat,
D0346,digerebek,
D0346,sudah,
D0346,diamankan,
D0346,dan,
D0346,sekarang,
D0346,berada,
D0346,di,
D0346,Poles,
D0346,Lahat,
D0346,untuk,
D0346,diperiksa,
D0346,lebih,
D0346,lanjut,
D0346,katanya,
D0346,kepada,
D0346,detikSumbagsel,
D0346,Soenarto,
D0346,menjelaskan,
D0346,kronologi,
D0346,kejadian,
D0346,tersebut,
D0346,Saat,
D0346,itu,
D0346,anggota,
D0346,Satnarkoba,
D0346,Polres,
D0346,Lahat,
D0346,sedang,
D0346,berupaya,
D0346,menangkap,
D0346,bandar,
D0346,narkoba,
D0346,Penggerebekan,
D0346,dipimpin,
D0346,KBO,
D0346,Satnarkoba,
D0346,Iptu,
D0346,Muhamad,
D0346,Ketika,
D0346,petugas,
D0346,polisi,
D0346,mendatangi,
D0346,rumah,
D0346,Ebi,
D0346,pelaku,
D0346,Ebi,
D0346,membuka,
D0346,pintu,
D0346,dan,
D0346,langsung,
D0346,mengibaskan,
D0346,sebilah,
D0346,senjata,
D0346,tajam,
D0346,Pisau,
D0346,itu,
D0346,dikibaskan,
D0346,secara,
D0346,membabi,
D0346,buta,
D0346,dan,
D0346,berhasil,
D0346,melukai,
D0346,tiga,
D0346,polisi,
D0346,Anggota,
D0346,polisi,
D0346,yang,
D0346,terluka,
D0346,itu,
D0346,Bripka,
D0346,Kuntho,
D0346,Wibisono,
D0346,Brigadir,
D0346,Didit,
D0346,Prasetya,
D0346,dan,
D0346,yang,
D0346,meninggal,
D0346,Bripda,
D0346,Faras,
D0346,Nabhan,
D0346,Atallah,
D0346,atas,
D0346,kibasan,
D0346,pisau,
D0346,milik,
D0346,pelaku,
D0346,ungkap,
D0346,Soenarto,
D0346,Pelaku,
D0346,sempat,
D0346,melarikan,
D0346,diri,
D0346,melalui,
D0346,pintu,
D0346,belakang,
D0346,rumahnya,
D0346,Senjatanya,
D0346,turut,
D0346,dibawa,
D0346,lari,
D0346,Polisi,
D0346,lain,
D0346,yang,
D0346,tidak,
D0346,terkena,
D0346,tikaman,
D0346,berusaha,
D0346,mengejarnya,
D0346,dan,
D0346,menembak,
D0346,kaki,
D0346,pelaku,
D0346,Atas,
D0346,kejadian,
D0346,tersebut,
D0346,petugas,
D0346,polisi,
D0346,lain,
D0346,melakukan,
D0346,tindakan,
D0346,tegas,
D0346,secara,
D0346,terukur,
D0346,untuk,
D0346,dengan,
D0346,cara,
D0346,melakukan,
D0346,penembakan,
D0346,ke,
D0346,arah,
D0346,kaki,
D0346,pelaku,
D0346,guna,
D0346,melumpuhkannya,
D0346,yang,
D0346,masih,
D0346,berusaha,
D0346,untuk,
D0346,melukai,
D0346,petugas,
D0346,yang,
D0346,melakukan,
D0346,penangkapan,
D0346,setelah,
D0346,petugas,
D0346,berhasil,
D0346,melumpuhkan,
D0346,dan,
D0346,mengamankan,
D0346,pelaku,
D0346,jelasnya,
D0346,Polisi,
D0346,berhasil,
D0346,mengamankan,
D0346,dua,
D0346,pelaku,
D0346,dan,
D0346,barang,
D0346,bukti,
D0346,berupa,
D0346,satu,
D0346,tas,
D0346,ransel,
D0346,warna,
D0346,coklat,
D0346,berisi,
D0346,daun,
D0346,kering,
D0346,diduga,
D0346,ganja,
D0346,dengan,
D0346,berat,
D0346,bruto,
D0346,1020,
D0346,gram,
D0346,Artikel,
D0346,ini,
D0346,sudah,
D0346,tayang,
D0346,di,
D0346,detikSumbagsel,
D0346,baca,
D0346,selengkapnya,
D0346,di,
D0346,sini,
D0347,Seorang,
D0347,pria,
D0347,di,
D0347,Kabupaten,
D0347,Samosir,
D0347,Sumatera,
D0347,Utara,
D0347,Sumut,
D0347,bernama,
D0347,Ronal,
D0347,Triwanito,
D0347,35,
D0347,tewas,
D0347,ditikam,
D0347,tetangganya,
D0347,Dimhot,
D0347,Sitinjak,
D0347,45,
D0347,Peristiwa,
D0347,itu,
D0347,berawal,
D0347,saat,
D0347,keduanya,
D0347,cekcok,
D0347,di,
D0347,warung,
D0347,tuak,
D0347,Kasat,
D0347,Reskrim,
D0347,Polres,
D0347,Samosir,
D0347,AKP,
D0347,Edward,
D0347,Sidauruk,
D0347,mengatakan,
D0347,peristiwa,
D0347,itu,
D0347,terjadi,
D0347,di,
D0347,Dusun,
D0347,III,
D0347,Uparongit,
D0347,Desa,
D0347,Janji,
D0347,Raja,
D0347,Kecamatan,
D0347,Sitiotio,
D0347,tadi,
D0347,malam,
D0347,sekitar,
D0347,pukul,
D0347,2300,
D0347,WIB,
D0347,Pihak,
D0347,kepolisian,
D0347,masih,
D0347,mendalami,
D0347,motif,
D0347,pembunuhan,
D0347,ini,
D0347,Sampai,
D0347,saat,
D0347,ini,
D0347,Satreskrim,
D0347,Polres,
D0347,Samosir,
D0347,masih,
D0347,melakukan,
D0347,pendalaman,
D0347,namun,
D0347,dapat,
D0347,disampaikan,
D0347,timbulnya,
D0347,dugaan,
D0347,tindak,
D0347,pidana,
D0347,pembunuhan,
D0347,tersebut,
D0347,karena,
D0347,ketersinggungan,
D0347,atau,
D0347,terjadi,
D0347,cekcok,
D0347,mulut,
D0347,kata,
D0347,Edward,
D0347,Rabu,
D0347,2212025,
D0347,SCROLL,
D0347,TO,
D0347,CONTINUE,
D0347,WITH,
D0347,CONTENT,
D0347,Edward,
D0347,menyebut,
D0347,peristiwa,
D0347,itu,
D0347,berawal,
D0347,sekitar,
D0347,pukul,
D0347,2200,
D0347,WIB,
D0347,Awalnya,
D0347,terjadi,
D0347,cekcok,
D0347,antara,
D0347,korban,
D0347,dan,
D0347,pelaku,
D0347,di,
D0347,warung,
D0347,tuak,
D0347,itu,
D0347,Tidak,
D0347,beberapa,
D0347,lama,
D0347,kemudian,
D0347,korbannya,
D0347,pergi,
D0347,meninggalkan,
D0347,warung,
D0347,tersebut,
D0347,dan,
D0347,berjalan,
D0347,ke,
D0347,arah,
D0347,rumahnya,
D0347,Lalu,
D0347,saat,
D0347,keluar,
D0347,dari,
D0347,dalam,
D0347,warung,
D0347,tuak,
D0347,tersebut,
D0347,pelaku,
D0347,langsung,
D0347,mengambil,
D0347,pisau,
D0347,di,
D0347,dapur,
D0347,warung,
D0347,dan,
D0347,mengejar,
D0347,korban,
D0347,Di,
D0347,pertengahan,
D0347,jalan,
D0347,terlapor,
D0347,langsung,
D0347,melakukan,
D0347,penusukan,
D0347,terhadap,
D0347,tubuh,
D0347,korban,
D0347,tepatnya,
D0347,di,
D0347,bagian,
D0347,dada,
D0347,sebelah,
D0347,kiri,
D0347,korban,
D0347,jelasnya,
D0347,Setelah,
D0347,menusuk,
D0347,korban,
D0347,pelaku,
D0347,kembali,
D0347,ke,
D0347,warung,
D0347,itu,
D0347,dan,
D0347,mengembalikan,
D0347,pisau,
D0347,tersebut,
D0347,Sementara,
D0347,korban,
D0347,pergi,
D0347,menyelamatkan,
D0347,diri,
D0347,ke,
D0347,rumah,
D0347,warga,
D0347,yang,
D0347,tidak,
D0347,jauh,
D0347,dari,
D0347,lokasi,
D0347,Di,
D0347,depan,
D0347,rumah,
D0347,warga,
D0347,tersebut,
D0347,korban,
D0347,meminta,
D0347,tolong,
D0347,sambil,
D0347,menggedorgedor,
D0347,rumah,
D0347,Saat,
D0347,itu,
D0347,warga,
D0347,tersebut,
D0347,melihat,
D0347,korban,
D0347,telah,
D0347,berlumuran,
D0347,darah,
D0347,Setelah,
D0347,itu,
D0347,saksi,
D0347,langsung,
D0347,berlari,
D0347,ke,
D0347,kediaman,
D0347,orang,
D0347,tua,
D0347,korban,
D0347,dan,
D0347,menjelaskan,
D0347,tentang,
D0347,situasi,
D0347,yang,
D0347,dialami,
D0347,oleh,
D0347,korban,
D0347,Lalu,
D0347,kepala,
D0347,desa,
D0347,memberitahukan,
D0347,ke,
D0347,PolseK,
D0347,Palipi,
D0347,ujarnya,
D0347,Usai,
D0347,menerima,
D0347,informasi,
D0347,itu,
D0347,pihak,
D0347,kepolisian,
D0347,turun,
D0347,ke,
D0347,lokasi,
D0347,dan,
D0347,melakukan,
D0347,olah,
D0347,TKP,
D0347,Lalu,
D0347,petugas,
D0347,menangkap,
D0347,pelaku,
D0347,dan,
D0347,mengamankannya,
D0347,ke,
D0347,kantor,
D0347,polisi,
D0347,Selain,
D0347,itu,
D0347,petugas,
D0347,kepolisian,
D0347,juga,
D0347,mengamankan,
D0347,pisau,
D0347,yang,
D0347,digunakan,
D0347,pelaku,
D0347,untuk,
D0347,menusuk,
D0347,korban,
D0347,Saat,
D0347,ini,
D0347,Satreskrim,
D0347,Polres,
D0347,Samosir,
D0347,sedang,
D0347,membawa,
D0347,korban,
D0347,untuk,
D0347,autopsi,
D0347,ke,
D0347,RS,
D0347,Bhayangkara,
D0347,Medan,
D0347,pungkasnya,
D0348,Polisi,
D0348,menangkap,
D0348,kawanan,
D0348,begal,
D0348,yang,
D0348,kerap,
D0348,menodongkan,
D0348,senjata,
D0348,tajam,
D0348,dan,
D0348,merampas,
D0348,sepeda,
D0348,motor,
D0348,warga,
D0348,di,
D0348,Kabupaten,
D0348,Serdang,
D0348,Bedagai,
D0348,Sergai,
D0348,Sumatera,
D0348,Utara,
D0348,Sumut,
D0348,Ada,
D0348,delapan,
D0348,pelaku,
D0348,yang,
D0348,saat,
D0348,ini,
D0348,ditangkap,
D0348,petugas,
D0348,kepolisian,
D0348,Kapolres,
D0348,Sergai,
D0348,AKBP,
D0348,Jhon,
D0348,Hery,
D0348,Rakutta,
D0348,Sitepu,
D0348,memerinci,
D0348,para,
D0348,pelaku,
D0348,adalah,
D0348,MMH,
D0348,38,
D0348,MIF,
D0348,21,
D0348,DBP,
D0348,19,
D0348,DP,
D0348,18,
D0348,AF,
D0348,18,
D0348,GP,
D0348,19,
D0348,TMP,
D0348,15,
D0348,dan,
D0348,TW,
D0348,15,
D0348,Mereka,
D0348,telah,
D0348,beraksi,
D0348,di,
D0348,sejumlah,
D0348,wilayah,
D0348,Modusnya,
D0348,dengan,
D0348,cara,
D0348,memepet,
D0348,korban,
D0348,kemudian,
D0348,mengancam,
D0348,dengan,
D0348,menggunakan,
D0348,celurit,
D0348,Selanjutnya,
D0348,mengambil,
D0348,paksa,
D0348,dan,
D0348,membawa,
D0348,kabur,
D0348,sepeda,
D0348,motor,
D0348,kata,
D0348,Jhon,
D0348,Rabu,
D0348,2212025,
D0348,SCROLL,
D0348,TO,
D0348,CONTINUE,
D0348,WITH,
D0348,CONTENT,
D0348,Jhon,
D0348,Hery,
D0348,memerinci,
D0348,pembegalan,
D0348,yang,
D0348,dilakukan,
D0348,para,
D0348,pelaku,
D0348,di,
D0348,antaranya,
D0348,terjadi,
D0348,di,
D0348,Jalinsum,
D0348,Simpang,
D0348,Tanah,
D0348,Raja,
D0348,Desa,
D0348,Sei,
D0348,Buluh,
D0348,Kecamatan,
D0348,Teluk,
D0348,Mengkudu,
D0348,pada,
D0348,Rabu,
D0348,151,
D0348,sekira,
D0348,pukul,
D0348,0005,
D0348,WIB,
D0348,Para,
D0348,pelaku,
D0348,melancarkan,
D0348,aksinya,
D0348,dengan,
D0348,menodongkan,
D0348,senjata,
D0348,ke,
D0348,korban,
D0348,dan,
D0348,membawa,
D0348,kabur,
D0348,sepeda,
D0348,motornya,
D0348,Atas,
D0348,kejadian,
D0348,itu,
D0348,para,
D0348,korban,
D0348,membuat,
D0348,laporan,
D0348,ke,
D0348,kantor,
D0348,polisi,
D0348,setempat,
D0348,Lalu,
D0348,pada,
D0348,Minggu,
D0348,191,
D0348,dini,
D0348,hari,
D0348,Polsek,
D0348,Perbaungan,
D0348,yang,
D0348,tengah,
D0348,berpatroli,
D0348,menangkap,
D0348,sejumlah,
D0348,pelaku,
D0348,yang,
D0348,saat,
D0348,itu,
D0348,tengah,
D0348,mengendarai,
D0348,sepeda,
D0348,motor,
D0348,sambil,
D0348,membawa,
D0348,celurit,
D0348,di,
D0348,Dusun,
D0348,II,
D0348,Sei,
D0348,Sijenggi,
D0348,Tim,
D0348,Langsung,
D0348,memepet,
D0348,mereka,
D0348,dan,
D0348,berhasil,
D0348,mengamankan,
D0348,dua,
D0348,orang,
D0348,beserta,
D0348,satu,
D0348,sepeda,
D0348,motor,
D0348,yang,
D0348,dikendarai,
D0348,sedangkan,
D0348,pelaku,
D0348,yang,
D0348,lain,
D0348,berhasil,
D0348,melarikan,
D0348,diri,
D0348,jelasnya,
D0348,Berdasarkan,
D0348,hasil,
D0348,interogasi,
D0348,kedua,
D0348,pelaku,
D0348,mengaku,
D0348,hendak,
D0348,melakukan,
D0348,aksi,
D0348,pembegalan,
D0348,pada,
D0348,saat,
D0348,ditangkap,
D0348,Keduanya,
D0348,mengaku,
D0348,melakukan,
D0348,aksi,
D0348,tersebut,
D0348,bersama,
D0348,sembilan,
D0348,orang,
D0348,temannya,
D0348,yang,
D0348,seluruhnya,
D0348,merupakan,
D0348,warga,
D0348,Kecamatan,
D0348,Medan,
D0348,Marelan,
D0348,Mereka,
D0348,lakukan,
D0348,bersama,
D0348,dengan,
D0348,sembilan,
D0348,orang,
D0348,teman,
D0348,mereka,
D0348,lainnya,
D0348,yang,
D0348,seluruhnya,
D0348,merupakan,
D0348,warga,
D0348,Marelan,
D0348,termasuk,
D0348,ke,
D0348,lima,
D0348,orang,
D0348,yang,
D0348,berhasil,
D0348,melarikan,
D0348,diri,
D0348,kata,
D0348,Jhon,
D0348,Pihak,
D0348,kepolisian,
D0348,pun,
D0348,memburu,
D0348,pelaku,
D0348,lainnya,
D0348,dan,
D0348,menangkap,
D0348,enam,
D0348,orang,
D0348,pelaku,
D0348,di,
D0348,Kecamatan,
D0348,Medan,
D0348,Marelan,
D0348,Usai,
D0348,ditangkap,
D0348,para,
D0348,pelaku,
D0348,diboyong,
D0348,ke,
D0348,Polsek,
D0348,Perbaungan,
D0348,untuk,
D0348,proses,
D0348,penyelidikan,
D0348,lebih,
D0348,lanjut,
D0348,Pasal,
D0348,yang,
D0348,dipersangkakan,
D0348,Pasal,
D0348,365,
D0348,KUHPidana,
D0348,dengan,
D0348,ancaman,
D0348,pidana,
D0348,penjara,
D0348,selamalamanya,
D0348,12,
D0348,tahun,
D0348,pungkasnya,
D0349,Polisi,
D0349,mengungkap,
D0349,kasus,
D0349,penyerangan,
D0349,dan,
D0349,penjarahan,
D0349,di,
D0349,salah,
D0349,satu,
D0349,warung,
D0349,kelontong,
D0349,di,
D0349,Kecamatan,
D0349,Medan,
D0349,Barat,
D0349,Kota,
D0349,Medan,
D0349,yang,
D0349,dilakukan,
D0349,31,
D0349,pemuda,
D0349,yang,
D0349,sebagiannya,
D0349,merupakan,
D0349,mahasiswa,
D0349,Fakultas,
D0349,Hukum,
D0349,Universitas,
D0349,HKBP,
D0349,Nommensen,
D0349,UHN,
D0349,Dari,
D0349,total,
D0349,tersebut,
D0349,sembilan,
D0349,di,
D0349,antaranya,
D0349,telah,
D0349,ditangkap,
D0349,Semuanya,
D0349,kurang,
D0349,lebih,
D0349,ada,
D0349,31,
D0349,orang,
D0349,Kita,
D0349,sementara,
D0349,mengamankan,
D0349,sembilan,
D0349,orang,
D0349,dan,
D0349,semuanya,
D0349,kami,
D0349,tetapkan,
D0349,tersangka,
D0349,dan,
D0349,kami,
D0349,lakukan,
D0349,penahanan,
D0349,sebagai,
D0349,proses,
D0349,penyidikan,
D0349,kata,
D0349,Kapolrestabes,
D0349,Medan,
D0349,Kombes,
D0349,Gidion,
D0349,Arif,
D0349,Setyawan,
D0349,saat,
D0349,konferensi,
D0349,pers,
D0349,di,
D0349,Polsek,
D0349,Medan,
D0349,Barat,
D0349,Senin,
D0349,20112025,
D0349,Gidion,
D0349,membantah,
D0349,isu,
D0349,yang,
D0349,menyebutkan,
D0349,bahwa,
D0349,para,
D0349,pelaku,
D0349,adalah,
D0349,geng,
D0349,motor,
D0349,Perwira,
D0349,menengah,
D0349,Polri,
D0349,itu,
D0349,mengatakan,
D0349,bahwa,
D0349,sebagian,
D0349,pelaku,
D0349,merupakan,
D0349,mahasiswa,
D0349,Fakultas,
D0349,Hukum,
D0349,UHN,
D0349,SCROLL,
D0349,TO,
D0349,CONTINUE,
D0349,WITH,
D0349,CONTENT,
D0349,Dari,
D0349,total,
D0349,yang,
D0349,diamankan,
D0349,tersebut,
D0349,tujuh,
D0349,di,
D0349,antaranya,
D0349,merupakan,
D0349,mahasiswa,
D0349,fakultas,
D0349,hukum,
D0349,sedangkan,
D0349,dua,
D0349,orang,
D0349,lainnya,
D0349,adalah,
D0349,teman,
D0349,para,
D0349,pelaku,
D0349,Adapun,
D0349,kesembilan,
D0349,pelaku,
D0349,yang,
D0349,ditangkap,
D0349,adalah,
D0349,FN,
D0349,25,
D0349,OS,
D0349,21,
D0349,SS,
D0349,20,
D0349,TS,
D0349,21,
D0349,JS,
D0349,20,
D0349,RS,
D0349,22,
D0349,PIL,
D0349,19,
D0349,FS,
D0349,19,
D0349,dan,
D0349,RJT,
D0349,18,
D0349,Kalau,
D0349,kemudian,
D0349,tersebar,
D0349,informasi,
D0349,bahwa,
D0349,ini,
D0349,adalah,
D0349,geng,
D0349,motor,
D0349,bukan,
D0349,ini,
D0349,adalah,
D0349,sekelompok,
D0349,pemuda,
D0349,salah,
D0349,satunya,
D0349,dari,
D0349,fakultas,
D0349,teknik,
D0349,dan,
D0349,satunya,
D0349,dari,
D0349,fakultas,
D0349,hukum,
D0349,dari,
D0349,sebuah,
D0349,universitas,
D0349,jelasnya,
D0349,Mantan,
D0349,Kapolres,
D0349,Jakarta,
D0349,Utara,
D0349,itu,
D0349,menyebut,
D0349,saat,
D0349,kejadian,
D0349,para,
D0349,pelaku,
D0349,hendak,
D0349,mencari,
D0349,lawan,
D0349,mereka,
D0349,dari,
D0349,fakultas,
D0349,teknik,
D0349,Setelah,
D0349,dicari,
D0349,mereka,
D0349,menemukan,
D0349,dua,
D0349,anak,
D0349,fakultas,
D0349,teknik,
D0349,tengah,
D0349,berada,
D0349,di,
D0349,warung,
D0349,tersebut,
D0349,Alhasil,
D0349,para,
D0349,pelaku,
D0349,memutuskan,
D0349,untuk,
D0349,menyerang,
D0349,warung,
D0349,itu,
D0349,Ada,
D0349,pertikaian,
D0349,di,
D0349,lokasi,
D0349,sebelumnya,
D0349,lalu,
D0349,anak,
D0349,fakultas,
D0349,hukum,
D0349,mencari,
D0349,anak,
D0349,teknik,
D0349,kemudian,
D0349,dia,
D0349,mengidentifikasi,
D0349,ada,
D0349,di,
D0349,toko,
D0349,tersebut,
D0349,Kemudian,
D0349,salah,
D0349,satu,
D0349,tersangka,
D0349,FN,
D0349,menginisiasi,
D0349,untuk,
D0349,melakukan,
D0349,penyerangan,
D0349,terhadap,
D0349,mereka,
D0349,karena,
D0349,berada,
D0349,di,
D0349,toko,
D0349,maka,
D0349,yang,
D0349,menjadi,
D0349,sasaran,
D0349,adalah,
D0349,karyawan,
D0349,juga,
D0349,dan,
D0349,barang,
D0349,di,
D0349,toko,
D0349,tersebut,
D0349,kata,
D0349,Gidion,
D0349,Gidion,
D0349,menyebut,
D0349,ada,
D0349,dua,
D0349,karyawan,
D0349,warung,
D0349,yang,
D0349,mengalami,
D0349,lukaluka,
D0349,akibat,
D0349,ulah,
D0349,para,
D0349,pelaku,
D0349,Atas,
D0349,kejadian,
D0349,itu,
D0349,korban,
D0349,membuat,
D0349,laporan,
D0349,ke,
D0349,kantor,
D0349,polisi,
D0349,Pihak,
D0349,kepolisian,
D0349,pun,
D0349,memburu,
D0349,pelaku,
D0349,dan,
D0349,menangkapnya,
D0349,pada,
D0349,Sabtu,
D0349,181,
D0349,Saat,
D0349,ini,
D0349,kata,
D0349,Gidion,
D0349,masih,
D0349,ada,
D0349,sejumlah,
D0349,pelaku,
D0349,lagi,
D0349,yang,
D0349,tengah,
D0349,dicari,
D0349,Atas,
D0349,perbuatannya,
D0349,para,
D0349,pelaku,
D0349,dijerat,
D0349,Pasal,
D0349,365,
D0349,Ayat,
D0349,2,
D0349,Subs,
D0349,Pasal,
D0349,170,
D0349,Jo,
D0349,Pasal,
D0349,55,
D0349,Jo,
D0349,Pasal,
D0349,57,
D0349,KUHPidana,
D0349,dengan,
D0349,ancaman,
D0349,hukuman,
D0349,12,
D0349,tahun,
D0349,penjara,
D0349,Sementara,
D0349,terhadap,
D0349,selebihnya,
D0349,yang,
D0349,belum,
D0349,tertangkap,
D0349,kita,
D0349,akan,
D0349,melakukan,
D0349,upaya,
D0349,pengejaran,
D0349,dan,
D0349,melakukan,
D0349,penangkapan,
D0349,sesuai,
D0349,konstruksi,
D0349,hukum,
D0349,yang,
D0349,ditetapkan,
D0349,pungkasnya,
D0349,Sebelumnya,
D0349,diberitakan,
D0349,peristiwa,
D0349,itu,
D0349,terjadi,
D0349,di,
D0349,salah,
D0349,satu,
D0349,warung,
D0349,kelontong,
D0349,di,
D0349,Jalan,
D0349,Karya,
D0349,Kecamatan,
D0349,Medan,
D0349,Barat,
D0349,Kamis,
D0349,161,
D0349,malam,
D0349,Peristiwa,
D0349,itu,
D0349,sempat,
D0349,terekam,
D0349,kamera,
D0349,CCTV,
D0349,dan,
D0349,viral,
D0349,di,
D0349,media,
D0349,sosial,
D0350,Sekitar,
D0350,31,
D0350,pemuda,
D0350,yang,
D0350,sebagian,
D0350,di,
D0350,antaranya,
D0350,merupakan,
D0350,mahasiswa,
D0350,Fakultas,
D0350,Hukum,
D0350,Universitas,
D0350,HKBP,
D0350,Nommensen,
D0350,UHN,
D0350,menyerang,
D0350,dan,
D0350,menjarah,
D0350,warung,
D0350,di,
D0350,Jalan,
D0350,Karya,
D0350,Kecamatan,
D0350,Medan,
D0350,Barat,
D0350,Polisi,
D0350,menyebut,
D0350,sudah,
D0350,sempat,
D0350,terjadi,
D0350,pertikaian,
D0350,dengan,
D0350,mahasiswa,
D0350,fakultas,
D0350,teknik,
D0350,sehingga,
D0350,ada,
D0350,serangan,
D0350,balasan,
D0350,dari,
D0350,mahasiswa,
D0350,fakultas,
D0350,hukum,
D0350,Ada,
D0350,pertikaian,
D0350,di,
D0350,lokasi,
D0350,sebelumnya,
D0350,Lalu,
D0350,anak,
D0350,fakultas,
D0350,hukum,
D0350,mencari,
D0350,anak,
D0350,teknik,
D0350,kemudian,
D0350,dia,
D0350,mengidentifikasi,
D0350,ada,
D0350,di,
D0350,toko,
D0350,tersebut,
D0350,Latar,
D0350,belakang,
D0350,pertikaian,
D0350,nanti,
D0350,dalam,
D0350,penyidikan,
D0350,kata,
D0350,Kapolrestabes,
D0350,Medan,
D0350,Kombes,
D0350,Gidion,
D0350,Arif,
D0350,Setyawan,
D0350,saat,
D0350,konferensi,
D0350,pers,
D0350,di,
D0350,Polsek,
D0350,Medan,
D0350,Barat,
D0350,Senin,
D0350,2012025,
D0350,Kanit,
D0350,Reskrim,
D0350,Polsek,
D0350,Medan,
D0350,Barat,
D0350,Iptu,
D0350,Darman,
D0350,Lumban,
D0350,Raja,
D0350,menyebut,
D0350,bahwa,
D0350,penyerangan,
D0350,itu,
D0350,adalah,
D0350,aksi,
D0350,balasan,
D0350,Sebab,
D0350,sebelumnya,
D0350,pada,
D0350,Kamis,
D0350,161,
D0350,sekitar,
D0350,pukul,
D0350,2030,
D0350,WIB,
D0350,mahasiswa,
D0350,fakultas,
D0350,teknik,
D0350,menyerang,
D0350,tempat,
D0350,tongkrongan,
D0350,mahasiswa,
D0350,fakultas,
D0350,hukum,
D0350,Sementara,
D0350,aksi,
D0350,penyerangan,
D0350,di,
D0350,warung,
D0350,itu,
D0350,terjadi,
D0350,pada,
D0350,pukul,
D0350,2330,
D0350,WIB,
D0350,SCROLL,
D0350,TO,
D0350,CONTINUE,
D0350,WITH,
D0350,CONTENT,
D0350,Motifnya,
D0350,adalah,
D0350,untuk,
D0350,melakukan,
D0350,serangan,
D0350,balasan,
D0350,terhadap,
D0350,mahasiswa,
D0350,fakultas,
D0350,teknik,
D0350,yang,
D0350,mana,
D0350,sebelumnya,
D0350,pada,
D0350,Kamis,
D0350,sekira,
D0350,pukul,
D0350,2030,
D0350,WIB,
D0350,mahasiswa,
D0350,fakultas,
D0350,teknik,
D0350,menyerang,
D0350,warung,
D0350,yang,
D0350,berada,
D0350,di,
D0350,depan,
D0350,kampus,
D0350,yang,
D0350,merupakan,
D0350,tempat,
D0350,tongkrongan,
D0350,fakultas,
D0350,hukum,
D0350,jelasnya,
D0350,Alhasil,
D0350,mahasiswa,
D0350,fakultas,
D0350,hukum,
D0350,itu,
D0350,berkeliling,
D0350,dan,
D0350,mencari,
D0350,fakultas,
D0350,teknik,
D0350,tersebut,
D0350,Lalu,
D0350,saat,
D0350,melintas,
D0350,di,
D0350,Jalan,
D0350,Karya,
D0350,mereka,
D0350,melihat,
D0350,dua,
D0350,mahasiswa,
D0350,fakultas,
D0350,teknik,
D0350,tengah,
D0350,berada,
D0350,di,
D0350,warung,
D0350,tersebut,
D0350,Sehingga,
D0350,para,
D0350,pelaku,
D0350,langsung,
D0350,menyerbu,
D0350,toko,
D0350,tersebut,
D0350,dan,
D0350,melakukan,
D0350,penganiayaan,
D0350,terhadap,
D0350,orangorang,
D0350,yang,
D0350,berada,
D0350,di,
D0350,dalam,
D0350,toko,
D0350,sebutnya,
D0351,Pria,
D0351,berinisial,
D0351,AL,
D0351,27,
D0351,tega,
D0351,memperkosa,
D0351,anak,
D0351,tirinya,
D0351,sendiri,
D0351,yang,
D0351,masih,
D0351,berusia,
D0351,14,
D0351,tahun,
D0351,Korban,
D0351,diperkosa,
D0351,secara,
D0351,bergiliran,
D0351,oleh,
D0351,AL,
D0351,dan,
D0351,temannya,
D0351,yang,
D0351,berinisial,
D0351,RH,
D0351,38,
D0351,Dilansir,
D0351,dari,
D0351,detikSulsel,
D0351,diketahui,
D0351,peristiwa,
D0351,itu,
D0351,terjadi,
D0351,di,
D0351,Kecamatan,
D0351,Batang,
D0351,Alai,
D0351,Utara,
D0351,Hulu,
D0351,Sungai,
D0351,Tengah,
D0351,Kalimantan,
D0351,Selatan,
D0351,Kalsel,
D0351,pada,
D0351,Rabu,
D0351,4122024,
D0351,lalu,
D0351,Kala,
D0351,itu,
D0351,kedua,
D0351,pelaku,
D0351,datang,
D0351,menjemput,
D0351,korban,
D0351,di,
D0351,sekolahnya,
D0351,Bukannya,
D0351,dibawa,
D0351,pulang,
D0351,korban,
D0351,justru,
D0351,dibawa,
D0351,ke,
D0351,rumah,
D0351,kosong,
D0351,Di,
D0351,sana,
D0351,korban,
D0351,dipaksa,
D0351,menenggak,
D0351,minumminuman,
D0351,keras,
D0351,dan,
D0351,diperkosa,
D0351,secara,
D0351,bergiliran,
D0351,SCROLL,
D0351,TO,
D0351,CONTINUE,
D0351,WITH,
D0351,CONTENT,
D0351,Sebelum,
D0351,disetubuhi,
D0351,korban,
D0351,awalnya,
D0351,dipaksa,
D0351,untuk,
D0351,minum,
D0351,minuman,
D0351,keras,
D0351,terlebih,
D0351,dahulu,
D0351,dan,
D0351,juga,
D0351,diancam,
D0351,apabila,
D0351,tidak,
D0351,mau,
D0351,meminum,
D0351,korban,
D0351,akan,
D0351,ditusuk,
D0351,oleh,
D0351,ayah,
D0351,tirinya,
D0351,ucap,
D0351,Kasi,
D0351,Humas,
D0351,Polres,
D0351,HST,
D0351,Iptu,
D0351,Akhmad,
D0351,Priadi,
D0351,kepada,
D0351,detikcom,
D0351,Senin,
D0351,2012025,
D0351,Di,
D0351,rumah,
D0351,itu,
D0351,korban,
D0351,dibuat,
D0351,mabuk,
D0351,dan,
D0351,kemudian,
D0351,dibawa,
D0351,ke,
D0351,kamar,
D0351,kemudian,
D0351,terjadilah,
D0351,tindak,
D0351,pidana,
D0351,persetubuhan,
D0351,yang,
D0351,dilakukan,
D0351,secara,
D0351,bergiliran,
D0351,oleh,
D0351,ayah,
D0351,tirinya,
D0351,dan,
D0351,temannya,
D0351,ungkapnya,
D0351,Usai,
D0351,puas,
D0351,melakukan,
D0351,aksinya,
D0351,korban,
D0351,juga,
D0351,ditinggal,
D0351,pelaku,
D0351,di,
D0351,pinggir,
D0351,jalan,
D0351,Setelah,
D0351,kejadian,
D0351,itu,
D0351,korban,
D0351,ditinggal,
D0351,kedua,
D0351,pelaku,
D0351,di,
D0351,pinggir,
D0351,jalan,
D0351,tambah,
D0351,Priadi,
D0351,Korban,
D0351,baru,
D0351,berani,
D0351,bercerita,
D0351,dua,
D0351,hari,
D0351,setelah,
D0351,kejadian,
D0351,tersebut,
D0351,kepada,
D0351,ibunya,
D0351,Ibu,
D0351,korban,
D0351,yang,
D0351,mendengar,
D0351,peristiwa,
D0351,itu,
D0351,langsung,
D0351,melaporkan,
D0351,ke,
D0351,polisi,
D0351,Pelaku,
D0351,kini,
D0351,telah,
D0351,ditangkap,
D0351,Saat,
D0351,ini,
D0351,kedua,
D0351,pelaku,
D0351,sudah,
D0351,ditahan,
D0351,di,
D0351,Polres,
D0351,HST,
D0351,dan,
D0351,masih,
D0351,pendalaman,
D0351,terkait,
D0351,motif,
D0351,keduanya,
D0351,jelas,
D0351,Priadi,
D0351,Atas,
D0351,perbuatannya,
D0351,kedua,
D0351,pelaku,
D0351,dijerat,
D0351,pasal,
D0351,81,
D0351,ayat,
D0351,2,
D0351,juncto,
D0351,pasal,
D0351,76D,
D0351,UndangUndang,
D0351,RI,
D0351,Nomor,
D0351,17,
D0351,Tahun,
D0351,2016,
D0351,Tentang,
D0351,Penetapan,
D0351,Peraturan,
D0351,Pemerintah,
D0351,Pengganti,
D0351,UndangUndang,
D0351,Nomor,
D0351,1,
D0351,Tahun,
D0351,2016,
D0351,Tentang,
D0351,Perubahan,
D0351,Kedua,
D0351,Atas,
D0351,UndangUndang,
D0351,Nomor,
D0351,23,
D0351,Tahun,
D0351,2002,
D0351,Tentang,
D0351,Perlindungan,
D0351,Anak,
D0351,Untuk,
D0351,ancamannya,
D0351,maksimal,
D0351,15,
D0351,tahun,
D0351,penjara,
D0351,pungkasnya,
D0352,Polisi,
D0352,mengungkap,
D0352,kasus,
D0352,prostitusi,
D0352,di,
D0352,Aceh,
D0352,Timur,
D0352,Aceh,
D0352,Wanita,
D0352,berinisial,
D0352,NKH,
D0352,21,
D0352,ditawari,
D0352,jadi,
D0352,PSK,
D0352,hingga,
D0352,disekap,
D0352,14,
D0352,hari,
D0352,dan,
D0352,melayani,
D0352,10,
D0352,pria,
D0352,hidung,
D0352,belang,
D0352,Begini,
D0352,kronologi,
D0352,kasus,
D0352,tersebut,
D0352,Kapolsek,
D0352,Krueng,
D0352,Barona,
D0352,Jaya,
D0352,Iptu,
D0352,Julpandi,
D0352,menjelaskan,
D0352,kasus,
D0352,tersebut,
D0352,bermula,
D0352,saat,
D0352,tersangka,
D0352,AS,
D0352,25,
D0352,menghubungi,
D0352,NKH,
D0352,agar,
D0352,datang,
D0352,ke,
D0352,Banda,
D0352,Aceh,
D0352,dan,
D0352,bekerja,
D0352,sebagai,
D0352,PSK,
D0352,atau,
D0352,wanita,
D0352,open,
D0352,BO,
D0352,NKH,
D0352,pun,
D0352,menerima,
D0352,tawaran,
D0352,tersebut,
D0352,dan,
D0352,berangkat,
D0352,ke,
D0352,Banda,
D0352,Aceh,
D0352,menemui,
D0352,AS,
D0352,Setiba,
D0352,di,
D0352,Banda,
D0352,Aceh,
D0352,korban,
D0352,dibawa,
D0352,ke,
D0352,rumah,
D0352,AH,
D0352,20,
D0352,di,
D0352,Desa,
D0352,Gla,
D0352,Meunasah,
D0352,Baro,
D0352,dan,
D0352,diinapkan,
D0352,selama,
D0352,2,
D0352,pekan,
D0352,Tiga,
D0352,orang,
D0352,yakni,
D0352,AS,
D0352,AH,
D0352,dan,
D0352,F,
D0352,17,
D0352,kemudian,
D0352,mencarikan,
D0352,pria,
D0352,yang,
D0352,mau,
D0352,berhubungan,
D0352,dengan,
D0352,korban,
D0352,SCROLL,
D0352,TO,
D0352,CONTINUE,
D0352,WITH,
D0352,CONTENT,
D0352,Untuk,
D0352,sekali,
D0352,berhubungan,
D0352,ketiga,
D0352,pelaku,
D0352,disebut,
D0352,memasang,
D0352,tarif,
D0352,bervariasi,
D0352,yakni,
D0352,Rp,
D0352,400,
D0352,ribu,
D0352,Rp,
D0352,800,
D0352,ribu,
D0352,serta,
D0352,Rp,
D0352,1,
D0352,juta,
D0352,Selama,
D0352,dua,
D0352,pekan,
D0352,tersebut,
D0352,korban,
D0352,NKH,
D0352,telah,
D0352,melayani,
D0352,10,
D0352,pria,
D0352,Tugas,
D0352,ketiga,
D0352,pelaku,
D0352,mencari,
D0352,pelanggan,
D0352,open,
D0352,BO,
D0352,untuk,
D0352,dibawa,
D0352,ke,
D0352,lokasi,
D0352,penyekapan,
D0352,Desa,
D0352,Gla,
D0352,Meunasah,
D0352,Baro,
D0352,Kecamatan,
D0352,Krueng,
D0352,Barona,
D0352,Jaya,
D0352,Aceh,
D0352,Besar,
D0352,Adapun,
D0352,pelaku,
D0352,melakukan,
D0352,open,
D0352,BO,
D0352,sudah,
D0352,lebih,
D0352,dari,
D0352,10,
D0352,kali,
D0352,kata,
D0352,Julpandi,
D0352,kepada,
D0352,wartawan,
D0352,Senin,
D0352,2012025,
D0352,Terungkapnya,
D0352,kasus,
D0352,tersebut,
D0352,lanjut,
D0352,Kapolsek,
D0352,saat,
D0352,Polsek,
D0352,Ulee,
D0352,Kareng,
D0352,menerima,
D0352,informasi,
D0352,melalui,
D0352,lewat,
D0352,WhatsApp,
D0352,Saleum,
D0352,Rakan,
D0352,Kapolresta,
D0352,Banda,
D0352,Aceh,
D0352,Selasa,
D0352,14,
D0352,Januari,
D0352,Usai,
D0352,mendapat,
D0352,pesan,
D0352,tersebut,
D0352,tim,
D0352,Polsek,
D0352,Ulee,
D0352,Kareng,
D0352,dan,
D0352,Polsek,
D0352,Krueng,
D0352,Barona,
D0352,Jaya,
D0352,bergerak,
D0352,menuju,
D0352,lokasi,
D0352,dan,
D0352,melakukan,
D0352,penggerebekan,
D0352,Di,
D0352,lokasi,
D0352,polisi,
D0352,menemukan,
D0352,korban,
D0352,Dari,
D0352,pengakuan,
D0352,korban,
D0352,ia,
D0352,disekap,
D0352,1,
D0352,hari,
D0352,dan,
D0352,tak,
D0352,diizinkan,
D0352,keluar,
D0352,Segala,
D0352,keperluannya,
D0352,disediakan,
D0352,ketiga,
D0352,pelaku,
D0352,Menurut,
D0352,pengakuan,
D0352,korban,
D0352,korban,
D0352,disekap,
D0352,di,
D0352,tempat,
D0352,tersebut,
D0352,selama,
D0352,lebih,
D0352,kurang,
D0352,14,
D0352,hari,
D0352,tanpa,
D0352,diizinkan,
D0352,keluar,
D0352,rumah,
D0352,dan,
D0352,segala,
D0352,keperluan,
D0352,konsumsi,
D0352,disediakan,
D0352,oleh,
D0352,ketiga,
D0352,pelaku,
D0352,jelasnya,
D0352,Jupandi,
D0352,menambahkan,
D0352,ketiga,
D0352,pelaku,
D0352,dan,
D0352,korban,
D0352,sempat,
D0352,diserahkan,
D0352,ke,
D0352,Satreskrim,
D0352,Polresta,
D0352,Banda,
D0352,Aceh,
D0352,Namun,
D0352,sehari,
D0352,kemudian,
D0352,ketiganya,
D0352,dikembalikan,
D0352,ke,
D0352,perangkat,
D0352,desa,
D0352,untuk,
D0352,dilakukan,
D0352,pembinaan,
D0352,Namun,
D0352,saat,
D0352,menunggu,
D0352,jadwal,
D0352,rapat,
D0352,sidang,
D0352,adat,
D0352,mereka,
D0352,kembali,
D0352,mengulangi,
D0352,perbuatannya,
D0352,Sehingga,
D0352,kembali,
D0352,diserahkan,
D0352,ke,
D0352,polisi,
D0352,pada,
D0352,Jumat,
D0352,171,
D0352,sekitar,
D0352,pukul,
D0352,1000,
D0352,WIB,
D0352,Sekitar,
D0352,pukul,
D0352,1130,
D0352,WIB,
D0352,bertempat,
D0352,di,
D0352,halaman,
D0352,Polsek,
D0352,Krueng,
D0352,Barona,
D0352,Jaya,
D0352,pihak,
D0352,aparatur,
D0352,desa,
D0352,menyerahkan,
D0352,kasus,
D0352,tersebut,
D0352,kepada,
D0352,Wilayatul,
D0352,Hisbah,
D0352,Kabupaten,
D0352,Aceh,
D0352,Besar,
D0352,untuk,
D0352,menjalani,
D0352,proses,
D0352,hukum,
D0352,yang,
D0352,berlaku,
D0352,sesuai,
D0352,Qanun,
D0352,Aceh,
D0352,ujar,
D0352,Julpandi,
D0353,Satu,
D0353,video,
D0353,yang,
D0353,menarasikan,
D0353,geng,
D0353,motor,
D0353,menyerang,
D0353,dan,
D0353,menjarah,
D0353,salah,
D0353,satu,
D0353,warung,
D0353,kelontong,
D0353,di,
D0353,Kota,
D0353,Medan,
D0353,Sumatera,
D0353,Utara,
D0353,Sumut,
D0353,viral,
D0353,di,
D0353,media,
D0353,sosial,
D0353,Polisi,
D0353,saat,
D0353,ini,
D0353,tengah,
D0353,menyelidiki,
D0353,peristiwa,
D0353,tersebut,
D0353,Berdasarkan,
D0353,video,
D0353,yang,
D0353,dilihat,
D0353,detikSumut,
D0353,Sabtu,
D0353,1812025,
D0353,tampak,
D0353,awalnya,
D0353,ada,
D0353,dua,
D0353,orang,
D0353,yang,
D0353,berada,
D0353,di,
D0353,dalam,
D0353,warung,
D0353,itu,
D0353,Satu,
D0353,di,
D0353,antaranya,
D0353,berada,
D0353,di,
D0353,meja,
D0353,kasir,
D0353,satu,
D0353,lagi,
D0353,di,
D0353,depannya,
D0353,Lalu,
D0353,tibatiba,
D0353,ada,
D0353,sejumlah,
D0353,pria,
D0353,datang,
D0353,dan,
D0353,langsung,
D0353,mengejar,
D0353,keduanya,
D0353,hingga,
D0353,ke,
D0353,dalam,
D0353,ruangan,
D0353,Lebih,
D0353,dari,
D0353,10,
D0353,orang,
D0353,yang,
D0353,datang,
D0353,ke,
D0353,warung,
D0353,kelontong,
D0353,itu,
D0353,SCROLL,
D0353,TO,
D0353,CONTINUE,
D0353,WITH,
D0353,CONTENT,
D0353,Sebagian,
D0353,dari,
D0353,mereka,
D0353,mengambil,
D0353,rokok,
D0353,dan,
D0353,eskrim,
D0353,Cukup,
D0353,lama,
D0353,para,
D0353,pelaku,
D0353,berada,
D0353,di,
D0353,dalam,
D0353,ruangan,
D0353,yang,
D0353,ada,
D0353,di,
D0353,warung,
D0353,itu,
D0353,sempat,
D0353,juga,
D0353,terdengar,
D0353,suara,
D0353,keributan,
D0353,dari,
D0353,dalam,
D0353,Selang,
D0353,beberapa,
D0353,waktu,
D0353,para,
D0353,pemuda,
D0353,itu,
D0353,keluar,
D0353,dari,
D0353,dalam,
D0353,ruangan,
D0353,yang,
D0353,berada,
D0353,di,
D0353,warung,
D0353,itu,
D0353,Saat,
D0353,keluar,
D0353,beberapa,
D0353,di,
D0353,antara,
D0353,mereka,
D0353,sempat,
D0353,mengambil,
D0353,beberapa,
D0353,barang,
D0353,jualan,
D0353,yang,
D0353,di,
D0353,warung,
D0353,tersebut,
D0353,Geng,
D0353,motor,
D0353,serang,
D0353,warung,
D0353,kelontong,
D0353,dan,
D0353,menjarah,
D0353,Satu,
D0353,orang,
D0353,korban,
D0353,luka,
D0353,demikian,
D0353,narasi,
D0353,unggahan,
D0353,itu,
D0353,Kapolsek,
D0353,Medan,
D0353,Barat,
D0353,Kompol,
D0353,Anria,
D0353,Rosa,
D0353,Piliang,
D0353,mengatakan,
D0353,peristiwa,
D0353,itu,
D0353,terjadi,
D0353,di,
D0353,salah,
D0353,satu,
D0353,warung,
D0353,di,
D0353,Jalan,
D0353,Karya,
D0353,Kecamatan,
D0353,Medan,
D0353,Barat,
D0353,Kamis,
D0353,1612025,
D0353,sekira,
D0353,pukul,
D0353,2330,
D0353,WIB,
D0353,Anria,
D0353,menyebut,
D0353,pihaknya,
D0353,telah,
D0353,melakukan,
D0353,olah,
D0353,tempat,
D0353,kejadian,
D0353,perkara,
D0353,TKP,
D0353,di,
D0353,lokasi,
D0353,kejadian,
D0353,Polisi,
D0353,sudah,
D0353,olah,
D0353,TKP,
D0353,kata,
D0353,Anria,
D0353,saat,
D0353,dikonfirmasi,
D0353,detikSumut,
D0353,Sabtu,
D0353,Anria,
D0353,belum,
D0353,menjelaskan,
D0353,apakah,
D0353,para,
D0353,pemuda,
D0353,tersebut,
D0353,merupakan,
D0353,kawanan,
D0353,geng,
D0353,motor,
D0353,atau,
D0353,tidak,
D0353,Dia,
D0353,menyampaikan,
D0353,bahwa,
D0353,pihaknya,
D0353,tengah,
D0353,menyelidiki,
D0353,peristiwa,
D0353,itu,
D0353,Mohon,
D0353,doanya,
D0353,segera,
D0353,terungkap,
D0353,pungkasnya,
D0354,Satuan,
D0354,Samapta,
D0354,Polresta,
D0354,Kupang,
D0354,Kota,
D0354,meringkus,
D0354,dua,
D0354,pria,
D0354,yaitu,
D0354,D,
D0354,20,
D0354,dan,
D0354,N,
D0354,18,
D0354,Saat,
D0354,didatangi,
D0354,polisi,
D0354,keduanya,
D0354,sedang,
D0354,mengonsumsi,
D0354,minuman,
D0354,keras,
D0354,miras,
D0354,jenis,
D0354,sopi,
D0354,di,
D0354,pinggir,
D0354,jalan,
D0354,Kelurahan,
D0354,Nefonaek,
D0354,Kecatan,
D0354,Kota,
D0354,Lama,
D0354,Kota,
D0354,Kupang,
D0354,Nusa,
D0354,Tenggara,
D0354,Timur,
D0354,NTT,
D0354,Jumat,
D0354,1712024,
D0354,sore,
D0354,Mereka,
D0354,diamankan,
D0354,atas,
D0354,pengaduan,
D0354,warga,
D0354,karena,
D0354,ulah,
D0354,dua,
D0354,pemuda,
D0354,itu,
D0354,sangat,
D0354,meresahkan,
D0354,warga,
D0354,setempat,
D0354,ujar,
D0354,Kapolresta,
D0354,Kupang,
D0354,Kota,
D0354,Kombes,
D0354,Aldinan,
D0354,Manurung,
D0354,Sabtu,
D0354,1812025,
D0354,Penangkapan,
D0354,D,
D0354,dan,
D0354,N,
D0354,dipimpin,
D0354,langsung,
D0354,oleh,
D0354,Kasat,
D0354,Samapta,
D0354,Polresta,
D0354,Kupang,
D0354,Kota,
D0354,AKP,
D0354,Yohanes,
D0354,Sur,
D0354,Dia,
D0354,didampingi,
D0354,Bhabinkamtibmas,
D0354,Kelurahan,
D0354,Nefonaek,
D0354,Aipda,
D0354,Tamrin,
D0354,Mansur,
D0354,Mereka,
D0354,mendatangi,
D0354,lokasi,
D0354,setelah,
D0354,polisi,
D0354,menerima,
D0354,laporan,
D0354,dari,
D0354,warga,
D0354,yang,
D0354,merasa,
D0354,terganggu,
D0354,dengan,
D0354,ulah,
D0354,kelompok,
D0354,pemuda,
D0354,tersebut,
D0354,SCROLL,
D0354,TO,
D0354,CONTINUE,
D0354,WITH,
D0354,CONTENT,
D0354,Saat,
D0354,itu,
D0354,salah,
D0354,satu,
D0354,warga,
D0354,mengirimkan,
D0354,videonya,
D0354,melalui,
D0354,WhatsApp,
D0354,WA,
D0354,kepada,
D0354,anggota,
D0354,kami,
D0354,Sehingga,
D0354,anggota,
D0354,langsung,
D0354,menuju,
D0354,ke,
D0354,lokasi,
D0354,kejadian,
D0354,untuk,
D0354,mengamankan,
D0354,para,
D0354,pemuda,
D0354,itu,
D0354,ungkap,
D0354,Aldinan,
D0354,Dia,
D0354,menjelaskan,
D0354,saat,
D0354,polisi,
D0354,tiba,
D0354,di,
D0354,lokasi,
D0354,kejadian,
D0354,D,
D0354,dan,
D0354,N,
D0354,dalam,
D0354,keadaan,
D0354,mabuk,
D0354,berat,
D0354,Sedangkan,
D0354,sejumlah,
D0354,pemuda,
D0354,lainnya,
D0354,berhasil,
D0354,melarikan,
D0354,diri,
D0354,sebelum,
D0354,polisi,
D0354,tiba,
D0354,Di,
D0354,sana,
D0354,polisi,
D0354,juga,
D0354,menemukan,
D0354,sisa,
D0354,miras,
D0354,di,
D0354,dalam,
D0354,satu,
D0354,botol,
D0354,kemasan,
D0354,D,
D0354,dan,
D0354,N,
D0354,kemudian,
D0354,dibawa,
D0354,ke,
D0354,Pos,
D0354,Polisi,
D0354,Pospol,
D0354,Fatululi,
D0354,untuk,
D0354,mendapatkan,
D0354,pembinaan,
D0354,Polisi,
D0354,Aldinan,
D0354,berujar,
D0354,juga,
D0354,meminta,
D0354,D,
D0354,dan,
D0354,N,
D0354,untuk,
D0354,membuat,
D0354,surat,
D0354,pernyataan,
D0354,yang,
D0354,disaksikan,
D0354,langsung,
D0354,oleh,
D0354,orang,
D0354,tuanya,
D0354,masingmasing,
D0354,agar,
D0354,tidak,
D0354,mengulangi,
D0354,perbuatannya,
D0354,Jika,
D0354,mereka,
D0354,kembali,
D0354,melakukan,
D0354,pelanggaran,
D0354,serupa,
D0354,kami,
D0354,tidak,
D0354,segansegan,
D0354,untuk,
D0354,memprosesnya,
D0354,sesuai,
D0354,hukum,
D0354,yang,
D0354,berlaku,
D0354,Kami,
D0354,akan,
D0354,terus,
D0354,meningkatkan,
D0354,patroli,
D0354,dan,
D0354,pengawasan,
D0354,di,
D0354,titiktitik,
D0354,rawan,
D0354,agar,
D0354,menekan,
D0354,angka,
D0354,kriminalitas,
D0354,di,
D0354,Kota,
D0354,Kupang,
D0354,jelas,
D0354,Aldinan,
D0354,Aldinan,
D0354,menyampaikan,
D0354,apresiasi,
D0354,kepada,
D0354,warga,
D0354,yang,
D0354,telah,
D0354,melaporkan,
D0354,dan,
D0354,mengirimkan,
D0354,bukti,
D0354,berupa,
D0354,video,
D0354,terkait,
D0354,ulah,
D0354,dari,
D0354,dua,
D0354,pria,
D0354,mabuk,
D0354,sopi,
D0354,itu,
D0354,Ia,
D0354,juga,
D0354,meminta,
D0354,masyarakat,
D0354,pada,
D0354,umumnya,
D0354,untuk,
D0354,segera,
D0354,melaporkan,
D0354,jika,
D0354,menemukan,
D0354,aktivitas,
D0354,yang,
D0354,dapat,
D0354,mengganggu,
D0354,ketertiban,
D0354,umum,
D0354,Kami,
D0354,berterima,
D0354,kasih,
D0354,kepada,
D0354,warga,
D0354,yang,
D0354,peduli,
D0354,terhadap,
D0354,keamanan,
D0354,lingkungannya,
D0354,dengan,
D0354,mengirimkan,
D0354,video,
D0354,sebagai,
D0354,bukti,
D0354,Hal,
D0354,ini,
D0354,membantu,
D0354,kami,
D0354,dalam,
D0354,mengambil,
D0354,tindakan,
D0354,cepat,
D0354,dan,
D0354,tepat,
D0354,pungkas,
D0354,Aldinan,
D0355,Pihak,
D0355,kepolisian,
D0355,mengungkapkan,
D0355,kerugian,
D0355,akibat,
D0355,perampokan,
D0355,bersenjata,
D0355,api,
D0355,senpi,
D0355,yang,
D0355,terjadi,
D0355,di,
D0355,sebuah,
D0355,toko,
D0355,grosir,
D0355,sekaligus,
D0355,agen,
D0355,perbankanATM,
D0355,mini,
D0355,di,
D0355,Dharmasraya,
D0355,Sumatera,
D0355,Barat,
D0355,Sumbar,
D0355,mencapai,
D0355,Rp,
D0355,127,
D0355,juta,
D0355,Sementara,
D0355,itu,
D0355,satu,
D0355,orang,
D0355,korban,
D0355,mengalami,
D0355,luka,
D0355,tembak,
D0355,di,
D0355,tangan,
D0355,Hal,
D0355,tersebut,
D0355,diungkapkan,
D0355,oleh,
D0355,Kapolres,
D0355,Dharmasraya,
D0355,AKBP,
D0355,Bagus,
D0355,Ikhwan,
D0355,Kerugian,
D0355,sekitar,
D0355,Rp,
D0355,127,
D0355,juta,
D0355,Sementara,
D0355,ada,
D0355,satu,
D0355,orang,
D0355,korban,
D0355,yang,
D0355,terluka,
D0355,tembak,
D0355,di,
D0355,bagian,
D0355,tangan,
D0355,kata,
D0355,AKBP,
D0355,Bagus,
D0355,Ikhwan,
D0355,kepada,
D0355,detikSumut,
D0355,Jumat,
D0355,1712025,
D0355,SCROLL,
D0355,TO,
D0355,CONTINUE,
D0355,WITH,
D0355,CONTENT,
D0355,Korban,
D0355,yang,
D0355,terluka,
D0355,menurut,
D0355,Bagus,
D0355,usai,
D0355,berupaya,
D0355,menahan,
D0355,pintu,
D0355,kamar,
D0355,toko,
D0355,yang,
D0355,hendak,
D0355,dimasuki,
D0355,pelaku,
D0355,Nahas,
D0355,pelaku,
D0355,melepaskan,
D0355,tembakan,
D0355,ke,
D0355,pintu,
D0355,kamar,
D0355,hingga,
D0355,tembus,
D0355,ke,
D0355,tangan,
D0355,korban,
D0355,Satu,
D0355,orang,
D0355,terluka,
D0355,di,
D0355,tangannya,
D0355,Karena,
D0355,pada,
D0355,saat,
D0355,itu,
D0355,korban,
D0355,berupaya,
D0355,menahan,
D0355,pintu,
D0355,kamar,
D0355,agar,
D0355,pelaku,
D0355,tidak,
D0355,masuk,
D0355,ke,
D0355,dalam,
D0355,Kemudian,
D0355,pelaku,
D0355,menembak,
D0355,pintu,
D0355,kamar,
D0355,hingga,
D0355,tembus,
D0355,dan,
D0355,mengenai,
D0355,tangan,
D0355,korban,
D0355,bebernya,
D0355,Usai,
D0355,melukai,
D0355,korban,
D0355,pelaku,
D0355,menurut,
D0355,Bagus,
D0355,berhasil,
D0355,masuk,
D0355,ke,
D0355,kamar,
D0355,korban,
D0355,Setelah,
D0355,itu,
D0355,pelaku,
D0355,masuk,
D0355,ke,
D0355,kamar,
D0355,mengeluarkan,
D0355,korban,
D0355,dan,
D0355,mengecek,
D0355,isi,
D0355,kamar,
D0355,korban,
D0355,jelasnya,
D0355,Bagus,
D0355,membantah,
D0355,adanya,
D0355,penyekapan,
D0355,terhadap,
D0355,korban,
D0355,Menurutnya,
D0355,saat,
D0355,pelaku,
D0355,mencoba,
D0355,masuk,
D0355,ke,
D0355,kamar,
D0355,korban,
D0355,mengunci,
D0355,pintu,
D0355,dari,
D0355,dalam,
D0355,Bukan,
D0355,penyekapan,
D0355,tapi,
D0355,saat,
D0355,pelaku,
D0355,hendak,
D0355,mengecek,
D0355,kamar,
D0355,korban,
D0355,mengunci,
D0355,pintu,
D0355,kamar,
D0355,Bahkan,
D0355,salah,
D0355,satu,
D0355,korban,
D0355,sempat,
D0355,menahan,
D0355,pintu,
D0355,kamar,
D0355,agar,
D0355,pelaku,
D0355,tidak,
D0355,masuk,
D0355,ujarnya,
D0355,Dari,
D0355,hasil,
D0355,identifikasi,
D0355,sementara,
D0355,pelaku,
D0355,yang,
D0355,terlibat,
D0355,dalam,
D0355,insiden,
D0355,ini,
D0355,berjumlah,
D0355,enam,
D0355,orang,
D0355,Bagus,
D0355,menyatakan,
D0355,para,
D0355,pelaku,
D0355,kini,
D0355,sedang,
D0355,diburu,
D0355,oleh,
D0355,pihak,
D0355,kepolisian,
D0355,Saat,
D0355,ini,
D0355,anggota,
D0355,gabungan,
D0355,Polres,
D0355,Dharmasraya,
D0355,masih,
D0355,terus,
D0355,melakukan,
D0355,upaya,
D0355,pengungkapan,
D0355,Berdasarkan,
D0355,keterangan,
D0355,saksi,
D0355,pelaku,
D0355,berjumlah,
D0355,enam,
D0355,orang,
D0355,Kami,
D0355,mohon,
D0355,doa,
D0355,semoga,
D0355,kasus,
D0355,ini,
D0355,segera,
D0355,terungkap,
D0355,tutup,
D0355,Bagus,
D0355,Sebelumnya,
D0355,diberitakan,
D0355,perampokan,
D0355,bersenjata,
D0355,api,
D0355,senpi,
D0355,terjadi,
D0355,di,
D0355,sebuah,
D0355,ATM,
D0355,mini,
D0355,atau,
D0355,agen,
D0355,bank,
D0355,di,
D0355,Dharmasraya,
D0355,Sumatera,
D0355,Barat,
D0355,Sumbar,
D0355,Dalam,
D0355,aksinya,
D0355,para,
D0355,pelaku,
D0355,menyekap,
D0355,enam,
D0355,orang,
D0355,korban,
D0355,dan,
D0355,salah,
D0355,satu,
D0355,korban,
D0355,mengalami,
D0355,luka,
D0355,tembak,
D0355,Data,
D0355,yang,
D0355,dihimpun,
D0355,detikSumut,
D0355,perampokan,
D0355,ini,
D0355,terjadi,
D0355,di,
D0355,Jorong,
D0355,Sungai,
D0355,Betung,
D0355,Nagari,
D0355,Koto,
D0355,Baru,
D0355,Kecamatan,
D0355,Koto,
D0355,Baru,
D0355,Kabupaten,
D0355,Dharmasraya,
D0355,pada,
D0355,Kamis,
D0355,161,
D0355,malam,
D0355,Kabid,
D0355,Humas,
D0355,Polda,
D0355,Sumbar,
D0355,Kombes,
D0355,Pol,
D0355,Dwi,
D0355,Sulistyawan,
D0355,membenarkan,
D0355,peristiwa,
D0355,tersebut,
D0355,Menurutnya,
D0355,usai,
D0355,menyekap,
D0355,dan,
D0355,melukai,
D0355,salah,
D0355,satu,
D0355,korban,
D0355,pelaku,
D0355,melarikan,
D0355,uang,
D0355,sebesar,
D0355,Rp,
D0355,70,
D0355,juta,
D0355,milik,
D0355,korban,
D0355,Iya,
D0355,benar,
D0355,korban,
D0355,disekap,
D0355,dan,
D0355,satu,
D0355,orang,
D0355,mengalami,
D0355,luka,
D0355,tembak,
D0355,Kerugian,
D0355,korban,
D0355,mencapai,
D0355,Rp,
D0355,70,
D0355,juta,
D0355,kata,
D0355,Kombes,
D0355,Pol,
D0355,Dwi,
D0355,Sulistyawan,
D0355,kepada,
D0355,detikSumut,
D0355,Jumat,
D0355,1712025,
D0355,Dwi,
D0355,belum,
D0355,merinci,
D0355,jumlah,
D0355,pelaku,
D0355,yang,
D0355,terlibat,
D0355,dalam,
D0355,perampokan,
D0355,ini,
D0355,Namun,
D0355,dia,
D0355,memastikan,
D0355,pihak,
D0355,kepolisian,
D0355,sudah,
D0355,memburu,
D0355,para,
D0355,pelaku,
D0355,yang,
D0355,melarikan,
D0355,diri,
D0355,setelah,
D0355,melakukan,
D0355,aksinya,
D0356,Kriminalitas,
D0356,di,
D0356,Kota,
D0356,Surabaya,
D0356,masih,
D0356,marak,
D0356,terjadi,
D0356,khususnya,
D0356,kasus,
D0356,pencurian,
D0356,kendaraan,
D0356,bermotor,
D0356,atau,
D0356,curanmor,
D0356,Sejumlah,
D0356,kasus,
D0356,telah,
D0356,terungkap,
D0356,para,
D0356,pelaku,
D0356,diamankan,
D0356,polisi,
D0356,juga,
D0356,mengultimatum,
D0356,pelaku,
D0356,lainnya,
D0356,Rupanya,
D0356,upaya,
D0356,itu,
D0356,tak,
D0356,membuat,
D0356,kasusnya,
D0356,mereda,
D0356,Kapolrestabes,
D0356,Surabaya,
D0356,Kombes,
D0356,Luthfie,
D0356,Sulistiawan,
D0356,mengatakan,
D0356,aksi,
D0356,yang,
D0356,dilakukan,
D0356,para,
D0356,pelaku,
D0356,curanmor,
D0356,di,
D0356,Surabaya,
D0356,dengan,
D0356,modus,
D0356,berbedabeda,
D0356,Ada,
D0356,yang,
D0356,lama,
D0356,ada,
D0356,modus,
D0356,baru,
D0356,yang,
D0356,terungkap,
D0356,Modus,
D0356,lama,
D0356,menggunakan,
D0356,kunci,
D0356,palsu,
D0356,Untuk,
D0356,modus,
D0356,baru,
D0356,karena,
D0356,motor,
D0356,sekarang,
D0356,relatif,
D0356,lebih,
D0356,sulit,
D0356,kalau,
D0356,pakai,
D0356,letter,
D0356,T,
D0356,mereka,
D0356,cari,
D0356,motor,
D0356,yang,
D0356,tidak,
D0356,terkunci,
D0356,stangnya,
D0356,lalu,
D0356,dinaikin,
D0356,dan,
D0356,didorong,
D0356,temannya,
D0356,ke,
D0356,bengkel,
D0356,yang,
D0356,sudah,
D0356,ditentukan,
D0356,kata,
D0356,Luthfie,
D0356,Jumat,
D0356,1712025,
D0356,SCROLL,
D0356,TO,
D0356,CONTINUE,
D0356,WITH,
D0356,CONTENT,
D0356,Luthfie,
D0356,memastikan,
D0356,pihaknya,
D0356,akan,
D0356,menindak,
D0356,tegas,
D0356,siapa,
D0356,pun,
D0356,yang,
D0356,terlibat,
D0356,dalam,
D0356,kejahatan,
D0356,ini,
D0356,Termasuk,
D0356,bengkel,
D0356,rujukan,
D0356,yang,
D0356,membantu,
D0356,para,
D0356,pelaku,
D0356,curanmor,
D0356,menyembunyikan,
D0356,barang,
D0356,curian,
D0356,Bengkelnya,
D0356,kami,
D0356,lakukan,
D0356,pemeriksaan,
D0356,dan,
D0356,kalau,
D0356,terbukti,
D0356,akan,
D0356,kami,
D0356,tindak,
D0356,ujarnya,
D0356,Di,
D0356,kota,
D0356,pahlawan,
D0356,lanjut,
D0356,Luthfie,
D0356,masih,
D0356,saja,
D0356,ada,
D0356,warga,
D0356,yang,
D0356,lengah,
D0356,dan,
D0356,minim,
D0356,dalam,
D0356,mengantisipasi,
D0356,curanmor,
D0356,Salah,
D0356,satu,
D0356,yang,
D0356,sering,
D0356,terjadi,
D0356,kondisi,
D0356,kunci,
D0356,masih,
D0356,tertancap,
D0356,di,
D0356,motor,
D0356,Hal,
D0356,ini,
D0356,akan,
D0356,mempermudah,
D0356,para,
D0356,pelaku,
D0356,dalam,
D0356,melancarkan,
D0356,aksinya,
D0356,Dari,
D0356,puluhan,
D0356,kasus,
D0356,curanmor,
D0356,yang,
D0356,kami,
D0356,ungkap,
D0356,ada,
D0356,10,
D0356,kasus,
D0356,yang,
D0356,kuncinya,
D0356,masih,
D0356,menempel,
D0356,di,
D0356,kendaraan,
D0356,imbuhnya,
D0356,Ia,
D0356,memastikan,
D0356,hal,
D0356,itu,
D0356,menjadi,
D0356,catatan,
D0356,bagi,
D0356,kepolisian,
D0356,Maka,
D0356,dari,
D0356,itu,
D0356,ia,
D0356,meminta,
D0356,pada,
D0356,warga,
D0356,Surabaya,
D0356,untuk,
D0356,saling,
D0356,bekerja,
D0356,sama,
D0356,memerangi,
D0356,mencegah,
D0356,dan,
D0356,meminimalisir,
D0356,ruang,
D0356,gerak,
D0356,para,
D0356,pelaku,
D0356,curanmor,
D0356,Dalam,
D0356,rangka,
D0356,mengurangi,
D0356,kejadian,
D0356,curanmor,
D0356,parkir,
D0356,kendaraan,
D0356,di,
D0356,tempat,
D0356,yang,
D0356,relatif,
D0356,aman,
D0356,upayakan,
D0356,dikunci,
D0356,stang,
D0356,dan,
D0356,syukursyukur,
D0356,bisa,
D0356,dilakukan,
D0356,penambahan,
D0356,kunci,
D0356,Lalu,
D0356,kami,
D0356,minta,
D0356,agar,
D0356,tidak,
D0356,meninggalkan,
D0356,kendaraan,
D0356,berikut,
D0356,kuncinya,
D0356,di,
D0356,10,
D0356,TKP,
D0356,seluruhnya,
D0356,kunci,
D0356,melekat,
D0356,di,
D0356,motor,
D0356,saya,
D0356,minta,
D0356,segera,
D0356,lapor,
D0356,ke,
D0356,Polsek,
D0356,paparnya,
D0356,Selain,
D0356,itu,
D0356,Luthfie,
D0356,meminta,
D0356,seluruh,
D0356,Polsek,
D0356,dan,
D0356,jajarannya,
D0356,di,
D0356,lingkup,
D0356,Polrestabes,
D0356,Surabaya,
D0356,untuk,
D0356,segera,
D0356,bergerak,
D0356,memburu,
D0356,para,
D0356,pelaku,
D0356,usai,
D0356,mendapat,
D0356,informasi,
D0356,curanmor,
D0356,Serta,
D0356,menyisir,
D0356,dan,
D0356,melakukan,
D0356,razia,
D0356,secara,
D0356,intens,
D0356,Saya,
D0356,perintahkan,
D0356,ke,
D0356,polsek,
D0356,kalau,
D0356,ada,
D0356,curanmor,
D0356,segera,
D0356,lapor,
D0356,ke,
D0356,seluruh,
D0356,jajaran,
D0356,dan,
D0356,seluruh,
D0356,polsek,
D0356,razia,
D0356,skala,
D0356,kecil,
D0356,tuturnya,
D0356,Seperti,
D0356,halnya,
D0356,kasus,
D0356,curanmor,
D0356,kurir,
D0356,ekspedisi,
D0356,bernama,
D0356,Eka,
D0356,di,
D0356,kawasan,
D0356,Sukolilo,
D0356,pada,
D0356,Kamis,
D0356,212025,
D0356,silam,
D0356,Menurutnya,
D0356,kerjasama,
D0356,seperti,
D0356,itu,
D0356,lah,
D0356,yang,
D0356,dinilai,
D0356,tepat,
D0356,dan,
D0356,bisa,
D0356,segera,
D0356,mendapatkan,
D0356,motornya,
D0356,kembali,
D0356,beserta,
D0356,pelaku,
D0356,Ada,
D0356,satu,
D0356,kejadian,
D0356,yang,
D0356,alhamdulillah,
D0356,bisa,
D0356,kami,
D0356,ungkap,
D0356,bersama,
D0356,media,
D0356,warga,
D0356,dan,
D0356,polisi,
D0356,Alhamdulillah,
D0356,kendaraan,
D0356,tersebut,
D0356,bisa,
D0356,diungkap,
D0356,dan,
D0356,disita,
D0356,di,
D0356,wilayah,
D0356,Bangkalan,
D0356,Madura,
D0356,Ini,
D0356,adalah,
D0356,1,
D0356,contoh,
D0356,apabila,
D0356,semua,
D0356,bergerak,
D0356,cepat,
D0356,dan,
D0356,kendaraan,
D0356,bisa,
D0356,diselamatkan,
D0356,tuturnya,
D0356,Sementara,
D0356,itu,
D0356,salah,
D0356,satu,
D0356,korban,
D0356,curanmor,
D0356,bernama,
D0356,Teddy,
D0356,Arifin,
D0356,mengaku,
D0356,senang,
D0356,dan,
D0356,mengapresiasi,
D0356,kinerja,
D0356,polisi,
D0356,serta,
D0356,masyarakat,
D0356,yang,
D0356,dianggap,
D0356,grecep,
D0356,Sebab,
D0356,usai,
D0356,melapor,
D0356,ke,
D0356,polisi,
D0356,beberapa,
D0356,hari,
D0356,kemudian,
D0356,motornya,
D0356,dapat,
D0356,ditemukan,
D0356,Ia,
D0356,mengaku,
D0356,sempat,
D0356,pasrah,
D0356,usai,
D0356,motornya,
D0356,raib,
D0356,saat,
D0356,sedang,
D0356,belanja,
D0356,ke,
D0356,minimarket,
D0356,di,
D0356,kawasan,
D0356,Rungkut,
D0356,Surabaya,
D0356,Namun,
D0356,saat,
D0356,mendapat,
D0356,informasi,
D0356,bila,
D0356,motornya,
D0356,sudah,
D0356,ditemukan,
D0356,ia,
D0356,mengaku,
D0356,senang,
D0356,Saat,
D0356,itu,
D0356,hilang,
D0356,di,
D0356,minimarket,
D0356,saat,
D0356,saya,
D0356,belanja,
D0356,Alhamdulillah,
D0356,sudah,
D0356,ketemu,
D0356,polisi,
D0356,bergerak,
D0356,cepat,
D0356,terutama,
D0356,Polsek,
D0356,Rungkut,
D0356,dan,
D0356,Polrestabes,
D0356,Surabaya,
D0356,tutupnya,
D0357,Pria,
D0357,bernama,
D0357,Yebi,
D0357,Saputra,
D0357,29,
D0357,di,
D0357,Ogan,
D0357,Ilir,
D0357,Sumatera,
D0357,Selatan,
D0357,Sumsel,
D0357,membacok,
D0357,temannya,
D0357,Robby,
D0357,Ardiansyah,
D0357,28,
D0357,lukaluka,
D0357,Hal,
D0357,itu,
D0357,dilakukan,
D0357,pelaku,
D0357,diduga,
D0357,karena,
D0357,kesal,
D0357,korban,
D0357,menagih,
D0357,utang,
D0357,saat,
D0357,dirinya,
D0357,tak,
D0357,ada,
D0357,uang,
D0357,Melansir,
D0357,detikSumbagsel,
D0357,peristiwa,
D0357,tersebut,
D0357,tepatnya,
D0357,terjadi,
D0357,di,
D0357,Jalan,
D0357,Pejuang,
D0357,45,
D0357,Desa,
D0357,Belanti,
D0357,Kecamatan,
D0357,Tanjung,
D0357,Raja,
D0357,Kabupaten,
D0357,Ogan,
D0357,Ilir,
D0357,Sabtu,
D0357,28122024,
D0357,Kemudian,
D0357,pelaku,
D0357,ditangkap,
D0357,pada,
D0357,Selasa,
D0357,1412025,
D0357,Kapolsek,
D0357,Tanjung,
D0357,Raja,
D0357,AKP,
D0357,Zahirin,
D0357,membenarkan,
D0357,kejadian,
D0357,tersebut,
D0357,Dia,
D0357,mengatakan,
D0357,pelaku,
D0357,pembacokan,
D0357,tersebut,
D0357,sudah,
D0357,ditangkap,
D0357,SCROLL,
D0357,TO,
D0357,CONTINUE,
D0357,WITH,
D0357,CONTENT,
D0357,Ya,
D0357,benar,
D0357,kejadian,
D0357,tersebut,
D0357,Pelaku,
D0357,pembacokan,
D0357,atas,
D0357,nama,
D0357,Robby,
D0357,Ardiyansyah,
D0357,sudah,
D0357,berhasil,
D0357,kita,
D0357,tangkap,
D0357,pada,
D0357,Selasa,
D0357,141,
D0357,sekitar,
D0357,pukul,
D0357,2020,
D0357,WIB,
D0357,di,
D0357,Sungai,
D0357,Pinang,
D0357,Ogan,
D0357,Ilir,
D0357,kata,
D0357,Zahirin,
D0357,Kamis,
D0357,161,
D0357,Zahirin,
D0357,menjelaskan,
D0357,kronologi,
D0357,penganiayaan,
D0357,berawal,
D0357,saat,
D0357,korban,
D0357,menagih,
D0357,utang,
D0357,kepada,
D0357,tersangka,
D0357,Tapi,
D0357,tersangka,
D0357,menyatakan,
D0357,belum,
D0357,sanggup,
D0357,membayar,
D0357,utang,
D0357,kepada,
D0357,korban,
D0357,karena,
D0357,sedang,
D0357,tidak,
D0357,ada,
D0357,uang,
D0357,Tersangka,
D0357,emosi,
D0357,ditagih,
D0357,utang,
D0357,saat,
D0357,tidak,
D0357,ada,
D0357,uang,
D0357,Kemudian,
D0357,membacok,
D0357,korban,
D0357,hingga,
D0357,korban,
D0357,mengalami,
D0357,luka,
D0357,bacok,
D0357,di,
D0357,bagian,
D0357,kaki,
D0357,paha,
D0357,dan,
D0357,lengan,
D0357,ungkapnya,
D0357,Zahirin,
D0357,mengatakan,
D0357,tersangka,
D0357,dan,
D0357,barang,
D0357,bukti,
D0357,dua,
D0357,bilah,
D0357,sajam,
D0357,dibawa,
D0357,ke,
D0357,Mapolsek,
D0357,Tanjung,
D0357,Raja,
D0357,untuk,
D0357,ditindaklanjuti,
D0357,Ya,
D0357,tersangka,
D0357,sudah,
D0357,ditahan,
D0357,di,
D0357,sel,
D0357,tahanan,
D0357,Polsek,
D0357,Tanjung,
D0357,Raja,
D0357,ada,
D0357,satu,
D0357,lagi,
D0357,pelaku,
D0357,yang,
D0357,ikut,
D0357,melakukan,
D0357,pengeroyokan,
D0357,terhadap,
D0357,korban,
D0357,masih,
D0357,kita,
D0357,buru,
D0357,tutupnya,
D0358,Perampokan,
D0358,bersenjata,
D0358,api,
D0358,senpi,
D0358,terjadi,
D0358,di,
D0358,sebuah,
D0358,ATM,
D0358,mini,
D0358,atau,
D0358,agen,
D0358,bank,
D0358,di,
D0358,Dharmasraya,
D0358,Sumatera,
D0358,Barat,
D0358,Sumbar,
D0358,Dalam,
D0358,aksinya,
D0358,para,
D0358,pelaku,
D0358,menyekap,
D0358,enam,
D0358,orang,
D0358,korban,
D0358,dan,
D0358,salah,
D0358,satu,
D0358,korban,
D0358,mengalami,
D0358,luka,
D0358,tembak,
D0358,Data,
D0358,yang,
D0358,dihimpun,
D0358,detikSumut,
D0358,perampokan,
D0358,ini,
D0358,terjadi,
D0358,di,
D0358,Jorong,
D0358,Sungai,
D0358,Betung,
D0358,Nagari,
D0358,Koto,
D0358,Baru,
D0358,Kecamatan,
D0358,Koto,
D0358,Baru,
D0358,Kabupaten,
D0358,Dharmasraya,
D0358,pada,
D0358,Kamis,
D0358,161,
D0358,malam,
D0358,Kabid,
D0358,Humas,
D0358,Polda,
D0358,Sumbar,
D0358,Kombes,
D0358,Pol,
D0358,Dwi,
D0358,Sulistyawan,
D0358,membenarkan,
D0358,peristiwa,
D0358,tersebut,
D0358,Menurutnya,
D0358,usai,
D0358,menyekap,
D0358,dan,
D0358,melukai,
D0358,salah,
D0358,satu,
D0358,korban,
D0358,pelaku,
D0358,melarikan,
D0358,uang,
D0358,sebesar,
D0358,Rp,
D0358,70,
D0358,juta,
D0358,milik,
D0358,korban,
D0358,SCROLL,
D0358,TO,
D0358,CONTINUE,
D0358,WITH,
D0358,CONTENT,
D0358,Iya,
D0358,benar,
D0358,korban,
D0358,disekap,
D0358,dan,
D0358,satu,
D0358,orang,
D0358,mengalami,
D0358,luka,
D0358,tembak,
D0358,Kerugian,
D0358,korban,
D0358,mencapai,
D0358,Rp,
D0358,70,
D0358,juta,
D0358,kata,
D0358,Kombes,
D0358,Pol,
D0358,Dwi,
D0358,Sulistyawan,
D0358,kepada,
D0358,detikSumut,
D0358,Jumat,
D0358,1712025,
D0358,Dwi,
D0358,belum,
D0358,merinci,
D0358,jumlah,
D0358,pelaku,
D0358,yang,
D0358,terlibat,
D0358,dalam,
D0358,perampokan,
D0358,ini,
D0358,Namun,
D0358,dia,
D0358,memastikan,
D0358,pihak,
D0358,kepolisian,
D0358,sudah,
D0358,memburu,
D0358,para,
D0358,pelaku,
D0358,yang,
D0358,melarikan,
D0358,diri,
D0358,setelah,
D0358,melakukan,
D0358,aksinya,
D0358,Saat,
D0358,ini,
D0358,pelaku,
D0358,sedang,
D0358,dalam,
D0358,pengejaran,
D0358,oleh,
D0358,Polres,
D0358,Dharmasraya,
D0358,tutupnya,
D0359,Seorang,
D0359,siswa,
D0359,SMA,
D0359,di,
D0359,Desa,
D0359,Banjarejo,
D0359,Kecamatan,
D0359,Sukodadi,
D0359,Lamongan,
D0359,berinisial,
D0359,AI,
D0359,16,
D0359,tega,
D0359,membunuh,
D0359,teman,
D0359,sekelasnya,
D0359,VPR,
D0359,16,
D0359,hanya,
D0359,garagara,
D0359,cintanya,
D0359,ditolak,
D0359,Jasad,
D0359,korban,
D0359,ditemukan,
D0359,membusuk,
D0359,di,
D0359,warung,
D0359,kopi,
D0359,kosong,
D0359,desa,
D0359,sebelah,
D0359,Motif,
D0359,pelaku,
D0359,membunuh,
D0359,korban,
D0359,karena,
D0359,korban,
D0359,menolak,
D0359,pernyataan,
D0359,cintanya,
D0359,dan,
D0359,mengaku,
D0359,sudah,
D0359,memiliki,
D0359,pacar,
D0359,Kasus,
D0359,tersebut,
D0359,terungkap,
D0359,saat,
D0359,warga,
D0359,menemukan,
D0359,mayat,
D0359,wanita,
D0359,membusuk,
D0359,di,
D0359,sebuah,
D0359,warung,
D0359,kopi,
D0359,kosong,
D0359,di,
D0359,Perumahan,
D0359,Made,
D0359,Great,
D0359,Residence,
D0359,Desa,
D0359,Made,
D0359,pada,
D0359,Rabu,
D0359,1512025,
D0359,Tetangga,
D0359,korban,
D0359,Trimo,
D0359,60,
D0359,mengenali,
D0359,ciriciri,
D0359,fisik,
D0359,jasad,
D0359,tersebut,
D0359,adalah,
D0359,VPR,
D0359,yang,
D0359,dilaporkan,
D0359,hilang,
D0359,sejak,
D0359,Jumat,
D0359,1012025,
D0359,SCROLL,
D0359,TO,
D0359,CONTINUE,
D0359,WITH,
D0359,CONTENT,
D0359,Benar,
D0359,identitas,
D0359,mayat,
D0359,yang,
D0359,ditemukan,
D0359,di,
D0359,warung,
D0359,kosong,
D0359,di,
D0359,perumahan,
D0359,sudah,
D0359,diketahui,
D0359,ungkap,
D0359,Kapolres,
D0359,Lamongan,
D0359,AKBP,
D0359,Bobby,
D0359,A,
D0359,Condroputra,
D0359,saat,
D0359,konferensi,
D0359,pers,
D0359,dilansir,
D0359,detikJatim,
D0359,Kamis,
D0359,1612025,
D0359,Polisi,
D0359,pun,
D0359,mencocokkan,
D0359,hasil,
D0359,identifikasi,
D0359,dan,
D0359,autopsi,
D0359,jasad,
D0359,tersebut,
D0359,dengan,
D0359,data,
D0359,orang,
D0359,hilang,
D0359,dan,
D0359,diketahui,
D0359,bahwa,
D0359,jasad,
D0359,tersebut,
D0359,memang,
D0359,VPR,
D0359,Penyelidikan,
D0359,intensif,
D0359,dilakukan,
D0359,sejumlah,
D0359,saksi,
D0359,dan,
D0359,rekaman,
D0359,CCTV,
D0359,diperiksa,
D0359,hingga,
D0359,diketahui,
D0359,korban,
D0359,dibunuh,
D0359,dan,
D0359,pelakunya,
D0359,adalah,
D0359,AI,
D0359,teman,
D0359,sekelas,
D0359,korban,
D0359,Kemudian,
D0359,polisi,
D0359,menangkan,
D0359,AI,
D0359,di,
D0359,rumahnya,
D0359,pada,
D0359,Kamis,
D0359,dini,
D0359,hari,
D0359,Berdasarkan,
D0359,hasil,
D0359,interogasi,
D0359,pelaku,
D0359,mengaku,
D0359,nekat,
D0359,membunuh,
D0359,VPR,
D0359,karena,
D0359,sakit,
D0359,hati,
D0359,cintanya,
D0359,ditolak,
D0359,oleh,
D0359,korban,
D0359,Pelaku,
D0359,memukul,
D0359,perut,
D0359,korban,
D0359,membenturkan,
D0359,kepala,
D0359,ke,
D0359,tembok,
D0359,hingga,
D0359,menggunakan,
D0359,kerudung,
D0359,korban,
D0359,untuk,
D0359,mengikat,
D0359,lehernya,
D0359,kata,
D0359,Bobby,
D0359,AI,
D0359,juga,
D0359,mengaku,
D0359,makin,
D0359,emosi,
D0359,saat,
D0359,VPR,
D0359,mengaku,
D0359,sudah,
D0359,memiliki,
D0359,pacar,
D0359,Kekecewaan,
D0359,itu,
D0359,membuatnya,
D0359,gelap,
D0359,mata,
D0359,dan,
D0359,menganiaya,
D0359,korban,
D0359,hingga,
D0359,tewas,
D0359,Tragisnya,
D0359,AI,
D0359,juga,
D0359,sempat,
D0359,memberi,
D0359,tahu,
D0359,temantemannya,
D0359,bahwa,
D0359,ia,
D0359,akan,
D0359,melakukan,
D0359,tindakan,
D0359,keji,
D0359,ini,
D0359,jika,
D0359,cintanya,
D0359,ditolak,
D0359,korban,
D0359,Penganiayaan,
D0359,dilakukan,
D0359,pada,
D0359,10,
D0359,Januari,
D0359,2025,
D0359,sehari,
D0359,sebelum,
D0359,korban,
D0359,dilaporkan,
D0359,hilang,
D0359,tambah,
D0359,Bobby,
D0359,Ia,
D0359,pun,
D0359,kini,
D0359,ditahan,
D0359,atas,
D0359,perbuatannya,
D0359,dan,
D0359,dijerat,
D0359,dijerat,
D0359,Pasal,
D0359,80,
D0359,ayat,
D0359,3,
D0359,UU,
D0359,RI,
D0359,No,
D0359,35,
D0359,Tahun,
D0359,2014,
D0359,tentang,
D0359,Perlindungan,
D0359,Anak,
D0359,serta,
D0359,Pasal,
D0359,340,
D0359,dan,
D0359,338,
D0359,KUHP,
D0359,tentang,
D0359,pembunuhan,
D0359,berencana,
D0359,dengan,
D0359,ancaman,
D0359,hukuman,
D0359,maksimal,
D0359,15,
D0359,tahun,
D0359,penjara,
D0360,Polres,
D0360,Pelabuhan,
D0360,Belawan,
D0360,menangkap,
D0360,begal,
D0360,bersenjata,
D0360,tajam,
D0360,yang,
D0360,menyerang,
D0360,dan,
D0360,merampas,
D0360,sepeda,
D0360,motor,
D0360,serta,
D0360,handphone,
D0360,warga,
D0360,bernama,
D0360,Iwan,
D0360,Lubis,
D0360,40,
D0360,di,
D0360,Kecamatan,
D0360,Medan,
D0360,Belawan,
D0360,Kota,
D0360,Medan,
D0360,Ada,
D0360,dua,
D0360,pelaku,
D0360,yang,
D0360,telah,
D0360,ditangkap,
D0360,Kapolres,
D0360,Pelabuhan,
D0360,Belawan,
D0360,AKBP,
D0360,Janton,
D0360,Silaban,
D0360,memerinci,
D0360,kedua,
D0360,pelaku,
D0360,yakni,
D0360,M,
D0360,Raihan,
D0360,Koto,
D0360,24,
D0360,dan,
D0360,M,
D0360,Wahyu,
D0360,20,
D0360,Keduanya,
D0360,ditangkap,
D0360,pada,
D0360,Selasa,
D0360,1412025,
D0360,malam,
D0360,Setelah,
D0360,mendapat,
D0360,laporan,
D0360,dari,
D0360,korban,
D0360,kami,
D0360,segera,
D0360,melakukan,
D0360,penyelidikan,
D0360,dengan,
D0360,memeriksa,
D0360,saksisaksi,
D0360,dan,
D0360,mencari,
D0360,petunjuk,
D0360,di,
D0360,lokasi,
D0360,kejadian,
D0360,kata,
D0360,Janton,
D0360,Rabu,
D0360,151,
D0360,SCROLL,
D0360,TO,
D0360,CONTINUE,
D0360,WITH,
D0360,CONTENT,
D0360,Janton,
D0360,menyebut,
D0360,pihaknya,
D0360,lebih,
D0360,dulu,
D0360,menangkap,
D0360,pelaku,
D0360,Raihan,
D0360,di,
D0360,Pasar,
D0360,5,
D0360,Kecamatan,
D0360,Medan,
D0360,Marelan,
D0360,Lalu,
D0360,petugas,
D0360,kepolisian,
D0360,melakukan,
D0360,pengembangan,
D0360,dan,
D0360,menangkap,
D0360,pelaku,
D0360,Wahyu,
D0360,di,
D0360,Danau,
D0360,Siombak,
D0360,Kecamatan,
D0360,Medan,
D0360,Marelan,
D0360,Selain,
D0360,menangkap,
D0360,pelaku,
D0360,petugas,
D0360,kepolisian,
D0360,juga,
D0360,mengamankan,
D0360,sepeda,
D0360,motor,
D0360,korban,
D0360,di,
D0360,rumah,
D0360,pelaku,
D0360,Wahyu,
D0360,Janton,
D0360,menyebut,
D0360,masih,
D0360,ada,
D0360,pelaku,
D0360,lain,
D0360,yang,
D0360,tengah,
D0360,dicari,
D0360,oleh,
D0360,pihaknya,
D0360,Selanjutnya,
D0360,tim,
D0360,membawa,
D0360,para,
D0360,pelaku,
D0360,dan,
D0360,barang,
D0360,bukti,
D0360,ke,
D0360,Polres,
D0360,Pelabuhan,
D0360,Belawan,
D0360,jelasnya,
D0360,Berdasarkan,
D0360,hasil,
D0360,pemeriksaan,
D0360,kata,
D0360,Janton,
D0360,pelaku,
D0360,Raihan,
D0360,mengakui,
D0360,telah,
D0360,membegal,
D0360,korban,
D0360,bersama,
D0360,pelaku,
D0360,lain,
D0360,yang,
D0360,masih,
D0360,diburu,
D0360,Sementara,
D0360,pelaku,
D0360,Wahyu,
D0360,mengaku,
D0360,menerima,
D0360,sepeda,
D0360,motor,
D0360,korban,
D0360,tersebut,
D0360,dari,
D0360,para,
D0360,pelaku,
D0360,dan,
D0360,membantu,
D0360,untuk,
D0360,menjualnya,
D0360,Pelaku,
D0360,Wahyu,
D0360,mengakui,
D0360,menerima,
D0360,sepeda,
D0360,motor,
D0360,hasil,
D0360,curian,
D0360,dari,
D0360,pelaku,
D0360,Raihan,
D0360,di,
D0360,rumah,
D0360,kediamannya,
D0360,dan,
D0360,ingin,
D0360,membantu,
D0360,menjual,
D0360,sepeda,
D0360,motor,
D0360,hasil,
D0360,curian,
D0360,tersebut,
D0360,pungkasnya,
D0360,Sebelumnya,
D0360,diberitakan,
D0360,Iwan,
D0360,Lubis,
D0360,diserang,
D0360,dan,
D0360,dibacok,
D0360,kawanan,
D0360,begal,
D0360,bersenjata,
D0360,tajam,
D0360,hingga,
D0360,mengalami,
D0360,lukaluka,
D0360,Selain,
D0360,itu,
D0360,motor,
D0360,dan,
D0360,handphone,
D0360,korban,
D0360,juga,
D0360,dibawa,
D0360,kabur,
D0360,pelaku,
D0360,Janton,
D0360,Silaban,
D0360,mengatakan,
D0360,peristiwa,
D0360,itu,
D0360,terjadi,
D0360,depan,
D0360,Pelabuhan,
D0360,Bandar,
D0360,Deli,
D0360,Jalan,
D0360,Stasiun,
D0360,Kecamatan,
D0360,Medan,
D0360,Belawan,
D0360,sekira,
D0360,pukul,
D0360,0100,
D0360,WIB,
D0360,tadi,
D0360,Saat,
D0360,kejadian,
D0360,korban,
D0360,hendak,
D0360,pulang,
D0360,ke,
D0360,rumah,
D0360,dari,
D0360,Sicanang,
D0360,Korban,
D0360,hendak,
D0360,pulang,
D0360,dari,
D0360,Pulau,
D0360,Sicanang,
D0360,menuju,
D0360,ke,
D0360,rumah,
D0360,korban,
D0360,menggunakan,
D0360,sepeda,
D0360,motor,
D0360,Honda,
D0360,Vario,
D0360,kata,
D0360,Janton,
D0360,Senin,
D0360,131,
D0360,Lalu,
D0360,setibanya,
D0360,di,
D0360,lokasi,
D0360,kejadian,
D0360,korban,
D0360,tibatiba,
D0360,diadang,
D0360,sejumlah,
D0360,orang,
D0360,yang,
D0360,membawa,
D0360,senjata,
D0360,tajam,
D0360,dan,
D0360,langsung,
D0360,membacoknya,
D0360,Akibat,
D0360,kejadian,
D0360,tersebut,
D0360,korban,
D0360,mengalami,
D0360,luka,
D0360,di,
D0360,bacok,
D0360,di,
D0360,telinga,
D0360,leher,
D0360,dan,
D0360,pergelangan,
D0360,tangan,
D0360,Selain,
D0360,membacok,
D0360,korban,
D0360,para,
D0360,pelaku,
D0360,juga,
D0360,mengambil,
D0360,sepeda,
D0360,motor,
D0360,handphone,
D0360,dan,
D0360,uang,
D0360,korban,
D0360,sebanyak,
D0360,Rp,
D0360,5,
D0360,juta,
D0361,Penemuan,
D0361,mayat,
D0361,wanita,
D0361,tewas,
D0361,di,
D0361,dalam,
D0361,rumah,
D0361,dan,
D0361,seorang,
D0361,bocah,
D0361,berusia,
D0361,5,
D0361,tahun,
D0361,dalam,
D0361,kondisi,
D0361,lemas,
D0361,terkunci,
D0361,di,
D0361,kamar,
D0361,bikin,
D0361,warga,
D0361,Kecamatan,
D0361,Mandau,
D0361,Kabupaten,
D0361,Bengkalis,
D0361,Riau,
D0361,Terungkap,
D0361,korban,
D0361,dibunuh,
D0361,pasangan,
D0361,suami,
D0361,istri,
D0361,pasutri,
D0361,karena,
D0361,perkara,
D0361,utang,
D0361,piutang,
D0361,Korban,
D0361,berinisial,
D0361,SU,
D0361,51,
D0361,tewas,
D0361,dan,
D0361,putranya,
D0361,masih,
D0361,masih,
D0361,berusia,
D0361,5,
D0361,tahun,
D0361,ditemukan,
D0361,lemas,
D0361,karena,
D0361,disekap,
D0361,di,
D0361,dalam,
D0361,kamar,
D0361,oleh,
D0361,pelaku,
D0361,Pelaku,
D0361,kini,
D0361,berhasil,
D0361,ditangkap,
D0361,Polda,
D0361,Riau,
D0361,Kabid,
D0361,Humas,
D0361,Polda,
D0361,Riau,
D0361,Kombes,
D0361,Anom,
D0361,Karabianto,
D0361,menyebutkan,
D0361,pelaku,
D0361,yakni,
D0361,Herman,
D0361,30,
D0361,dan,
D0361,istrinya,
D0361,Siti,
D0361,Khodijah,
D0361,29,
D0361,ditangkap,
D0361,di,
D0361,Hotel,
D0361,Whiz,
D0361,Pekanbaru,
D0361,SCROLL,
D0361,TO,
D0361,CONTINUE,
D0361,WITH,
D0361,CONTENT,
D0361,Pelaku,
D0361,pasangan,
D0361,suami,
D0361,istri,
D0361,Ditangkap,
D0361,di,
D0361,salah,
D0361,satu,
D0361,hotel,
D0361,dini,
D0361,hari,
D0361,tadi,
D0361,oleh,
D0361,Jatanras,
D0361,Polda,
D0361,Riau,
D0361,Polres,
D0361,Bengkalis,
D0361,dan,
D0361,Reskrim,
D0361,Polsek,
D0361,Mandau,
D0361,kata,
D0361,Anom,
D0361,di,
D0361,Pekanbaru,
D0361,Selasa,
D0361,1412025,
D0361,Saat,
D0361,diinterogasi,
D0361,polisi,
D0361,Herman,
D0361,mengaku,
D0361,membunuh,
D0361,SU,
D0361,Aksi,
D0361,kejinya,
D0361,itu,
D0361,dilakukan,
D0361,di,
D0361,rumah,
D0361,korban,
D0361,di,
D0361,Jalan,
D0361,Masjid,
D0361,Pematang,
D0361,Pudu,
D0361,Mandau,
D0361,Bengkalis,
D0361,Pelaku,
D0361,mengakui,
D0361,membunuh,
D0361,korban,
D0361,dan,
D0361,mengunci,
D0361,anak,
D0361,angkat,
D0361,korban,
D0361,di,
D0361,dalam,
D0361,kamar,
D0361,Pelaku,
D0361,kemudian,
D0361,mengambil,
D0361,barang,
D0361,berharga,
D0361,milik,
D0361,korban,
D0361,kata,
D0361,Anom,
D0361,Tak,
D0361,cuma,
D0361,membunuh,
D0361,korban,
D0361,pelaku,
D0361,juga,
D0361,mengambil,
D0361,barang,
D0361,berharga,
D0361,korban,
D0361,di,
D0361,antaranya,
D0361,kalung,
D0361,gelang,
D0361,cincin,
D0361,uang,
D0361,tunai,
D0361,hingga,
D0361,ATM,
D0361,milik,
D0361,korban,
D0361,serta,
D0361,HP,
D0361,Polisi,
D0361,juga,
D0361,menangkap,
D0361,motif,
D0361,pasutri,
D0361,tersebut,
D0361,menghabisi,
D0361,nyawa,
D0361,korban,
D0361,SU,
D0361,SU,
D0361,dibunuh,
D0361,usai,
D0361,sempat,
D0361,cekcok,
D0361,perkara,
D0361,utang,
D0361,piutang,
D0361,Awalnya,
D0361,pelaku,
D0361,HE,
D0361,ini,
D0361,datang,
D0361,ke,
D0361,rumah,
D0361,korban,
D0361,bersama,
D0361,dengan,
D0361,istrinya,
D0361,SK,
D0361,Saat,
D0361,itu,
D0361,korban,
D0361,di,
D0361,rumah,
D0361,bersama,
D0361,dengan,
D0361,anak,
D0361,angkatnya,
D0361,yang,
D0361,berusia,
D0361,4,
D0361,tahun,
D0361,kata,
D0361,Prima,
D0361,Selasa,
D0361,1412025,
D0361,Kedatangan,
D0361,pelaku,
D0361,hendak,
D0361,membayar,
D0361,bunga,
D0361,utang,
D0361,mereka,
D0361,pada,
D0361,SU,
D0361,sebenar,
D0361,Rp,
D0361,500000,
D0361,Uang,
D0361,tersebut,
D0361,merupakan,
D0361,bunga,
D0361,dari,
D0361,pinjaman,
D0361,mereka,
D0361,sebesar,
D0361,Rp,
D0361,3000000,
D0361,Namun,
D0361,korban,
D0361,tak,
D0361,mau,
D0361,menerima,
D0361,uang,
D0361,tersebut,
D0361,dan,
D0361,meminta,
D0361,pelaku,
D0361,untuk,
D0361,melunasi,
D0361,pokok,
D0361,utang,
D0361,Rp,
D0361,3000000,
D0361,Saat,
D0361,meminta,
D0361,utang,
D0361,itu,
D0361,menurut,
D0361,pengakuan,
D0361,pelaku,
D0361,sempat,
D0361,terucap,
D0361,katakata,
D0361,yang,
D0361,akhirnya,
D0361,memicu,
D0361,cekcok,
D0361,mulut,
D0361,keduanya,
D0361,Ada,
D0361,kalimat,
D0361,pokoknya,
D0361,harus,
D0361,dibayar,
D0361,sekarang,
D0361,Sehingga,
D0361,membuat,
D0361,pelaku,
D0361,emosi,
D0361,dan,
D0361,mencekik,
D0361,leher,
D0361,korban,
D0361,hingga,
D0361,meninggal,
D0361,dunia,
D0361,kata,
D0361,Prima,
D0361,Usai,
D0361,korban,
D0361,tak,
D0361,sadarkan,
D0361,diri,
D0361,pelaku,
D0361,mengambil,
D0361,barangbarang,
D0361,berharga,
D0361,korban,
D0361,sementara,
D0361,istri,
D0361,pelaku,
D0361,Herman,
D0361,Siti,
D0361,Khodijah,
D0361,yang,
D0361,saat,
D0361,itu,
D0361,juga,
D0361,ada,
D0361,di,
D0361,TKP,
D0361,berperan,
D0361,mengunci,
D0361,kamar,
D0361,anak,
D0361,angkat,
D0361,korban,
D0361,agar,
D0361,anak,
D0361,tersebut,
D0361,tak,
D0361,berteriak,
D0361,dan,
D0361,keluar,
D0361,rumah,
D0361,Untuk,
D0361,motif,
D0361,sementara,
D0361,ini,
D0361,memang,
D0361,utang,
D0361,piutang,
D0361,Korban,
D0361,ini,
D0361,biasa,
D0361,meminjamkan,
D0361,uang,
D0361,ke,
D0361,orang,
D0361,kata,
D0361,Prima,
D0361,Sebelumnya,
D0361,SU,
D0361,ditemukan,
D0361,tewas,
D0361,oleh,
D0361,warga,
D0361,di,
D0361,rumahnya,
D0361,setelah,
D0361,beberapa,
D0361,hari,
D0361,tidak,
D0361,terlihat,
D0361,Saat,
D0361,dicek,
D0361,polisi,
D0361,dan,
D0361,warga,
D0361,melihat,
D0361,korban,
D0361,dalam,
D0361,kondisi,
D0361,tewas,
D0361,di,
D0361,lantai,
D0361,Mirisnya,
D0361,polisi,
D0361,juga,
D0361,menemukan,
D0361,seorang,
D0361,anak,
D0361,lakilaki,
D0361,berusia,
D0361,45,
D0361,tahun,
D0361,dalam,
D0361,kondisi,
D0361,lemas,
D0361,Anak,
D0361,tersebut,
D0361,dikunci,
D0361,di,
D0361,kamar,
D0361,oleh,
D0361,pelaku,
D0361,dan,
D0361,langsung,
D0361,dilarikan,
D0361,ke,
D0361,klinik,
D0361,terdekat,
D0362,Seorang,
D0362,pria,
D0362,berinisial,
D0362,BS,
D0362,27,
D0362,membawa,
D0362,kabur,
D0362,sepeda,
D0362,motor,
D0362,dan,
D0362,uang,
D0362,koperasi,
D0362,bosnya,
D0362,di,
D0362,Kota,
D0362,Pematangsiantar,
D0362,Sumatera,
D0362,Utara,
D0362,Sumut,
D0362,Pelaku,
D0362,mengaku,
D0362,nekat,
D0362,melakukan,
D0362,hal,
D0362,itu,
D0362,karena,
D0362,perlu,
D0362,biaya,
D0362,untuk,
D0362,pengobatan,
D0362,orang,
D0362,tuanya,
D0362,Mau,
D0362,dijualnya,
D0362,motor,
D0362,tersebut,
D0362,dan,
D0362,uang,
D0362,koperasi,
D0362,di,
D0362,lapangan,
D0362,yang,
D0362,dikutip,
D0362,tersangka,
D0362,tidak,
D0362,disetor,
D0362,pada,
D0362,korban,
D0362,dikarenakan,
D0362,tersangka,
D0362,perlu,
D0362,dana,
D0362,untuk,
D0362,biaya,
D0362,perobatan,
D0362,bapaknya,
D0362,di,
D0362,kampung,
D0362,karena,
D0362,sakit,
D0362,kata,
D0362,Kapolsek,
D0362,Siantar,
D0362,Martoba,
D0362,AKP,
D0362,Restuadi,
D0362,Selasa,
D0362,1412025,
D0362,Restuadi,
D0362,mengatakan,
D0362,peristiwa,
D0362,itu,
D0362,berawal,
D0362,saat,
D0362,korban,
D0362,memberikan,
D0362,pelaku,
D0362,motor,
D0362,untuk,
D0362,keperluan,
D0362,pengutipan,
D0362,uang,
D0362,koperasi,
D0362,ke,
D0362,nasabah,
D0362,pada,
D0362,November,
D0362,2024,
D0362,Setelah,
D0362,selesai,
D0362,bekerja,
D0362,setiap,
D0362,harinya,
D0362,motor,
D0362,tersebut,
D0362,harus,
D0362,dikembalikan,
D0362,pelaku,
D0362,dan,
D0362,disimpan,
D0362,di,
D0362,mess,
D0362,yang,
D0362,terletak,
D0362,di,
D0362,Jalan,
D0362,Sibatubatu,
D0362,Kecamatan,
D0362,Siantar,
D0362,Sitalasari,
D0362,Kota,
D0362,Pematangsiantar,
D0362,SCROLL,
D0362,TO,
D0362,CONTINUE,
D0362,WITH,
D0362,CONTENT,
D0362,Lalu,
D0362,pada,
D0362,Selasa,
D0362,71,
D0362,pagi,
D0362,pelaku,
D0362,kembali,
D0362,mengambil,
D0362,sepeda,
D0362,motor,
D0362,itu,
D0362,seperti,
D0362,biasanya,
D0362,dan,
D0362,pergi,
D0362,mengutip,
D0362,uang,
D0362,koperasi,
D0362,Pada,
D0362,sore,
D0362,harinya,
D0362,pelaku,
D0362,kembali,
D0362,ke,
D0362,mess,
D0362,dan,
D0362,meletakkan,
D0362,bukti,
D0362,pengutipan,
D0362,nasabah,
D0362,Namun,
D0362,sepeda,
D0362,motor,
D0362,dan,
D0362,uang,
D0362,hasil,
D0362,pengutipan,
D0362,itu,
D0362,dibawa,
D0362,kabur,
D0362,pelaku,
D0362,Tetapi,
D0362,sepeda,
D0362,motor,
D0362,tersebut,
D0362,dibawa,
D0362,pelaku,
D0362,BS,
D0362,ke,
D0362,rumah,
D0362,orang,
D0362,tuanya,
D0362,di,
D0362,Palipi,
D0362,Kabupaten,
D0362,Samosir,
D0362,sebutnya,
D0362,Setelah,
D0362,dua,
D0362,hari,
D0362,korban,
D0362,pun,
D0362,mencoba,
D0362,menghubungi,
D0362,pelaku,
D0362,dan,
D0362,meminta,
D0362,agar,
D0362,sepeda,
D0362,motor,
D0362,tersebut,
D0362,dikembalikan,
D0362,tetapi,
D0362,pelaku,
D0362,tidak,
D0362,mengembalikannya,
D0362,Alhasil,
D0362,korban,
D0362,membuat,
D0362,laporkan,
D0362,ke,
D0362,Polsek,
D0362,Siantar,
D0362,Martoba,
D0362,pada,
D0362,Jumat,
D0362,101,
D0362,Usai,
D0362,menerima,
D0362,laporan,
D0362,itu,
D0362,pihak,
D0362,kepolisian,
D0362,menyelidiki,
D0362,kasus,
D0362,tersebut,
D0362,dan,
D0362,menangkap,
D0362,pelaku,
D0362,di,
D0362,rumah,
D0362,orang,
D0362,tuanya,
D0362,di,
D0362,Kecamatan,
D0362,Palipi,
D0362,Kabupaten,
D0362,Samosir,
D0362,Sabtu,
D0362,111,
D0362,Selain,
D0362,menangkap,
D0362,pelaku,
D0362,petugas,
D0362,kepolisian,
D0362,juga,
D0362,mengamankan,
D0362,sepeda,
D0362,motor,
D0362,korban,
D0362,yang,
D0362,dibawa,
D0362,kabur,
D0362,pelaku,
D0362,Pelaku,
D0362,BS,
D0362,sudah,
D0362,diamankan,
D0362,guna,
D0362,diproses,
D0362,dengan,
D0362,mempersangkakan,
D0362,melakukan,
D0362,tindak,
D0362,pidana,
D0362,penggelapan,
D0362,sebagaimana,
D0362,dimaksud,
D0362,dalam,
D0362,Pasal,
D0362,372,
D0362,KUHPidana,
D0362,pungkasnya,
D0363,Kapolda,
D0363,Bangka,
D0363,Belitung,
D0363,Babel,
D0363,Irjen,
D0363,Hendro,
D0363,Pandowo,
D0363,meminta,
D0363,jajarannya,
D0363,memberantas,
D0363,geng,
D0363,motor,
D0363,Dengan,
D0363,tegas,
D0363,Hendro,
D0363,menyebut,
D0363,tak,
D0363,akan,
D0363,memberikan,
D0363,ruang,
D0363,terhadap,
D0363,genggeng,
D0363,motor,
D0363,yang,
D0363,meresahkan,
D0363,tersebut,
D0363,Jangan,
D0363,kita,
D0363,kasih,
D0363,ruang,
D0363,mereka,
D0363,bergerak,
D0363,di,
D0363,wilayah,
D0363,kita,
D0363,geng,
D0363,motor,
D0363,inilah,
D0363,awal,
D0363,dari,
D0363,munculnya,
D0363,tindak,
D0363,kejahatan,
D0363,Jadi,
D0363,kita,
D0363,harus,
D0363,basmi,
D0363,geng,
D0363,motor,
D0363,di,
D0363,Bangka,
D0363,Belitung,
D0363,tegas,
D0363,Kapolda,
D0363,ketika,
D0363,memimpin,
D0363,Anev,
D0363,Mingguan,
D0363,di,
D0363,Rupattama,
D0363,Mapolda,
D0363,Senin,
D0363,1312025,
D0363,Hendro,
D0363,meminta,
D0363,Jajarannya,
D0363,mengambil,
D0363,langkahlangkah,
D0363,strategis,
D0363,untuk,
D0363,membasmi,
D0363,geng,
D0363,motor,
D0363,di,
D0363,Babel,
D0363,Namun,
D0363,dalam,
D0363,upaya,
D0363,memberantas,
D0363,ini,
D0363,harus,
D0363,dikedepankan,
D0363,upaya,
D0363,tindakan,
D0363,preventif,
D0363,preemtif,
D0363,dan,
D0363,refresif,
D0363,SCROLL,
D0363,TO,
D0363,CONTINUE,
D0363,WITH,
D0363,CONTENT,
D0363,Untuk,
D0363,itu,
D0363,tentunya,
D0363,dikedepannya,
D0363,langkah,
D0363,preventif,
D0363,preemtif,
D0363,dan,
D0363,refresif,
D0363,Deteksi,
D0363,dini,
D0363,untuk,
D0363,memonitor,
D0363,informasiinformasi,
D0363,terkait,
D0363,situasi,
D0363,kamtibmas,
D0363,terjadinya,
D0363,tawuran,
D0363,terjadinya,
D0363,balap,
D0363,liar,
D0363,dan,
D0363,itu,
D0363,segera,
D0363,dimonitor,
D0363,diatasi,
D0363,serta,
D0363,direspon,
D0363,ujarnya,
D0363,Demikian,
D0363,juga,
D0363,soal,
D0363,langkah,
D0363,preemtif,
D0363,yang,
D0363,dilakukan,
D0363,oleh,
D0363,anggota,
D0363,intelijen,
D0363,ataupun,
D0363,binmas,
D0363,di,
D0363,lakukan,
D0363,langkah,
D0363,preventif,
D0363,yaitu,
D0363,pencegahan,
D0363,dengan,
D0363,melaksanakan,
D0363,menempatkan,
D0363,anggota,
D0363,di,
D0363,daerah,
D0363,rawan,
D0363,tawuran,
D0363,rawan,
D0363,macet,
D0363,rawan,
D0363,kriminalitas,
D0363,dan,
D0363,melaksanakan,
D0363,patroli,
D0363,sambungnya,
D0363,Nantinya,
D0363,kata,
D0363,Hendro,
D0363,konsep,
D0363,langkahlangkah,
D0363,yang,
D0363,akan,
D0363,dilakukan,
D0363,tersebut,
D0363,harus,
D0363,terintegrasi,
D0363,dengan,
D0363,instansiinstansi,
D0363,terkait,
D0363,seperti,
D0363,DPRD,
D0363,TNI,
D0363,tokoh,
D0363,masyarakat,
D0363,serta,
D0363,stakeholder,
D0363,lainnya,
D0363,Kapolda,
D0363,menceritakan,
D0363,pengalamannya,
D0363,dalam,
D0363,memberantas,
D0363,geng,
D0363,motor,
D0363,pada,
D0363,saat,
D0363,menjabat,
D0363,sebagai,
D0363,Kapolrestabes,
D0363,Bandung,
D0363,Menurutnya,
D0363,strategi,
D0363,yang,
D0363,diterapkannya,
D0363,saat,
D0363,itu,
D0363,terbilang,
D0363,berhasil,
D0363,hingga,
D0363,menjadikan,
D0363,zero,
D0363,geng,
D0363,motor,
D0363,Konsepkonsep,
D0363,yang,
D0363,saya,
D0363,sampaikan,
D0363,ini,
D0363,sudah,
D0363,saya,
D0363,lakukan,
D0363,beberapa,
D0363,tahun,
D0363,lalu,
D0363,di,
D0363,Soreang,
D0363,Bandung,
D0363,dan,
D0363,ini,
D0363,berhasil,
D0363,sehingga,
D0363,tidak,
D0363,ada,
D0363,lagi,
D0363,ada,
D0363,geng,
D0363,motor,
D0363,ucapnya,
D0363,kepada,
D0363,para,
D0363,Kapolres,
D0363,Satu,
D0363,di,
D0363,antara,
D0363,strateginya,
D0363,ialah,
D0363,turun,
D0363,melakukan,
D0363,pendekatan,
D0363,terhadap,
D0363,masyarakat,
D0363,memberikan,
D0363,sosialisasi,
D0363,bahaya,
D0363,geng,
D0363,motor,
D0363,Hendri,
D0363,kemudian,
D0363,mengatensi,
D0363,jajarannya,
D0363,turun,
D0363,ke,
D0363,masyarakat,
D0363,hingga,
D0363,sekolahsekolah,
D0363,di,
D0363,Babel,
D0363,Segera,
D0363,menggelar,
D0363,deklarasi,
D0363,serta,
D0363,kesepakatan,
D0363,bersama,
D0363,untuk,
D0363,penindakan,
D0363,dan,
D0363,penolakan,
D0363,terhadap,
D0363,semua,
D0363,aktivitas,
D0363,geng,
D0363,motor,
D0363,tegasnya,
D0363,kembali,
D0363,Sebelumnya,
D0363,25,
D0363,remaja,
D0363,bersenjata,
D0363,tajam,
D0363,sempat,
D0363,diamankan,
D0363,polisi,
D0363,saat,
D0363,hendak,
D0363,melakukan,
D0363,aksi,
D0363,tawuran,
D0363,antar,
D0363,geng,
D0363,motor,
D0363,di,
D0363,Pangkalpinang,
D0363,Satu,
D0363,dari,
D0363,24,
D0363,anggota,
D0363,ini,
D0363,ditetapkan,
D0363,sebagai,
D0363,tersangka,
D0363,kepemilikan,
D0363,senjata,
D0363,tajam,
D0363,Statusnya,
D0363,masih,
D0363,pelajar,
D0363,SMA,
D0363,di,
D0363,Pangkalpinang,
D0363,Aksi,
D0363,tawuran,
D0363,sajam,
D0363,berhasil,
D0363,digagalkan,
D0363,setelah,
D0363,terdeteksi,
D0363,lebih,
D0363,awal,
D0363,oleh,
D0363,Satintelkam,
D0363,Polresta,
D0363,Pangkalpinang,
D0363,Kemudian,
D0363,bersama,
D0363,Satreskrim,
D0363,dan,
D0363,Shabara,
D0363,mereka,
D0363,berhasil,
D0363,diamankan,
D0363,pada,
D0363,Sabtu,
D0363,111,
D0363,dini,
D0363,hari,
D0363,Saya,
D0363,mengapresiasi,
D0363,jajaran,
D0363,Polresta,
D0363,Pangkalpinang,
D0363,yang,
D0363,bisa,
D0363,mendeteksi,
D0363,mencegah,
D0363,terjadinya,
D0363,tawuran,
D0363,yang,
D0363,melibatkan,
D0363,geng,
D0363,motor,
D0363,Polrespolres,
D0363,lain,
D0363,segera,
D0363,untuk,
D0363,mengikutinya,
D0363,katanya,
D0363,kepada,
D0363,detikSumbagsel,
D0363,Tentunya,
D0363,bukan,
D0363,kita,
D0363,mengungkap,
D0363,kejahatan,
D0363,merupakan,
D0363,suatu,
D0363,kebanggaan,
D0363,atau,
D0363,prestasi,
D0363,bagi,
D0363,kita,
D0363,Namun,
D0363,pencegahan,
D0363,terhadap,
D0363,suatu,
D0363,kejahatan,
D0363,adalah,
D0363,suatu,
D0363,bentuk,
D0363,prestasi,
D0363,yang,
D0363,sesungguhnya,
D0363,kebanggaan,
D0363,sesungguhnya,
D0363,kehormatan,
D0363,bagi,
D0363,anggota,
D0363,tambahnya,
D0364,Seorang,
D0364,pria,
D0364,bernama,
D0364,Iwan,
D0364,Lubis,
D0364,40,
D0364,diserang,
D0364,dan,
D0364,dibacok,
D0364,kawanan,
D0364,begal,
D0364,bersenjata,
D0364,tajam,
D0364,di,
D0364,Kecamatan,
D0364,Medan,
D0364,Belawan,
D0364,Kota,
D0364,Medan,
D0364,hingga,
D0364,mengalami,
D0364,lukaluka,
D0364,Selain,
D0364,itu,
D0364,motor,
D0364,dan,
D0364,handphone,
D0364,korban,
D0364,juga,
D0364,dibawa,
D0364,kabur,
D0364,pelaku,
D0364,Kapolres,
D0364,Pelabuhan,
D0364,Belawan,
D0364,AKBP,
D0364,Janton,
D0364,Silaban,
D0364,mengatakan,
D0364,peristiwa,
D0364,itu,
D0364,terjadi,
D0364,depan,
D0364,Pelabuhan,
D0364,Bandar,
D0364,Deli,
D0364,Jalan,
D0364,Stasiun,
D0364,Kecamatan,
D0364,Medan,
D0364,Belawan,
D0364,sekira,
D0364,pukul,
D0364,0100,
D0364,WIB,
D0364,tadi,
D0364,Saat,
D0364,kejadian,
D0364,korban,
D0364,hendak,
D0364,pulang,
D0364,ke,
D0364,rumah,
D0364,dari,
D0364,Sicanang,
D0364,Korban,
D0364,hendak,
D0364,pulang,
D0364,dari,
D0364,Pulau,
D0364,Sicanang,
D0364,menuju,
D0364,ke,
D0364,rumah,
D0364,korban,
D0364,menggunakan,
D0364,sepeda,
D0364,motor,
D0364,Honda,
D0364,Vario,
D0364,kata,
D0364,Janton,
D0364,Senin,
D0364,1312025,
D0364,SCROLL,
D0364,TO,
D0364,CONTINUE,
D0364,WITH,
D0364,CONTENT,
D0364,Lalu,
D0364,setibanya,
D0364,di,
D0364,lokasi,
D0364,kejadian,
D0364,korban,
D0364,tibatiba,
D0364,diadang,
D0364,sejumlah,
D0364,orang,
D0364,yang,
D0364,membawa,
D0364,senjata,
D0364,tajam,
D0364,dan,
D0364,langsung,
D0364,membacoknya,
D0364,Akibat,
D0364,kejadian,
D0364,tersebut,
D0364,korban,
D0364,mengalami,
D0364,luka,
D0364,di,
D0364,bacok,
D0364,di,
D0364,telinga,
D0364,leher,
D0364,dan,
D0364,pergelangan,
D0364,tangan,
D0364,Selain,
D0364,membacok,
D0364,korban,
D0364,para,
D0364,pelaku,
D0364,juga,
D0364,mengambil,
D0364,dompet,
D0364,sepeda,
D0364,motor,
D0364,dan,
D0364,handphone,
D0364,korban,
D0364,Pelaku,
D0364,juga,
D0364,mengambil,
D0364,sepeda,
D0364,motor,
D0364,dompet,
D0364,dan,
D0364,hp,
D0364,milik,
D0364,korban,
D0364,sebutnya,
D0364,Setelah,
D0364,membacok,
D0364,korban,
D0364,para,
D0364,pelaku,
D0364,pergi,
D0364,melarikan,
D0364,diri,
D0364,Selang,
D0364,beberapa,
D0364,waktu,
D0364,warga,
D0364,melihat,
D0364,korban,
D0364,tergeletak,
D0364,di,
D0364,pinggir,
D0364,jalan,
D0364,dan,
D0364,langsung,
D0364,membawanya,
D0364,ke,
D0364,RS,
D0364,PHC,
D0364,Belawan,
D0364,untuk,
D0364,mendapatkan,
D0364,pengobatan,
D0364,Belakangan,
D0364,korban,
D0364,dirujuk,
D0364,ke,
D0364,RS,
D0364,Pirngadi,
D0364,Medan,
D0364,Pihak,
D0364,kepolisian,
D0364,yang,
D0364,menerima,
D0364,laporan,
D0364,itu,
D0364,lalu,
D0364,lalu,
D0364,menuju,
D0364,lokasi,
D0364,dan,
D0364,menyarankan,
D0364,keluarga,
D0364,korban,
D0364,untuk,
D0364,membuat,
D0364,laporan,
D0364,Janton,
D0364,mengatakan,
D0364,pihaknya,
D0364,masih,
D0364,menyelidiki,
D0364,pelaku,
D0364,begal,
D0364,tersebut,
D0364,Perwira,
D0364,menengah,
D0364,Polri,
D0364,itu,
D0364,menyebut,
D0364,korban,
D0364,saat,
D0364,ini,
D0364,masih,
D0364,menjalani,
D0364,perawatan,
D0364,dan,
D0364,belum,
D0364,dimintai,
D0364,keterangan,
D0364,lebih,
D0364,lanjut,
D0364,Belum,
D0364,tahu,
D0364,masih,
D0364,diselidiki,
D0364,dan,
D0364,korban,
D0364,masih,
D0364,sakit,
D0364,belum,
D0364,bisa,
D0364,diambil,
D0364,keterangan,
D0364,pungkasnya,
D0365,Para,
D0365,pengendara,
D0365,yang,
D0365,kerap,
D0365,melintas,
D0365,di,
D0365,tol,
D0365,Belawan,
D0365,khususnya,
D0365,sopir,
D0365,truk,
D0365,harap,
D0365,berhatihati,
D0365,dengan,
D0365,orang,
D0365,tak,
D0365,dikenal,
D0365,OTK,
D0365,yang,
D0365,ingin,
D0365,menumpang,
D0365,Bisa,
D0365,jadi,
D0365,hal,
D0365,itu,
D0365,modus,
D0365,untuk,
D0365,merampok,
D0365,Aksi,
D0365,kejahatan,
D0365,dengan,
D0365,modus,
D0365,seperti,
D0365,itu,
D0365,menimpa,
D0365,seorang,
D0365,sopir,
D0365,truk,
D0365,di,
D0365,jalan,
D0365,tol,
D0365,Kecamatan,
D0365,Medan,
D0365,Belawan,
D0365,Kota,
D0365,Medan,
D0365,pada,
D0365,Sabtu,
D0365,1112025,
D0365,Sopir,
D0365,tersebut,
D0365,menjadi,
D0365,korban,
D0365,penodongan,
D0365,pisau,
D0365,dan,
D0365,perampokan,
D0365,oleh,
D0365,dua,
D0365,pria,
D0365,yang,
D0365,awalnya,
D0365,menumpangi,
D0365,truknya,
D0365,Bermulan,
D0365,ketika,
D0365,para,
D0365,pelaku,
D0365,tanpa,
D0365,permisi,
D0365,naik,
D0365,ke,
D0365,atas,
D0365,truk,
D0365,korban,
D0365,dengan,
D0365,modus,
D0365,hanya,
D0365,ingin,
D0365,menumpang,
D0365,Korban,
D0365,pun,
D0365,sudah,
D0365,sempat,
D0365,mengusir,
D0365,kedua,
D0365,pelaku,
D0365,SCROLL,
D0365,TO,
D0365,CONTINUE,
D0365,WITH,
D0365,CONTENT,
D0365,Korban,
D0365,sempat,
D0365,menyuruh,
D0365,mereka,
D0365,pelaku,
D0365,turun,
D0365,Namun,
D0365,pelaku,
D0365,beralasan,
D0365,ingin,
D0365,menumpang,
D0365,kata,
D0365,Kasat,
D0365,Reskrim,
D0365,Polres,
D0365,Pelabuhan,
D0365,Belawan,
D0365,AKP,
D0365,Riffi,
D0365,Noor,
D0365,Faizal,
D0365,Minggu,
D0365,1212025,
D0365,Setelah,
D0365,keluar,
D0365,dari,
D0365,jalan,
D0365,tol,
D0365,salah,
D0365,satu,
D0365,pelaku,
D0365,justru,
D0365,menodong,
D0365,korban,
D0365,menggunakan,
D0365,pisau,
D0365,serta,
D0365,mengambil,
D0365,handphone,
D0365,dan,
D0365,uang,
D0365,korban,
D0365,Sementara,
D0365,satu,
D0365,pelaku,
D0365,lainnya,
D0365,mengambil,
D0365,dongkrak,
D0365,truk,
D0365,korban,
D0365,Usai,
D0365,menjalankan,
D0365,aksinya,
D0365,para,
D0365,pelaku,
D0365,meminta,
D0365,korban,
D0365,untuk,
D0365,menghentikan,
D0365,laju,
D0365,mobilnya,
D0365,dan,
D0365,langsung,
D0365,pergi,
D0365,melarikan,
D0365,diri,
D0365,Atas,
D0365,kejadian,
D0365,tersebut,
D0365,korban,
D0365,membuat,
D0365,laporan,
D0365,ke,
D0365,Polres,
D0365,Pelabuhan,
D0365,Belawan,
D0365,Pihak,
D0365,kepolisian,
D0365,yang,
D0365,menerima,
D0365,laporan,
D0365,itu,
D0365,lalu,
D0365,menyelidiki,
D0365,kasus,
D0365,tersebut,
D0365,Salah,
D0365,satu,
D0365,pelaku,
D0365,bernama,
D0365,Syafrizal,
D0365,alias,
D0365,Robot,
D0365,35,
D0365,langsung,
D0365,diamankan,
D0365,pada,
D0365,hari,
D0365,yang,
D0365,sama,
D0365,Satreskrim,
D0365,Polres,
D0365,Pelabuhan,
D0365,Belawan,
D0365,berhasil,
D0365,meringkus,
D0365,satu,
D0365,pelaku,
D0365,perampokan,
D0365,terhadap,
D0365,sopir,
D0365,truk,
D0365,di,
D0365,Jalan,
D0365,tol,
D0365,Belawan,
D0365,Pelaku,
D0365,yang,
D0365,ditangkap,
D0365,adalah,
D0365,Syafrizal,
D0365,alias,
D0365,Robot,
D0365,warga,
D0365,Kelurahan,
D0365,Pekan,
D0365,Labuhan,
D0365,ujarnya,
D0365,Dari,
D0365,hasil,
D0365,interogasi,
D0365,awal,
D0365,Syafrizal,
D0365,mengakui,
D0365,keterlibatannya,
D0365,dalam,
D0365,perampokan,
D0365,ini,
D0365,Dia,
D0365,juga,
D0365,diketahui,
D0365,terlibat,
D0365,dalam,
D0365,kasus,
D0365,perampokan,
D0365,terhadap,
D0365,pekerja,
D0365,perbaikan,
D0365,jembatan,
D0365,di,
D0365,jalan,
D0365,tol,
D0365,Belawan,
D0365,pada,
D0365,Oktober,
D0365,2024,
D0365,sambungnya,
D0365,Kini,
D0365,pelaku,
D0365,diboyong,
D0365,ke,
D0365,Polres,
D0365,Pelabuhan,
D0365,Belawan,
D0365,untuk,
D0365,proses,
D0365,pemeriksaan,
D0365,lebih,
D0365,lanjut,
D0365,Riffi,
D0365,menyebut,
D0365,pihaknya,
D0365,masih,
D0365,memburu,
D0365,satu,
D0365,pelaku,
D0365,lain,
D0365,Kami,
D0365,masih,
D0365,mengejar,
D0365,pelaku,
D0365,lainnya,
D0365,yang,
D0365,terlibat,
D0365,dalam,
D0365,aksi,
D0365,ini,
D0365,pungkas,
D0365,Riffi,
D0366,Dua,
D0366,remaja,
D0366,menikam,
D0366,dan,
D0366,merampok,
D0366,temannya,
D0366,Rasya,
D0366,Pratama,
D0366,17,
D0366,di,
D0366,Kabupaten,
D0366,Deli,
D0366,Serdang,
D0366,Sumatera,
D0366,Utara,
D0366,Sumut,
D0366,Peristiwa,
D0366,itu,
D0366,diduga,
D0366,dipicu,
D0366,karena,
D0366,pelaku,
D0366,kesal,
D0366,diejek,
D0366,pengangguran,
D0366,Adapun,
D0366,kedua,
D0366,pelaku,
D0366,yakni,
D0366,Gilang,
D0366,Okta,
D0366,18,
D0366,dan,
D0366,FAN,
D0366,17,
D0366,Iya,
D0366,betul,
D0366,gegara,
D0366,diejek,
D0366,pengangguran,
D0366,kata,
D0366,Kapolres,
D0366,Pelabuhan,
D0366,Belawan,
D0366,AKBP,
D0366,Janton,
D0366,Silaban,
D0366,Minggu,
D0366,1212025,
D0366,SCROLL,
D0366,TO,
D0366,CONTINUE,
D0366,WITH,
D0366,CONTENT,
D0366,Janton,
D0366,mengatakan,
D0366,peristiwa,
D0366,itu,
D0366,terjadi,
D0366,di,
D0366,Desa,
D0366,Selemak,
D0366,Kecamatan,
D0366,Hamparan,
D0366,Perak,
D0366,Senin,
D0366,4122024,
D0366,Sementara,
D0366,para,
D0366,pelaku,
D0366,ditangkap,
D0366,di,
D0366,pos,
D0366,sekuriti,
D0366,salah,
D0366,satu,
D0366,perumahan,
D0366,di,
D0366,Jalan,
D0366,Dr,
D0366,Mansyur,
D0366,Kecamatan,
D0366,Medan,
D0366,Selayang,
D0366,Minggu,
D0366,51,
D0366,Petugas,
D0366,kepolisian,
D0366,menangkap,
D0366,pelaku,
D0366,usai,
D0366,berpurapura,
D0366,hendak,
D0366,membeli,
D0366,rumah,
D0366,di,
D0366,komplek,
D0366,tersebut,
D0366,Personel,
D0366,menyamar,
D0366,sebagai,
D0366,pembeli,
D0366,rumah,
D0366,di,
D0366,komplek,
D0366,tersebut,
D0366,dan,
D0366,personel,
D0366,melihat,
D0366,kedua,
D0366,pelaku,
D0366,di,
D0366,pos,
D0366,sekuriti,
D0366,sedang,
D0366,beristirahat,
D0366,sambil,
D0366,memegang,
D0366,hp,
D0366,Kemudian,
D0366,pihak,
D0366,Polsek,
D0366,Hamparan,
D0366,Perak,
D0366,langsung,
D0366,mengamankan,
D0366,pelaku,
D0366,ujarnya,
D0366,Usai,
D0366,ditangkap,
D0366,kedua,
D0366,pelaku,
D0366,diboyong,
D0366,ke,
D0366,Polsek,
D0366,Hamparan,
D0366,Perak,
D0366,untuk,
D0366,proses,
D0366,pemeriksaan,
D0366,lebih,
D0366,lanjut,
D0366,Berdasarkan,
D0366,hasil,
D0366,pemeriksaan,
D0366,kedua,
D0366,pelaku,
D0366,memiliki,
D0366,peran,
D0366,yang,
D0366,berbedabeda,
D0366,Rinciannya,
D0366,pelaku,
D0366,Gilang,
D0366,menikam,
D0366,korban,
D0366,sebanyak,
D0366,empat,
D0366,kali,
D0366,di,
D0366,bagian,
D0366,dada,
D0366,paha,
D0366,dan,
D0366,tulang,
D0366,rusuk,
D0366,Sementara,
D0366,pelaku,
D0366,FAN,
D0366,mencekik,
D0366,leher,
D0366,korban,
D0366,dan,
D0366,menyeretnya,
D0366,ke,
D0366,parit,
D0366,Selain,
D0366,menganiaya,
D0366,korban,
D0366,para,
D0366,pelaku,
D0366,juga,
D0366,mencuri,
D0366,sepeda,
D0366,motor,
D0366,dan,
D0366,handphone,
D0366,korban,
D0366,Hasil,
D0366,interogasi,
D0366,pelaku,
D0366,G,
D0366,mengakui,
D0366,melakukan,
D0366,penikaman,
D0366,terhadap,
D0366,korban,
D0366,sebanyak,
D0366,empat,
D0366,kali,
D0366,dan,
D0366,pelaku,
D0366,F,
D0366,mengakui,
D0366,bahwa,
D0366,telah,
D0366,mencekik,
D0366,leher,
D0366,korban,
D0366,sampai,
D0366,terduduk,
D0366,ke,
D0366,tanah,
D0366,dan,
D0366,diseret,
D0366,ke,
D0366,parit,
D0366,jelasnya,
D0367,Dua,
D0367,pria,
D0367,menodongkan,
D0367,pisau,
D0367,dan,
D0367,merampok,
D0367,sopir,
D0367,truk,
D0367,di,
D0367,jalan,
D0367,tol,
D0367,Kecamatan,
D0367,Medan,
D0367,Belawan,
D0367,Kota,
D0367,Medan,
D0367,Para,
D0367,pelaku,
D0367,melancarkan,
D0367,aksinya,
D0367,dengan,
D0367,modus,
D0367,menumpang,
D0367,di,
D0367,mobil,
D0367,korban,
D0367,Kasat,
D0367,Reskrim,
D0367,Polres,
D0367,Pelabuhan,
D0367,Belawan,
D0367,AKP,
D0367,Riffi,
D0367,Noor,
D0367,Faizal,
D0367,mengatakan,
D0367,peristiwa,
D0367,itu,
D0367,terjadi,
D0367,pada,
D0367,Sabtu,
D0367,1112025,
D0367,Salah,
D0367,satu,
D0367,pelaku,
D0367,bernama,
D0367,Syafrizal,
D0367,alias,
D0367,Robot,
D0367,35,
D0367,langsung,
D0367,diamankan,
D0367,pada,
D0367,hari,
D0367,yang,
D0367,sama,
D0367,Satreskrim,
D0367,Polres,
D0367,Pelabuhan,
D0367,Belawan,
D0367,berhasil,
D0367,meringkus,
D0367,satu,
D0367,pelaku,
D0367,perampokan,
D0367,terhadap,
D0367,sopir,
D0367,truk,
D0367,di,
D0367,Jalan,
D0367,tol,
D0367,Belawan,
D0367,Pelaku,
D0367,yang,
D0367,ditangkap,
D0367,adalah,
D0367,Syafrizal,
D0367,alias,
D0367,Robot,
D0367,warga,
D0367,Kelurahan,
D0367,Pekan,
D0367,Labuhan,
D0367,kata,
D0367,Riffi,
D0367,Minggu,
D0367,121,
D0367,SCROLL,
D0367,TO,
D0367,CONTINUE,
D0367,WITH,
D0367,CONTENT,
D0367,Riffi,
D0367,menyebut,
D0367,korban,
D0367,awalnya,
D0367,tengah,
D0367,melintas,
D0367,di,
D0367,jalan,
D0367,tol,
D0367,tersebut,
D0367,Lalu,
D0367,tibatiba,
D0367,kedua,
D0367,pelaku,
D0367,naik,
D0367,ke,
D0367,dalam,
D0367,truk,
D0367,tersebut,
D0367,Korban,
D0367,sudah,
D0367,sempat,
D0367,mengusir,
D0367,kedua,
D0367,pelaku,
D0367,Namun,
D0367,keduanya,
D0367,berdalih,
D0367,hanya,
D0367,ingin,
D0367,menumpang,
D0367,Korban,
D0367,sempat,
D0367,menyuruh,
D0367,mereka,
D0367,pelaku,
D0367,turun,
D0367,Namun,
D0367,pelaku,
D0367,beralasan,
D0367,ingin,
D0367,menumpang,
D0367,jelasnya,
D0367,Setelah,
D0367,keluar,
D0367,dari,
D0367,jalan,
D0367,tol,
D0367,salah,
D0367,satu,
D0367,pelaku,
D0367,menodong,
D0367,korban,
D0367,menggunakan,
D0367,pisau,
D0367,serta,
D0367,mengambil,
D0367,handphone,
D0367,dan,
D0367,uang,
D0367,korban,
D0367,Sementara,
D0367,satu,
D0367,pelaku,
D0367,lainnya,
D0367,mengambil,
D0367,dongkrak,
D0367,truk,
D0367,korban,
D0367,Usai,
D0367,menjalankan,
D0367,aksinya,
D0367,para,
D0367,pelaku,
D0367,meminta,
D0367,korban,
D0367,menghentikan,
D0367,mobilnya,
D0367,dan,
D0367,langsung,
D0367,pergi,
D0367,melarikan,
D0367,diri,
D0367,Atas,
D0367,kejadian,
D0367,tersebut,
D0367,korban,
D0367,membuat,
D0367,laporan,
D0367,ke,
D0367,Polres,
D0367,Pelabuhan,
D0367,Belawan,
D0367,Pihak,
D0367,kepolisian,
D0367,yang,
D0367,menerima,
D0367,laporan,
D0367,itu,
D0367,lalu,
D0367,menyelidiki,
D0367,kasus,
D0367,tersebut,
D0367,dan,
D0367,menangkap,
D0367,pelaku,
D0367,tak,
D0367,lama,
D0367,setelah,
D0367,kejadian,
D0367,Dari,
D0367,hasil,
D0367,interogasi,
D0367,awal,
D0367,Syafrizal,
D0367,mengakui,
D0367,keterlibatannya,
D0367,dalam,
D0367,perampokan,
D0367,ini,
D0367,Dia,
D0367,juga,
D0367,diketahui,
D0367,terlibat,
D0367,dalam,
D0367,kasus,
D0367,perampokan,
D0367,terhadap,
D0367,pekerja,
D0367,perbaikan,
D0367,jembatan,
D0367,di,
D0367,jalan,
D0367,tol,
D0367,Belawan,
D0367,pada,
D0367,Oktober,
D0367,2024,
D0367,sebutnya,
D0367,Usai,
D0367,ditangkap,
D0367,pelaku,
D0367,diboyong,
D0367,ke,
D0367,Polres,
D0367,Pelabuhan,
D0367,Belawan,
D0367,untuk,
D0367,proses,
D0367,pemeriksaan,
D0367,lebih,
D0367,lanjut,
D0367,Riffi,
D0367,menyebut,
D0367,pihaknya,
D0367,masih,
D0367,memburu,
D0367,satu,
D0367,pelaku,
D0367,lain,
D0367,Kami,
D0367,masih,
D0367,mengejar,
D0367,pelaku,
D0367,lainnya,
D0367,yang,
D0367,terlibat,
D0367,dalam,
D0367,aksi,
D0367,ini,
D0367,pungkas,
D0367,Riffi,
D0368,Sejumlah,
D0368,pemberitaan,
D0368,mengenai,
D0368,kriminalitas,
D0368,di,
D0368,Nusa,
D0368,Tenggara,
D0368,Barat,
D0368,NTB,
D0368,dan,
D0368,Nusa,
D0368,Tenggara,
D0368,Timur,
D0368,NTT,
D0368,selama,
D0368,sepekan,
D0368,terakhir,
D0368,mendapatkan,
D0368,sorotan,
D0368,dari,
D0368,pembaca,
D0368,detikBali,
D0368,Artikel,
D0368,di,
D0368,NTB,
D0368,yang,
D0368,menjadi,
D0368,perhatian,
D0368,adalah,
D0368,perkembangan,
D0368,pria,
D0368,difabel,
D0368,tanpa,
D0368,lengan,
D0368,berinisial,
D0368,IWAS,
D0368,alias,
D0368,Agus,
D0368,yang,
D0368,menangis,
D0368,saat,
D0368,ditahan,
D0368,petugas,
D0368,Pria,
D0368,22,
D0368,tahun,
D0368,itu,
D0368,bahkan,
D0368,mengancam,
D0368,hendak,
D0368,bunuh,
D0368,diri,
D0368,saat,
D0368,akan,
D0368,ditahan,
D0368,Sementara,
D0368,salah,
D0368,satu,
D0368,kasus,
D0368,di,
D0368,NTT,
D0368,yang,
D0368,disoroti,
D0368,adalah,
D0368,guru,
D0368,penyuka,
D0368,sesama,
D0368,jenis,
D0368,alias,
D0368,gay,
D0368,bernama,
D0368,Kung,
D0368,Opa,
D0368,Guru,
D0368,tersebut,
D0368,diduga,
D0368,mencabuli,
D0368,dua,
D0368,siswa,
D0368,pria,
D0368,Berikut,
D0368,ini,
D0368,sejumlah,
D0368,rangkuman,
D0368,peristiwa,
D0368,populer,
D0368,dalam,
D0368,rubrik,
D0368,Kriminal,
D0368,Nusra,
D0368,Sepekan,
D0368,Penyidik,
D0368,Kepolisian,
D0368,Resor,
D0368,Polres,
D0368,Manggarai,
D0368,Barat,
D0368,menahan,
D0368,seorang,
D0368,anggota,
D0368,KPPS,
D0368,Tempat,
D0368,Pemungutan,
D0368,Suara,
D0368,TPS,
D0368,05,
D0368,Desa,
D0368,Siru,
D0368,Kecamatan,
D0368,Lembor,
D0368,Manggarai,
D0368,Barat,
D0368,Nusa,
D0368,Tenggara,
D0368,Timur,
D0368,NTT,
D0368,dalam,
D0368,kasus,
D0368,dugaan,
D0368,tindak,
D0368,pidana,
D0368,pemilu,
D0368,SCROLL,
D0368,TO,
D0368,CONTINUE,
D0368,WITH,
D0368,CONTENT,
D0368,Dugaan,
D0368,tindak,
D0368,pidana,
D0368,pemilu,
D0368,itu,
D0368,terkait,
D0368,pemilih,
D0368,yang,
D0368,sudah,
D0368,meninggal,
D0368,dunia,
D0368,meneken,
D0368,daftar,
D0368,hadir,
D0368,dan,
D0368,menggunakan,
D0368,hak,
D0368,pilihnya,
D0368,di,
D0368,TPS,
D0368,05,
D0368,Desa,
D0368,Siru,
D0368,saat,
D0368,Pemilihan,
D0368,Bupati,
D0368,Pilbup,
D0368,Manggarai,
D0368,Barat,
D0368,pada,
D0368,27,
D0368,November,
D0368,2024,
D0368,Sudah,
D0368,ditahan,
D0368,ungkap,
D0368,Kepala,
D0368,Satuan,
D0368,Reserse,
D0368,Kriminal,
D0368,Kasat,
D0368,Reskrim,
D0368,Polres,
D0368,Manggarai,
D0368,Barat,
D0368,AKP,
D0368,Lufthi,
D0368,Darmawan,
D0368,Aditya,
D0368,Selasa,
D0368,712024,
D0368,Lufthi,
D0368,mengatakan,
D0368,anggota,
D0368,KPPS,
D0368,TPS,
D0368,05,
D0368,Desa,
D0368,Siru,
D0368,berinisial,
D0368,M,
D0368,telah,
D0368,ditetapkan,
D0368,sebagai,
D0368,tersangka,
D0368,tindak,
D0368,pidana,
D0368,pemilu,
D0368,M,
D0368,dijebloskan,
D0368,ke,
D0368,sel,
D0368,tahanan,
D0368,Polres,
D0368,Manggarai,
D0368,Barat,
D0368,sejak,
D0368,Senin,
D0368,612025,
D0368,untuk,
D0368,menjalani,
D0368,proses,
D0368,hukum,
D0368,lebih,
D0368,lanjut,
D0368,Sudah,
D0368,gelar,
D0368,penetapan,
D0368,tersangka,
D0368,ujar,
D0368,Lufthi,
D0368,Kasus,
D0368,ini,
D0368,awalnya,
D0368,dilaporkan,
D0368,ke,
D0368,Bawaslu,
D0368,Manggarai,
D0368,Barat,
D0368,oleh,
D0368,seorang,
D0368,berinisial,
D0368,HB,
D0368,Terlapornya,
D0368,adalah,
D0368,ketua,
D0368,dan,
D0368,anggota,
D0368,KPPS,
D0368,TPS,
D0368,05,
D0368,Desa,
D0368,Siru,
D0368,Laporan,
D0368,tersebut,
D0368,kemudian,
D0368,ditangani,
D0368,Sentra,
D0368,Penegakan,
D0368,Hukum,
D0368,Terpadu,
D0368,Gakkumdu,
D0368,yang,
D0368,terdiri,
D0368,dari,
D0368,Bawaslu,
D0368,polisi,
D0368,dan,
D0368,jaksa,
D0368,Kasus,
D0368,ditangani,
D0368,penyidik,
D0368,Polres,
D0368,Manggarai,
D0368,Barat,
D0368,sebagai,
D0368,salah,
D0368,satu,
D0368,unsur,
D0368,Gakkumdu,
D0368,Proses,
D0368,saat,
D0368,ini,
D0368,sedang,
D0368,dilakukan,
D0368,penyidikan,
D0368,oleh,
D0368,penyidik,
D0368,dan,
D0368,bisa,
D0368,koordinasi,
D0368,dengan,
D0368,penyidik,
D0368,perkembangan,
D0368,hasil,
D0368,penyidikan,
D0368,kata,
D0368,Koordinator,
D0368,Divisi,
D0368,Penanganan,
D0368,Pelanggaran,
D0368,dan,
D0368,Penyelesaian,
D0368,Sengketa,
D0368,P3S,
D0368,Bawaslu,
D0368,Manggarai,
D0368,Barat,
D0368,Frumensius,
D0368,Menti,
D0368,Diketahui,
D0368,Pilbup,
D0368,Manggarai,
D0368,Barat,
D0368,2024,
D0368,diikuti,
D0368,dua,
D0368,pasangan,
D0368,calon,
D0368,paslon,
D0368,Duet,
D0368,Christo,
D0368,Mario,
D0368,Y,
D0368,PrandaRichard,
D0368,Tata,
D0368,Sontani,
D0368,MarioRichard,
D0368,bertarung,
D0368,head,
D0368,to,
D0368,head,
D0368,melawan,
D0368,paslon,
D0368,petahana,
D0368,Edistasius,
D0368,EndiYulianus,
D0368,Weng,
D0368,EdiWeng,
D0368,Hasil,
D0368,rapat,
D0368,pleno,
D0368,rekapitulasi,
D0368,penghitungan,
D0368,suara,
D0368,tingkat,
D0368,KPU,
D0368,Manggarai,
D0368,Barat,
D0368,telah,
D0368,menetapkan,
D0368,EdiWeng,
D0368,sebagai,
D0368,pemenang,
D0368,Pilbup,
D0368,Manggarai,
D0368,Barat,
D0368,dengan,
D0368,selisih,
D0368,2708,
D0368,EdiWeng,
D0368,mendulang,
D0368,73872,
D0368,suara,
D0368,dan,
D0368,MarioRichard,
D0368,mendapat,
D0368,71164,
D0368,suara,
D0368,MarioRichard,
D0368,belum,
D0368,menerima,
D0368,kekalahan,
D0368,tersebut,
D0368,MarioRichard,
D0368,telah,
D0368,menggugat,
D0368,hasil,
D0368,Pilbup,
D0368,Manggarai,
D0368,Barat,
D0368,2024,
D0368,ke,
D0368,Mahkamah,
D0368,Konstitusi,
D0368,MK,
D0368,MarioRichard,
D0368,menilai,
D0368,ada,
D0368,banyak,
D0368,kecurangan,
D0368,selama,
D0368,pelaksanaan,
D0368,Pilbup,
D0368,Manggarai,
D0368,Barat,
D0368,2024,
D0368,Salah,
D0368,satunya,
D0368,pemilih,
D0368,yang,
D0368,sudah,
D0368,meninggal,
D0368,dunia,
D0368,tercatat,
D0368,ikut,
D0368,mencoblos,
D0368,Tim,
D0368,Reserse,
D0368,Mobile,
D0368,Resmob,
D0368,Direktorat,
D0368,Reskrimum,
D0368,Ditreskrimum,
D0368,Polda,
D0368,Nusa,
D0368,Tenggara,
D0368,Timur,
D0368,NTT,
D0368,menangkap,
D0368,seorang,
D0368,guru,
D0368,penyuka,
D0368,sesama,
D0368,jenis,
D0368,bernama,
D0368,Kung,
D0368,Opa,
D0368,di,
D0368,Pelabuhan,
D0368,Bolok,
D0368,Kecamatan,
D0368,Kupang,
D0368,Barat,
D0368,Kabupaten,
D0368,Kupang,
D0368,NTT,
D0368,pada,
D0368,Sabtu,
D0368,412025,
D0368,Pria,
D0368,berusia,
D0368,34,
D0368,tahun,
D0368,itu,
D0368,diduga,
D0368,merupakan,
D0368,pelaku,
D0368,pencabulan,
D0368,terhadap,
D0368,seorang,
D0368,remaja,
D0368,lakilaki,
D0368,berinisial,
D0368,DJP,
D0368,16,
D0368,di,
D0368,Kota,
D0368,Kupang,
D0368,Sudah,
D0368,ditangkap,
D0368,subuh,
D0368,tadi,
D0368,Kami,
D0368,sedang,
D0368,memeriksanya,
D0368,akan,
D0368,kami,
D0368,sampaikan,
D0368,perkembangannya,
D0368,ujar,
D0368,Dirreskrimum,
D0368,Polda,
D0368,NTT,
D0368,Kombes,
D0368,Patar,
D0368,Silalahi,
D0368,Mantan,
D0368,Kapolres,
D0368,Alor,
D0368,itu,
D0368,menjelaskan,
D0368,selain,
D0368,Kung,
D0368,Opa,
D0368,polisi,
D0368,juga,
D0368,mengamankan,
D0368,DJP,
D0368,yang,
D0368,merupakan,
D0368,korban,
D0368,pencabulan,
D0368,dalam,
D0368,kasus,
D0368,tersebut,
D0368,DJP,
D0368,diamankan,
D0368,pada,
D0368,Jumat,
D0368,312024,
D0368,di,
D0368,kediamannya,
D0368,di,
D0368,Kelurahan,
D0368,Kayu,
D0368,Putih,
D0368,Kecamatan,
D0368,Oebobo,
D0368,Kota,
D0368,Kupang,
D0368,untuk,
D0368,dimintai,
D0368,keterangan,
D0368,Dari,
D0368,keterangan,
D0368,DJP,
D0368,baru,
D0368,terungkap,
D0368,keberadaan,
D0368,Kung,
D0368,Opa,
D0368,sedang,
D0368,berlayar,
D0368,dari,
D0368,kampungnya,
D0368,di,
D0368,Kelurahan,
D0368,Amagarapati,
D0368,Kecamatan,
D0368,Larantuka,
D0368,Flores,
D0368,Timur,
D0368,NTT,
D0368,Polisi,
D0368,kemudian,
D0368,menangkap,
D0368,Kung,
D0368,Opa,
D0368,di,
D0368,Pelabuhan,
D0368,Bolok,
D0368,dan,
D0368,langsung,
D0368,membawanya,
D0368,ke,
D0368,Polda,
D0368,NTT,
D0368,Saat,
D0368,digeledah,
D0368,Patar,
D0368,berujar,
D0368,dalam,
D0368,tas,
D0368,milik,
D0368,Kung,
D0368,Opa,
D0368,ditemukan,
D0368,satu,
D0368,botol,
D0368,kecil,
D0368,diduga,
D0368,berisi,
D0368,obat,
D0368,perangsang,
D0368,Ada,
D0368,pula,
D0368,sejumlah,
D0368,kondom,
D0368,satu,
D0368,iPhone,
D0368,13,
D0368,dan,
D0368,satu,
D0368,laptop,
D0368,Acer,
D0368,Pelaku,
D0368,beserta,
D0368,BB,
D0368,barang,
D0368,buktinya,
D0368,sudah,
D0368,kami,
D0368,amankan,
D0368,di,
D0368,Mapolda,
D0368,NTT,
D0368,jelas,
D0368,Patar,
D0368,Partar,
D0368,mengungkapkan,
D0368,ada,
D0368,dua,
D0368,korban,
D0368,yang,
D0368,dilecehkan,
D0368,Kung,
D0368,Opa,
D0368,34,
D0368,Masingmasing,
D0368,berinisial,
D0368,DJP,
D0368,16,
D0368,dan,
D0368,IG,
D0368,16,
D0368,Hasil,
D0368,penyelidikan,
D0368,kami,
D0368,ada,
D0368,dua,
D0368,siswa,
D0368,SMA,
D0368,yang,
D0368,menjadi,
D0368,korban,
D0368,pencabulan,
D0368,oleh,
D0368,pelaku,
D0368,ungkap,
D0368,Patar,
D0368,Patar,
D0368,menjelaskan,
D0368,tidak,
D0368,menutup,
D0368,kemungkinan,
D0368,ada,
D0368,korban,
D0368,lain,
D0368,dalam,
D0368,kasus,
D0368,tersebut,
D0368,Untuk,
D0368,itu,
D0368,Polda,
D0368,NTT,
D0368,membuka,
D0368,help,
D0368,desk,
D0368,atau,
D0368,layanan,
D0368,pangaduan,
D0368,untuk,
D0368,memberikan,
D0368,kesempatan,
D0368,kepada,
D0368,korban,
D0368,lain,
D0368,melapor,
D0368,Korban,
D0368,diminta,
D0368,datang,
D0368,ke,
D0368,Subdit,
D0368,IVRenakta,
D0368,Ditreskrimum,
D0368,Polda,
D0368,NTT,
D0368,untuk,
D0368,membuat,
D0368,laporan,
D0368,polisi,
D0368,Kami,
D0368,sudah,
D0368,buka,
D0368,ruang,
D0368,khusus,
D0368,di,
D0368,Subdit,
D0368,IV,
D0368,Ditreskrimum,
D0368,Polda,
D0368,NTT,
D0368,agar,
D0368,masyarakat,
D0368,dapat,
D0368,melaporkan,
D0368,bila,
D0368,menjadi,
D0368,korban,
D0368,pelecehan,
D0368,jelas,
D0368,Patar,
D0368,Selain,
D0368,di,
D0368,Polda,
D0368,NTT,
D0368,Patar,
D0368,berujar,
D0368,ruang,
D0368,konsultasi,
D0368,dan,
D0368,laporan,
D0368,juga,
D0368,dibuka,
D0368,di,
D0368,Polres,
D0368,jajaran,
D0368,di,
D0368,wilayah,
D0368,NTT,
D0368,Menurutnya,
D0368,Polres,
D0368,jajaran,
D0368,bisa,
D0368,menerima,
D0368,laporan,
D0368,jika,
D0368,ada,
D0368,yang,
D0368,menjadi,
D0368,korban,
D0368,dan,
D0368,diteruskan,
D0368,ke,
D0368,Polda,
D0368,NTT,
D0368,Kami,
D0368,juga,
D0368,sudah,
D0368,menyebarkan,
D0368,nomor,
D0368,khusus,
D0368,agar,
D0368,masyarakat,
D0368,bisa,
D0368,laporkan,
D0368,Bisa,
D0368,datang,
D0368,langsung,
D0368,ke,
D0368,Polda,
D0368,NTT,
D0368,dengan,
D0368,bukti,
D0368,atau,
D0368,melapor,
D0368,ke,
D0368,Polres,
D0368,terdekat,
D0368,maupun,
D0368,melapor,
D0368,melalui,
D0368,nomor,
D0368,handphone,
D0368,yang,
D0368,kami,
D0368,sebarkan,
D0368,beber,
D0368,Patar,
D0368,IWAS,
D0368,tersangka,
D0368,pelecehan,
D0368,seksual,
D0368,terhadap,
D0368,mahasiswi,
D0368,di,
D0368,Mataram,
D0368,Nusa,
D0368,Tenggara,
D0368,Barat,
D0368,NTB,
D0368,resmi,
D0368,ditahan,
D0368,Pria,
D0368,tunadaksa,
D0368,yang,
D0368,tidak,
D0368,memiliki,
D0368,tangan,
D0368,itu,
D0368,ditahan,
D0368,setelah,
D0368,berkas,
D0368,perkaranya,
D0368,dinyatakan,
D0368,lengkap,
D0368,atau,
D0368,P21,
D0368,oleh,
D0368,Kejaksaan,
D0368,Negeri,
D0368,Kejari,
D0368,Mataram,
D0368,IWAS,
D0368,menangis,
D0368,sejadijadinya,
D0368,saat,
D0368,hendak,
D0368,dibawa,
D0368,ke,
D0368,Lapas,
D0368,Kelas,
D0368,IIA,
D0368,Kuripan,
D0368,Lombok,
D0368,Barat,
D0368,Tak,
D0368,hanya,
D0368,itu,
D0368,pria,
D0368,difabel,
D0368,itu,
D0368,juga,
D0368,mengancam,
D0368,untuk,
D0368,bunuh,
D0368,diri,
D0368,Tadi,
D0368,teriakteriak,
D0368,di,
D0368,dalam,
D0368,itu,
D0368,merupakan,
D0368,dampak,
D0368,psikologis,
D0368,IWAS,
D0368,ini,
D0368,membayangkan,
D0368,sejak,
D0368,lahir,
D0368,sampai,
D0368,sekarang,
D0368,bergantung,
D0368,dengan,
D0368,ibunya,
D0368,kata,
D0368,perwakilan,
D0368,kuasa,
D0368,hukum,
D0368,IWAS,
D0368,Kurniadi,
D0368,saat,
D0368,ditemui,
D0368,awak,
D0368,media,
D0368,di,
D0368,Kejaksaan,
D0368,Negeri,
D0368,Kejari,
D0368,Mataram,
D0368,Kamis,
D0368,912024,
D0368,Kajari,
D0368,Mataram,
D0368,Ivan,
D0368,Jaka,
D0368,mengatakan,
D0368,IWAS,
D0368,akan,
D0368,ditahan,
D0368,selama,
D0368,20,
D0368,hari,
D0368,ke,
D0368,depan,
D0368,di,
D0368,Lembaga,
D0368,Pemasyarakatan,
D0368,Lapas,
D0368,Kelas,
D0368,IIA,
D0368,Kuripan,
D0368,Lombok,
D0368,Barat,
D0368,Hari,
D0368,ini,
D0368,kami,
D0368,melakukan,
D0368,tahap,
D0368,dua,
D0368,yaitu,
D0368,penyerahan,
D0368,tersangka,
D0368,dan,
D0368,barang,
D0368,bukti,
D0368,dari,
D0368,Polda,
D0368,NTB,
D0368,kepada,
D0368,Kejaksaan,
D0368,Negeri,
D0368,Mataram,
D0368,atas,
D0368,nama,
D0368,tersangka,
D0368,IWAS,
D0368,kata,
D0368,Ivan,
D0368,seusai,
D0368,menerima,
D0368,pelimpahan,
D0368,berkas,
D0368,dan,
D0368,tersangka,
D0368,IWAS,
D0368,dari,
D0368,Polda,
D0368,NTB,
D0368,di,
D0368,kantornya,
D0368,Kamis,
D0368,912024,
D0368,Ivan,
D0368,menegaskan,
D0368,penahanan,
D0368,terhadap,
D0368,pria,
D0368,berusia,
D0368,22,
D0368,tahun,
D0368,itu,
D0368,memenuhi,
D0368,syarat,
D0368,termasuk,
D0368,aspek,
D0368,objektif,
D0368,dan,
D0368,subjektif,
D0368,Ini,
D0368,sudah,
D0368,memenuhi,
D0368,beberapa,
D0368,aspek,
D0368,Adanya,
D0368,pendapat,
D0368,ahli,
D0368,visum,
D0368,psikologi,
D0368,forensik,
D0368,dan,
D0368,psikologi,
D0368,kriminal,
D0368,Ahliahli,
D0368,tersebut,
D0368,ada,
D0368,yang,
D0368,dari,
D0368,Universitas,
D0368,Mataram,
D0368,Universitas,
D0368,Indonesia,
D0368,bahkan,
D0368,ada,
D0368,yang,
D0368,dari,
D0368,Universitas,
D0368,Gadjah,
D0368,Mada,
D0368,UGM,
D0368,imbuh,
D0368,Ivan,
D0368,Ivan,
D0368,lantas,
D0368,menjelaskan,
D0368,aspek,
D0368,objektif,
D0368,yang,
D0368,dimaksudkan,
D0368,adalah,
D0368,tindak,
D0368,pidana,
D0368,yang,
D0368,dilakukan,
D0368,IWAS,
D0368,memiliki,
D0368,ancaman,
D0368,hukuman,
D0368,di,
D0368,atas,
D0368,lima,
D0368,tahun,
D0368,penjara,
D0368,Sehingga,
D0368,yang,
D0368,bersangkutan,
D0368,harus,
D0368,ditahan,
D0368,Sedangkan,
D0368,syarat,
D0368,subjektif,
D0368,pertimbangan,
D0368,mengingat,
D0368,korban,
D0368,yang,
D0368,dilakukan,
D0368,terdakwa,
D0368,IWAS,
D0368,lebih,
D0368,dari,
D0368,satu,
D0368,dikhawatirkan,
D0368,nanti,
D0368,terdakwa,
D0368,ini,
D0368,bisa,
D0368,mengulangi,
D0368,perbuatannya,
D0368,imbuhnya,
D0368,Ivan,
D0368,menegaskan,
D0368,sudah,
D0368,berkoordinasi,
D0368,dengan,
D0368,Komisi,
D0368,Disabilitas,
D0368,Daerah,
D0368,KDD,
D0368,NTB,
D0368,terkait,
D0368,penahanan,
D0368,pria,
D0368,penyandang,
D0368,disabilitas,
D0368,itu,
D0368,Ia,
D0368,juga,
D0368,telah,
D0368,berkoordinasi,
D0368,dengan,
D0368,pihak,
D0368,Lapas,
D0368,Kelas,
D0368,IIA,
D0368,Kuripan,
D0368,untuk,
D0368,memastikan,
D0368,fasilitas,
D0368,dan,
D0368,sarana,
D0368,prasarana,
D0368,ruang,
D0368,tahanan,
D0368,untuk,
D0368,penyandang,
D0368,disabilitas,
D0368,Lembaga,
D0368,pemasyarakatan,
D0368,pun,
D0368,sudah,
D0368,menyiapkan,
D0368,adanya,
D0368,sarana,
D0368,dan,
D0368,prasarana,
D0368,untuk,
D0368,penyandang,
D0368,disabilitas,
D0368,dan,
D0368,ada,
D0368,juga,
D0368,disediakan,
D0368,pendamping,
D0368,imbuhnya,
D0368,Sebagai,
D0368,informasi,
D0368,kasus,
D0368,dugaan,
D0368,pelecehan,
D0368,seksual,
D0368,ini,
D0368,mencuat,
D0368,setelah,
D0368,salah,
D0368,seorang,
D0368,mahasiswi,
D0368,di,
D0368,Mataram,
D0368,berinisial,
D0368,MA,
D0368,melaporkan,
D0368,IWAS,
D0368,ke,
D0368,Polda,
D0368,NTB,
D0368,Setelah,
D0368,IWAS,
D0368,ditetapkan,
D0368,sebagai,
D0368,tersangka,
D0368,sejumlah,
D0368,korban,
D0368,IWAS,
D0368,lain,
D0368,mulai,
D0368,bersuara,
D0368,Terungkap,
D0368,ada,
D0368,15,
D0368,orang,
D0368,yang,
D0368,diduga,
D0368,menjadi,
D0368,korban,
D0368,pelecehan,
D0368,seksual,
D0368,oleh,
D0368,pria,
D0368,difabel,
D0368,itu,
D0369,Berbagai,
D0369,peristiwa,
D0369,dan,
D0369,kasus,
D0369,kriminal,
D0369,terjadi,
D0369,di,
D0369,wilayah,
D0369,Sumatera,
D0369,Utara,
D0369,Sumut,
D0369,terjadi,
D0369,dalam,
D0369,sepekan,
D0369,terakhir,
D0369,Misalnya,
D0369,soal,
D0369,Pekerja,
D0369,Seks,
D0369,Komersial,
D0369,PSK,
D0369,yang,
D0369,mencuri,
D0369,motor,
D0369,pelanggannya,
D0369,saat,
D0369,tidur,
D0369,hingga,
D0369,karyawan,
D0369,koperasi,
D0369,yang,
D0369,menggelapkan,
D0369,uang,
D0369,nasabahnya,
D0369,sebesar,
D0369,Rp,
D0369,13,
D0369,miliar,
D0369,Berikut,
D0369,detikSumut,
D0369,rangkum,
D0369,sejumlah,
D0369,peristiwa,
D0369,dan,
D0369,kasus,
D0369,kriminal,
D0369,di,
D0369,Sumut,
D0369,sepekan,
D0369,terakhir,
D0369,1,
D0369,PSK,
D0369,Curi,
D0369,Motor,
D0369,Pelanggannya,
D0369,SCROLL,
D0369,TO,
D0369,CONTINUE,
D0369,WITH,
D0369,CONTENT,
D0369,Seorang,
D0369,PSK,
D0369,di,
D0369,Kota,
D0369,Medan,
D0369,Marina,
D0369,Simamora,
D0369,22,
D0369,mencuri,
D0369,sepeda,
D0369,motor,
D0369,pelanggannya,
D0369,Kanit,
D0369,Reskrim,
D0369,Polsek,
D0369,Tuntungan,
D0369,Iptu,
D0369,Syawal,
D0369,Sitepu,
D0369,mengatakan,
D0369,peristiwa,
D0369,itu,
D0369,berawal,
D0369,saat,
D0369,korban,
D0369,inisial,
D0369,DS,
D0369,33,
D0369,memesan,
D0369,pelaku,
D0369,di,
D0369,pinggir,
D0369,Jalan,
D0369,Setiabudi,
D0369,Ujung,
D0369,Kecamatan,
D0369,Medan,
D0369,Tuntungan,
D0369,Kamis,
D0369,21112024,
D0369,sekira,
D0369,pukul,
D0369,0430,
D0369,WIB,
D0369,Setelah,
D0369,itu,
D0369,keduanya,
D0369,masuk,
D0369,ke,
D0369,salah,
D0369,satu,
D0369,hotel,
D0369,dan,
D0369,berhubungan,
D0369,badan,
D0369,Yang,
D0369,mana,
D0369,korban,
D0369,dan,
D0369,pelaku,
D0369,masuk,
D0369,ke,
D0369,kamar,
D0369,hotel,
D0369,kemudian,
D0369,korban,
D0369,tidur,
D0369,kata,
D0369,Syawal,
D0369,Selasa,
D0369,712025,
D0369,Lalu,
D0369,saat,
D0369,korban,
D0369,tertidur,
D0369,pelaku,
D0369,mengambil,
D0369,sepeda,
D0369,motor,
D0369,korban,
D0369,dan,
D0369,membawanya,
D0369,kabur,
D0369,Selang,
D0369,beberapa,
D0369,waktu,
D0369,korban,
D0369,terbangun,
D0369,dari,
D0369,tidurnya,
D0369,dan,
D0369,sadar,
D0369,bahwa,
D0369,sepeda,
D0369,motornya,
D0369,telah,
D0369,hilang,
D0369,dari,
D0369,kamar,
D0369,tersebut,
D0369,Setelah,
D0369,kejadian,
D0369,itu,
D0369,korban,
D0369,membuat,
D0369,laporan,
D0369,ke,
D0369,Polsek,
D0369,Tuntungan,
D0369,Pihak,
D0369,kepolisian,
D0369,pun,
D0369,menyelidiki,
D0369,kasus,
D0369,tersebut,
D0369,dan,
D0369,menangkap,
D0369,pelaku,
D0369,di,
D0369,depan,
D0369,salah,
D0369,satu,
D0369,hotel,
D0369,di,
D0369,Jalan,
D0369,Setiabudi,
D0369,Ujung,
D0369,pada,
D0369,Selasa,
D0369,21,
D0369,Saat,
D0369,diinterogasi,
D0369,pelaku,
D0369,mengakui,
D0369,telah,
D0369,mencuri,
D0369,motor,
D0369,korban,
D0369,dan,
D0369,meminta,
D0369,temannya,
D0369,untuk,
D0369,menjual,
D0369,motor,
D0369,tersebut,
D0369,Pelaku,
D0369,mendapatkan,
D0369,bagian,
D0369,sebanyak,
D0369,Rp,
D0369,500,
D0369,ribu,
D0369,2,
D0369,Pemuda,
D0369,Curi,
D0369,Speaker,
D0369,Gereja,
D0369,Dua,
D0369,pemuda,
D0369,mencuri,
D0369,speaker,
D0369,di,
D0369,salah,
D0369,satu,
D0369,gereja,
D0369,di,
D0369,Kabupaten,
D0369,Simalungun,
D0369,Saat,
D0369,ini,
D0369,keduanya,
D0369,telah,
D0369,diamankan,
D0369,petugas,
D0369,kepolisian,
D0369,Kapolsek,
D0369,Tanah,
D0369,Jawa,
D0369,Kompol,
D0369,Asmon,
D0369,Bufitra,
D0369,mengatakan,
D0369,pencurian,
D0369,itu,
D0369,terjadi,
D0369,di,
D0369,Gereja,
D0369,HKBP,
D0369,Dolok,
D0369,Jetun,
D0369,di,
D0369,Huta,
D0369,VI,
D0369,Pondok,
D0369,II,
D0369,Nagori,
D0369,Buntu,
D0369,Bayu,
D0369,Kecamatan,
D0369,Hatonduhan,
D0369,Kedua,
D0369,pelaku,
D0369,yang,
D0369,ditangkap,
D0369,adalah,
D0369,Eris,
D0369,Sumbayak,
D0369,27,
D0369,dan,
D0369,Johansen,
D0369,Silaban,
D0369,21,
D0369,Kedua,
D0369,terlapor,
D0369,mengakui,
D0369,bahwa,
D0369,mereka,
D0369,lah,
D0369,yang,
D0369,mencuri,
D0369,speaker,
D0369,aktif,
D0369,milik,
D0369,Gereja,
D0369,HKBP,
D0369,Dolok,
D0369,Jetun,
D0369,Buntu,
D0369,Bayu,
D0369,tersebut,
D0369,kata,
D0369,Asmon,
D0369,Rabu,
D0369,81,
D0369,Asmon,
D0369,menyebut,
D0369,penangkapan,
D0369,para,
D0369,pelaku,
D0369,itu,
D0369,berawal,
D0369,pada,
D0369,Sabtu,
D0369,41,
D0369,malam,
D0369,Saat,
D0369,itu,
D0369,warga,
D0369,di,
D0369,daerah,
D0369,tersebut,
D0369,melihat,
D0369,kedua,
D0369,pelaku,
D0369,berkeliaran,
D0369,pada,
D0369,malam,
D0369,hari,
D0369,di,
D0369,dekat,
D0369,gereja,
D0369,tersebut,
D0369,Lalu,
D0369,pada,
D0369,keesokan,
D0369,harinya,
D0369,pengurus,
D0369,gereja,
D0369,mendapati,
D0369,speaker,
D0369,yang,
D0369,berada,
D0369,di,
D0369,dalam,
D0369,gereja,
D0369,tersebut,
D0369,telah,
D0369,hilang,
D0369,Pada,
D0369,saat,
D0369,diinterogasi,
D0369,keduanya,
D0369,mengaku,
D0369,telah,
D0369,mencuri,
D0369,speaker,
D0369,itu,
D0369,3,
D0369,Komplotan,
D0369,Maling,
D0369,Curi,
D0369,3,
D0369,Motor,
D0369,Sekaligus,
D0369,Komplotan,
D0369,maling,
D0369,mencuri,
D0369,tiga,
D0369,motor,
D0369,sekaligus,
D0369,saat,
D0369,tengah,
D0369,beraksi,
D0369,di,
D0369,salah,
D0369,satu,
D0369,koskosan,
D0369,di,
D0369,Kota,
D0369,Medan,
D0369,Saat,
D0369,ini,
D0369,polisi,
D0369,menangkap,
D0369,empat,
D0369,orang,
D0369,pelaku,
D0369,Kapolsek,
D0369,Medan,
D0369,Kota,
D0369,Kompol,
D0369,Selvintriansih,
D0369,mengatakan,
D0369,para,
D0369,pelaku,
D0369,mencuri,
D0369,motor,
D0369,di,
D0369,Jalan,
D0369,Air,
D0369,Bersih,
D0369,Kecamatan,
D0369,Medan,
D0369,Kota,
D0369,Jumat,
D0369,31,
D0369,Sementara,
D0369,keempatnya,
D0369,diamankan,
D0369,di,
D0369,Jalan,
D0369,Pertiwi,
D0369,Kota,
D0369,Medan,
D0369,tadi,
D0369,pagi,
D0369,Tim,
D0369,Gabungan,
D0369,Satreskrim,
D0369,Polrestabes,
D0369,Medan,
D0369,dan,
D0369,Polsek,
D0369,Medan,
D0369,Kota,
D0369,Rabu,
D0369,pagi,
D0369,meringkus,
D0369,empat,
D0369,pelaku,
D0369,pencurian,
D0369,sepeda,
D0369,motor,
D0369,Terakhir,
D0369,kali,
D0369,beraksi,
D0369,keempatnya,
D0369,berhasil,
D0369,membawa,
D0369,kabur,
D0369,tiga,
D0369,sepeda,
D0369,motor,
D0369,sekaligus,
D0369,yang,
D0369,terparkir,
D0369,di,
D0369,sebuah,
D0369,rumah,
D0369,kos,
D0369,kata,
D0369,Selvi,
D0369,Rabu,
D0369,81,
D0369,Selvi,
D0369,memerinci,
D0369,keempat,
D0369,pelaku,
D0369,adalah,
D0369,Saldi,
D0369,Febryanto,
D0369,23,
D0369,Muhammad,
D0369,Irfan,
D0369,20,
D0369,Maulana,
D0369,Aziz,
D0369,19,
D0369,dan,
D0369,Rio,
D0369,Maronggata,
D0369,18,
D0369,Saat,
D0369,melancarkan,
D0369,aksinya,
D0369,para,
D0369,pelaku,
D0369,memiliki,
D0369,peran,
D0369,yang,
D0369,berbedabeda,
D0369,mulai,
D0369,dari,
D0369,dadi,
D0369,memantau,
D0369,lokasi,
D0369,membawa,
D0369,kabur,
D0369,sepeda,
D0369,motor,
D0369,korban,
D0369,Dari,
D0369,keempat,
D0369,pelaku,
D0369,tersebut,
D0369,kata,
D0369,Selvi,
D0369,tiga,
D0369,di,
D0369,antaranya,
D0369,terpaksa,
D0369,ditembak,
D0369,karena,
D0369,berupaya,
D0369,kabur,
D0369,4,
D0369,Karyawan,
D0369,Koperasi,
D0369,Gelapkan,
D0369,Uang,
D0369,Nasabah,
D0369,Rp,
D0369,13,
D0369,Miliar,
D0369,Karyawan,
D0369,koperasi,
D0369,CU,
D0369,Raptama,
D0369,Parlilitan,
D0369,di,
D0369,Kabupaten,
D0369,Humbang,
D0369,Hasundutan,
D0369,Humbahas,
D0369,inisial,
D0369,DH,
D0369,51,
D0369,menggelapkan,
D0369,uang,
D0369,nasabah,
D0369,sebesar,
D0369,Rp,
D0369,13,
D0369,miliar,
D0369,Saat,
D0369,ini,
D0369,pelaku,
D0369,DH,
D0369,telah,
D0369,ditangkap,
D0369,pihak,
D0369,kepolisian,
D0369,Kapolres,
D0369,Humbahas,
D0369,AKBP,
D0369,Hary,
D0369,Ardianto,
D0369,mengatakan,
D0369,ada,
D0369,tujuh,
D0369,laporan,
D0369,korban,
D0369,yang,
D0369,diterima,
D0369,oleh,
D0369,pihaknya,
D0369,Setelah,
D0369,menyelidiki,
D0369,kasus,
D0369,tersebut,
D0369,petugas,
D0369,menangkap,
D0369,pelaku,
D0369,pada,
D0369,Kamis,
D0369,91,
D0369,Polres,
D0369,Humbahas,
D0369,menangkap,
D0369,karyawan,
D0369,koperasi,
D0369,CU,
D0369,Raptama,
D0369,Parlilitan,
D0369,DH,
D0369,yang,
D0369,diduga,
D0369,menggelapkan,
D0369,dana,
D0369,nasabah,
D0369,senilai,
D0369,Rp,
D0369,13,
D0369,miliar,
D0369,Penangkapan,
D0369,ini,
D0369,dilakukan,
D0369,setelah,
D0369,pihak,
D0369,kepolisian,
D0369,menerima,
D0369,laporan,
D0369,dari,
D0369,tujuh,
D0369,nasabah,
D0369,yang,
D0369,merasa,
D0369,dirugikan,
D0369,kata,
D0369,Hary,
D0369,Jumat,
D0369,101,
D0369,Hary,
D0369,mengatakan,
D0369,warga,
D0369,sempat,
D0369,memprotes,
D0369,kantor,
D0369,koperasi,
D0369,tempat,
D0369,pelaku,
D0369,bekerja,
D0369,di,
D0369,Desa,
D0369,Sihotang,
D0369,Hasugian,
D0369,Tonga,
D0369,Kecamatan,
D0369,Parlilitan,
D0369,Di,
D0369,koperasi,
D0369,itu,
D0369,pelaku,
D0369,bekerja,
D0369,sebagai,
D0369,kasir,
D0369,Berdasarkan,
D0369,hasil,
D0369,penyelidikan,
D0369,pelaku,
D0369,melancarkan,
D0369,aksinya,
D0369,dengan,
D0369,membuat,
D0369,catatan,
D0369,palsu,
D0369,dan,
D0369,memindahkan,
D0369,dana,
D0369,nasabah,
D0369,ke,
D0369,rekening,
D0369,pribadinya,
D0369,Aksi,
D0369,tersebut,
D0369,dilakukan,
D0369,pelaku,
D0369,dalam,
D0369,kurun,
D0369,waktu,
D0369,2017,
D0369,hingga,
D0369,2019,
D0370,Komplotan,
D0370,begal,
D0370,bersenjata,
D0370,tajam,
D0370,sajam,
D0370,merampas,
D0370,sepeda,
D0370,motor,
D0370,seorang,
D0370,warga,
D0370,bernama,
D0370,Ismail,
D0370,Pulungan,
D0370,32,
D0370,yang,
D0370,tengah,
D0370,melintas,
D0370,di,
D0370,jembatan,
D0370,kanal,
D0370,Titi,
D0370,Kuning,
D0370,Jalan,
D0370,Brigjen,
D0370,Zein,
D0370,Hamid,
D0370,Kota,
D0370,Medan,
D0370,Para,
D0370,pelaku,
D0370,juga,
D0370,mengancam,
D0370,akan,
D0370,membacok,
D0370,korban,
D0370,Kapolrestabes,
D0370,Medan,
D0370,Kombes,
D0370,Gidion,
D0370,Arif,
D0370,Setyawan,
D0370,mengatakan,
D0370,ada,
D0370,enam,
D0370,pelaku,
D0370,begal,
D0370,tersebut,
D0370,Saat,
D0370,ini,
D0370,tiga,
D0370,pelaku,
D0370,telah,
D0370,ditangkap,
D0370,sedangkan,
D0370,tiga,
D0370,pelaku,
D0370,lainnya,
D0370,masih,
D0370,dalam,
D0370,pengejaran,
D0370,Ketiga,
D0370,pelaku,
D0370,yang,
D0370,telah,
D0370,ditangkap,
D0370,tersebut,
D0370,yakni,
D0370,Budi,
D0370,23,
D0370,Gilang,
D0370,Ramadan,
D0370,18,
D0370,dan,
D0370,Rizki,
D0370,Al,
D0370,Fajar,
D0370,18,
D0370,Peristiwa,
D0370,pertama,
D0370,ini,
D0370,terjadi,
D0370,di,
D0370,tempat,
D0370,ini,
D0370,kanal,
D0370,Deli,
D0370,Tua,
D0370,yang,
D0370,atas,
D0370,nama,
D0370,korban,
D0370,Ismail,
D0370,Kita,
D0370,melakukan,
D0370,penangkapan,
D0370,terhadap,
D0370,tiga,
D0370,orang,
D0370,B,
D0370,R,
D0370,G,
D0370,kata,
D0370,Gidion,
D0370,saat,
D0370,konferensi,
D0370,pers,
D0370,di,
D0370,lokasi,
D0370,kejadian,
D0370,Jumat,
D0370,1012025,
D0370,SCROLL,
D0370,TO,
D0370,CONTINUE,
D0370,WITH,
D0370,CONTENT,
D0370,Gidion,
D0370,menyebut,
D0370,peristiwa,
D0370,itu,
D0370,terjadi,
D0370,pada,
D0370,Jumat,
D0370,31,
D0370,sekira,
D0370,pukul,
D0370,0230,
D0370,WIB,
D0370,Saat,
D0370,itu,
D0370,korban,
D0370,baru,
D0370,saja,
D0370,pulang,
D0370,bekerja,
D0370,sebagai,
D0370,tukang,
D0370,sortir,
D0370,barang,
D0370,di,
D0370,Kecamatan,
D0370,Tanjung,
D0370,Morawa,
D0370,Setibanya,
D0370,di,
D0370,jembatan,
D0370,tersebut,
D0370,korban,
D0370,dipepet,
D0370,oleh,
D0370,keenam,
D0370,pelaku,
D0370,yang,
D0370,menaiki,
D0370,tiga,
D0370,sepeda,
D0370,motor,
D0370,Pada,
D0370,saat,
D0370,itu,
D0370,para,
D0370,pelaku,
D0370,juga,
D0370,mengancam,
D0370,akan,
D0370,membacok,
D0370,korban,
D0370,menggunakan,
D0370,parang,
D0370,yang,
D0370,dibawa,
D0370,pelaku,
D0370,Korban,
D0370,yang,
D0370,ketakutan,
D0370,pun,
D0370,langsung,
D0370,berlari,
D0370,menyelamatkan,
D0370,diri,
D0370,meninggalkan,
D0370,sepeda,
D0370,motornya,
D0370,Para,
D0370,pelaku,
D0370,mengejar,
D0370,dengan,
D0370,menggunakan,
D0370,tiga,
D0370,sepeda,
D0370,motor,
D0370,dilakukan,
D0370,enam,
D0370,orang,
D0370,dan,
D0370,menggunakan,
D0370,senjata,
D0370,tajam,
D0370,Kemudian,
D0370,merampas,
D0370,sepeda,
D0370,motor,
D0370,korban,
D0370,Sepeda,
D0370,motor,
D0370,korban,
D0370,berhasil,
D0370,kita,
D0370,amankan,
D0370,dan,
D0370,nanti,
D0370,kita,
D0370,kembalikan,
D0370,kepada,
D0370,korban,
D0370,jelasnya,
D0370,Setelah,
D0370,kejadian,
D0370,itu,
D0370,korban,
D0370,menghubungi,
D0370,pamannya,
D0370,untuk,
D0370,menjemputnya,
D0370,Lalu,
D0370,korban,
D0370,membuat,
D0370,laporan,
D0370,ke,
D0370,Polsek,
D0370,Deli,
D0370,Tua,
D0370,pada,
D0370,hari,
D0370,yang,
D0370,sama,
D0370,Pihak,
D0370,kepolisian,
D0370,yang,
D0370,menerima,
D0370,laporan,
D0370,itu,
D0370,lalu,
D0370,memburu,
D0370,para,
D0370,pelaku,
D0370,dan,
D0370,mengamankannya,
D0370,secara,
D0370,bertahap,
D0370,pada,
D0370,Selasa,
D0370,71,
D0370,dan,
D0370,Kamis,
D0370,91,
D0370,Terhadap,
D0370,pelaku,
D0370,Rizki,
D0370,ditembak,
D0370,di,
D0370,bagian,
D0370,kaki,
D0370,karena,
D0370,berupaya,
D0370,melarikan,
D0370,diri,
D0370,saat,
D0370,petugas,
D0370,akan,
D0370,menangkap,
D0370,pelaku,
D0370,lainnya,
D0370,R,
D0370,mencoba,
D0370,melarikan,
D0370,diri,
D0370,lalu,
D0370,petugas,
D0370,memberikan,
D0370,tembakan,
D0370,peringan,
D0370,dan,
D0370,tidak,
D0370,diindahkan,
D0370,Selanjutnya,
D0370,dilakukan,
D0370,tindakan,
D0370,tegas,
D0370,terukur,
D0370,yang,
D0370,mengenai,
D0370,kedua,
D0370,kaki,
D0370,pelaku,
D0370,sebutnya,
D0370,Mantan,
D0370,Kapolres,
D0370,Jakarta,
D0370,Utara,
D0370,itu,
D0370,menyebut,
D0370,ada,
D0370,tiga,
D0370,pelaku,
D0370,lagi,
D0370,yang,
D0370,masih,
D0370,dalam,
D0370,pencarian,
D0370,Gidion,
D0370,menegaskan,
D0370,pihaknya,
D0370,akan,
D0370,meringkus,
D0370,para,
D0370,pelaku,
D0370,tersebut,
D0370,Setelah,
D0370,dilakukan,
D0370,pengembangan,
D0370,tiga,
D0370,orang,
D0370,ini,
D0370,merupakan,
D0370,satu,
D0370,kelompok,
D0370,dengan,
D0370,yang,
D0370,lain,
D0370,yang,
D0370,terus,
D0370,kita,
D0370,lakukan,
D0370,pengejaran,
D0370,Jangan,
D0370,berharap,
D0370,pelaku,
D0370,yang,
D0370,lain,
D0370,bisa,
D0370,bersembunyi,
D0370,kita,
D0370,lakukan,
D0370,pengejaran,
D0370,ujarnya,
D0370,Selengkapnya,
D0370,di,
D0370,Halaman,
D0370,Berikutnya,
D0370,Mereka,
D0370,selalu,
D0370,menggunakan,
D0370,pakaian,
D0370,seperti,
D0370,Hoodie,
D0370,tutup,
D0370,kepala,
D0370,supaya,
D0370,korban,
D0370,tidak,
D0370,mengenali,
D0370,Mereka,
D0370,menyasar,
D0370,pastinya,
D0370,kelompok,
D0370,rentan,
D0370,lemah,
D0370,dan,
D0370,sendirian,
D0370,pungkasnya,
D0371,Siswa,
D0371,sekolah,
D0371,menengah,
D0371,atas,
D0371,SMA,
D0371,di,
D0371,Kabupaten,
D0371,Bima,
D0371,Nusa,
D0371,Tenggara,
D0371,Barat,
D0371,NTB,
D0371,MRF,
D0371,17,
D0371,yang,
D0371,kerap,
D0371,mencuri,
D0371,kotak,
D0371,amal,
D0371,di,
D0371,masjid,
D0371,ternyata,
D0371,untuk,
D0371,mentraktir,
D0371,teman,
D0371,dan,
D0371,berfoyafoya,
D0371,MRF,
D0371,berulang,
D0371,kali,
D0371,mencuri,
D0371,kotak,
D0371,amal,
D0371,di,
D0371,Masjid,
D0371,Annur,
D0371,di,
D0371,Dusun,
D0371,Pali,
D0371,Desa,
D0371,Darussalam,
D0371,Kecamatan,
D0371,Bolo,
D0371,Kabupaten,
D0371,Bima,
D0371,Pengakuan,
D0371,sementara,
D0371,setelah,
D0371,mencuri,
D0371,dia,
D0371,selalu,
D0371,mengajak,
D0371,temantemannya,
D0371,untuk,
D0371,makanmakan,
D0371,dan,
D0371,berfoyafoya,
D0371,ungkap,
D0371,Kapolsek,
D0371,Bolo,
D0371,Iptu,
D0371,Nurdin,
D0371,Jumat,
D0371,1012025,
D0371,Setelah,
D0371,tertangkap,
D0371,basah,
D0371,mencuri,
D0371,kotak,
D0371,amal,
D0371,Masjid,
D0371,Annur,
D0371,sejumlah,
D0371,pengurus,
D0371,masjid,
D0371,dari,
D0371,berbagai,
D0371,desa,
D0371,mendatangi,
D0371,Polsek,
D0371,Bolo,
D0371,Mereka,
D0371,membawa,
D0371,bukti,
D0371,berupa,
D0371,rekaman,
D0371,closedcircuit,
D0371,television,
D0371,CCTV,
D0371,untuk,
D0371,mencocokkan,
D0371,aksi,
D0371,pelaku,
D0371,SCROLL,
D0371,TO,
D0371,CONTINUE,
D0371,WITH,
D0371,CONTENT,
D0371,Hasil,
D0371,pemeriksaan,
D0371,menunjukkan,
D0371,MRF,
D0371,telah,
D0371,beberapa,
D0371,kali,
D0371,melakukan,
D0371,pencurian,
D0371,kotak,
D0371,amal,
D0371,di,
D0371,sejumlah,
D0371,masjid,
D0371,Ia,
D0371,tidak,
D0371,hanya,
D0371,mencuri,
D0371,di,
D0371,Kecamatan,
D0371,Bolo,
D0371,tetapi,
D0371,juga,
D0371,di,
D0371,Kecamatan,
D0371,Madapangga,
D0371,dan,
D0371,Woha,
D0371,Salah,
D0371,satu,
D0371,lokasi,
D0371,yang,
D0371,disebutkan,
D0371,adalah,
D0371,Desa,
D0371,Talabiu,
D0371,Kecamatan,
D0371,Woha,
D0371,Dia,
D0371,mengakui,
D0371,telah,
D0371,mencuri,
D0371,kotak,
D0371,amal,
D0371,di,
D0371,beberapa,
D0371,masjid,
D0371,di,
D0371,desadesa,
D0371,tersebut,
D0371,ungkap,
D0371,Nurdin,
D0371,Setelah,
D0371,menjalani,
D0371,pemeriksaan,
D0371,di,
D0371,Polsek,
D0371,Bolo,
D0371,MRF,
D0371,segera,
D0371,dibawa,
D0371,Unit,
D0371,Pelayanan,
D0371,Perempuan,
D0371,dan,
D0371,Anak,
D0371,PPA,
D0371,Satreskrim,
D0371,Polres,
D0371,Bima,
D0371,Karena,
D0371,pelaku,
D0371,masih,
D0371,di,
D0371,bawah,
D0371,umur,
D0371,kasusnya,
D0371,dilimpahkan,
D0371,ke,
D0371,Unit,
D0371,PPA,
D0371,Polres,
D0371,Bima,
D0371,jelas,
D0371,Nurdin,
D0371,Diberitakan,
D0371,sebelumnya,
D0371,siswa,
D0371,SMA,
D0371,MRF,
D0371,17,
D0371,nyaris,
D0371,dihakimi,
D0371,massa,
D0371,MRF,
D0371,tertangkap,
D0371,basah,
D0371,mencuri,
D0371,kotak,
D0371,amal,
D0371,Masjid,
D0371,Annur,
D0371,di,
D0371,Dusun,
D0371,Pali,
D0371,Desa,
D0371,Darussalam,
D0371,Kecamatan,
D0371,Bolo,
D0371,Kabupaten,
D0371,Bima,
D0371,Nusa,
D0371,Tenggara,
D0371,Barat,
D0371,NTB,
D0371,Kejadiannya,
D0371,seusai,
D0371,salat,
D0371,Jumat,
D0371,tadi,
D0371,kata,
D0371,Kapolsek,
D0371,Bolo,
D0371,Iptu,
D0371,Nurdin,
D0371,kepada,
D0371,detikBali,
D0371,Jumat,
D0371,1012025,
D0371,MRF,
D0371,telah,
D0371,berkalikali,
D0371,mencuri,
D0371,kotak,
D0371,amal,
D0371,masjid,
D0371,di,
D0371,Kecamatan,
D0371,Bolo,
D0371,Kesal,
D0371,dengan,
D0371,aksi,
D0371,MRF,
D0371,warga,
D0371,nyaris,
D0371,menghakiminya,
D0371,Untungnya,
D0371,ada,
D0371,warga,
D0371,lain,
D0371,yang,
D0371,menenangkan,
D0371,dan,
D0371,melaporkan,
D0371,ke,
D0371,Polsek,
D0371,Bolo,
D0371,Saat,
D0371,ini,
D0371,terduga,
D0371,pelaku,
D0371,sudah,
D0371,diamankan,
D0371,di,
D0371,Polsek,
D0371,Bolo,
D0371,untuk,
D0371,diperiksa,
D0371,lebih,
D0371,lanjut,
D0371,ungkap,
D0371,Nurdin,
D0372,Seorang,
D0372,pengendara,
D0372,motor,
D0372,di,
D0372,Jalan,
D0372,Raya,
D0372,Bogor,
D0372,Ciracas,
D0372,Jakarta,
D0372,Timur,
D0372,Jaktim,
D0372,jadi,
D0372,korban,
D0372,begal,
D0372,Saat,
D0372,pelaku,
D0372,beraksi,
D0372,korban,
D0372,berusaha,
D0372,melawan,
D0372,namun,
D0372,akibatnya,
D0372,leher,
D0372,korban,
D0372,dibacok,
D0372,Korban,
D0372,berinisial,
D0372,SY,
D0372,mengalami,
D0372,luka,
D0372,akibat,
D0372,bacokan,
D0372,tersebut,
D0372,sepeda,
D0372,motor,
D0372,dan,
D0372,HP,
D0372,miliknya,
D0372,berhasil,
D0372,dirampas,
D0372,pelaku,
D0372,Usai,
D0372,kejadian,
D0372,SY,
D0372,pun,
D0372,melaporkan,
D0372,kasus,
D0372,pembegalan,
D0372,tersebut,
D0372,ke,
D0372,polisi,
D0372,Pelaku,
D0372,diduga,
D0372,tiga,
D0372,orang,
D0372,Kejadian,
D0372,pencurian,
D0372,dengan,
D0372,kekerasan,
D0372,tersebut,
D0372,terjadi,
D0372,pada,
D0372,Rabu,
D0372,81,
D0372,sekitar,
D0372,pukul,
D0372,0215,
D0372,WIB,
D0372,kata,
D0372,Kabid,
D0372,Humas,
D0372,Polda,
D0372,Metro,
D0372,Jaya,
D0372,Komisaris,
D0372,Besar,
D0372,Kombes,
D0372,Ade,
D0372,Ary,
D0372,Syam,
D0372,Indradi,
D0372,dilansir,
D0372,detikNews,
D0372,dari,
D0372,Antara,
D0372,Jumat,
D0372,1012025,
D0372,SCROLL,
D0372,TO,
D0372,CONTINUE,
D0372,WITH,
D0372,CONTENT,
D0372,Ade,
D0372,menjelaskan,
D0372,kronologi,
D0372,kejadian,
D0372,tersebut,
D0372,Awalnya,
D0372,korban,
D0372,melintas,
D0372,di,
D0372,Jalan,
D0372,Raya,
D0372,Bogor,
D0372,dari,
D0372,arah,
D0372,Kramat,
D0372,Jati,
D0372,menuju,
D0372,Cibubur,
D0372,Setibanya,
D0372,di,
D0372,Jalan,
D0372,Raya,
D0372,Bogor,
D0372,daerah,
D0372,Ciracas,
D0372,korban,
D0372,dihadang,
D0372,tiga,
D0372,orang,
D0372,yang,
D0372,berboncengan,
D0372,sepeda,
D0372,motor,
D0372,Pelaku,
D0372,membawa,
D0372,celurit,
D0372,saat,
D0372,beraksi,
D0372,dan,
D0372,langsung,
D0372,merampas,
D0372,HP,
D0372,korban,
D0372,Pelaku,
D0372,juga,
D0372,mengancam,
D0372,korban,
D0372,Korban,
D0372,lalu,
D0372,berhenti,
D0372,dan,
D0372,langsung,
D0372,diancam,
D0372,oleh,
D0372,salah,
D0372,seorang,
D0372,pelaku,
D0372,yang,
D0372,membawa,
D0372,senjata,
D0372,tajam,
D0372,jenis,
D0372,celurit,
D0372,dan,
D0372,langsung,
D0372,merampas,
D0372,ponsel,
D0372,milik,
D0372,korban,
D0372,katanya,
D0372,Korban,
D0372,sempat,
D0372,melawan,
D0372,dan,
D0372,mempertahankan,
D0372,sepeda,
D0372,motor,
D0372,dengan,
D0372,mencabut,
D0372,kunci,
D0372,kontak,
D0372,Namun,
D0372,pelaku,
D0372,langsung,
D0372,menghujamkan,
D0372,celurit,
D0372,tersebut,
D0372,ke,
D0372,korban,
D0372,hingga,
D0372,korban,
D0372,mengalami,
D0372,luka,
D0372,bacok,
D0372,di,
D0372,leher,
D0372,belakang,
D0372,Pelaku,
D0372,lalu,
D0372,membawa,
D0372,kabur,
D0372,sepeda,
D0372,motor,
D0372,korban,
D0372,Korban,
D0372,mengalami,
D0372,luka,
D0372,bacok,
D0372,di,
D0372,leher,
D0372,belakang,
D0372,Luka,
D0372,lecet,
D0372,di,
D0372,punggung,
D0372,dan,
D0372,dengkul,
D0372,kaki,
D0372,kiri,
D0372,kata,
D0372,Ade,
D0372,Ary,
D0372,Korban,
D0372,pun,
D0372,dibawa,
D0372,ke,
D0372,RSUD,
D0372,Ciracas,
D0372,untuk,
D0372,mendapatkan,
D0372,perawatannya,
D0372,Kini,
D0372,kasus,
D0372,curas,
D0372,tersebut,
D0372,ditangani,
D0372,Polsek,
D0372,Ciracas,
D0373,Siswa,
D0373,sekolah,
D0373,menengah,
D0373,atas,
D0373,SMA,
D0373,MRF,
D0373,17,
D0373,nyaris,
D0373,dihakimi,
D0373,massa,
D0373,MRF,
D0373,tertangkap,
D0373,basah,
D0373,mencuri,
D0373,kotak,
D0373,amal,
D0373,Masjid,
D0373,Annur,
D0373,di,
D0373,Dusun,
D0373,Pali,
D0373,Desa,
D0373,Darussalam,
D0373,Kecamatan,
D0373,Bolo,
D0373,Kabupaten,
D0373,Bima,
D0373,Nusa,
D0373,Tenggara,
D0373,Barat,
D0373,NTB,
D0373,Kejadiannya,
D0373,seusai,
D0373,salat,
D0373,Jumat,
D0373,tadi,
D0373,kata,
D0373,Kapolsek,
D0373,Bolo,
D0373,Iptu,
D0373,Nurdin,
D0373,kepada,
D0373,detikBali,
D0373,Jumat,
D0373,1012025,
D0373,MRF,
D0373,telah,
D0373,berkalikali,
D0373,mencuri,
D0373,kotak,
D0373,amal,
D0373,masjid,
D0373,di,
D0373,Kecamatan,
D0373,Bolo,
D0373,Kesal,
D0373,dengan,
D0373,aksi,
D0373,MRF,
D0373,warga,
D0373,nyaris,
D0373,menghakiminya,
D0373,Untungnya,
D0373,ada,
D0373,warga,
D0373,lain,
D0373,yang,
D0373,menenangkan,
D0373,dan,
D0373,melaporkan,
D0373,ke,
D0373,Polsek,
D0373,Bolo,
D0373,SCROLL,
D0373,TO,
D0373,CONTINUE,
D0373,WITH,
D0373,CONTENT,
D0373,Saat,
D0373,ini,
D0373,terduga,
D0373,pelaku,
D0373,sudah,
D0373,diamankan,
D0373,di,
D0373,Polsek,
D0373,Bolo,
D0373,untuk,
D0373,diperiksa,
D0373,lebih,
D0373,lanjut,
D0373,ungkap,
D0373,Nurdin,
D0373,Berdasarkan,
D0373,interogasi,
D0373,awal,
D0373,MRF,
D0373,mengaku,
D0373,warga,
D0373,Desa,
D0373,Bolo,
D0373,Kecamatan,
D0373,Madapangga,
D0373,Kabupaten,
D0373,Bima,
D0373,Ia,
D0373,masih,
D0373,berstatus,
D0373,sebagai,
D0373,siswa,
D0373,SMA,
D0373,di,
D0373,Kecamatan,
D0373,Madapangga,
D0373,Pelajar,
D0373,kelas,
D0373,3,
D0373,SMA,
D0373,di,
D0373,Desa,
D0373,Madapangga,
D0373,kata,
D0373,Nurdin,
D0373,Di,
D0373,hadapan,
D0373,penyidik,
D0373,MRF,
D0373,juga,
D0373,mengakui,
D0373,mencuri,
D0373,kotak,
D0373,amal,
D0373,masjid,
D0373,Tak,
D0373,hanya,
D0373,di,
D0373,Dusun,
D0373,Pali,
D0373,Desa,
D0373,Darussalam,
D0373,tetapi,
D0373,sudah,
D0373,beraksi,
D0373,beberapa,
D0373,kali,
D0373,di,
D0373,berbagai,
D0373,lokasi,
D0373,di,
D0373,Kecamatan,
D0373,Bolo,
D0373,Yang,
D0373,sudah,
D0373,dia,
D0373,MRF,
D0373,curi,
D0373,kotak,
D0373,amal,
D0373,masjid,
D0373,Desa,
D0373,Leu,
D0373,dua,
D0373,kali,
D0373,masjid,
D0373,di,
D0373,Desa,
D0373,Rasabou,
D0373,dan,
D0373,masjid,
D0373,di,
D0373,Desa,
D0373,Sondo,
D0373,jelas,
D0373,Nurdin,
D0374,Polisi,
D0374,membongkar,
D0374,pesta,
D0374,seks,
D0374,swinger,
D0374,atau,
D0374,tukar,
D0374,pasangan,
D0374,di,
D0374,Jakarta,
D0374,dan,
D0374,Badung,
D0374,Bali,
D0374,Dua,
D0374,orang,
D0374,yang,
D0374,merupakan,
D0374,pasangan,
D0374,suami,
D0374,istri,
D0374,pasutri,
D0374,ditangkap,
D0374,dari,
D0374,salah,
D0374,satu,
D0374,lokasi,
D0374,di,
D0374,Badung,
D0374,Pesta,
D0374,seks,
D0374,itu,
D0374,dibongkar,
D0374,oleh,
D0374,Direktorat,
D0374,Siber,
D0374,Polda,
D0374,Metro,
D0374,Jaya,
D0374,Pesta,
D0374,seks,
D0374,swinger,
D0374,ini,
D0374,terungkap,
D0374,dari,
D0374,sebuah,
D0374,iklan,
D0374,di,
D0374,salah,
D0374,satu,
D0374,website,
D0374,Kabid,
D0374,Humas,
D0374,Polda,
D0374,Metro,
D0374,Jaya,
D0374,Kombes,
D0374,Ade,
D0374,Ary,
D0374,Syam,
D0374,Indradi,
D0374,mengatakan,
D0374,penyelenggara,
D0374,mengajak,
D0374,masyarakat,
D0374,melakukan,
D0374,pesta,
D0374,seks,
D0374,swinger,
D0374,atau,
D0374,melakukan,
D0374,hubungan,
D0374,seks,
D0374,dengan,
D0374,cara,
D0374,bertukar,
D0374,pasangan,
D0374,SCROLL,
D0374,TO,
D0374,CONTINUE,
D0374,WITH,
D0374,CONTENT,
D0374,Kasus,
D0374,yang,
D0374,diungkap,
D0374,adalah,
D0374,adanya,
D0374,pendistribusian,
D0374,dokumen,
D0374,elektronik,
D0374,melalui,
D0374,sebuah,
D0374,situs,
D0374,yang,
D0374,berisi,
D0374,ajakan,
D0374,pesta,
D0374,seks,
D0374,dan,
D0374,bertukar,
D0374,pasangan,
D0374,kata,
D0374,Ade,
D0374,Ary,
D0374,Kamis,
D0374,912025,
D0374,dikutip,
D0374,dari,
D0374,detikNews,
D0374,Ade,
D0374,Ary,
D0374,mengatakan,
D0374,dua,
D0374,orang,
D0374,yang,
D0374,diduga,
D0374,penyelenggara,
D0374,yakni,
D0374,pria,
D0374,IG,
D0374,39,
D0374,dan,
D0374,wanita,
D0374,KS,
D0374,39,
D0374,diamankan,
D0374,di,
D0374,wilayah,
D0374,Badung,
D0374,Bali,
D0374,Keduanya,
D0374,merupakan,
D0374,pasangan,
D0374,suami,
D0374,istri,
D0374,Ini,
D0374,tersangka,
D0374,yang,
D0374,ditangkap,
D0374,adalah,
D0374,sepasang,
D0374,suami,
D0374,istri,
D0374,Lakilaki,
D0374,inisial,
D0374,IG,
D0374,39,
D0374,dan,
D0374,perempuan,
D0374,KS,
D0374,39,
D0374,Mereka,
D0374,berdua,
D0374,ditangkap,
D0374,di,
D0374,daerah,
D0374,Badung,
D0374,Bali,
D0374,ujarnya,
D0374,Keduanya,
D0374,mengajak,
D0374,masyarakat,
D0374,bergabung,
D0374,dalam,
D0374,pesta,
D0374,seks,
D0374,tersebut,
D0374,melalui,
D0374,website,
D0374,bernama,
D0374,SWcom,
D0374,Masyarakat,
D0374,yang,
D0374,ingin,
D0374,bergabung,
D0374,tidak,
D0374,dipungut,
D0374,biaya,
D0374,alias,
D0374,gratis,
D0374,Nama,
D0374,webnya,
D0374,adalah,
D0374,SWcom,
D0374,Informasi,
D0374,awal,
D0374,sekali,
D0374,lagi,
D0374,masih,
D0374,dikembangkan,
D0374,penyelenggara,
D0374,ini,
D0374,yang,
D0374,diduga,
D0374,suami,
D0374,istri,
D0374,ini,
D0374,mengajak,
D0374,orangorang,
D0374,yang,
D0374,ingin,
D0374,mendaftar,
D0374,dan,
D0374,para,
D0374,pendaftar,
D0374,ini,
D0374,gratis,
D0374,tuturnya,
D0374,Secara,
D0374,diamdiam,
D0374,mereka,
D0374,merekam,
D0374,kegiatan,
D0374,pesta,
D0374,seks,
D0374,tersebut,
D0374,Pasutri,
D0374,itu,
D0374,lalu,
D0374,menyebarkan,
D0374,dan,
D0374,menjual,
D0374,video,
D0374,pesta,
D0374,seks,
D0374,tukar,
D0374,pasangan,
D0374,tersebut,
D0374,Pendaftar,
D0374,ini,
D0374,punya,
D0374,fantasi,
D0374,juga,
D0374,untuk,
D0374,melakukan,
D0374,tukar,
D0374,pasangan,
D0374,dan,
D0374,tidak,
D0374,menerima,
D0374,bayaran,
D0374,Tetapi,
D0374,tanpa,
D0374,seizin,
D0374,si,
D0374,pendaftar,
D0374,ini,
D0374,penyelenggara,
D0374,atau,
D0374,tersangka,
D0374,menjual,
D0374,atau,
D0374,menyebarkan,
D0374,video,
D0374,Saat,
D0374,dilakukan,
D0374,kegiatan,
D0374,pesta,
D0374,seks,
D0374,dan,
D0374,bertukar,
D0374,pasangan,
D0374,imbuhnya,
D0374,Saat,
D0374,ini,
D0374,keduanya,
D0374,sudah,
D0374,diamankan,
D0374,Direktorat,
D0374,Siber,
D0374,Polda,
D0374,Metro,
D0374,Jaya,
D0374,Polisi,
D0374,masih,
D0374,melakukan,
D0374,serangkaian,
D0374,pendalaman,
D0374,Simak,
D0374,juga,
D0374,Video,
D0374,Pesta,
D0374,Seks,
D0374,Berkedok,
D0374,Acara,
D0374,Natal,
D0374,Tahun,
D0374,Baru,
D0374,di,
D0374,Canggu,
D0374,GambasVideo,
D0374,20detik,
D0375,Seorang,
D0375,pegawai,
D0375,minimarket,
D0375,berhasil,
D0375,menggagalkan,
D0375,aksi,
D0375,pencurian,
D0375,dan,
D0375,perampokan,
D0375,bersenjata,
D0375,api,
D0375,di,
D0375,Tasikmalaya,
D0375,Jawa,
D0375,Barat,
D0375,Pelaku,
D0375,sempat,
D0375,menyekap,
D0375,pegawai,
D0375,tersebut,
D0375,Kejadian,
D0375,itu,
D0375,terjadi,
D0375,di,
D0375,minimarket,
D0375,di,
D0375,samping,
D0375,Balekota,
D0375,Tasikmalaya,
D0375,Kamis,
D0375,912025,
D0375,Pelaku,
D0375,membawa,
D0375,airsoft,
D0375,gun,
D0375,saat,
D0375,beraksi,
D0375,Nurfadilah,
D0375,22,
D0375,pegawai,
D0375,minimarket,
D0375,di,
D0375,Jalan,
D0375,Sukamulya,
D0375,Kecamatan,
D0375,Bungursari,
D0375,Kota,
D0375,Tasikmalaya,
D0375,menjelaskan,
D0375,pelaku,
D0375,datang,
D0375,ke,
D0375,lokasi,
D0375,sekitar,
D0375,pukul,
D0375,0730,
D0375,WIB,
D0375,Toko,
D0375,buka,
D0375,jam,
D0375,0700,
D0375,WIB,
D0375,si,
D0375,pelaku,
D0375,datang,
D0375,sekitar,
D0375,pukul,
D0375,0730,
D0375,WIB,
D0375,kata,
D0375,Nurfadilah,
D0375,dilansir,
D0375,detikJabar,
D0375,SCROLL,
D0375,TO,
D0375,CONTINUE,
D0375,WITH,
D0375,CONTENT,
D0375,Pelaku,
D0375,langsung,
D0375,masuk,
D0375,ke,
D0375,toko,
D0375,dan,
D0375,tak,
D0375,ada,
D0375,yang,
D0375,curiga,
D0375,Saya,
D0375,di,
D0375,meja,
D0375,kasir,
D0375,teman,
D0375,saya,
D0375,Ifan,
D0375,lagi,
D0375,di,
D0375,atas,
D0375,lantai,
D0375,2,
D0375,beresberes,
D0375,Toko,
D0375,lagi,
D0375,sepi,
D0375,kata,
D0375,Nurfadilah,
D0375,Pelaku,
D0375,purapura,
D0375,mencari,
D0375,barang,
D0375,dan,
D0375,sempat,
D0375,menanyakan,
D0375,jas,
D0375,hujan,
D0375,ke,
D0375,Nurfadillah,
D0375,Ia,
D0375,pun,
D0375,menunjukkan,
D0375,letak,
D0375,barang,
D0375,tersebut,
D0375,Kemudian,
D0375,pelaku,
D0375,menghampiri,
D0375,Nurfadillah,
D0375,di,
D0375,meja,
D0375,kasir,
D0375,dan,
D0375,menunjukkan,
D0375,airsoft,
D0375,gunnya,
D0375,kemudian,
D0375,menggiring,
D0375,korban,
D0375,ke,
D0375,bagian,
D0375,belakang,
D0375,toko,
D0375,Pelaku,
D0375,lalu,
D0375,menyuruh,
D0375,pegawai,
D0375,wanita,
D0375,itu,
D0375,jongkok,
D0375,kemudian,
D0375,melakban,
D0375,mata,
D0375,dan,
D0375,mengikat,
D0375,kedua,
D0375,tangan,
D0375,korban,
D0375,dengan,
D0375,cable,
D0375,ties,
D0375,Saya,
D0375,sempat,
D0375,teriak,
D0375,sehingga,
D0375,Ifan,
D0375,yang,
D0375,ada,
D0375,di,
D0375,atas,
D0375,turun,
D0375,kata,
D0375,Nurfadilah,
D0375,Ketika,
D0375,pegawai,
D0375,pria,
D0375,tersebut,
D0375,turun,
D0375,pelaku,
D0375,langsung,
D0375,menodongkan,
D0375,pistol,
D0375,dan,
D0375,semat,
D0375,meletuskan,
D0375,senjata,
D0375,ke,
D0375,dinding,
D0375,Ifan,
D0375,pun,
D0375,menahan,
D0375,diri,
D0375,untuk,
D0375,melawan,
D0375,Keduanya,
D0375,lalu,
D0375,digiring,
D0375,ke,
D0375,lantai,
D0375,dua,
D0375,Pelaku,
D0375,juga,
D0375,mengikat,
D0375,Ifan,
D0375,Pelaku,
D0375,lalu,
D0375,menyuruhnya,
D0375,membuka,
D0375,brankas,
D0375,uang,
D0375,Ifan,
D0375,lalu,
D0375,berkelit,
D0375,dan,
D0375,mengaku,
D0375,lupa,
D0375,nomor,
D0375,kunci,
D0375,atau,
D0375,password,
D0375,brankas,
D0375,Hal,
D0375,itu,
D0375,sempat,
D0375,membuat,
D0375,pelaku,
D0375,murka,
D0375,Kemudian,
D0375,pelaku,
D0375,turun,
D0375,sambil,
D0375,membawa,
D0375,DVR,
D0375,CCTV,
D0375,atau,
D0375,alat,
D0375,penyimpanan,
D0375,data,
D0375,kamera,
D0375,pengintai,
D0375,Pelaku,
D0375,lalu,
D0375,menuju,
D0375,meja,
D0375,kasir,
D0375,dan,
D0375,menguras,
D0375,semua,
D0375,uang,
D0375,Dia,
D0375,juga,
D0375,mengambil,
D0375,materai,
D0375,yang,
D0375,ada,
D0375,di,
D0375,laci,
D0375,kasir,
D0375,Saat,
D0375,itu,
D0375,korban,
D0375,Ifan,
D0375,menemukan,
D0375,pisau,
D0375,cutter,
D0375,dan,
D0375,berhasil,
D0375,melepas,
D0375,ikatan,
D0375,lakban,
D0375,di,
D0375,tangannya,
D0375,lalu,
D0375,turun,
D0375,ke,
D0375,bawah,
D0375,Namun,
D0375,pelaku,
D0375,kembali,
D0375,menodongkan,
D0375,pistol,
D0375,dan,
D0375,kembali,
D0375,mengikat,
D0375,kembali,
D0375,tangan,
D0375,Ifan,
D0375,dengan,
D0375,cable,
D0375,ties,
D0375,Pelaku,
D0375,lalu,
D0375,berusaha,
D0375,kabur,
D0375,namun,
D0375,Ifan,
D0375,terus,
D0375,berusaha,
D0375,memutuskan,
D0375,cable,
D0375,ties,
D0375,tersebut,
D0375,dan,
D0375,mengejar,
D0375,pelaku,
D0375,Pelaku,
D0375,yang,
D0375,baru,
D0375,saja,
D0375,membalikkan,
D0375,motornya,
D0375,ditendang,
D0375,oeh,
D0375,Ifan,
D0375,sembari,
D0375,berteriak,
D0375,Saat,
D0375,itu,
D0375,suasana,
D0375,di,
D0375,luar,
D0375,toko,
D0375,sedang,
D0375,ramai,
D0375,dan,
D0375,sejumlah,
D0375,anggota,
D0375,Satpol,
D0375,PP,
D0375,Pemkot,
D0375,Tasikmalaya,
D0375,baru,
D0375,saja,
D0375,selesai,
D0375,apel,
D0375,Warga,
D0375,pun,
D0375,langsung,
D0375,meringkus,
D0375,pelaku,
D0375,dan,
D0375,menyerahkannya,
D0375,ke,
D0375,polisi,
D0375,Pelaku,
D0375,mengambil,
D0375,uang,
D0375,sekitar,
D0375,Rp,
D0375,2,
D0375,juta,
D0375,dari,
D0375,laci,
D0375,Saya,
D0375,takut,
D0375,sekali,
D0375,ini,
D0375,juga,
D0375,masih,
D0375,gemetaran,
D0375,kata,
D0375,Nurfadilah,
D0375,sembari,
D0375,tetap,
D0375,bekerja,
D0375,Kasat,
D0375,Reskrim,
D0375,Polres,
D0375,Tasikmalaya,
D0375,Kota,
D0375,AKP,
D0375,Herman,
D0375,Saputra,
D0375,membenarkan,
D0375,peristiwa,
D0375,tersebut,
D0375,Ia,
D0375,mengatakan,
D0375,pelaku,
D0375,kini,
D0375,telah,
D0375,diamankan,
D0375,Sudah,
D0375,kami,
D0375,amankan,
D0375,kita,
D0375,interogasi,
D0375,dan,
D0375,pendalaman,
D0375,khawatir,
D0375,dia,
D0375,beraksi,
D0375,di,
D0375,tempat,
D0375,lain,
D0375,kata,
D0375,Herman,
D0375,Pelaku,
D0375,diketahui,
D0375,bernama,
D0375,Wijaya,
D0375,Permana,
D0375,32,
D0375,warga,
D0375,Kelurahan,
D0375,Mancagar,
D0375,Kecamatan,
D0375,Cipedes,
D0375,Kota,
D0375,Tasikmalaya,
D0375,Dari,
D0375,tangan,
D0375,pelaku,
D0375,polisi,
D0375,mengamankan,
D0375,barang,
D0375,bukti,
D0375,di,
D0375,antaranya,
D0375,airsoft,
D0375,gun,
D0375,jenis,
D0375,Glock,
D0375,uang,
D0375,tunai,
D0375,Rp,
D0375,22,
D0375,juta,
D0375,79,
D0375,lembar,
D0375,materai,
D0375,Rp,
D0375,10,
D0375,ribu,
D0375,DVR,
D0375,CCTV,
D0375,dan,
D0375,sepeda,
D0375,motor,
D0375,jenis,
D0375,Vario,
D0375,Kalau,
D0375,menilik,
D0375,cara,
D0375,dia,
D0375,beraksi,
D0375,seperti,
D0375,sudah,
D0375,lihai,
D0375,misalnya,
D0375,mengambil,
D0375,CCTV,
D0375,memakai,
D0375,plat,
D0375,nomor,
D0375,palsu,
D0375,dan,
D0375,lainnya,
D0375,Makanya,
D0375,kita,
D0375,sedang,
D0375,periksa,
D0375,dulu,
D0375,kata,
D0375,Herman,
D0376,Polres,
D0376,Blitar,
D0376,memperkenalkan,
D0376,tim,
D0376,gerak,
D0376,cepat,
D0376,dalam,
D0376,menindak,
D0376,laporan,
D0376,kriminalitas,
D0376,Tim,
D0376,dari,
D0376,reserse,
D0376,mobile,
D0376,resmob,
D0376,itu,
D0376,dikenalkan,
D0376,dengan,
D0376,nama,
D0376,Satya,
D0376,Haprabu,
D0376,Tim,
D0376,ini,
D0376,memiliki,
D0376,arti,
D0376,senantiasa,
D0376,memimpin,
D0376,dan,
D0376,mengamankan,
D0376,masyarakat,
D0376,dari,
D0376,tindak,
D0376,kejahatan,
D0376,Kapolres,
D0376,Blitar,
D0376,AKBP,
D0376,Wiwit,
D0376,Adisatria,
D0376,meluncurkan,
D0376,sekaligus,
D0376,mengenalkan,
D0376,secara,
D0376,langsung,
D0376,tim,
D0376,Satya,
D0376,Haprabu,
D0376,kepada,
D0376,masyarakat,
D0376,Termasuk,
D0376,kepada,
D0376,Bupati,
D0376,Blitar,
D0376,dan,
D0376,pejabat,
D0376,Forkopimda,
D0376,Kabupaten,
D0376,Blitar,
D0376,Wiwit,
D0376,menjelaskan,
D0376,nama,
D0376,Satya,
D0376,Haprabu,
D0376,diambil,
D0376,dari,
D0376,dua,
D0376,kata,
D0376,yakni,
D0376,satya,
D0376,yang,
D0376,berarti,
D0376,setia,
D0376,atau,
D0376,loyal,
D0376,dan,
D0376,Haprabu,
D0376,merujuk,
D0376,pada,
D0376,sifat,
D0376,luhur,
D0376,seorang,
D0376,pemimpin,
D0376,Adapun,
D0376,arti,
D0376,dari,
D0376,Satya,
D0376,Haprabu,
D0376,yakni,
D0376,mencerminkan,
D0376,semangat,
D0376,anggota,
D0376,Resmob,
D0376,Polres,
D0376,Blitar,
D0376,untuk,
D0376,senantiasa,
D0376,setia,
D0376,melindungi,
D0376,dan,
D0376,mengayomi,
D0376,masyarakat,
D0376,SCROLL,
D0376,TO,
D0376,CONTINUE,
D0376,WITH,
D0376,CONTENT,
D0376,Selain,
D0376,itu,
D0376,anggota,
D0376,tim,
D0376,juga,
D0376,diharapkan,
D0376,dapat,
D0376,menjunjung,
D0376,tinggi,
D0376,nilainilai,
D0376,kepemimpinan,
D0376,yang,
D0376,bijaksana,
D0376,dan,
D0376,tangguh,
D0376,dalam,
D0376,menjaga,
D0376,keamanan,
D0376,dan,
D0376,ketertiban,
D0376,Nama,
D0376,ini,
D0376,bukan,
D0376,hanya,
D0376,sebuah,
D0376,identitas,
D0376,tetapi,
D0376,juga,
D0376,pengingat,
D0376,akan,
D0376,tugas,
D0376,mulia,
D0376,kita,
D0376,sebagai,
D0376,anggota,
D0376,kepolisian,
D0376,Harapan,
D0376,saya,
D0376,Satya,
D0376,Haprabu,
D0376,akan,
D0376,menjadi,
D0376,simbol,
D0376,kepercayaan,
D0376,masyarakat,
D0376,terhadap,
D0376,Polri,
D0376,khususnya,
D0376,di,
D0376,wilayah,
D0376,Blitar,
D0376,terangnya,
D0376,Kamis,
D0376,912025,
D0376,Wiwit,
D0376,menyebutkan,
D0376,ada,
D0376,sekitar,
D0376,10,
D0376,personel,
D0376,yang,
D0376,ditunjuk,
D0376,dalam,
D0376,tim,
D0376,Satya,
D0376,Haprabu,
D0376,tersebut,
D0376,Mereka,
D0376,memiliki,
D0376,tugas,
D0376,khusus,
D0376,dalam,
D0376,menangani,
D0376,kriminalitas,
D0376,secara,
D0376,cepat,
D0376,Seperti,
D0376,tindak,
D0376,kejahatan,
D0376,perampokan,
D0376,pencurian,
D0376,kekerasan,
D0376,dan,
D0376,sebagainya,
D0376,Tim,
D0376,Satya,
D0376,Haprabu,
D0376,memiliki,
D0376,tugas,
D0376,utama,
D0376,dalam,
D0376,menangani,
D0376,tindak,
D0376,kejahatan,
D0376,yang,
D0376,membutuhkan,
D0376,kecepatan,
D0376,dan,
D0376,keahlian,
D0376,khusus,
D0376,Seperti,
D0376,perampokan,
D0376,pencurian,
D0376,dengan,
D0376,kekerasan,
D0376,dan,
D0376,kasuskasus,
D0376,kriminal,
D0376,lainnya,
D0376,jelasnya,
D0376,Lebih,
D0376,lanjut,
D0376,Wiwit,
D0376,berharap,
D0376,melalui,
D0376,tim,
D0376,resmob,
D0376,Satya,
D0376,Haprabu,
D0376,itu,
D0376,dapat,
D0376,meningkatkan,
D0376,profesionalitas,
D0376,personel,
D0376,Polres,
D0376,Blitar,
D0376,Selain,
D0376,itu,
D0376,juga,
D0376,diharapkan,
D0376,mampu,
D0376,meningkatkan,
D0376,kekompakan,
D0376,solid,
D0376,dan,
D0376,berdedikasi,
D0376,dalam,
D0376,menjalankan,
D0376,tugas,
D0376,kepada,
D0376,masyarakat,
D0376,Kami,
D0376,Polres,
D0376,Blitar,
D0376,menegaskan,
D0376,berkomitmen,
D0376,untuk,
D0376,terus,
D0376,berinovasi,
D0376,dan,
D0376,meningkatkan,
D0376,pelayanan,
D0376,kepada,
D0376,masyarakat,
D0376,Termasuk,
D0376,dalam,
D0376,penanganan,
D0376,tindak,
D0376,kriminalitas,
D0376,dan,
D0376,sebagainya,
D0376,tutupnya,
D0377,Polres,
D0377,Samosir,
D0377,menangkap,
D0377,penyedia,
D0377,jetski,
D0377,bernama,
D0377,Jepri,
D0377,Rumahorbo,
D0377,alias,
D0377,JR,
D0377,27,
D0377,karena,
D0377,menganiaya,
D0377,dan,
D0377,mengancam,
D0377,akan,
D0377,membunuh,
D0377,kompetitornya,
D0377,Malum,
D0377,Dimar,
D0377,Sinaga,
D0377,20,
D0377,Begini,
D0377,tampang,
D0377,Jepri,
D0377,Ketika,
D0377,di,
D0377,kantor,
D0377,polisi,
D0377,Dari,
D0377,foto,
D0377,yang,
D0377,diterima,
D0377,detikcom,
D0377,Rabu,
D0377,8122025,
D0377,Jepri,
D0377,terlihat,
D0377,memakai,
D0377,batu,
D0377,tahanan,
D0377,berwarna,
D0377,orange,
D0377,Dia,
D0377,difoto,
D0377,dengan,
D0377,latar,
D0377,belakang,
D0377,Satreskrim,
D0377,Kasat,
D0377,Reskrim,
D0377,Polres,
D0377,Samosir,
D0377,AKP,
D0377,Edward,
D0377,Sidauruk,
D0377,mengatakan,
D0377,peristiwa,
D0377,itu,
D0377,terjadi,
D0377,di,
D0377,perairan,
D0377,Danau,
D0377,Toba,
D0377,tepatnya,
D0377,di,
D0377,Kelurahan,
D0377,Tuktuk,
D0377,Siadong,
D0377,Kecamatan,
D0377,Simanindo,
D0377,Senin,
D0377,61,
D0377,sekira,
D0377,pukul,
D0377,0928,
D0377,WIB,
D0377,Saat,
D0377,itu,
D0377,pelaku,
D0377,menganiaya,
D0377,korban,
D0377,dengan,
D0377,memukul,
D0377,kepala,
D0377,korban,
D0377,sebanyak,
D0377,dua,
D0377,kali,
D0377,meninju,
D0377,bibir,
D0377,memukul,
D0377,telinga,
D0377,dan,
D0377,mencekik,
D0377,leher,
D0377,korban,
D0377,SCROLL,
D0377,TO,
D0377,CONTINUE,
D0377,WITH,
D0377,CONTENT,
D0377,Tersangka,
D0377,juga,
D0377,mencekik,
D0377,leher,
D0377,korban,
D0377,menggunakan,
D0377,kedua,
D0377,tangan,
D0377,tersangka,
D0377,lalu,
D0377,tersangka,
D0377,memukul,
D0377,kuping,
D0377,kiri,
D0377,korban,
D0377,menggunakan,
D0377,tangan,
D0377,kanan,
D0377,tersangka,
D0377,kata,
D0377,Edward,
D0377,Rabu,
D0377,812025,
D0377,Akibat,
D0377,penganiayaan,
D0377,itu,
D0377,kata,
D0377,Edward,
D0377,korban,
D0377,mengalami,
D0377,bengkak,
D0377,di,
D0377,rahang,
D0377,sulit,
D0377,membuka,
D0377,mulut,
D0377,telinga,
D0377,sakit,
D0377,dan,
D0377,bengkak,
D0377,di,
D0377,kepala,
D0377,Setelah,
D0377,menerima,
D0377,laporan,
D0377,korban,
D0377,pihak,
D0377,kepolisian,
D0377,pun,
D0377,menyelidiki,
D0377,kasus,
D0377,tersebut,
D0377,dan,
D0377,menangkap,
D0377,pelaku,
D0377,pada,
D0377,Selasa,
D0377,71,
D0377,Pada,
D0377,hari,
D0377,Selasa,
D0377,Satreskrim,
D0377,Polres,
D0377,Samosir,
D0377,mencari,
D0377,tersangka,
D0377,dan,
D0377,mendapati,
D0377,tersangka,
D0377,Jepri,
D0377,Rumahorbo,
D0377,di,
D0377,tempat,
D0377,kerjanya,
D0377,dan,
D0377,mengamankannya,
D0377,sebutnya,
D0377,Usia,
D0377,ditangkap,
D0377,pelaku,
D0377,diboyong,
D0377,ke,
D0377,Polres,
D0377,Samosir,
D0377,untuk,
D0377,proses,
D0377,pemeriksaan,
D0377,lebih,
D0377,lanjut,
D0377,Edward,
D0377,Sidauruk,
D0377,mengatakan,
D0377,peristiwa,
D0377,itu,
D0377,dipicu,
D0377,karena,
D0377,selisih,
D0377,paham,
D0377,terkait,
D0377,penyediaan,
D0377,jetski,
D0377,Namun,
D0377,penyidik,
D0377,masih,
D0377,mendalami,
D0377,lebih,
D0377,lanjut,
D0377,terkait,
D0377,hal,
D0377,itu,
D0377,Kalau,
D0377,motif,
D0377,tadi,
D0377,pas,
D0377,wawancara,
D0377,selisih,
D0377,paham,
D0377,tapi,
D0377,masih,
D0377,kita,
D0377,dalami,
D0377,Iya,
D0377,terkait,
D0377,itulah,
D0377,penyediaan,
D0377,jetski,
D0377,namanya,
D0377,mereka,
D0377,mengais,
D0377,rezeki,
D0377,di,
D0377,perairan,
D0377,Danau,
D0377,Toba,
D0377,itu,
D0377,kata,
D0377,Edward,
D0377,Edward,
D0377,menyebut,
D0377,pelaku,
D0377,dan,
D0377,korban,
D0377,ini,
D0377,adalah,
D0377,operator,
D0377,jetski,
D0377,Saat,
D0377,ini,
D0377,polisi,
D0377,juga,
D0377,telah,
D0377,menyita,
D0377,jetski,
D0377,tersebut,
D0377,Mereka,
D0377,operator,
D0377,jetski,
D0377,itu,
D0377,jetskinya,
D0377,sudah,
D0377,kita,
D0377,amankan,
D0377,juga,
D0377,sebutnya,
D0378,Penyedia,
D0378,jetski,
D0378,di,
D0378,Danau,
D0378,Toba,
D0378,Kabupaten,
D0378,Samosir,
D0378,Sumatera,
D0378,Utara,
D0378,Sumut,
D0378,JR,
D0378,memukul,
D0378,dan,
D0378,mengancam,
D0378,akan,
D0378,membunuh,
D0378,kompetitornya,
D0378,MS,
D0378,Ini,
D0378,motif,
D0378,penganiayaan,
D0378,tersebut,
D0378,Kasat,
D0378,Reskrim,
D0378,Polres,
D0378,Samosir,
D0378,AKP,
D0378,Edward,
D0378,Sidauruk,
D0378,mengatakan,
D0378,peristiwa,
D0378,itu,
D0378,dipicu,
D0378,karena,
D0378,selisih,
D0378,paham,
D0378,terkait,
D0378,penyediaan,
D0378,jetski,
D0378,Namun,
D0378,penyidik,
D0378,masih,
D0378,mendalami,
D0378,lebih,
D0378,lanjut,
D0378,terkait,
D0378,hal,
D0378,itu,
D0378,Kalau,
D0378,motif,
D0378,tadi,
D0378,pas,
D0378,wawancara,
D0378,selisih,
D0378,paham,
D0378,tapi,
D0378,masih,
D0378,kita,
D0378,dalami,
D0378,Iya,
D0378,terkait,
D0378,itulah,
D0378,penyediaan,
D0378,jetski,
D0378,namanya,
D0378,mereka,
D0378,mengais,
D0378,rezeki,
D0378,di,
D0378,perairan,
D0378,Danau,
D0378,Toba,
D0378,itu,
D0378,kata,
D0378,Edward,
D0378,saat,
D0378,dikonfirmasi,
D0378,detikSumut,
D0378,Rabu,
D0378,812024,
D0378,SCROLL,
D0378,TO,
D0378,CONTINUE,
D0378,WITH,
D0378,CONTENT,
D0378,Edward,
D0378,menyebut,
D0378,JR,
D0378,dan,
D0378,MS,
D0378,ini,
D0378,adalah,
D0378,operator,
D0378,jetski,
D0378,Saat,
D0378,ini,
D0378,polisi,
D0378,juga,
D0378,telah,
D0378,menyita,
D0378,jetski,
D0378,tersebut,
D0378,Mereka,
D0378,operator,
D0378,jetski,
D0378,itu,
D0378,jetskinya,
D0378,sudah,
D0378,kita,
D0378,amankan,
D0378,juga,
D0378,sebutnya,
D0378,Perwira,
D0378,pertama,
D0378,Polri,
D0378,itu,
D0378,mengatakan,
D0378,saat,
D0378,ini,
D0378,pelaku,
D0378,JR,
D0378,telah,
D0378,ditangkap,
D0378,dan,
D0378,dibawa,
D0378,ke,
D0378,Polres,
D0378,Samosir,
D0378,JR,
D0378,ditangkap,
D0378,Selasa,
D0378,71,
D0378,Si,
D0378,terlapornya,
D0378,JR,
D0378,sudah,
D0378,kita,
D0378,tangkap,
D0378,tanggal,
D0378,7,
D0378,Januari,
D0378,sebutnya,
D0378,Edward,
D0378,mengatakan,
D0378,proses,
D0378,kasus,
D0378,tersebut,
D0378,telah,
D0378,naik,
D0378,dari,
D0378,penyelidikan,
D0378,ke,
D0378,tahap,
D0378,penyidikan,
D0378,Saat,
D0378,ini,
D0378,JR,
D0378,juga,
D0378,telah,
D0378,ditetapkan,
D0378,sebagai,
D0378,tersangka,
D0378,Sudah,
D0378,proses,
D0378,penyidikan,
D0378,sudah,
D0378,kita,
D0378,lakukan,
D0378,upaya,
D0378,paksa,
D0378,kemarin,
D0378,sore,
D0378,setelah,
D0378,penyelidikan,
D0378,naik,
D0378,ke,
D0378,penyidikan,
D0378,Sudah,
D0378,tersangka,
D0378,pungkasnya,
D0378,Kasi,
D0378,Humas,
D0378,Polres,
D0378,Samosir,
D0378,Bripka,
D0378,Vandu,
D0378,Marpaung,
D0378,menyebut,
D0378,peristiwa,
D0378,itu,
D0378,terjadi,
D0378,di,
D0378,perairan,
D0378,Danau,
D0378,Toba,
D0378,Kelurahan,
D0378,Tuktuk,
D0378,Siadong,
D0378,Kecamatan,
D0378,Simanindo,
D0378,Senin,
D0378,61,
D0378,pagi,
D0378,Kasus,
D0378,itu,
D0378,lalu,
D0378,dilaporkan,
D0378,ke,
D0378,Polsek,
D0378,Simanindo,
D0378,dan,
D0378,belakangan,
D0378,dilimpahkan,
D0378,ke,
D0378,Polres,
D0378,Samosir,
D0378,Laporan,
D0378,polisi,
D0378,terkait,
D0378,video,
D0378,tersebut,
D0378,sudah,
D0378,diterima,
D0378,Polsek,
D0378,Simanindo,
D0378,dan,
D0378,sudah,
D0378,dilimpahkan,
D0378,ke,
D0378,Satreskrim,
D0378,Polres,
D0378,Samosir,
D0378,pada,
D0378,hari,
D0378,Senin,
D0378,6,
D0378,Januari,
D0378,2025,
D0378,kata,
D0378,Vandu,
D0378,saat,
D0378,dikonfirmasi,
D0378,detikSumut,
D0378,Selasa,
D0378,71,
D0379,Seorang,
D0379,pria,
D0379,berinisial,
D0379,FJ,
D0379,ditikam,
D0379,oleh,
D0379,dua,
D0379,orang,
D0379,tak,
D0379,dikenal,
D0379,OTK,
D0379,Tidak,
D0379,hanya,
D0379,itu,
D0379,kedua,
D0379,pelaku,
D0379,mengaku,
D0379,sebagai,
D0379,anggota,
D0379,sempat,
D0379,melepaskan,
D0379,dua,
D0379,tembakan,
D0379,dengan,
D0379,senjata,
D0379,api,
D0379,Polisi,
D0379,kini,
D0379,tengah,
D0379,menyelidiki,
D0379,peristiwa,
D0379,itu,
D0379,dan,
D0379,memburu,
D0379,kedua,
D0379,pelaku,
D0379,Berikut,
D0379,ini,
D0379,detikSumut,
D0379,hadirkan,
D0379,sejumlah,
D0379,fakta,
D0379,terkini,
D0379,soal,
D0379,peristiwa,
D0379,itu,
D0379,1,
D0379,Saksi,
D0379,Cerita,
D0379,Korban,
D0379,Ditikam,
D0379,4,
D0379,Kali,
D0379,SCROLL,
D0379,TO,
D0379,CONTINUE,
D0379,WITH,
D0379,CONTENT,
D0379,Saksi,
D0379,bernama,
D0379,Haris,
D0379,menceritakan,
D0379,kronologi,
D0379,peristiwa,
D0379,itu,
D0379,Dia,
D0379,awalnya,
D0379,didatangi,
D0379,korban,
D0379,untuk,
D0379,meminta,
D0379,uang,
D0379,sampah,
D0379,Awalnya,
D0379,ada,
D0379,orang,
D0379,datang,
D0379,pakai,
D0379,sepeda,
D0379,motor,
D0379,datang,
D0379,minta,
D0379,uang,
D0379,sampah,
D0379,Biasa,
D0379,setiap,
D0379,bulan,
D0379,memang,
D0379,ada,
D0379,uang,
D0379,sampah,
D0379,cerita,
D0379,saksi,
D0379,Haris,
D0379,saat,
D0379,ditemui,
D0379,di,
D0379,lokasi,
D0379,Senin,
D0379,612025,
D0379,Haris,
D0379,pun,
D0379,meminta,
D0379,kwitansi,
D0379,sebagai,
D0379,bukti,
D0379,telah,
D0379,membayar,
D0379,uang,
D0379,iuran,
D0379,sampah,
D0379,Pria,
D0379,itu,
D0379,lalu,
D0379,kembali,
D0379,ke,
D0379,sepeda,
D0379,motor,
D0379,untuk,
D0379,mengambil,
D0379,kwitansi,
D0379,bukti,
D0379,iuran,
D0379,sampah,
D0379,Tak,
D0379,lama,
D0379,datang,
D0379,dua,
D0379,pria,
D0379,berjaket,
D0379,hitam,
D0379,dengan,
D0379,sepeda,
D0379,motor,
D0379,Tanpa,
D0379,basabasi,
D0379,korban,
D0379,langsung,
D0379,ditikam,
D0379,pada,
D0379,bagian,
D0379,punggung,
D0379,sebanyak,
D0379,2,
D0379,kali,
D0379,Korban,
D0379,masuk,
D0379,saya,
D0379,bilang,
D0379,keluar,
D0379,saja,
D0379,Jangan,
D0379,buat,
D0379,masalah,
D0379,di,
D0379,sini,
D0379,kan,
D0379,tidak,
D0379,mau,
D0379,saya,
D0379,ada,
D0379,masalah,
D0379,dan,
D0379,korban,
D0379,ini,
D0379,keluar,
D0379,kata,
D0379,saksi,
D0379,2,
D0379,Pelaku,
D0379,Lepas,
D0379,Tembakan,
D0379,Dijelaskan,
D0379,Haris,
D0379,saat,
D0379,akan,
D0379,naik,
D0379,ke,
D0379,sepeda,
D0379,motor,
D0379,korban,
D0379,kembali,
D0379,ditikam,
D0379,2,
D0379,kali,
D0379,Namun,
D0379,tidak,
D0379,lama,
D0379,kemudian,
D0379,sepeda,
D0379,motor,
D0379,pelaku,
D0379,ditabrak,
D0379,angkot,
D0379,yang,
D0379,tengah,
D0379,melintas,
D0379,dan,
D0379,motor,
D0379,tertahan,
D0379,Saat,
D0379,itu,
D0379,pelaku,
D0379,gedorgedor,
D0379,mobil,
D0379,oplet,
D0379,ini,
D0379,karena,
D0379,motornya,
D0379,nggak,
D0379,bisa,
D0379,keluar,
D0379,Lalu,
D0379,dengar,
D0379,saya,
D0379,suara,
D0379,letusan,
D0379,senjata,
D0379,api,
D0379,ada,
D0379,mungkin,
D0379,itu,
D0379,kaca,
D0379,oplet,
D0379,pecah,
D0379,katanya,
D0379,Tembakan,
D0379,kedua,
D0379,kembali,
D0379,diletuskan,
D0379,saat,
D0379,kedua,
D0379,pelaku,
D0379,kabur,
D0379,Kedua,
D0379,pelaku,
D0379,panik,
D0379,karena,
D0379,warga,
D0379,semakin,
D0379,ramai,
D0379,Saya,
D0379,lihat,
D0379,itu,
D0379,sekali,
D0379,tembakan,
D0379,ke,
D0379,atas,
D0379,dan,
D0379,suara,
D0379,sekali,
D0379,Jadi,
D0379,ada,
D0379,2,
D0379,kali,
D0379,tembakan,
D0379,lari,
D0379,mereka,
D0379,katanya,
D0379,3,
D0379,Pelaku,
D0379,Ngaku,
D0379,Anggota,
D0379,Saksi,
D0379,lain,
D0379,Andrian,
D0379,seorang,
D0379,sopir,
D0379,angkot,
D0379,menyebut,
D0379,pelaku,
D0379,sempat,
D0379,mengaku,
D0379,sebagai,
D0379,anggota,
D0379,Andrian,
D0379,mengaku,
D0379,awalnya,
D0379,datang,
D0379,dari,
D0379,arah,
D0379,Pasar,
D0379,Tangor,
D0379,menuju,
D0379,Kulim,
D0379,Namun,
D0379,setiba,
D0379,di,
D0379,lokasi,
D0379,ia,
D0379,melihat,
D0379,ada,
D0379,keributan,
D0379,dan,
D0379,orang,
D0379,ditikam,
D0379,oleh,
D0379,para,
D0379,pelaku,
D0379,Awalnya,
D0379,saya,
D0379,dari,
D0379,arah,
D0379,pasar,
D0379,mau,
D0379,ke,
D0379,Kulim,
D0379,Saya,
D0379,nampak,
D0379,ada,
D0379,orang,
D0379,kena,
D0379,tikam,
D0379,ya,
D0379,saya,
D0379,tolong,
D0379,kata,
D0379,Andrian,
D0379,Tanpa,
D0379,pikir,
D0379,panjang,
D0379,Andrian,
D0379,langsung,
D0379,memutar,
D0379,kemudinya,
D0379,ke,
D0379,arah,
D0379,sepeda,
D0379,motor,
D0379,pelaku,
D0379,Saat,
D0379,itu,
D0379,motor,
D0379,pelaku,
D0379,yang,
D0379,coba,
D0379,kabur,
D0379,terus,
D0379,dipepet,
D0379,dan,
D0379,jatuh,
D0379,tersungkur,
D0379,Dalam,
D0379,kondisi,
D0379,dipepet,
D0379,pelaku,
D0379,lain,
D0379,datang,
D0379,dan,
D0379,langsung,
D0379,menodongkan,
D0379,senjata,
D0379,api,
D0379,Andrian,
D0379,mundur,
D0379,karena,
D0379,sempat,
D0379,dengar,
D0379,ada,
D0379,suara,
D0379,letusan,
D0379,senjata,
D0379,api,
D0379,Orang,
D0379,ni,
D0379,lari,
D0379,saya,
D0379,kejar,
D0379,kiranya,
D0379,ada,
D0379,kawan,
D0379,dia,
D0379,nunggu,
D0379,keluarkan,
D0379,senjata,
D0379,senjata,
D0379,api,
D0379,Habis,
D0379,keluarkan,
D0379,senjata,
D0379,ya,
D0379,saya,
D0379,mundur,
D0379,senjata,
D0379,jenis,
D0379,apa,
D0379,saya,
D0379,enggak,
D0379,tahu,
D0379,Ada,
D0379,tembakan,
D0379,cuma,
D0379,arah,
D0379,ke,
D0379,atas,
D0379,Kaca,
D0379,cuma,
D0379,ditokok,
D0379,pakai,
D0379,tongkat,
D0379,tegas,
D0379,Andrian,
D0379,Tak,
D0379,sampai,
D0379,di,
D0379,situ,
D0379,seorang,
D0379,pelaku,
D0379,yang,
D0379,memakai,
D0379,penutup,
D0379,wajah,
D0379,dan,
D0379,helm,
D0379,coba,
D0379,menyerang,
D0379,Andrian,
D0379,Bahkan,
D0379,ada,
D0379,pukulan,
D0379,pertama,
D0379,sempat,
D0379,nyaris,
D0379,mengenai,
D0379,saksi,
D0379,Ada,
D0379,satu,
D0379,kali,
D0379,diserang,
D0379,dia,
D0379,ninju,
D0379,Pas,
D0379,ninju,
D0379,ngakunya,
D0379,anggota,
D0379,saya,
D0379,anggota,
D0379,dia,
D0379,bilang,
D0379,gitu,
D0379,Ya,
D0379,kalau,
D0379,anggota,
D0379,enggak,
D0379,mungkinlah,
D0379,kayak,
D0379,gitu,
D0379,masa,
D0379,helm,
D0379,tidak,
D0379,dibuka,
D0379,imbuh,
D0379,Andrian,
D0379,menaruh,
D0379,curiga,
D0379,Andrian,
D0379,mengaku,
D0379,tak,
D0379,tahu,
D0379,persis,
D0379,apakah,
D0379,pelaku,
D0379,merupakan,
D0379,anggota,
D0379,Polri,
D0379,atau,
D0379,TNI,
D0379,Termasuk,
D0379,anggota,
D0379,dari,
D0379,kesatuan,
D0379,lain,
D0379,karena,
D0379,langsung,
D0379,kabur,
D0379,Bukan,
D0379,anggota,
D0379,polisi,
D0379,enggak,
D0379,cuma,
D0379,bilang,
D0379,saya,
D0379,anggota,
D0379,gitu,
D0379,saja,
D0379,katanya,
D0379,4,
D0379,Polisi,
D0379,Buru,
D0379,Pelaku,
D0379,Kasat,
D0379,Reskrim,
D0379,Polresta,
D0379,Pekanbaru,
D0379,Kompol,
D0379,Berry,
D0379,Juana,
D0379,mengatakan,
D0379,pihaknya,
D0379,kini,
D0379,memburu,
D0379,dua,
D0379,pelaku,
D0379,penikaman,
D0379,terhadap,
D0379,warga,
D0379,di,
D0379,Jalan,
D0379,Hang,
D0379,Tuah,
D0379,Pekanbaru,
D0379,Kami,
D0379,masih,
D0379,identifikasi,
D0379,korban,
D0379,karena,
D0379,kan,
D0379,ini,
D0379,belum,
D0379,ada,
D0379,laporan,
D0379,Iya,
D0379,lagi,
D0379,kita,
D0379,kejar,
D0379,pelaku,
D0379,ucapnya,
D0379,Berry,
D0379,mengaku,
D0379,tim,
D0379,telah,
D0379,memeriksa,
D0379,saksisaksi,
D0379,dan,
D0379,melakukan,
D0379,olah,
D0379,TKP,
D0379,Hasilnya,
D0379,benar,
D0379,ada,
D0379,warga,
D0379,ditikam,
D0379,orang,
D0379,tak,
D0379,dikenal,
D0379,hingga,
D0379,melepaskan,
D0379,tembakan,
D0379,sebanyak,
D0379,2,
D0379,kali,
D0379,Informasi,
D0379,saksisaksi,
D0379,memang,
D0379,korbannya,
D0379,ditikam,
D0379,secara,
D0379,tibatiba,
D0379,Ada,
D0379,juga,
D0379,melepas,
D0379,tembakan,
D0379,2,
D0379,kali,
D0379,diduga,
D0379,senjata,
D0379,api,
D0379,imbuh,
D0379,Berry,
D0379,Fakta,
D0379,Berikutnya,
D0379,di,
D0379,Halaman,
D0379,Selanjutnya,
D0379,5,
D0379,Ada,
D0379,Lubang,
D0379,Peluru,
D0379,di,
D0379,Mobil,
D0379,Angkot,
D0379,Saksi,
D0379,Polisi,
D0379,menemukan,
D0379,ada,
D0379,bekas,
D0379,tembakan,
D0379,kecil,
D0379,di,
D0379,kaca,
D0379,mobil,
D0379,angkot,
D0379,Andria,
D0379,saksi,
D0379,yang,
D0379,coba,
D0379,menghadang,
D0379,pelaku,
D0379,Kasat,
D0379,Reskrim,
D0379,Polresta,
D0379,Pekanbaru,
D0379,Kompol,
D0379,Bery,
D0379,Juana,
D0379,mengatakan,
D0379,ada,
D0379,lubang,
D0379,tepat,
D0379,pada,
D0379,kaca,
D0379,mobil,
D0379,angkot,
D0379,Lubang,
D0379,itu,
D0379,diduga,
D0379,bekas,
D0379,tembakan,
D0379,dari,
D0379,pelaku,
D0379,Ada,
D0379,lubang,
D0379,tembus,
D0379,kaca,
D0379,mobil,
D0379,oplet,
D0379,atau,
D0379,angkot,
D0379,yang,
D0379,menghadang,
D0379,pelaku,
D0379,Kondisi,
D0379,tembus,
D0379,di,
D0379,kacanya,
D0379,kata,
D0379,Bery,
D0379,di,
D0379,Pekanbaru,
D0379,Selasa,
D0379,712025,
D0379,Meskipun,
D0379,begitu,
D0379,hasil,
D0379,olah,
D0379,TKP,
D0379,di,
D0379,lokasi,
D0379,tak,
D0379,ditemukan,
D0379,adanya,
D0379,selongsong,
D0379,peluru,
D0379,Polisi,
D0379,pun,
D0379,telah,
D0379,memeriksa,
D0379,saksisaksi,
D0379,di,
D0379,lokasi,
D0379,untuk,
D0379,memastikan,
D0379,ciriciri,
D0379,pelaku,
D0379,penikaman,
D0379,hingga,
D0379,motif,
D0379,Saksisaksi,
D0379,dan,
D0379,korban,
D0379,masih,
D0379,terus,
D0379,kami,
D0379,periksa,
D0379,Motif,
D0379,apa,
D0379,juga,
D0379,belum,
D0379,tahu,
D0379,tegas,
D0379,Bery,
D0379,6,
D0379,Korban,
D0379,Eks,
D0379,Honorer,
D0379,DLHK,
D0379,Pekanbaru,
D0379,Korban,
D0379,ternyata,
D0379,mantan,
D0379,honorer,
D0379,di,
D0379,Dinas,
D0379,LHK,
D0379,Pekanbaru,
D0379,Sejak,
D0379,dua,
D0379,bulan,
D0379,lalu,
D0379,korban,
D0379,diberhentikan,
D0379,dari,
D0379,tempatnya,
D0379,bekerja,
D0379,Korban,
D0379,berinisial,
D0379,FJ,
D0379,mantan,
D0379,honorer,
D0379,di,
D0379,DLHK,
D0379,Pekanbaru,
D0379,tegas,
D0379,Bery,
D0379,Juana,
D0379,Selasa,
D0379,712025,
D0379,Bery,
D0379,mengatakan,
D0379,FJ,
D0379,telah,
D0379,diberhentikan,
D0379,sejak,
D0379,2,
D0379,bulan,
D0379,lalu,
D0379,FJ,
D0379,sebelumnya,
D0379,tugas,
D0379,sebagai,
D0379,penarikan,
D0379,retribusi,
D0379,sampah,
D0379,dari,
D0379,Dinas,
D0379,LHK,
D0379,Pekanbaru,
D0379,Informasi,
D0379,FJ,
D0379,ini,
D0379,sudah,
D0379,diberhentikan,
D0379,dan,
D0379,sudah,
D0379,kita,
D0379,mintai,
D0379,keterangan,
D0379,Sudah,
D0379,juga,
D0379,olah,
D0379,TKP,
D0379,bersama,
D0379,labfor,
D0379,dan,
D0379,dari,
D0379,Polsek,
D0379,Tenayan,
D0379,Raya,
D0379,kata,
D0379,Bery,
D0380,Alfredo,
D0380,Kaban,
D0380,dan,
D0380,ayahnya,
D0380,Bakti,
D0380,Kaban,
D0380,ditangkap,
D0380,polisi,
D0380,usai,
D0380,menikam,
D0380,tetangganya,
D0380,Matius,
D0380,Ginting,
D0380,hingga,
D0380,tewas,
D0380,Persoalan,
D0380,tiga,
D0380,tahun,
D0380,lalu,
D0380,menjadi,
D0380,pemicu,
D0380,ayah,
D0380,dan,
D0380,anak,
D0380,menganiaya,
D0380,korban,
D0380,hingga,
D0380,tewas,
D0380,Peristiwa,
D0380,itu,
D0380,terjadi,
D0380,pada,
D0380,Jumat,
D0380,31,
D0380,lalu,
D0380,di,
D0380,Dusun,
D0380,II,
D0380,Desa,
D0380,Sukamaju,
D0380,Kecamatan,
D0380,Sunggal,
D0380,Kabupaten,
D0380,Deli,
D0380,Serdang,
D0380,Korban,
D0380,sempat,
D0380,dilarikan,
D0380,ke,
D0380,Rumah,
D0380,Sakit,
D0380,Bethesta,
D0380,sebelum,
D0380,menghembuskan,
D0380,nafas,
D0380,terakhir,
D0380,Piket,
D0380,Unit,
D0380,Reskrim,
D0380,Polsek,
D0380,Sunggal,
D0380,mendapat,
D0380,informasi,
D0380,bahwasannya,
D0380,ada,
D0380,korban,
D0380,penusukan,
D0380,sedang,
D0380,berada,
D0380,di,
D0380,RS,
D0380,Bethesta,
D0380,Jalan,
D0380,MedanBinjai,
D0380,Km,
D0380,108,
D0380,kata,
D0380,Kapolrestabes,
D0380,Medan,
D0380,Kombes,
D0380,Gidion,
D0380,Arif,
D0380,Setyawan,
D0380,SCROLL,
D0380,TO,
D0380,CONTINUE,
D0380,WITH,
D0380,CONTENT,
D0380,Mendapat,
D0380,informasi,
D0380,itu,
D0380,tim,
D0380,dari,
D0380,Polsek,
D0380,Sunggal,
D0380,kemudian,
D0380,mendatangi,
D0380,RS,
D0380,Bethesda,
D0380,dan,
D0380,mendapati,
D0380,korban,
D0380,sudah,
D0380,meninggal,
D0380,dunia,
D0380,Berdasarkan,
D0380,keterangan,
D0380,saksi,
D0380,bernama,
D0380,Linda,
D0380,dia,
D0380,mendengar,
D0380,ada,
D0380,keributan,
D0380,dan,
D0380,melihat,
D0380,banyak,
D0380,warga,
D0380,yang,
D0380,datang,
D0380,ke,
D0380,lokasi,
D0380,kejadian,
D0380,Pada,
D0380,saat,
D0380,ia,
D0380,mendatangi,
D0380,TKP,
D0380,ia,
D0380,melihat,
D0380,korban,
D0380,sudah,
D0380,berlumuran,
D0380,darah,
D0380,di,
D0380,dalam,
D0380,parit,
D0380,bersama,
D0380,pelaku,
D0380,Bakti,
D0380,Kaban,
D0380,dan,
D0380,korban,
D0380,meminta,
D0380,tolong,
D0380,kepadanya,
D0380,untuk,
D0380,dibawakan,
D0380,ke,
D0380,Klinik,
D0380,Bidan,
D0380,Saksi,
D0380,Nirwana,
D0380,ucapnya,
D0380,Linda,
D0380,kemudian,
D0380,membawa,
D0380,MG,
D0380,ke,
D0380,klinik,
D0380,dengan,
D0380,mengendarai,
D0380,sepeda,
D0380,motor,
D0380,Namun,
D0380,karena,
D0380,tidak,
D0380,sadar,
D0380,MG,
D0380,kemudian,
D0380,dibawa,
D0380,ke,
D0380,Rumah,
D0380,Sakit,
D0380,Bethesda,
D0380,menggunakan,
D0380,mobil,
D0380,milik,
D0380,saksi,
D0380,lain,
D0380,Setibanya,
D0380,di,
D0380,Klinik,
D0380,milik,
D0380,Saksi,
D0380,Nirwana,
D0380,saksi,
D0380,Nirwana,
D0380,melihat,
D0380,korban,
D0380,sudah,
D0380,tidak,
D0380,sadarkan,
D0380,diri,
D0380,dan,
D0380,langsung,
D0380,mengajak,
D0380,Saksi,
D0380,Ezra,
D0380,dan,
D0380,Saksi,
D0380,Egi,
D0380,untuk,
D0380,membawa,
D0380,korban,
D0380,menggunakan,
D0380,mobil,
D0380,miliknya,
D0380,ke,
D0380,RS,
D0380,Bethesda,
D0380,setibanya,
D0380,di,
D0380,RS,
D0380,Bethesda,
D0380,korban,
D0380,sudah,
D0380,dinyatakan,
D0380,meninggal,
D0380,dunia,
D0380,ujarnya,
D0380,Kemudian,
D0380,tim,
D0380,mencari,
D0380,informasi,
D0380,tentang,
D0380,keberadaan,
D0380,rumah,
D0380,pelaku,
D0380,saat,
D0380,dilakukan,
D0380,penggeledahan,
D0380,di,
D0380,rumah,
D0380,pelaku,
D0380,dalam,
D0380,keadaan,
D0380,sudah,
D0380,kosong,
D0380,dikarenakan,
D0380,para,
D0380,pelaku,
D0380,sudah,
D0380,melarikan,
D0380,diri,
D0380,ujarnya,
D0380,Polisi,
D0380,kemudian,
D0380,mencari,
D0380,informasi,
D0380,dan,
D0380,diketahui,
D0380,jika,
D0380,keduanya,
D0380,berada,
D0380,di,
D0380,salah,
D0380,satu,
D0380,hotel,
D0380,di,
D0380,Kecamatan,
D0380,Medan,
D0380,Tuntungan,
D0380,Kedua,
D0380,pelaku,
D0380,menyewa,
D0380,satu,
D0380,kamar,
D0380,sebagai,
D0380,lokasi,
D0380,persembunyian,
D0380,Unit,
D0380,Reskrim,
D0380,Polsek,
D0380,Sunggal,
D0380,berhasil,
D0380,mengamankan,
D0380,kedua,
D0380,pelaku,
D0380,beserta,
D0380,barang,
D0380,selanjutnya,
D0380,membawa,
D0380,para,
D0380,pelaku,
D0380,dan,
D0380,barang,
D0380,bukti,
D0380,ke,
D0380,Polsek,
D0380,Sunggal,
D0380,untuk,
D0380,proses,
D0380,penyidikan,
D0380,sebutnya,
D0380,Penyebab,
D0380,Pelaku,
D0380,Aniaya,
D0380,Korban,
D0380,hingga,
D0380,Tewas,
D0380,di,
D0380,Halaman,
D0380,Berikutnya,
D0380,Kapolsek,
D0380,Medan,
D0380,Sunggal,
D0380,Kompol,
D0380,Bambang,
D0380,G,
D0380,Hutabarat,
D0380,menceritakan,
D0380,kronologi,
D0380,tewasnya,
D0380,Matius,
D0380,Ginting,
D0380,Peristiwa,
D0380,itu,
D0380,menurut,
D0380,dia,
D0380,berawal,
D0380,saat,
D0380,itu,
D0380,pelaku,
D0380,Bakti,
D0380,Kaban,
D0380,tengah,
D0380,minum,
D0380,teh,
D0380,di,
D0380,salah,
D0380,satu,
D0380,warung,
D0380,Dusun,
D0380,II,
D0380,Desa,
D0380,Suka,
D0380,Maju,
D0380,Kecamatan,
D0380,Sunggal,
D0380,Lalu,
D0380,korban,
D0380,datang,
D0380,dengan,
D0380,naik,
D0380,sepeda,
D0380,motor,
D0380,berhenti,
D0380,di,
D0380,depan,
D0380,warung,
D0380,lalu,
D0380,memarkirkan,
D0380,sepeda,
D0380,motornya,
D0380,kemudian,
D0380,korban,
D0380,masuk,
D0380,ke,
D0380,dalam,
D0380,warung,
D0380,bertemu,
D0380,dengan,
D0380,pelaku,
D0380,Bakti,
D0380,Kaban,
D0380,kata,
D0380,Bambang,
D0380,Pada,
D0380,saat,
D0380,itu,
D0380,kata,
D0380,Bambang,
D0380,korban,
D0380,mengangkat,
D0380,bajunya,
D0380,seolaholah,
D0380,ingin,
D0380,menantang,
D0380,Setelah,
D0380,itu,
D0380,korban,
D0380,pergi,
D0380,ke,
D0380,depan,
D0380,warung,
D0380,Selang,
D0380,beberapa,
D0380,waktu,
D0380,pelaku,
D0380,Alfredo,
D0380,Kaban,
D0380,datang,
D0380,ke,
D0380,warung,
D0380,tersebut,
D0380,sambil,
D0380,menggendong,
D0380,bayinya,
D0380,dan,
D0380,hendak,
D0380,menyerahkannya,
D0380,kepada,
D0380,pelaku,
D0380,Bakti,
D0380,Kaban,
D0380,ayahnya,
D0380,Namun,
D0380,saat,
D0380,itu,
D0380,Kaban,
D0380,meminta,
D0380,cucunya,
D0380,itu,
D0380,untuk,
D0380,dibawa,
D0380,pulang,
D0380,karena,
D0380,sudah,
D0380,malam,
D0380,Lalu,
D0380,saat,
D0380,pelaku,
D0380,Alfredo,
D0380,hendak,
D0380,pulang,
D0380,dia,
D0380,berpapasan,
D0380,dengan,
D0380,korban,
D0380,Saat,
D0380,itu,
D0380,korban,
D0380,membuka,
D0380,jok,
D0380,sepeda,
D0380,motornya,
D0380,dan,
D0380,mengatakan,
D0380,ingin,
D0380,menghajar,
D0380,pelaku,
D0380,Dalam,
D0380,keadaan,
D0380,emosi,
D0380,pelaku,
D0380,Alfredo,
D0380,pulang,
D0380,ke,
D0380,rumah,
D0380,membawa,
D0380,anaknya,
D0380,namun,
D0380,diikuti,
D0380,dari,
D0380,belakang,
D0380,oleh,
D0380,korban,
D0380,jelasnya,
D0380,Setelah,
D0380,itu,
D0380,pelaku,
D0380,Alfredo,
D0380,menemui,
D0380,korban,
D0380,yang,
D0380,berada,
D0380,tidak,
D0380,jauh,
D0380,dari,
D0380,rumahnya,
D0380,sambil,
D0380,membawa,
D0380,pisau,
D0380,Pada,
D0380,saat,
D0380,itu,
D0380,pelaku,
D0380,Bakti,
D0380,Kaban,
D0380,juga,
D0380,ternyata,
D0380,telah,
D0380,berada,
D0380,di,
D0380,dekat,
D0380,korban,
D0380,Kemudian,
D0380,korban,
D0380,turun,
D0380,dari,
D0380,sepeda,
D0380,motornya,
D0380,dan,
D0380,membuka,
D0380,joknya,
D0380,Pada,
D0380,saat,
D0380,itu,
D0380,pelaku,
D0380,Bakti,
D0380,Kaban,
D0380,langsung,
D0380,menikam,
D0380,korban,
D0380,sebanyak,
D0380,dua,
D0380,kali,
D0380,di,
D0380,rusuknya,
D0380,Sempat,
D0380,terjadi,
D0380,dorongdorongan,
D0380,antara,
D0380,korban,
D0380,dan,
D0380,pelaku,
D0380,Bakti,
D0380,Lalu,
D0380,pelaku,
D0380,Alfredo,
D0380,menikam,
D0380,punggung,
D0380,dan,
D0380,paha,
D0380,korban,
D0380,Selain,
D0380,itu,
D0380,Alfredo,
D0380,juga,
D0380,memukul,
D0380,dan,
D0380,menendang,
D0380,korban,
D0380,Pelaku,
D0380,Alfredo,
D0380,memukul,
D0380,dan,
D0380,menendang,
D0380,korban,
D0380,sehingga,
D0380,korban,
D0380,tersandar,
D0380,ke,
D0380,parit,
D0380,Lalu,
D0380,pelaku,
D0380,Bakti,
D0380,Kaban,
D0380,menikam,
D0380,leher,
D0380,sebelah,
D0380,kanan,
D0380,korban,
D0380,satu,
D0380,kali,
D0380,dan,
D0380,tengkuk,
D0380,korban,
D0380,satu,
D0380,kali,
D0380,ujarnya,
D0380,Setelah,
D0380,kejadian,
D0380,pelaku,
D0380,Alfredo,
D0380,membonceng,
D0380,bapaknya,
D0380,menggunakan,
D0380,sepeda,
D0380,motor,
D0380,dan,
D0380,pergi,
D0380,melarikan,
D0380,diri,
D0380,Pihak,
D0380,kepolisian,
D0380,lalu,
D0380,menyelidiki,
D0380,kasus,
D0380,tersebut,
D0380,dan,
D0380,menangkap,
D0380,para,
D0380,pelaku,
D0380,di,
D0380,salah,
D0380,satu,
D0380,hotel,
D0380,di,
D0380,Jalan,
D0380,Jamin,
D0380,Ginting,
D0380,Sabtu,
D0380,41,
D0380,Usai,
D0380,ditangkap,
D0380,para,
D0380,pelaku,
D0380,diboyong,
D0380,ke,
D0380,Polsek,
D0380,Medan,
D0380,Sunggal,
D0380,Berdasarkan,
D0380,hasil,
D0380,penyelidikan,
D0380,kata,
D0380,Bambang,
D0380,antara,
D0380,pelaku,
D0380,dan,
D0380,korban,
D0380,ini,
D0380,memang,
D0380,sudah,
D0380,memiliki,
D0380,masalah,
D0380,Sejak,
D0380,tiga,
D0380,tahun,
D0380,yang,
D0380,lalu,
D0380,telah,
D0380,ada,
D0380,masalah,
D0380,antara,
D0380,Alfredo,
D0380,Kaban,
D0380,dengan,
D0380,korban,
D0380,di,
D0380,mana,
D0380,korban,
D0380,menuduh,
D0380,Alfredo,
D0380,berpacaran,
D0380,dalam,
D0380,gereja,
D0380,dan,
D0380,sudah,
D0380,dicoba,
D0380,diselesaikan,
D0380,pihak,
D0380,gereja,
D0380,namun,
D0380,korban,
D0380,tidak,
D0380,mau,
D0380,menyelesaikan,
D0380,dan,
D0380,sejak,
D0380,itu,
D0380,korban,
D0380,setiap,
D0380,bertemu,
D0380,dengan,
D0380,pelaku,
D0380,Alfredo,
D0380,Kaban,
D0380,selalu,
D0380,mengancam,
D0380,akan,
D0380,menghantamnya,
D0380,bersama,
D0380,keluarganya,
D0380,dan,
D0380,sejak,
D0380,saat,
D0380,itulah,
D0380,hubungan,
D0380,korban,
D0380,dengan,
D0380,pelaku,
D0380,tidak,
D0380,baik,
D0380,pungkasnya,
D0381,Seorang,
D0381,pria,
D0381,bernama,
D0381,Ignasius,
D0381,Leto,
D0381,diserang,
D0381,menggunakan,
D0381,panah,
D0381,oleh,
D0381,sejumlah,
D0381,pria,
D0381,Akibatnya,
D0381,Ignasius,
D0381,terluka,
D0381,di,
D0381,bagian,
D0381,wajah,
D0381,dan,
D0381,pinggangnya,
D0381,Peristiwa,
D0381,itu,
D0381,terjadi,
D0381,di,
D0381,wilayah,
D0381,Tini,
D0381,RT,
D0381,11,
D0381,RW,
D0381,02,
D0381,Kelurahan,
D0381,Manuaman,
D0381,Kecamatan,
D0381,Atambua,
D0381,Selatan,
D0381,Kabupaten,
D0381,Belu,
D0381,Nusa,
D0381,Tenggara,
D0381,Timur,
D0381,NTT,
D0381,Senin,
D0381,612025,
D0381,Kejadiannya,
D0381,kemarin,
D0381,sore,
D0381,menjelang,
D0381,malam,
D0381,Korban,
D0381,dipanah,
D0381,di,
D0381,bagian,
D0381,muka,
D0381,dan,
D0381,pinggangnya,
D0381,ujar,
D0381,Kapolres,
D0381,Belu,
D0381,AKBP,
D0381,Benny,
D0381,Miniani,
D0381,Arief,
D0381,Selasa,
D0381,712025,
D0381,Mantan,
D0381,Kapolres,
D0381,Sumba,
D0381,Barat,
D0381,itu,
D0381,menuturkan,
D0381,kejadian,
D0381,tersebut,
D0381,berawal,
D0381,saat,
D0381,Ignaisius,
D0381,sedang,
D0381,duduk,
D0381,di,
D0381,lokasi,
D0381,kejadian,
D0381,Tak,
D0381,lama,
D0381,kemudian,
D0381,dia,
D0381,didatangi,
D0381,oleh,
D0381,seorang,
D0381,pria,
D0381,dengan,
D0381,teman,
D0381,wanitanya,
D0381,SCROLL,
D0381,TO,
D0381,CONTINUE,
D0381,WITH,
D0381,CONTENT,
D0381,Pria,
D0381,itu,
D0381,lantas,
D0381,menanyakan,
D0381,kepada,
D0381,Ignasius,
D0381,mengapa,
D0381,mengganggu,
D0381,wanita,
D0381,tersebut,
D0381,Saat,
D0381,itu,
D0381,langsung,
D0381,terjadi,
D0381,keributan,
D0381,lantaran,
D0381,Ignasius,
D0381,merasa,
D0381,tidak,
D0381,melakukan,
D0381,perbuatan,
D0381,seperti,
D0381,yang,
D0381,dituduhkan,
D0381,Setelah,
D0381,keributan,
D0381,pria,
D0381,dan,
D0381,wanita,
D0381,itu,
D0381,langsung,
D0381,kabur,
D0381,meninggalkan,
D0381,lokasi,
D0381,kejadian,
D0381,Sesaat,
D0381,kemudian,
D0381,pria,
D0381,tersebut,
D0381,datang,
D0381,bersama,
D0381,dua,
D0381,rekannya,
D0381,untuk,
D0381,mencari,
D0381,Ignasius,
D0381,Lantas,
D0381,terjadi,
D0381,pertengkaran,
D0381,hingga,
D0381,Ignasius,
D0381,dipanah,
D0381,di,
D0381,bagian,
D0381,pinggang,
D0381,dan,
D0381,wajah,
D0381,Setelah,
D0381,itu,
D0381,para,
D0381,pelaku,
D0381,langsung,
D0381,melarikan,
D0381,diri,
D0381,dari,
D0381,lokasi,
D0381,kejadian,
D0381,Ignasius,
D0381,yang,
D0381,terkena,
D0381,panah,
D0381,sebanyak,
D0381,dua,
D0381,kali,
D0381,langsung,
D0381,dilarikan,
D0381,ke,
D0381,Rumah,
D0381,Sakit,
D0381,Umum,
D0381,Daerah,
D0381,RSUD,
D0381,Atambua,
D0381,untuk,
D0381,mendapat,
D0381,perawatan,
D0381,medis,
D0381,Temanteman,
D0381,penyidik,
D0381,masih,
D0381,melakukan,
D0381,pengejaran,
D0381,terhadap,
D0381,para,
D0381,pelaku,
D0381,tutur,
D0381,Benny,
D0381,Sementara,
D0381,Kasat,
D0381,Reskrim,
D0381,Polres,
D0381,Belu,
D0381,Iptu,
D0381,Rio,
D0381,Rinaldy,
D0381,Panggabean,
D0381,mengatakan,
D0381,polisi,
D0381,masih,
D0381,memeriksa,
D0381,sejumlah,
D0381,saksi,
D0381,Pelaku,
D0381,Rio,
D0381,berujar,
D0381,sudah,
D0381,diidentifikasi,
D0381,dan,
D0381,masih,
D0381,dalam,
D0381,pengejaran,
D0381,tim,
D0381,Satreskrim,
D0381,Polres,
D0381,Belu,
D0381,Untuk,
D0381,korbannya,
D0381,masih,
D0381,dalam,
D0381,penanganan,
D0381,medis,
D0381,di,
D0381,RSUD,
D0381,Atambua,
D0381,Namun,
D0381,pelaku,
D0381,sudah,
D0381,diidentifikasi,
D0381,tetapi,
D0381,masih,
D0381,dalam,
D0381,pengejaran,
D0381,pungkas,
D0381,mantan,
D0381,Kasat,
D0381,Reskrim,
D0381,Polres,
D0381,Sumba,
D0381,Barat,
D0381,Daya,
D0381,itu,
D0382,Seorang,
D0382,Pekerja,
D0382,Seks,
D0382,Komersial,
D0382,PSK,
D0382,di,
D0382,Kota,
D0382,Medan,
D0382,Sumatera,
D0382,Utara,
D0382,Sumut,
D0382,Marina,
D0382,Simamora,
D0382,22,
D0382,mencuri,
D0382,sepeda,
D0382,motor,
D0382,pelanggannya,
D0382,Pihak,
D0382,kepolisian,
D0382,pun,
D0382,menangkap,
D0382,Marina,
D0382,atas,
D0382,kejadian,
D0382,itu,
D0382,Kanit,
D0382,Reskrim,
D0382,Polsek,
D0382,Tuntungan,
D0382,Iptu,
D0382,Syawal,
D0382,Sitepu,
D0382,mengatakan,
D0382,peristiwa,
D0382,itu,
D0382,berawal,
D0382,saat,
D0382,korban,
D0382,inisial,
D0382,DS,
D0382,33,
D0382,memesan,
D0382,pelaku,
D0382,di,
D0382,pinggir,
D0382,Jalan,
D0382,Setiabudi,
D0382,Ujung,
D0382,Kecamatan,
D0382,Medan,
D0382,Tuntungan,
D0382,Kamis,
D0382,21112024,
D0382,sekira,
D0382,pukul,
D0382,0430,
D0382,WIB,
D0382,Setelah,
D0382,itu,
D0382,keduanya,
D0382,masuk,
D0382,ke,
D0382,salah,
D0382,satu,
D0382,hotel,
D0382,dan,
D0382,berhubungan,
D0382,badan,
D0382,Yang,
D0382,mana,
D0382,korban,
D0382,dan,
D0382,pelaku,
D0382,masuk,
D0382,ke,
D0382,kamar,
D0382,hotel,
D0382,kemudian,
D0382,korban,
D0382,tidur,
D0382,kata,
D0382,Syawal,
D0382,Selasa,
D0382,712025,
D0382,SCROLL,
D0382,TO,
D0382,CONTINUE,
D0382,WITH,
D0382,CONTENT,
D0382,Lalu,
D0382,saat,
D0382,korban,
D0382,tertidur,
D0382,pelaku,
D0382,mengambil,
D0382,sepeda,
D0382,motor,
D0382,korban,
D0382,dan,
D0382,membawanya,
D0382,kabur,
D0382,Selang,
D0382,beberapa,
D0382,waktu,
D0382,korban,
D0382,terbangun,
D0382,dari,
D0382,tidurnya,
D0382,dan,
D0382,sadar,
D0382,bahwa,
D0382,sepeda,
D0382,motornya,
D0382,telah,
D0382,hilang,
D0382,dari,
D0382,kamar,
D0382,tersebut,
D0382,Setelah,
D0382,kejadian,
D0382,itu,
D0382,korban,
D0382,membuat,
D0382,laporan,
D0382,ke,
D0382,Polsek,
D0382,Tuntungan,
D0382,Pihak,
D0382,kepolisian,
D0382,pun,
D0382,menyelidiki,
D0382,kasus,
D0382,tersebut,
D0382,dan,
D0382,menangkap,
D0382,pelaku,
D0382,di,
D0382,depan,
D0382,salah,
D0382,satu,
D0382,hotel,
D0382,di,
D0382,Jalan,
D0382,Setiabudi,
D0382,Ujung,
D0382,pada,
D0382,Selasa,
D0382,21,
D0382,Usai,
D0382,ditangkap,
D0382,pelaku,
D0382,diboyong,
D0382,ke,
D0382,kantor,
D0382,polisi,
D0382,untuk,
D0382,proses,
D0382,pemeriksaan,
D0382,lebih,
D0382,lanjut,
D0382,Saat,
D0382,diinterogasi,
D0382,pelaku,
D0382,mengakui,
D0382,telah,
D0382,mencuri,
D0382,motor,
D0382,korban,
D0382,dan,
D0382,meminta,
D0382,temannya,
D0382,untuk,
D0382,menjual,
D0382,motor,
D0382,tersebut,
D0382,Saat,
D0382,diinterogasi,
D0382,pelaku,
D0382,mengakui,
D0382,perbuatanya,
D0382,yang,
D0382,mana,
D0382,sepeda,
D0382,motor,
D0382,milik,
D0382,korban,
D0382,dijual,
D0382,oleh,
D0382,teman,
D0382,pelaku,
D0382,bernama,
D0382,Tika,
D0382,Saputri,
D0382,kepada,
D0382,seseorang,
D0382,yang,
D0382,tidak,
D0382,diketahuinya,
D0382,Pelaku,
D0382,mendapat,
D0382,bagian,
D0382,hasil,
D0382,dari,
D0382,penjualan,
D0382,sepeda,
D0382,motor,
D0382,tersebut,
D0382,sebesar,
D0382,Rp,
D0382,500,
D0382,ribu,
D0382,pungkasnya,
D0383,Polisi,
D0383,mengungkap,
D0383,identitas,
D0383,pria,
D0383,yang,
D0383,ditikam,
D0383,orang,
D0383,tak,
D0383,dikenal,
D0383,OTK,
D0383,hingga,
D0383,melepas,
D0383,tembakan,
D0383,di,
D0383,Pekanbaru,
D0383,Riau,
D0383,Korban,
D0383,ternyata,
D0383,mantan,
D0383,honorer,
D0383,di,
D0383,Dinas,
D0383,LHK,
D0383,Pekanbaru,
D0383,Korban,
D0383,berinisial,
D0383,FJ,
D0383,mantan,
D0383,honorer,
D0383,di,
D0383,DLHK,
D0383,Pekanbaru,
D0383,tegas,
D0383,Kasat,
D0383,Reakrim,
D0383,Polresta,
D0383,Pekanbaru,
D0383,Kompol,
D0383,Bery,
D0383,Juana,
D0383,Selasa,
D0383,712025,
D0383,SCROLL,
D0383,TO,
D0383,CONTINUE,
D0383,WITH,
D0383,CONTENT,
D0383,Bery,
D0383,mengatakan,
D0383,FJ,
D0383,telah,
D0383,diberhentikan,
D0383,sejak,
D0383,2,
D0383,bulan,
D0383,lalu,
D0383,FJ,
D0383,sebelumnya,
D0383,tugas,
D0383,sebagai,
D0383,penarikan,
D0383,retribusi,
D0383,sampah,
D0383,dari,
D0383,Dinas,
D0383,LHK,
D0383,Pekanbaru,
D0383,Informasi,
D0383,FJ,
D0383,ini,
D0383,sudah,
D0383,diberhentikan,
D0383,dan,
D0383,sudah,
D0383,kita,
D0383,mintai,
D0383,keterangan,
D0383,Sudah,
D0383,juga,
D0383,olah,
D0383,TKP,
D0383,bersama,
D0383,labfor,
D0383,dan,
D0383,dari,
D0383,Polsek,
D0383,Tenayan,
D0383,Raya,
D0383,kata,
D0383,Bery,
D0383,Sebelumnya,
D0383,aksi,
D0383,penikaman,
D0383,menimpa,
D0383,FJ,
D0383,saat,
D0383,mengutip,
D0383,retribusi,
D0383,sampah,
D0383,di,
D0383,Jalan,
D0383,Hang,
D0383,Tuah,
D0383,Pekanbaru,
D0383,Senin,
D0383,61,
D0383,kemarin,
D0383,Tak,
D0383,lama,
D0383,datang,
D0383,2,
D0383,orang,
D0383,tidak,
D0383,dikenal,
D0383,dan,
D0383,langsung,
D0383,menikam,
D0383,FJ,
D0383,Tidak,
D0383,sampai,
D0383,di,
D0383,situ,
D0383,pelaku,
D0383,juga,
D0383,sempat,
D0383,melepaskan,
D0383,2,
D0383,kali,
D0383,tembakan,
D0383,Spontan,
D0383,peristiwa,
D0383,itu,
D0383,membuat,
D0383,heboh,
D0383,masyarakat,
D0383,setempat,
D0383,Polisi,
D0383,yang,
D0383,menerima,
D0383,laporan,
D0383,langsung,
D0383,ke,
D0383,lokasi,
D0383,untuk,
D0383,melakukan,
D0383,olah,
D0383,TKP,
D0383,Selain,
D0383,itu,
D0383,sejumlah,
D0383,bukti,
D0383,dan,
D0383,keterangan,
D0383,saksisaksi,
D0383,juga,
D0383,telah,
D0383,dikumpulkan,
D0384,Seorang,
D0384,bocah,
D0384,berusia,
D0384,13,
D0384,tahun,
D0384,jadi,
D0384,korban,
D0384,dugaan,
D0384,penganiayaan,
D0384,yang,
D0384,dilakukan,
D0384,pengasuh,
D0384,pondok,
D0384,pesantren,
D0384,di,
D0384,Kabupaten,
D0384,Pesawaran,
D0384,Provinsi,
D0384,Lampung,
D0384,Korban,
D0384,dan,
D0384,dua,
D0384,rekannya,
D0384,diduga,
D0384,dianiaya,
D0384,usai,
D0384,kepergok,
D0384,mencuri,
D0384,uang,
D0384,Kasatreskrim,
D0384,Polres,
D0384,Pesawaran,
D0384,Iptu,
D0384,Defrat,
D0384,Aulia,
D0384,Afrat,
D0384,mengatakan,
D0384,penganiayaan,
D0384,itu,
D0384,terjadi,
D0384,Sabtu,
D0384,412025,
D0384,lalu,
D0384,Korban,
D0384,diduga,
D0384,dianiaya,
D0384,usai,
D0384,mengambil,
D0384,uang,
D0384,atas,
D0384,perintah,
D0384,temannya,
D0384,Dari,
D0384,hasil,
D0384,pengakuan,
D0384,korban,
D0384,A,
D0384,peristiwa,
D0384,ini,
D0384,berawal,
D0384,A,
D0384,dan,
D0384,dua,
D0384,rekannya,
D0384,yakni,
D0384,AZ,
D0384,dan,
D0384,AD,
D0384,bermain,
D0384,Kemudian,
D0384,AZ,
D0384,menyuruh,
D0384,korban,
D0384,dan,
D0384,AD,
D0384,untuk,
D0384,mencuri,
D0384,uang,
D0384,di,
D0384,kamar,
D0384,terlapor,
D0384,atau,
D0384,pelaku,
D0384,yakni,
D0384,HD,
D0384,katanya,
D0384,Senin,
D0384,612025,
D0384,SCROLL,
D0384,TO,
D0384,CONTINUE,
D0384,WITH,
D0384,CONTENT,
D0384,Aksi,
D0384,bocahbocah,
D0384,tersebut,
D0384,pun,
D0384,dipergoki,
D0384,pelaku,
D0384,dan,
D0384,menangkap,
D0384,mereka,
D0384,yang,
D0384,mencoba,
D0384,kabur,
D0384,Hanya,
D0384,A,
D0384,yang,
D0384,berhasil,
D0384,tertangkap,
D0384,pelapor,
D0384,Jadi,
D0384,pas,
D0384,masuk,
D0384,itu,
D0384,dipergoki,
D0384,tapi,
D0384,temanteman,
D0384,korban,
D0384,ini,
D0384,berhasil,
D0384,kabur,
D0384,Sementara,
D0384,si,
D0384,A,
D0384,ini,
D0384,tertangkap,
D0384,oleh,
D0384,terlapor,
D0384,Saat,
D0384,itu,
D0384,pelaku,
D0384,langsung,
D0384,mengambil,
D0384,tali,
D0384,dan,
D0384,mengikat,
D0384,tubuhnya,
D0384,sambil,
D0384,disuruh,
D0384,mengakui,
D0384,perbuatannya,
D0384,jelas,
D0384,dia,
D0384,Korban,
D0384,yang,
D0384,sudah,
D0384,diikat,
D0384,dan,
D0384,tak,
D0384,berkutik,
D0384,kemudian,
D0384,dipukuli,
D0384,di,
D0384,beberapa,
D0384,bagian,
D0384,tubuhnya,
D0384,terutama,
D0384,bagian,
D0384,wajah,
D0384,Ppelaku,
D0384,juga,
D0384,memanaskan,
D0384,pisau,
D0384,untuk,
D0384,ditempelkan,
D0384,ke,
D0384,kulit,
D0384,korban,
D0384,Di,
D0384,sini,
D0384,dia,
D0384,diikat,
D0384,dan,
D0384,dianiaya,
D0384,korban,
D0384,mendapatkan,
D0384,sejumlah,
D0384,penganiayaan,
D0384,mulai,
D0384,dari,
D0384,dipukul,
D0384,membenturkan,
D0384,kepalanya,
D0384,ke,
D0384,lantai,
D0384,dan,
D0384,menempelkan,
D0384,pisau,
D0384,yang,
D0384,dipanaskan,
D0384,terlebih,
D0384,dahulu,
D0384,dengan,
D0384,menggunakan,
D0384,korek,
D0384,gas,
D0384,tutur,
D0384,Defrat,
D0384,Akibat,
D0384,kejadian,
D0384,itu,
D0384,korban,
D0384,mengalami,
D0384,luka,
D0384,lebam,
D0384,pada,
D0384,wajah,
D0384,bibir,
D0384,pecah,
D0384,dan,
D0384,kulit,
D0384,mengelupas,
D0384,Orang,
D0384,tua,
D0384,korban,
D0384,yang,
D0384,mengetahui,
D0384,anaknya,
D0384,dianiaya,
D0384,pun,
D0384,akhirnya,
D0384,membuat,
D0384,laporan,
D0384,ke,
D0384,Mapolres,
D0384,Pesawaran,
D0384,Hal,
D0384,ini,
D0384,mengakibatkan,
D0384,korban,
D0384,mengalami,
D0384,luka,
D0384,lebam,
D0384,di,
D0384,bagian,
D0384,wajah,
D0384,sebelah,
D0384,kiri,
D0384,bibir,
D0384,sebelah,
D0384,kiri,
D0384,luka,
D0384,bakar,
D0384,melepuh,
D0384,dibagian,
D0384,punggung,
D0384,pinggang,
D0384,lengan,
D0384,kanan,
D0384,bagian,
D0384,atas,
D0384,dada,
D0384,sebelah,
D0384,kanan,
D0384,dan,
D0384,kaki,
D0384,sebelah,
D0384,kanan,
D0384,imbuhnya,
D0385,Seorang,
D0385,ayah,
D0385,bernama,
D0385,Bakti,
D0385,Kaban,
D0385,dan,
D0385,anaknya,
D0385,Alfredo,
D0385,Kaban,
D0385,ditangkap,
D0385,pihak,
D0385,kepolisian,
D0385,di,
D0385,Deli,
D0385,Serdang,
D0385,Sumatera,
D0385,Utara,
D0385,Sumut,
D0385,Keduanya,
D0385,diringkus,
D0385,setelah,
D0385,menikam,
D0385,tetangganya,
D0385,sendiri,
D0385,berinisial,
D0385,MG,
D0385,44,
D0385,hingga,
D0385,tewas,
D0385,Aksi,
D0385,sadis,
D0385,itu,
D0385,diketahui,
D0385,terjadi,
D0385,di,
D0385,Dusun,
D0385,II,
D0385,Desa,
D0385,Sukamaju,
D0385,Kecamatan,
D0385,Sunggal,
D0385,Deli,
D0385,Serdang,
D0385,Jumat,
D0385,312025,
D0385,sekitar,
D0385,pukul,
D0385,1800,
D0385,WIB,
D0385,Kapolrestabes,
D0385,Medan,
D0385,Kombes,
D0385,Gidion,
D0385,Arif,
D0385,Setyawan,
D0385,mengatakan,
D0385,peristiwa,
D0385,itu,
D0385,diketahui,
D0385,pihaknya,
D0385,usai,
D0385,mendapat,
D0385,informasi,
D0385,bahwa,
D0385,ada,
D0385,korban,
D0385,penusukan,
D0385,di,
D0385,Rumah,
D0385,Sakit,
D0385,RS,
D0385,Bethesta,
D0385,Piket,
D0385,Unit,
D0385,Reskrim,
D0385,Polsek,
D0385,Sunggal,
D0385,mendapat,
D0385,informasi,
D0385,bahwasannya,
D0385,ada,
D0385,korban,
D0385,penusukan,
D0385,sedang,
D0385,berada,
D0385,di,
D0385,RS,
D0385,Bethesta,
D0385,Jalan,
D0385,MedanBinjai,
D0385,Km,
D0385,108,
D0385,kata,
D0385,Gidion,
D0385,Arif,
D0385,Setyawan,
D0385,Senin,
D0385,61,
D0385,SCROLL,
D0385,TO,
D0385,CONTINUE,
D0385,WITH,
D0385,CONTENT,
D0385,Gidion,
D0385,menyebut,
D0385,setelah,
D0385,mendapat,
D0385,informasi,
D0385,itu,
D0385,petugas,
D0385,langsung,
D0385,meluncur,
D0385,ke,
D0385,rumah,
D0385,sakit,
D0385,dan,
D0385,mendapati,
D0385,korban,
D0385,sudah,
D0385,meninggal,
D0385,dunia,
D0385,Berdasarkan,
D0385,keterangan,
D0385,saksi,
D0385,bernama,
D0385,Linda,
D0385,dia,
D0385,mendengar,
D0385,ada,
D0385,keributan,
D0385,dan,
D0385,melihat,
D0385,banyak,
D0385,warga,
D0385,yang,
D0385,datang,
D0385,ke,
D0385,lokasi,
D0385,kejadian,
D0385,Pada,
D0385,saat,
D0385,ianya,
D0385,mendatangi,
D0385,TKP,
D0385,ianya,
D0385,melihat,
D0385,korban,
D0385,sudah,
D0385,berlumuran,
D0385,darah,
D0385,di,
D0385,dalam,
D0385,parit,
D0385,bersama,
D0385,pelaku,
D0385,Bakti,
D0385,Kaban,
D0385,dan,
D0385,korban,
D0385,meminta,
D0385,tolong,
D0385,kepadanya,
D0385,untuk,
D0385,dibawakan,
D0385,ke,
D0385,Klinik,
D0385,Bidan,
D0385,Saksi,
D0385,Nirwana,
D0385,ucapnya,
D0385,Linda,
D0385,lalu,
D0385,membawa,
D0385,MG,
D0385,ke,
D0385,klinik,
D0385,dengan,
D0385,mengendarai,
D0385,sepeda,
D0385,motor,
D0385,Tapi,
D0385,karena,
D0385,tidak,
D0385,sadar,
D0385,MG,
D0385,kemudian,
D0385,dibawa,
D0385,ke,
D0385,Rumah,
D0385,Sakit,
D0385,Bethesda,
D0385,menggunakan,
D0385,mobil,
D0385,milik,
D0385,saksi,
D0385,lain,
D0385,Setibanya,
D0385,di,
D0385,Klinik,
D0385,milik,
D0385,Saksi,
D0385,Nirwana,
D0385,saksi,
D0385,Nirwana,
D0385,melihat,
D0385,korban,
D0385,sudah,
D0385,tidak,
D0385,sadarkan,
D0385,diri,
D0385,dan,
D0385,langsung,
D0385,mengajak,
D0385,Saksi,
D0385,Ezra,
D0385,dan,
D0385,Saksi,
D0385,Egi,
D0385,untuk,
D0385,membawa,
D0385,korban,
D0385,menggunakan,
D0385,mobil,
D0385,miliknya,
D0385,ke,
D0385,RS,
D0385,Bethesda,
D0385,setibanya,
D0385,di,
D0385,RS,
D0385,Bethesda,
D0385,korban,
D0385,sudah,
D0385,dinyatakan,
D0385,meninggal,
D0385,dunia,
D0385,ujarnya,
D0385,Polsek,
D0385,Sunggal,
D0385,selanjutnya,
D0385,menyelidiki,
D0385,peristiwa,
D0385,penikaman,
D0385,tersebut,
D0385,Petugas,
D0385,lalu,
D0385,mendapat,
D0385,informasi,
D0385,jika,
D0385,pelaku,
D0385,terdiri,
D0385,dari,
D0385,ayah,
D0385,dan,
D0385,anaknya,
D0385,Mereka,
D0385,yakni,
D0385,Bakti,
D0385,Kaban,
D0385,ayah,
D0385,dan,
D0385,Alfredo,
D0385,Kaban,
D0385,anak,
D0385,Kemudian,
D0385,tim,
D0385,mencari,
D0385,informasi,
D0385,tentang,
D0385,keberadaan,
D0385,rumah,
D0385,pelaku,
D0385,saat,
D0385,dilakukan,
D0385,penggeledahan,
D0385,di,
D0385,rumah,
D0385,pelaku,
D0385,dalam,
D0385,keadaan,
D0385,sudah,
D0385,kosong,
D0385,dikarenakan,
D0385,para,
D0385,pelaku,
D0385,sudah,
D0385,melarikan,
D0385,diri,
D0385,ujarnya,
D0385,Polisi,
D0385,lalu,
D0385,mencari,
D0385,informasi,
D0385,dan,
D0385,diketahui,
D0385,bahwa,
D0385,kedua,
D0385,pelaku,
D0385,berada,
D0385,di,
D0385,salah,
D0385,satu,
D0385,hotel,
D0385,di,
D0385,Kecamatan,
D0385,Medan,
D0385,Tuntungan,
D0385,Kedua,
D0385,pelaku,
D0385,menyewa,
D0385,satu,
D0385,kamar,
D0385,sebagai,
D0385,lokasi,
D0385,persembunyian,
D0385,Unit,
D0385,Reskrim,
D0385,Polsek,
D0385,Sunggal,
D0385,berhasil,
D0385,mengamankan,
D0385,kedua,
D0385,pelaku,
D0385,beserta,
D0385,barang,
D0385,selanjutnya,
D0385,membawa,
D0385,para,
D0385,pelaku,
D0385,dan,
D0385,barang,
D0385,bukti,
D0385,ke,
D0385,Polsek,
D0385,Sunggal,
D0385,untuk,
D0385,proses,
D0385,penyidikan,
D0385,sebutnya,
D0385,Para,
D0385,pelaku,
D0385,terancam,
D0385,melanggar,
D0385,Pasal,
D0385,338,
D0385,yo,
D0385,340,
D0385,sub,
D0385,351,
D0385,ayat,
D0385,3,
D0385,KUHPidana,
D0385,Saat,
D0385,ini,
D0385,para,
D0385,pelaku,
D0385,sudah,
D0385,berada,
D0385,di,
D0385,Polsek,
D0385,Sunggal,
D0386,Seorang,
D0386,sopir,
D0386,angkutan,
D0386,kota,
D0386,atau,
D0386,angkot,
D0386,Andrian,
D0386,menjadi,
D0386,salah,
D0386,satu,
D0386,saksi,
D0386,2,
D0386,orang,
D0386,tak,
D0386,dikenal,
D0386,OTK,
D0386,menikam,
D0386,warga,
D0386,dan,
D0386,melepaskan,
D0386,tembakan,
D0386,di,
D0386,Jalan,
D0386,Hang,
D0386,Tuah,
D0386,Pekanbaru,
D0386,Andrian,
D0386,menyebut,
D0386,pelaku,
D0386,sempat,
D0386,mengaku,
D0386,sebagai,
D0386,anggota,
D0386,Andrian,
D0386,mengaku,
D0386,awalnya,
D0386,datang,
D0386,dari,
D0386,arah,
D0386,Pasar,
D0386,Tangor,
D0386,menuju,
D0386,Kulim,
D0386,Namun,
D0386,setiba,
D0386,di,
D0386,lokasi,
D0386,ia,
D0386,melihat,
D0386,ada,
D0386,keributan,
D0386,dan,
D0386,orang,
D0386,ditikam,
D0386,oleh,
D0386,para,
D0386,pelaku,
D0386,Awalnya,
D0386,saya,
D0386,dari,
D0386,arah,
D0386,pasar,
D0386,mau,
D0386,ke,
D0386,Kulim,
D0386,Saya,
D0386,nampak,
D0386,ada,
D0386,orang,
D0386,kena,
D0386,tikam,
D0386,ya,
D0386,saya,
D0386,tolong,
D0386,kata,
D0386,Andrian,
D0386,membuka,
D0386,cerita,
D0386,Senin,
D0386,612025,
D0386,SCROLL,
D0386,TO,
D0386,CONTINUE,
D0386,WITH,
D0386,CONTENT,
D0386,Tanpa,
D0386,pikir,
D0386,panjang,
D0386,Andrian,
D0386,langsung,
D0386,memutar,
D0386,kemudinya,
D0386,ke,
D0386,arah,
D0386,sepeda,
D0386,motor,
D0386,pelaku,
D0386,Saat,
D0386,itu,
D0386,motor,
D0386,pelaku,
D0386,yang,
D0386,coba,
D0386,kabur,
D0386,terus,
D0386,dipepet,
D0386,dan,
D0386,jatuh,
D0386,tersungkur,
D0386,Dalam,
D0386,kondisi,
D0386,dipepet,
D0386,pelaku,
D0386,lain,
D0386,datang,
D0386,dan,
D0386,langsung,
D0386,menodongkan,
D0386,senjata,
D0386,api,
D0386,Andrian,
D0386,mundur,
D0386,karena,
D0386,sempat,
D0386,dengar,
D0386,ada,
D0386,suara,
D0386,letusan,
D0386,senjata,
D0386,api,
D0386,Orang,
D0386,ni,
D0386,lari,
D0386,saya,
D0386,kejar,
D0386,kiranya,
D0386,ada,
D0386,kawan,
D0386,dia,
D0386,nunggu,
D0386,keluarkan,
D0386,senjata,
D0386,senjata,
D0386,api,
D0386,Habis,
D0386,keluarkan,
D0386,senjata,
D0386,ya,
D0386,saya,
D0386,mundur,
D0386,senjata,
D0386,jenis,
D0386,apa,
D0386,saya,
D0386,nggak,
D0386,tahu,
D0386,Ada,
D0386,tembakan,
D0386,cuma,
D0386,arah,
D0386,ke,
D0386,atas,
D0386,Kaca,
D0386,cuma,
D0386,ditokok,
D0386,pakai,
D0386,tongkat,
D0386,tegas,
D0386,Andrian,
D0386,Tak,
D0386,sampai,
D0386,disitu,
D0386,seorang,
D0386,pelaku,
D0386,yang,
D0386,memakai,
D0386,penutup,
D0386,wajah,
D0386,dan,
D0386,helm,
D0386,coba,
D0386,menyerang,
D0386,Andrian,
D0386,Bahkan,
D0386,ada,
D0386,pukulan,
D0386,pertama,
D0386,sempat,
D0386,nyaris,
D0386,mengenai,
D0386,saksi,
D0386,Ada,
D0386,satu,
D0386,kali,
D0386,diserang,
D0386,dia,
D0386,ninju,
D0386,Pas,
D0386,ninju,
D0386,ngakunya,
D0386,anggota,
D0386,saya,
D0386,anggota,
D0386,dia,
D0386,bilang,
D0386,gitu,
D0386,Ya,
D0386,kalau,
D0386,anggota,
D0386,nggak,
D0386,mungkinlah,
D0386,kayak,
D0386,gitu,
D0386,masa,
D0386,helm,
D0386,tidak,
D0386,dibuka,
D0386,imbuh,
D0386,Andrian,
D0386,menaruh,
D0386,curiga,
D0386,Andrian,
D0386,mengaku,
D0386,tak,
D0386,tahu,
D0386,persis,
D0386,apakah,
D0386,pelaku,
D0386,merupakan,
D0386,anggota,
D0386,Polri,
D0386,atau,
D0386,TNI,
D0386,Termasuk,
D0386,anggota,
D0386,dari,
D0386,kesatuan,
D0386,lain,
D0386,karena,
D0386,langsung,
D0386,kabur,
D0386,Bukan,
D0386,anggota,
D0386,polisi,
D0386,nggak,
D0386,cuma,
D0386,bilang,
D0386,saya,
D0386,anggota,
D0386,gitu,
D0386,saja,
D0386,katanya,
D0386,Selengkapnya,
D0386,di,
D0386,Halaman,
D0386,Berikutnya,
D0386,Kasat,
D0386,Reskrim,
D0386,Polresta,
D0386,Pekanbaru,
D0386,Kompol,
D0386,Berry,
D0386,Juana,
D0386,mengatakan,
D0386,pihaknya,
D0386,tengah,
D0386,melakukan,
D0386,pengejaran,
D0386,terhadap,
D0386,kedua,
D0386,pelaku,
D0386,Kami,
D0386,masih,
D0386,identifikasi,
D0386,korban,
D0386,karena,
D0386,kan,
D0386,ini,
D0386,belum,
D0386,ada,
D0386,laporan,
D0386,Iya,
D0386,lagi,
D0386,kita,
D0386,kejar,
D0386,pelaku,
D0386,ucap,
D0386,Kompol,
D0386,Berry,
D0386,Berry,
D0386,mengaku,
D0386,tim,
D0386,telah,
D0386,memeriksa,
D0386,saksisaksi,
D0386,dan,
D0386,melakukan,
D0386,olah,
D0386,TKP,
D0386,Hasilnya,
D0386,benar,
D0386,ada,
D0386,warga,
D0386,ditikam,
D0386,orang,
D0386,tak,
D0386,dikenal,
D0386,hingga,
D0386,melepaskan,
D0386,tembakan,
D0386,sebanyak,
D0386,2,
D0386,kali,
D0386,Informasi,
D0386,saksisaksi,
D0386,memang,
D0386,korbannya,
D0386,ditikam,
D0386,secara,
D0386,tibatiba,
D0386,Ada,
D0386,juga,
D0386,melepas,
D0386,tembakan,
D0386,2,
D0386,kali,
D0386,diduga,
D0386,senjata,
D0386,api,
D0386,imbuh,
D0386,Berry,
D0386,Untuk,
D0386,memastikan,
D0386,para,
D0386,pelaku,
D0386,dan,
D0386,motif,
D0386,jajaran,
D0386,Satreskrim,
D0386,kini,
D0386,sedang,
D0386,menuju,
D0386,ke,
D0386,rumah,
D0386,korban,
D0386,Hal,
D0386,ini,
D0386,untuk,
D0386,mendapatkan,
D0386,keterangan,
D0386,soal,
D0386,insiden,
D0386,tersebut,
D0386,Korban,
D0386,tadi,
D0386,kami,
D0386,dapat,
D0386,informasi,
D0386,dibawa,
D0386,ke,
D0386,rumah,
D0386,sakit,
D0386,oleh,
D0386,keluarga,
D0386,Sekarang,
D0386,ini,
D0386,sedang,
D0386,ke,
D0386,lokasi,
D0386,untuk,
D0386,minta,
D0386,keterangan,
D0386,korban,
D0386,Termasuk,
D0386,motif,
D0386,belum,
D0386,tahu,
D0386,tegas,
D0386,Berry,
D0387,Polisi,
D0387,memburu,
D0387,dua,
D0387,pelaku,
D0387,penikaman,
D0387,terhadap,
D0387,warga,
D0387,di,
D0387,Jalan,
D0387,Hang,
D0387,Tuah,
D0387,Pekanbaru,
D0387,Apalagi,
D0387,setelah,
D0387,menikam,
D0387,dua,
D0387,orang,
D0387,tak,
D0387,dikenal,
D0387,OTK,
D0387,itu,
D0387,melepaskan,
D0387,tembakan,
D0387,ke,
D0387,udara,
D0387,Kami,
D0387,masih,
D0387,identifikasi,
D0387,korban,
D0387,karena,
D0387,kan,
D0387,ini,
D0387,belum,
D0387,ada,
D0387,laporan,
D0387,Iya,
D0387,lagi,
D0387,kita,
D0387,kejar,
D0387,pelaku,
D0387,ucap,
D0387,Kasat,
D0387,Reskrim,
D0387,Polresta,
D0387,Pekanbaru,
D0387,Kompol,
D0387,Berry,
D0387,Juana,
D0387,di,
D0387,lokasi,
D0387,Senin,
D0387,612025,
D0387,Berry,
D0387,mengaku,
D0387,tim,
D0387,telah,
D0387,memeriksa,
D0387,saksisaksi,
D0387,dan,
D0387,melakukan,
D0387,olah,
D0387,TKP,
D0387,Hasilnya,
D0387,benar,
D0387,ada,
D0387,warga,
D0387,ditikam,
D0387,orang,
D0387,tak,
D0387,dikenal,
D0387,hingga,
D0387,melepaskan,
D0387,tembakan,
D0387,sebanyak,
D0387,2,
D0387,kali,
D0387,SCROLL,
D0387,TO,
D0387,CONTINUE,
D0387,WITH,
D0387,CONTENT,
D0387,Informasi,
D0387,saksisaksi,
D0387,memang,
D0387,korbannya,
D0387,ditikam,
D0387,secara,
D0387,tibatiba,
D0387,Ada,
D0387,juga,
D0387,melepas,
D0387,tembakan,
D0387,2,
D0387,kali,
D0387,diduga,
D0387,senjata,
D0387,api,
D0387,imbuh,
D0387,Berry,
D0387,Untuk,
D0387,memastikan,
D0387,para,
D0387,pelaku,
D0387,dan,
D0387,motif,
D0387,jajaran,
D0387,Satreskrim,
D0387,kini,
D0387,sedang,
D0387,menuju,
D0387,ke,
D0387,rumah,
D0387,korban,
D0387,Hal,
D0387,ini,
D0387,untuk,
D0387,mendapatkan,
D0387,keterangan,
D0387,soal,
D0387,insiden,
D0387,tersebut,
D0387,Korban,
D0387,tadi,
D0387,kami,
D0387,dapat,
D0387,informasi,
D0387,dibawa,
D0387,ke,
D0387,rumah,
D0387,sakit,
D0387,oleh,
D0387,keluarga,
D0387,Sekarang,
D0387,ini,
D0387,sedang,
D0387,ke,
D0387,lokasi,
D0387,untuk,
D0387,minta,
D0387,keterangan,
D0387,korban,
D0387,Termasuk,
D0387,motif,
D0387,belum,
D0387,tahu,
D0387,tegas,
D0387,Berry,
D0387,Sebelumnya,
D0387,warga,
D0387,Jalan,
D0387,Hang,
D0387,Tuah,
D0387,Kota,
D0387,Pekanbaru,
D0387,dibuat,
D0387,heboh,
D0387,dengan,
D0387,aksi,
D0387,pria,
D0387,tak,
D0387,dikenal,
D0387,menikam,
D0387,warga,
D0387,Tak,
D0387,hanya,
D0387,itu,
D0387,pelaku,
D0387,juga,
D0387,membawa,
D0387,senjata,
D0387,api,
D0387,hingga,
D0387,menembak,
D0387,ke,
D0387,udara,
D0387,Informasi,
D0387,dihimpun,
D0387,detikSumut,
D0387,aksi,
D0387,itu,
D0387,terjadi,
D0387,sekitar,
D0387,pukul,
D0387,1430,
D0387,WIB,
D0387,Terlihat,
D0387,dalam,
D0387,video,
D0387,beredar,
D0387,pria,
D0387,dengan,
D0387,sepeda,
D0387,motor,
D0387,menggunakan,
D0387,jaket,
D0387,serba,
D0387,hitam,
D0387,di,
D0387,lokasi,
D0387,ramai,
D0387,Pria,
D0387,itu,
D0387,menenteng,
D0387,benda,
D0387,mirip,
D0387,senjata,
D0387,api,
D0387,tangan,
D0387,kiri,
D0387,berjalan,
D0387,di,
D0387,tengah,
D0387,keramaian,
D0387,Di,
D0387,lokasi,
D0387,juga,
D0387,terlihat,
D0387,ada,
D0387,yanv,
D0387,mengiringi,
D0387,pria,
D0387,tersebut,
D0387,pakai,
D0387,sepeda,
D0387,motor,
D0387,matic,
D0388,Warga,
D0388,Jalan,
D0388,Hang,
D0388,Tuah,
D0388,Kota,
D0388,Pekanbaru,
D0388,dibuat,
D0388,heboh,
D0388,dengan,
D0388,aksi,
D0388,pria,
D0388,tak,
D0388,dikenal,
D0388,menikam,
D0388,warga,
D0388,Tak,
D0388,hanya,
D0388,itu,
D0388,pelaku,
D0388,juga,
D0388,membawa,
D0388,senjata,
D0388,api,
D0388,hingga,
D0388,menembak,
D0388,ke,
D0388,udara,
D0388,Informasi,
D0388,dihimpun,
D0388,detikSumut,
D0388,aksi,
D0388,itu,
D0388,terjadi,
D0388,sekitar,
D0388,pukul,
D0388,1430,
D0388,WIB,
D0388,Terlihat,
D0388,dalam,
D0388,video,
D0388,beredar,
D0388,pria,
D0388,dengan,
D0388,sepeda,
D0388,motor,
D0388,menggunakan,
D0388,jaket,
D0388,serba,
D0388,hitam,
D0388,di,
D0388,lokasi,
D0388,ramai,
D0388,Pria,
D0388,itu,
D0388,menenteng,
D0388,benda,
D0388,mirip,
D0388,senjata,
D0388,api,
D0388,tangan,
D0388,kiri,
D0388,berjalan,
D0388,di,
D0388,tengah,
D0388,keramaian,
D0388,Di,
D0388,lokasi,
D0388,juga,
D0388,terlihat,
D0388,ada,
D0388,yang,
D0388,mengiringi,
D0388,pria,
D0388,tersebut,
D0388,pakai,
D0388,sepeda,
D0388,motor,
D0388,matic,
D0388,SCROLL,
D0388,TO,
D0388,CONTINUE,
D0388,WITH,
D0388,CONTENT,
D0388,Awalnya,
D0388,ada,
D0388,orang,
D0388,datang,
D0388,pakai,
D0388,sepeda,
D0388,motor,
D0388,datang,
D0388,minta,
D0388,uang,
D0388,sampah,
D0388,Biasa,
D0388,setiap,
D0388,bulan,
D0388,memang,
D0388,ada,
D0388,uang,
D0388,sampah,
D0388,cerita,
D0388,saksi,
D0388,Haris,
D0388,saat,
D0388,ditemui,
D0388,di,
D0388,lokasi,
D0388,Senin,
D0388,612025,
D0388,Haris,
D0388,pun,
D0388,meminta,
D0388,kwitansi,
D0388,sebagai,
D0388,bukti,
D0388,telah,
D0388,membayar,
D0388,uang,
D0388,iuran,
D0388,sampah,
D0388,Pria,
D0388,itu,
D0388,lalu,
D0388,kembali,
D0388,ke,
D0388,sepeda,
D0388,motor,
D0388,untuk,
D0388,mengambil,
D0388,kwitansi,
D0388,bukti,
D0388,iuran,
D0388,sampah,
D0388,Tak,
D0388,lama,
D0388,datang,
D0388,dua,
D0388,pria,
D0388,berjaket,
D0388,hitam,
D0388,dengan,
D0388,sepeda,
D0388,motor,
D0388,Tanpa,
D0388,basabasi,
D0388,korban,
D0388,langsung,
D0388,ditikam,
D0388,pada,
D0388,bagian,
D0388,punggung,
D0388,sebanyak,
D0388,2,
D0388,kali,
D0388,Korban,
D0388,masuk,
D0388,saya,
D0388,bilang,
D0388,keluar,
D0388,saja,
D0388,Jangan,
D0388,buat,
D0388,masalah,
D0388,di,
D0388,sini,
D0388,kan,
D0388,tidak,
D0388,mau,
D0388,saya,
D0388,ada,
D0388,masalah,
D0388,dan,
D0388,korban,
D0388,ini,
D0388,keluar,
D0388,kata,
D0388,saksi,
D0388,Saat,
D0388,akan,
D0388,naik,
D0388,ke,
D0388,sepeda,
D0388,motor,
D0388,korban,
D0388,kembali,
D0388,ditikam,
D0388,2,
D0388,kali,
D0388,Namun,
D0388,tidak,
D0388,lama,
D0388,kemudian,
D0388,sepeda,
D0388,motor,
D0388,pelaku,
D0388,ditabrak,
D0388,angkot,
D0388,yang,
D0388,tengah,
D0388,melintas,
D0388,dan,
D0388,motor,
D0388,tertahan,
D0388,Saat,
D0388,itu,
D0388,pelaku,
D0388,gedorgedor,
D0388,mobil,
D0388,oplet,
D0388,ini,
D0388,karena,
D0388,motornya,
D0388,nggak,
D0388,bisa,
D0388,keluar,
D0388,Lalu,
D0388,dengar,
D0388,saya,
D0388,suara,
D0388,letusan,
D0388,senjata,
D0388,api,
D0388,ada,
D0388,mungkin,
D0388,itu,
D0388,kaca,
D0388,oplet,
D0388,pecah,
D0388,katanya,
D0388,Tembakan,
D0388,kedua,
D0388,kembali,
D0388,diletuskan,
D0388,saat,
D0388,kedua,
D0388,pelaku,
D0388,kabur,
D0388,Kedua,
D0388,pelaku,
D0388,panik,
D0388,karena,
D0388,warga,
D0388,semakin,
D0388,ramai,
D0388,Saya,
D0388,lihat,
D0388,itu,
D0388,sekali,
D0388,tembakan,
D0388,ke,
D0388,atas,
D0388,dan,
D0388,suara,
D0388,sekali,
D0388,Jadi,
D0388,ada,
D0388,2,
D0388,kali,
D0388,tembakan,
D0388,lari,
D0388,mereka,
D0388,katanya,
D0388,Penjelasan,
D0388,Polisi,
D0388,di,
D0388,Halaman,
D0388,Berikutnya,
D0388,Polsek,
D0388,Tenayan,
D0388,Raya,
D0388,Kompol,
D0388,Oka,
D0388,Syahrial,
D0388,yang,
D0388,menerima,
D0388,laporan,
D0388,langsung,
D0388,ke,
D0388,lokasi,
D0388,Tim,
D0388,memeriksa,
D0388,sejumlah,
D0388,saksi,
D0388,dan,
D0388,buktibukti,
D0388,di,
D0388,lokasi,
D0388,kejadian,
D0388,Kami,
D0388,setelah,
D0388,menerima,
D0388,laporan,
D0388,langsung,
D0388,ke,
D0388,lokasi,
D0388,Kami,
D0388,cek,
D0388,TKP,
D0388,olah,
D0388,TKP,
D0388,dan,
D0388,juga,
D0388,minta,
D0388,keterangan,
D0388,saksisaksi,
D0388,bersama,
D0388,tim,
D0388,Satreskrim,
D0388,Polresta,
D0388,dan,
D0388,forensik,
D0388,kata,
D0388,Oka,
D0388,Untuk,
D0388,korban,
D0388,kata,
D0388,Oka,
D0388,kini,
D0388,masih,
D0388,dalam,
D0388,proses,
D0388,identifikasi,
D0388,Sebab,
D0388,korban,
D0388,dibawa,
D0388,keluarga,
D0388,ke,
D0388,rumah,
D0388,sakit,
D0388,pasca,
D0388,penikaman,
D0388,Untuk,
D0388,itu,
D0388,identitas,
D0388,korban,
D0388,nanti,
D0388,sama,
D0388,Kasat,
D0388,Reskrim,
D0388,saja,
D0388,Tim,
D0388,masih,
D0388,bekerja,
D0388,kata,
D0388,Oka,
D0389,Sebanyak,
D0389,212,
D0389,kasus,
D0389,kriminal,
D0389,berhasil,
D0389,diungkap,
D0389,tim,
D0389,Satreskrim,
D0389,Polres,
D0389,Ponorogo,
D0389,sepanjang,
D0389,2024,
D0389,Paling,
D0389,banyak,
D0389,didominasi,
D0389,kasus,
D0389,3C,
D0389,yakni,
D0389,pencurian,
D0389,dengan,
D0389,pemberatan,
D0389,curat,
D0389,pencurian,
D0389,dengan,
D0389,kekerasan,
D0389,curas,
D0389,dan,
D0389,pencurian,
D0389,sepeda,
D0389,motor,
D0389,curanmor,
D0389,Kasat,
D0389,Reskrim,
D0389,Polres,
D0389,Ponorogo,
D0389,AKP,
D0389,Rudy,
D0389,Hidajanto,
D0389,mengatakan,
D0389,bahwa,
D0389,kasus,
D0389,3C,
D0389,ada,
D0389,sebanyak,
D0389,62,
D0389,kasus,
D0389,dan,
D0389,sudah,
D0389,diselesaikan,
D0389,57,
D0389,kasus,
D0389,Sisanya,
D0389,sebanyak,
D0389,5,
D0389,kasus,
D0389,masih,
D0389,kami,
D0389,selesaikan,
D0389,Tentu,
D0389,segera,
D0389,kami,
D0389,tuntaskan,
D0389,kata,
D0389,Rudi,
D0389,kepada,
D0389,wartawan,
D0389,Minggu,
D0389,512025,
D0389,SCROLL,
D0389,TO,
D0389,CONTINUE,
D0389,WITH,
D0389,CONTENT,
D0389,Rudi,
D0389,menambahkan,
D0389,kasus,
D0389,lain,
D0389,yang,
D0389,telah,
D0389,diungkap,
D0389,adalah,
D0389,kasus,
D0389,perjudian,
D0389,Total,
D0389,ada,
D0389,18,
D0389,kasus,
D0389,judi,
D0389,yang,
D0389,baru,
D0389,diselesaikan,
D0389,12,
D0389,kasus,
D0389,Masih,
D0389,tersisa,
D0389,6,
D0389,kasus,
D0389,Enam,
D0389,kasus,
D0389,itu,
D0389,proses,
D0389,penyelesaian,
D0389,ujar,
D0389,Rudi,
D0389,Dia,
D0389,mengatakan,
D0389,ada,
D0389,kasus,
D0389,penganiayaan,
D0389,atau,
D0389,kekerasan,
D0389,bersamasama,
D0389,sebanyak,
D0389,25,
D0389,kasus,
D0389,Sedangkan,
D0389,yang,
D0389,dituntaskan,
D0389,sebanyak,
D0389,30,
D0389,kasus,
D0389,Tambahan,
D0389,5,
D0389,kasus,
D0389,penganiayaan,
D0389,bersamasama,
D0389,yang,
D0389,terselesaikan,
D0389,adalah,
D0389,tanggungan,
D0389,kasus,
D0389,pada,
D0389,2023,
D0389,lalu,
D0389,tukas,
D0389,Rudi,
D0389,Mantan,
D0389,Kasatreskrim,
D0389,Polres,
D0389,Magetan,
D0389,ini,
D0389,juga,
D0389,menyebutkan,
D0389,ada,
D0389,47,
D0389,kasus,
D0389,penipuan,
D0389,dan,
D0389,penggelapan,
D0389,yang,
D0389,diungkap,
D0389,sepanjang,
D0389,2024,
D0389,Namun,
D0389,yang,
D0389,tercatat,
D0389,sebanyak,
D0389,49,
D0389,kasus,
D0389,penipuan,
D0389,Ada,
D0389,2,
D0389,kasus,
D0389,penipuan,
D0389,dan,
D0389,penggelapan,
D0389,yang,
D0389,juga,
D0389,merupakan,
D0389,tunggakan,
D0389,kasus,
D0389,2023,
D0389,Satu,
D0389,lagi,
D0389,kasus,
D0389,yang,
D0389,berhasil,
D0389,diungkap,
D0389,adalah,
D0389,ilegal,
D0389,logging,
D0389,Satreskrim,
D0389,Polres,
D0389,Ponorogo,
D0389,berhasil,
D0389,menuntaskan,
D0389,3,
D0389,kasus,
D0389,Masih,
D0389,ada,
D0389,tunggakan,
D0389,52,
D0389,kasus,
D0389,Semua,
D0389,adalah,
D0389,kriminal,
D0389,umum,
D0389,kata,
D0389,Rudi,
D0389,Kapolres,
D0389,Ponorogo,
D0389,AKBP,
D0389,Anton,
D0389,Prasetyo,
D0389,mengapresiasi,
D0389,tim,
D0389,Satreskrim,
D0389,dalam,
D0389,mengungkap,
D0389,kasus,
D0389,Pihaknya,
D0389,mengimbau,
D0389,masyarakat,
D0389,waspada,
D0389,pada,
D0389,kejahatan,
D0389,yang,
D0389,terjadi,
D0389,di,
D0389,lingkungan,
D0389,mereka,
D0389,Mungkin,
D0389,dengan,
D0389,jangan,
D0389,ceroboh,
D0389,ketika,
D0389,meletakkan,
D0389,motor,
D0389,Dikunci,
D0389,stang,
D0389,Juga,
D0389,kalau,
D0389,meninggalkan,
D0389,rumah,
D0389,dikunci,
D0389,benarbenar,
D0389,rumahnya,
D0389,kata,
D0389,Anton,
D0390,Seorang,
D0390,pemuda,
D0390,di,
D0390,Kapuas,
D0390,Hulu,
D0390,Kalimantan,
D0390,Barat,
D0390,Kalbar,
D0390,AM,
D0390,23,
D0390,tega,
D0390,menghabisi,
D0390,nyawa,
D0390,ibu,
D0390,kandungnya,
D0390,berinisial,
D0390,SK,
D0390,47,
D0390,hanya,
D0390,gegara,
D0390,tak,
D0390,dibelikan,
D0390,motor,
D0390,Pelaku,
D0390,membunuh,
D0390,ibunya,
D0390,tersebut,
D0390,dengan,
D0390,kapak,
D0390,Kejadian,
D0390,itu,
D0390,terjadi,
D0390,di,
D0390,Desa,
D0390,Sungai,
D0390,Sena,
D0390,Kecamatan,
D0390,Silat,
D0390,Hilir,
D0390,Kabupaten,
D0390,Kapuas,
D0390,Hulu,
D0390,pada,
D0390,Sabtu,
D0390,14122024,
D0390,Kronologi,
D0390,kejadiannya,
D0390,awalnya,
D0390,AM,
D0390,meminta,
D0390,ibunya,
D0390,untuk,
D0390,membelikan,
D0390,sepeda,
D0390,motor,
D0390,untuknya,
D0390,Namun,
D0390,sang,
D0390,ibu,
D0390,menolak,
D0390,Pelaku,
D0390,pun,
D0390,kesal,
D0390,ditambah,
D0390,korban,
D0390,juga,
D0390,menolak,
D0390,menikahkannya,
D0390,Pelaku,
D0390,tidak,
D0390,puas,
D0390,terhadap,
D0390,sikap,
D0390,ibunya,
D0390,yang,
D0390,menolak,
D0390,membelikannya,
D0390,sepeda,
D0390,motor,
D0390,baru,
D0390,dan,
D0390,enggan,
D0390,segera,
D0390,menikahkannya,
D0390,hingga,
D0390,akhirnya,
D0390,pelaku,
D0390,melakukan,
D0390,penganiayaan,
D0390,ucap,
D0390,Kasi,
D0390,Humas,
D0390,Polres,
D0390,Kapuas,
D0390,Hulu,
D0390,AKP,
D0390,Dony,
D0390,dilansir,
D0390,detikSulsel,
D0390,Mingg,
D0390,512025,
D0390,SCROLL,
D0390,TO,
D0390,CONTINUE,
D0390,WITH,
D0390,CONTENT,
D0390,Menurut,
D0390,Dony,
D0390,awalnya,
D0390,pelaku,
D0390,menyerang,
D0390,area,
D0390,belakang,
D0390,korban,
D0390,dan,
D0390,leher,
D0390,korban,
D0390,dengan,
D0390,bagian,
D0390,belakang,
D0390,kapak,
D0390,Pelaku,
D0390,memukulkan,
D0390,bagian,
D0390,belakang,
D0390,kampak,
D0390,yang,
D0390,dipegang,
D0390,oleh,
D0390,pelaku,
D0390,ke,
D0390,arah,
D0390,leher,
D0390,korban,
D0390,sebanyak,
D0390,satu,
D0390,kali,
D0390,ujarnya,
D0390,Pemukulan,
D0390,itu,
D0390,langsung,
D0390,membuat,
D0390,korban,
D0390,pingsan,
D0390,Melihat,
D0390,ibunya,
D0390,tak,
D0390,berdaya,
D0390,pelaku,
D0390,sempat,
D0390,terdiam,
D0390,namun,
D0390,karena,
D0390,takut,
D0390,perbuatannya,
D0390,terungkap,
D0390,ia,
D0390,kembali,
D0390,menganiaya,
D0390,korban,
D0390,hingga,
D0390,tewas,
D0390,Akhirnya,
D0390,pelaku,
D0390,memukul,
D0390,kembali,
D0390,bagian,
D0390,kepala,
D0390,korban,
D0390,berkalikali,
D0390,dengan,
D0390,menggunakan,
D0390,bagian,
D0390,belakang,
D0390,Kapak,
D0390,yang,
D0390,masih,
D0390,dipegang,
D0390,oleh,
D0390,pelaku,
D0390,ke,
D0390,arah,
D0390,bagian,
D0390,kepala,
D0390,korban,
D0390,ungkapnya,
D0390,Tak,
D0390,cuma,
D0390,itu,
D0390,pelaku,
D0390,juga,
D0390,menyeret,
D0390,jenazah,
D0390,korban,
D0390,ke,
D0390,rumah,
D0390,kosong,
D0390,untuk,
D0390,menyembunyikan,
D0390,aksi,
D0390,bengisnya,
D0390,tersebut,
D0390,Setelah,
D0390,melakukan,
D0390,aksinya,
D0390,pelaku,
D0390,mencoba,
D0390,menyembunyikan,
D0390,jasad,
D0390,ibunya,
D0390,dengan,
D0390,menyeret,
D0390,tubuh,
D0390,korban,
D0390,ke,
D0390,rumah,
D0390,kosong,
D0390,yang,
D0390,terletak,
D0390,di,
D0390,belakang,
D0390,rumah,
D0390,mereka,
D0390,ucap,
D0390,AKP,
D0390,Dony,
D0390,Pelaku,
D0390,juga,
D0390,membersihkan,
D0390,darah,
D0390,korban,
D0390,di,
D0390,TKP,
D0390,Esoknya,
D0390,pelaku,
D0390,purapura,
D0390,menemukan,
D0390,jasad,
D0390,korban,
D0390,dan,
D0390,melapor,
D0390,ke,
D0390,bibinya,
D0390,Pada,
D0390,keesokan,
D0390,paginya,
D0390,pelaku,
D0390,berpurapura,
D0390,menemukan,
D0390,jasad,
D0390,ibunya,
D0390,dan,
D0390,melaporkan,
D0390,kejadian,
D0390,tersebut,
D0390,kepada,
D0390,bibinya,
D0390,jelasnya,
D0390,Pihak,
D0390,keluarga,
D0390,curiga,
D0390,AM,
D0390,yang,
D0390,melakukan,
D0390,pembunuhan,
D0390,Pasalnya,
D0390,terakhir,
D0390,kali,
D0390,korban,
D0390,diketahui,
D0390,bersama,
D0390,AM,
D0390,Setelah,
D0390,ada,
D0390,kecurigaan,
D0390,saudarasaudara,
D0390,kandungnya,
D0390,korban,
D0390,yang,
D0390,mengarah,
D0390,kepada,
D0390,tersangka,
D0390,dan,
D0390,setelah,
D0390,dilakukan,
D0390,penyelidikan,
D0390,oleh,
D0390,pihak,
D0390,Polsek,
D0390,Silat,
D0390,Hilir,
D0390,dan,
D0390,Reskrim,
D0390,Polres,
D0390,Kapuas,
D0390,Hulu,
D0390,terungkaplah,
D0390,bahwa,
D0390,pelakunya,
D0390,AM,
D0390,ungkapnya,
D0390,Pelaku,
D0390,AM,
D0390,pun,
D0390,akhirnya,
D0390,diamankan,
D0390,Polres,
D0390,Kapuas,
D0390,Hulu,
D0390,guna,
D0390,pemeriksaan,
D0390,lebih,
D0390,lanjut,
D0390,Pelaku,
D0390,dijerat,
D0390,dengan,
D0390,Pasal,
D0390,44,
D0390,ayat,
D0390,3,
D0390,UU,
D0390,Nomor,
D0390,23,
D0390,Tahun,
D0390,2004,
D0390,tentang,
D0390,Penghapusan,
D0390,Kekerasan,
D0390,Dalam,
D0390,Rumah,
D0390,Tangga,
D0390,Pasal,
D0390,351,
D0390,ayat,
D0390,3,
D0390,KUHP,
D0390,dan,
D0390,Pasal,
D0390,338,
D0390,KUHP,
D0390,Ancaman,
D0390,hukuman,
D0390,maksimal,
D0390,15,
D0390,tahun,
D0390,penjara,
D0390,pungkasnya,
D0391,Kepolisian,
D0391,Sektor,
D0391,Polsek,
D0391,Denpasar,
D0391,Selatan,
D0391,menangkap,
D0391,pria,
D0391,bernama,
D0391,Indra,
D0391,Gunawan,
D0391,25,
D0391,Indra,
D0391,adalah,
D0391,pelaku,
D0391,penusukan,
D0391,terhadap,
D0391,Raja,
D0391,Julianto,
D0391,30,
D0391,dan,
D0391,Deva,
D0391,Harianto,
D0391,21,
D0391,seusai,
D0391,berpesta,
D0391,minuman,
D0391,keras,
D0391,miras,
D0391,Modus,
D0391,operandi,
D0391,menusuk,
D0391,korban,
D0391,dengan,
D0391,menggunakan,
D0391,gunting,
D0391,Motif,
D0391,merasa,
D0391,tersinggung,
D0391,karena,
D0391,diminta,
D0391,bayaran,
D0391,minuman,
D0391,kata,
D0391,Kepala,
D0391,Seksi,
D0391,Hubungan,
D0391,Masyarakat,
D0391,Kasi,
D0391,Humas,
D0391,Polresta,
D0391,Denpasar,
D0391,AKP,
D0391,I,
D0391,Ketut,
D0391,Sukadi,
D0391,dalam,
D0391,keterangan,
D0391,tertulis,
D0391,Sabtu,
D0391,412025,
D0391,Peristiwa,
D0391,penusukan,
D0391,terjadi,
D0391,di,
D0391,Jalan,
D0391,Mertasari,
D0391,Desa,
D0391,Sidakarya,
D0391,Kecamatan,
D0391,Denpasar,
D0391,Selatan,
D0391,Kamis,
D0391,212025,
D0391,sekitar,
D0391,pukul,
D0391,0430,
D0391,Wita,
D0391,SCROLL,
D0391,TO,
D0391,CONTINUE,
D0391,WITH,
D0391,CONTENT,
D0391,Indra,
D0391,awalnya,
D0391,minum,
D0391,bersama,
D0391,temantemannya,
D0391,di,
D0391,Cafe,
D0391,Rindu,
D0391,Jalan,
D0391,Danau,
D0391,Tempe,
D0391,Desa,
D0391,Sanur,
D0391,Kauh,
D0391,Kecamatan,
D0391,Denpasar,
D0391,Selatan,
D0391,Total,
D0391,ada,
D0391,tujuh,
D0391,orang,
D0391,yang,
D0391,berpesta,
D0391,miras,
D0391,saat,
D0391,itu,
D0391,Namun,
D0391,mereka,
D0391,diduga,
D0391,sengaja,
D0391,menundanunda,
D0391,pembayaran,
D0391,Selanjutnya,
D0391,perempuan,
D0391,dari,
D0391,Cafe,
D0391,Rindu,
D0391,bernama,
D0391,Resti,
D0391,Febrianti,
D0391,22,
D0391,mengeluarkan,
D0391,perkataan,
D0391,gimana,
D0391,sih,
D0391,kamu,
D0391,minum,
D0391,nggak,
D0391,bayar,
D0391,Para,
D0391,pelaku,
D0391,akhirnya,
D0391,bersedia,
D0391,membayar,
D0391,minuman,
D0391,setelah,
D0391,mendapatkan,
D0391,perkataan,
D0391,itu,
D0391,Febri,
D0391,pulang,
D0391,ke,
D0391,kosnya,
D0391,seusai,
D0391,keramaian,
D0391,di,
D0391,Cafe,
D0391,Rindu,
D0391,bubar,
D0391,Ia,
D0391,diantar,
D0391,oleh,
D0391,Raja,
D0391,dan,
D0391,Deva,
D0391,Namun,
D0391,kepulangan,
D0391,Febri,
D0391,ternyata,
D0391,diikuti,
D0391,para,
D0391,pelaku,
D0391,Mereka,
D0391,lantas,
D0391,mencegat,
D0391,Febri,
D0391,Raja,
D0391,dan,
D0391,Deva,
D0391,di,
D0391,tempat,
D0391,kejadian,
D0391,perkara,
D0391,Saat,
D0391,itulah,
D0391,Indra,
D0391,menusuk,
D0391,Raja,
D0391,dan,
D0391,Deva,
D0391,Akibat,
D0391,kejadian,
D0391,itu,
D0391,Deva,
D0391,dan,
D0391,Raja,
D0391,mengalami,
D0391,luka,
D0391,tusuk,
D0391,di,
D0391,punggung,
D0391,Beruntung,
D0391,keduanya,
D0391,masih,
D0391,sadar,
D0391,Mereka,
D0391,kemudian,
D0391,melaporkan,
D0391,insiden,
D0391,penusukan,
D0391,tersebut,
D0391,ke,
D0391,Polsek,
D0391,Denpasar,
D0391,Selatan,
D0391,Polisi,
D0391,lantas,
D0391,mendatangi,
D0391,lokasi,
D0391,kejadian,
D0391,untuk,
D0391,melakukan,
D0391,olah,
D0391,tempat,
D0391,kejadian,
D0391,perkara,
D0391,TKP,
D0391,dan,
D0391,memeriksa,
D0391,sejumlah,
D0391,saksi,
D0391,Hasil,
D0391,penyelidikan,
D0391,pelaku,
D0391,diduga,
D0391,salah,
D0391,satu,
D0391,orang,
D0391,yang,
D0391,sempat,
D0391,minum,
D0391,di,
D0391,Cafe,
D0391,Rindu,
D0391,Tim,
D0391,Unit,
D0391,Reserse,
D0391,Kriminal,
D0391,Reskrim,
D0391,Polsek,
D0391,Denpasar,
D0391,Selatan,
D0391,melakukan,
D0391,penyelidikan,
D0391,mendalam,
D0391,Polisi,
D0391,mendapatkan,
D0391,informasi,
D0391,jika,
D0391,pelaku,
D0391,ingin,
D0391,kabur,
D0391,ke,
D0391,kampung,
D0391,halamannya,
D0391,di,
D0391,Kota,
D0391,Bima,
D0391,Nusa,
D0391,Tenggara,
D0391,Barat,
D0391,NTB,
D0391,melalui,
D0391,Pelabuhan,
D0391,Padangbai,
D0391,Karangasem,
D0391,Unit,
D0391,Reskrim,
D0391,Polsek,
D0391,Denpasar,
D0391,Selatan,
D0391,lantas,
D0391,berkoordinasi,
D0391,dengan,
D0391,Polsek,
D0391,Kesatuan,
D0391,Pelaksanaan,
D0391,Pengamanan,
D0391,Pelabuhan,
D0391,KPPP,
D0391,Lembar,
D0391,guna,
D0391,menangkap,
D0391,Indra,
D0391,Indra,
D0391,akhirnya,
D0391,ditangkap,
D0391,saat,
D0391,turun,
D0391,dari,
D0391,kapal,
D0391,di,
D0391,Pelabuhan,
D0391,Lembar,
D0391,Lombok,
D0391,Barat,
D0391,NTB,
D0391,Jumat,
D0391,312025,
D0391,sekitar,
D0391,pukul,
D0391,0300,
D0391,Wita,
D0391,Pelaku,
D0391,beserta,
D0391,barang,
D0391,bukti,
D0391,selanjutnya,
D0391,dibawa,
D0391,ke,
D0391,Polsek,
D0391,Denpasar,
D0391,Selatan,
D0391,untuk,
D0391,kepentingan,
D0391,penyidikan,
D0391,Adapun,
D0391,barang,
D0391,bukti,
D0391,yang,
D0391,disita,
D0391,berupa,
D0391,baju,
D0391,yang,
D0391,digunakan,
D0391,saat,
D0391,penusukan,
D0391,gunting,
D0391,bergagang,
D0391,merah,
D0391,dan,
D0391,motor,
D0391,Vario,
D0391,Menurut,
D0391,Sukadi,
D0391,Indra,
D0391,telah,
D0391,mengakui,
D0391,melakukan,
D0391,penusukan,
D0391,terhadap,
D0391,Raja,
D0391,dan,
D0391,Deva,
D0391,di,
D0391,TKP,
D0391,menggunakan,
D0391,gunting,
D0391,yang,
D0391,dibawanya,
D0391,Penusukan,
D0391,dilakukan,
D0391,karena,
D0391,Indra,
D0391,merasa,
D0391,jengkel,
D0391,jika,
D0391,Febri,
D0391,tidak,
D0391,sabar,
D0391,saat,
D0391,meminta,
D0391,bayaran,
D0391,minuman,
D0391,Pelaku,
D0391,setelah,
D0391,melakukan,
D0391,penusukan,
D0391,langsung,
D0391,kembali,
D0391,ke,
D0391,mess,
D0391,di,
D0391,daerah,
D0391,Tabanan,
D0391,dan,
D0391,membuang,
D0391,barang,
D0391,bukti,
D0391,di,
D0391,Tabanan,
D0391,Pelaku,
D0391,mengakui,
D0391,melakukan,
D0391,penusukan,
D0391,seorang,
D0391,diri,
D0391,karena,
D0391,pengaruh,
D0391,dari,
D0391,minuman,
D0391,jelas,
D0391,Sukadi,
D0392,Dua,
D0392,remaja,
D0392,di,
D0392,bawah,
D0392,umur,
D0392,berinisial,
D0392,RT,
D0392,15,
D0392,dan,
D0392,FD,
D0392,14,
D0392,ditangkap,
D0392,polisi,
D0392,Keduanya,
D0392,ditangkap,
D0392,lantaran,
D0392,nekat,
D0392,menjambret,
D0392,tas,
D0392,seorang,
D0392,pejalan,
D0392,kaki,
D0392,di,
D0392,Perumahan,
D0392,Muka,
D0392,Kuning,
D0392,kecamatan,
D0392,Sagulung,
D0392,Kota,
D0392,Batam,
D0392,Kepulauan,
D0392,Riau,
D0392,Kepri,
D0392,Kedua,
D0392,pelaku,
D0392,penjambretan,
D0392,langsung,
D0392,ditangkap,
D0392,selang,
D0392,beberapa,
D0392,jam,
D0392,usai,
D0392,korban,
D0392,melapor,
D0392,kata,
D0392,Kanit,
D0392,Reskrim,
D0392,Polsek,
D0392,Sagulung,
D0392,Iptu,
D0392,Husnul,
D0392,Faikar,
D0392,Sabtu,
D0392,412024,
D0392,Husnul,
D0392,mengatakan,
D0392,kronologi,
D0392,penjambretan,
D0392,itu,
D0392,bermula,
D0392,saat,
D0392,korban,
D0392,berjalan,
D0392,kaki,
D0392,untuk,
D0392,berangkat,
D0392,bekerja,
D0392,pada,
D0392,Kamis,
D0392,21,
D0392,pagi,
D0392,hari,
D0392,Tibatiba,
D0392,sebuah,
D0392,motor,
D0392,matik,
D0392,yang,
D0392,dikendarai,
D0392,tiga,
D0392,orang,
D0392,langsung,
D0392,mendekati,
D0392,dan,
D0392,merampas,
D0392,tas,
D0392,milik,
D0392,korban,
D0392,SCROLL,
D0392,TO,
D0392,CONTINUE,
D0392,WITH,
D0392,CONTENT,
D0392,Korban,
D0392,berangkat,
D0392,kerja,
D0392,dengan,
D0392,berjalan,
D0392,kaki,
D0392,sambil,
D0392,menyandang,
D0392,tas,
D0392,dan,
D0392,tibatiba,
D0392,datang,
D0392,tiga,
D0392,orang,
D0392,menggunakan,
D0392,sepeda,
D0392,motor,
D0392,Matic,
D0392,dari,
D0392,belakang,
D0392,dan,
D0392,langsung,
D0392,merampas,
D0392,tas,
D0392,sandang,
D0392,korban,
D0392,dari,
D0392,sebelah,
D0392,kanan,
D0392,ujarnya,
D0392,Korban,
D0392,saat,
D0392,itu,
D0392,sempat,
D0392,berteriak,
D0392,meminta,
D0392,pertolongan,
D0392,warga,
D0392,sekitar,
D0392,namun,
D0392,ketiga,
D0392,pelaku,
D0392,berhasil,
D0392,melarikan,
D0392,diri,
D0392,Aksi,
D0392,ketiga,
D0392,pelaku,
D0392,itu,
D0392,terekam,
D0392,CCTV,
D0392,di,
D0392,sekitar,
D0392,lokasi,
D0392,kejadian,
D0392,Jadi,
D0392,pelakunya,
D0392,ada,
D0392,tiga,
D0392,orang,
D0392,dua,
D0392,orang,
D0392,pelaku,
D0392,berhasil,
D0392,diamankan,
D0392,satunya,
D0392,lagi,
D0392,masih,
D0392,dalam,
D0392,pengejaran,
D0392,ujarnya,
D0392,Akibat,
D0392,kejadian,
D0392,itu,
D0392,uang,
D0392,sebesar,
D0392,Rp,
D0392,12,
D0392,juta,
D0392,dan,
D0392,barang,
D0392,berharga,
D0392,korban,
D0392,raib,
D0392,diambil,
D0392,para,
D0392,pelaku,
D0392,Korban,
D0392,kemudian,
D0392,melaporkan,
D0392,kejadian,
D0392,tersebut,
D0392,ke,
D0392,Polsek,
D0392,Sagulung,
D0392,Kerugian,
D0392,korban,
D0392,berupaya,
D0392,uang,
D0392,tunai,
D0392,sebesar,
D0392,Rp,
D0392,12,
D0392,juta,
D0392,Handphone,
D0392,merek,
D0392,Infinix,
D0392,serta,
D0392,surat,
D0392,berharga,
D0392,korban,
D0392,hilang,
D0392,Kerugian,
D0392,korban,
D0392,diperkiraan,
D0392,mencapai,
D0392,Rp,
D0392,138,
D0392,juta,
D0392,ujarnya,
D0392,Dari,
D0392,pemeriksaan,
D0392,polisi,
D0392,kedua,
D0392,pelaku,
D0392,yang,
D0392,masih,
D0392,di,
D0392,bawah,
D0392,umur,
D0392,itu,
D0392,mengaku,
D0392,tak,
D0392,bersekolah,
D0392,lagi,
D0392,Aksi,
D0392,penjambretan,
D0392,itu,
D0392,diakui,
D0392,baru,
D0392,pertama,
D0392,kali,
D0392,mereka,
D0392,lakukan,
D0392,Kedua,
D0392,pelaku,
D0392,ini,
D0392,tak,
D0392,bersekolah,
D0392,lagi,
D0392,Perbuatan,
D0392,penjambretan,
D0392,itu,
D0392,diakui,
D0392,baru,
D0392,pertama,
D0392,kali,
D0392,oleh,
D0392,para,
D0392,pelaku,
D0392,ujarnya,
D0392,Husnul,
D0392,mengungkapkan,
D0392,para,
D0392,pelaku,
D0392,belum,
D0392,sempat,
D0392,menggunakan,
D0392,uang,
D0392,hasil,
D0392,jambret,
D0392,tersebut,
D0392,Rencana,
D0392,uang,
D0392,itu,
D0392,hendak,
D0392,digunakan,
D0392,untuk,
D0392,keperluan,
D0392,pribadi,
D0392,Uang,
D0392,yang,
D0392,dijambret,
D0392,itu,
D0392,belum,
D0392,digunakan,
D0392,para,
D0392,pelaku,
D0392,Saat,
D0392,ini,
D0392,kedua,
D0392,pelaku,
D0392,masih,
D0392,dalam,
D0392,pemeriksaan,
D0392,untuk,
D0392,pengembangan,
D0392,lebih,
D0392,lanjut,
D0392,ujarnya,
D0393,Polisi,
D0393,menangkap,
D0393,empat,
D0393,pelaku,
D0393,yang,
D0393,disuruh,
D0393,anggota,
D0393,Kodam,
D0393,IBB,
D0393,Serka,
D0393,Holmes,
D0393,untuk,
D0393,menganiaya,
D0393,eks,
D0393,anggota,
D0393,TNI,
D0393,Andreas,
D0393,Sianipar,
D0393,44,
D0393,Ini,
D0393,peran,
D0393,dari,
D0393,keempat,
D0393,orang,
D0393,tersebut,
D0393,Adapun,
D0393,keempat,
D0393,pelaku,
D0393,itu,
D0393,adalah,
D0393,CJS,
D0393,alias,
D0393,Jovan,
D0393,23,
D0393,MFIH,
D0393,alias,
D0393,Aji,
D0393,25,
D0393,FA,
D0393,37,
D0393,dan,
D0393,Faisal,
D0393,45,
D0393,CJS,
D0393,yang,
D0393,berperan,
D0393,menjemput,
D0393,paksa,
D0393,korban,
D0393,dari,
D0393,Gang,
D0393,Damai,
D0393,menuju,
D0393,rumah,
D0393,tersangka,
D0393,pertama,
D0393,atas,
D0393,nama,
D0393,HS,
D0393,Holmes,
D0393,kata,
D0393,Kapolrestabes,
D0393,Medan,
D0393,Kombes,
D0393,Gidion,
D0393,Arif,
D0393,Setyawan,
D0393,saat,
D0393,konferensi,
D0393,pers,
D0393,di,
D0393,Polrestabes,
D0393,Medan,
D0393,Jumat,
D0393,312025,
D0393,SCROLL,
D0393,TO,
D0393,CONTINUE,
D0393,WITH,
D0393,CONTENT,
D0393,Kemudian,
D0393,pelaku,
D0393,Aji,
D0393,berperan,
D0393,memukul,
D0393,menendang,
D0393,dan,
D0393,menebas,
D0393,kaki,
D0393,korban,
D0393,menggunakan,
D0393,parang,
D0393,Lalu,
D0393,pelaku,
D0393,FA,
D0393,memukul,
D0393,bagian,
D0393,dada,
D0393,korban,
D0393,secara,
D0393,berulang,
D0393,serta,
D0393,turut,
D0393,membantu,
D0393,Serka,
D0393,Holmes,
D0393,Sitompul,
D0393,untuk,
D0393,mengikat,
D0393,kaki,
D0393,dan,
D0393,tangan,
D0393,korban,
D0393,FA,
D0393,memukul,
D0393,badan,
D0393,korban,
D0393,di,
D0393,bagian,
D0393,dada,
D0393,secara,
D0393,berulang,
D0393,ulang,
D0393,dan,
D0393,membantu,
D0393,tersangka,
D0393,HS,
D0393,mengikat,
D0393,kaki,
D0393,dan,
D0393,tangan,
D0393,korban,
D0393,Keempat,
D0393,adalah,
D0393,F,
D0393,yang,
D0393,kemarin,
D0393,subuh,
D0393,kita,
D0393,lakukan,
D0393,penangkapan,
D0393,perannya,
D0393,melakukan,
D0393,pemukulan,
D0393,dengan,
D0393,tangan,
D0393,dan,
D0393,selang,
D0393,ujarnya,
D0393,Gidion,
D0393,sempat,
D0393,mewawancarai,
D0393,para,
D0393,pelaku,
D0393,saat,
D0393,konferensi,
D0393,pers,
D0393,itu,
D0393,Saat,
D0393,itu,
D0393,pelaku,
D0393,Jovan,
D0393,mengaku,
D0393,awalnya,
D0393,datang,
D0393,menemui,
D0393,Serka,
D0393,Holmes,
D0393,untuk,
D0393,menebus,
D0393,laptop,
D0393,adiknya,
D0393,yang,
D0393,digadaikannya,
D0393,sebesar,
D0393,Rp,
D0393,300,
D0393,ribu,
D0393,kepada,
D0393,Holmes,
D0393,Lalu,
D0393,pada,
D0393,saat,
D0393,itu,
D0393,Holmes,
D0393,menyuruh,
D0393,Jovan,
D0393,untuk,
D0393,menjemput,
D0393,Andreas,
D0393,di,
D0393,Gang,
D0393,Damai,
D0393,Jalan,
D0393,MedanBinjai,
D0393,KM,
D0393,10,
D0393,Kecamatan,
D0393,Sunggal,
D0393,pada,
D0393,Minggu,
D0393,8122024,
D0393,dini,
D0393,hari,
D0393,Holmes,
D0393,minta,
D0393,tolong,
D0393,jemputkan,
D0393,korban,
D0393,ujar,
D0393,Jovan,
D0393,Jovan,
D0393,mengaku,
D0393,tidak,
D0393,mengetahui,
D0393,pasti,
D0393,alasan,
D0393,Holmes,
D0393,menyuruhnya,
D0393,menjemput,
D0393,korban,
D0393,Sebab,
D0393,dia,
D0393,mengaku,
D0393,datang,
D0393,menemui,
D0393,Holmes,
D0393,hanya,
D0393,untuk,
D0393,menebus,
D0393,laptopnya,
D0393,Jovan,
D0393,menyebut,
D0393,Holmes,
D0393,sempat,
D0393,mengancam,
D0393,tidak,
D0393,akan,
D0393,memberikan,
D0393,laptopnya,
D0393,jika,
D0393,Jovan,
D0393,tidak,
D0393,mau,
D0393,menjemput,
D0393,korban,
D0393,Karena,
D0393,aku,
D0393,di,
D0393,situ,
D0393,ingin,
D0393,menebus,
D0393,laptopku,
D0393,ke,
D0393,si,
D0393,Holmes,
D0393,Enggak,
D0393,ada,
D0393,pak,
D0393,cuman,
D0393,bilang,
D0393,minta,
D0393,tolong,
D0393,jemputkan,
D0393,dia,
D0393,korban,
D0393,Kalau,
D0393,misalnya,
D0393,nggak,
D0393,ku,
D0393,jemput,
D0393,dia,
D0393,laptopku,
D0393,nggak,
D0393,dikasih,
D0393,Holmes,
D0393,pak,
D0393,jelasnya,
D0393,Jovan,
D0393,mengatakan,
D0393,dirinya,
D0393,telah,
D0393,tiga,
D0393,kali,
D0393,menggadaikan,
D0393,barang,
D0393,ke,
D0393,Holmes,
D0393,Barangbarang,
D0393,itu,
D0393,yakni,
D0393,laptop,
D0393,dan,
D0393,sepeda,
D0393,motor,
D0393,Sekitar,
D0393,tiga,
D0393,kali,
D0393,laptop,
D0393,kereta,
D0393,motor,
D0393,dua,
D0393,kali,
D0393,sebutnya,
D0393,Pelaku,
D0393,Faisal,
D0393,mengaku,
D0393,juga,
D0393,sering,
D0393,membantu,
D0393,orang,
D0393,untuk,
D0393,menggadaikan,
D0393,barang,
D0393,ke,
D0393,Holmes,
D0393,Dalam,
D0393,kasus,
D0393,ini,
D0393,Faisal,
D0393,mengaku,
D0393,ikut,
D0393,memukul,
D0393,pipi,
D0393,dan,
D0393,perut,
D0393,korban,
D0393,di,
D0393,kandang,
D0393,lembu,
D0393,yang,
D0393,berada,
D0393,di,
D0393,belakang,
D0393,asrama,
D0393,TNI,
D0393,itu,
D0393,Kemudian,
D0393,pelaku,
D0393,Aji,
D0393,mengaku,
D0393,menebas,
D0393,kepala,
D0393,korban,
D0393,menggunakan,
D0393,parang,
D0393,saat,
D0393,tengah,
D0393,jongkok,
D0393,Dia,
D0393,mengaku,
D0393,hal,
D0393,itu,
D0393,atas,
D0393,perintah,
D0393,Holmes,
D0393,Sementara,
D0393,pelaku,
D0393,FA,
D0393,mengaku,
D0393,ikut,
D0393,memukuli,
D0393,serta,
D0393,mengikat,
D0393,tangan,
D0393,dan,
D0393,kaki,
D0393,korban,
D0393,Gidion,
D0393,menyebut,
D0393,bahwa,
D0393,Holmes,
D0393,sempat,
D0393,menjanjikan,
D0393,sesuatu,
D0393,kepada,
D0393,para,
D0393,pelaku,
D0393,jika,
D0393,mobil,
D0393,yang,
D0393,dibawa,
D0393,korban,
D0393,bisa,
D0393,ditemukan,
D0393,Selain,
D0393,itu,
D0393,Holmes,
D0393,juga,
D0393,memiliki,
D0393,kedekatan,
D0393,dengan,
D0393,beberapa,
D0393,pelaku,
D0393,dan,
D0393,kerap,
D0393,memberikan,
D0393,sabusabu,
D0393,Ada,
D0393,relasi,
D0393,kuasa,
D0393,antara,
D0393,H,
D0393,Holmes,
D0393,dengan,
D0393,para,
D0393,pelaku,
D0393,lainnya,
D0393,ada,
D0393,yang,
D0393,dijanjikan,
D0393,diberikan,
D0393,sesuatu,
D0393,setelah,
D0393,mobilnya,
D0393,yang,
D0393,diduga,
D0393,ada,
D0393,pada,
D0393,si,
D0393,korban,
D0393,kembali,
D0393,Ada,
D0393,juga,
D0393,yang,
D0393,dia,
D0393,diberi,
D0393,karena,
D0393,relasi,
D0393,kuasa,
D0393,tadi,
D0393,menikmati,
D0393,menggunakan,
D0393,narkotika,
D0393,secara,
D0393,bersamasama,
D0393,jelasnya,
D0393,Dalam,
D0393,kasus,
D0393,ini,
D0393,pihak,
D0393,kepolisian,
D0393,masih,
D0393,memburu,
D0393,tujuh,
D0393,pelaku,
D0393,lainnya,
D0393,Ketujuh,
D0393,pelaku,
D0393,itu,
D0393,adalah,
D0393,F,
D0393,R,
D0393,RSH,
D0393,E,
D0393,NIG,
D0393,J,
D0393,FS,
D0393,Para,
D0393,pelaku,
D0393,ini,
D0393,berperan,
D0393,menganiaya,
D0393,korban,
D0393,dan,
D0393,mengantarnya,
D0393,ke,
D0393,Labura,
D0393,bersama,
D0393,Serka,
D0393,Holmes,
D0393,Sitompul,
D0393,Masih,
D0393,ada,
D0393,tersangka,
D0393,lainnya,
D0393,yang,
D0393,sedang,
D0393,dalam,
D0393,pengejaran,
D0393,kami,
D0393,ada,
D0393,tujuh,
D0393,orang,
D0393,Nanti,
D0393,diDPO,
D0393,kan,
D0393,ini,
D0393,dan,
D0393,segera,
D0393,kami,
D0393,sebarkan,
D0393,pilihannya,
D0393,menyerahkan,
D0393,diri,
D0393,atau,
D0393,ditangkap,
D0393,kata,
D0393,Gidion,
D0393,Perwira,
D0393,menengah,
D0393,Polri,
D0393,menjelaskan,
D0393,motif,
D0393,pembunuhan,
D0393,itu,
D0393,diduga,
D0393,karena,
D0393,korban,
D0393,tidak,
D0393,mengembalikan,
D0393,mobil,
D0393,yang,
D0393,disewanya,
D0393,dari,
D0393,pelaku,
D0393,Holmes,
D0393,Namun,
D0393,Gidion,
D0393,mengaku,
D0393,pihaknya,
D0393,masih,
D0393,mendalami,
D0393,motif,
D0393,tersebut,
D0393,Motif,
D0393,masih,
D0393,pendalaman,
D0393,lebih,
D0393,lanjut,
D0393,tapi,
D0393,yang,
D0393,muncul,
D0393,hari,
D0393,ini,
D0393,adalah,
D0393,bahwa,
D0393,korban,
D0393,menyewa,
D0393,mobil,
D0393,milik,
D0393,tersangka,
D0393,HS,
D0393,Namun,
D0393,korban,
D0393,tidak,
D0393,mengembalikan,
D0393,mobil,
D0393,tersebut,
D0393,sehingga,
D0393,tersangka,
D0393,membunuh,
D0393,korban,
D0393,secara,
D0393,bersamasama,
D0393,pungkasnya,
D0394,Polrestabes,
D0394,Medan,
D0394,menangkap,
D0394,empat,
D0394,warga,
D0394,sipil,
D0394,terkait,
D0394,kasus,
D0394,tewasnya,
D0394,mantan,
D0394,anggota,
D0394,TNI,
D0394,di,
D0394,Kabupaten,
D0394,Deli,
D0394,Serdang,
D0394,Andreas,
D0394,Sianipar,
D0394,44,
D0394,Saat,
D0394,ini,
D0394,ada,
D0394,tujuh,
D0394,pelaku,
D0394,yang,
D0394,masih,
D0394,dalam,
D0394,pengejaran,
D0394,pihak,
D0394,kepolisian,
D0394,Masih,
D0394,ada,
D0394,tersangka,
D0394,lainnya,
D0394,yang,
D0394,sedang,
D0394,dalam,
D0394,pengejaran,
D0394,kami,
D0394,ada,
D0394,tujuh,
D0394,orang,
D0394,Nanti,
D0394,diDPO,
D0394,kan,
D0394,ini,
D0394,dan,
D0394,segera,
D0394,kami,
D0394,sebarkan,
D0394,pilihannya,
D0394,menyerahkan,
D0394,diri,
D0394,atau,
D0394,ditangkap,
D0394,kata,
D0394,Kapolrestabes,
D0394,Medan,
D0394,Kombes,
D0394,Gidion,
D0394,Arif,
D0394,Setyawan,
D0394,saat,
D0394,konferensi,
D0394,pers,
D0394,di,
D0394,Polrestabes,
D0394,Medan,
D0394,Jumat,
D0394,312025,
D0394,Gidion,
D0394,memerinci,
D0394,tujuh,
D0394,pelaku,
D0394,yang,
D0394,masih,
D0394,dicari,
D0394,itu,
D0394,adalah,
D0394,F,
D0394,R,
D0394,RSH,
D0394,E,
D0394,NIG,
D0394,J,
D0394,FS,
D0394,Para,
D0394,pelaku,
D0394,ini,
D0394,berperan,
D0394,menganiaya,
D0394,korban,
D0394,dan,
D0394,mengantarnya,
D0394,ke,
D0394,Labura,
D0394,bersama,
D0394,Serka,
D0394,Holmes,
D0394,Sitompul,
D0394,SCROLL,
D0394,TO,
D0394,CONTINUE,
D0394,WITH,
D0394,CONTENT,
D0394,Peran,
D0394,keseluruhan,
D0394,dari,
D0394,tujuh,
D0394,orang,
D0394,yang,
D0394,masih,
D0394,dalam,
D0394,pengejaran,
D0394,adalah,
D0394,turut,
D0394,membantu,
D0394,melakukan,
D0394,penganiayaan,
D0394,kepada,
D0394,korban,
D0394,jelasnya,
D0394,Mantan,
D0394,Kapolres,
D0394,Jakarta,
D0394,Utara,
D0394,itu,
D0394,mengatakan,
D0394,sejauh,
D0394,ini,
D0394,ada,
D0394,empat,
D0394,orang,
D0394,warga,
D0394,sipil,
D0394,yang,
D0394,ditangkap,
D0394,dalam,
D0394,kasus,
D0394,itu,
D0394,Keempatnya,
D0394,yakni,
D0394,CJS,
D0394,alias,
D0394,Jovan,
D0394,23,
D0394,MFIH,
D0394,alias,
D0394,Aji,
D0394,25,
D0394,FA,
D0394,37,
D0394,dan,
D0394,Faisal,
D0394,45,
D0394,Saat,
D0394,ini,
D0394,keempatnya,
D0394,telah,
D0394,ditetapkan,
D0394,menjadi,
D0394,tersangka,
D0394,dan,
D0394,ditahan,
D0394,Kami,
D0394,telah,
D0394,melakukan,
D0394,penangkapan,
D0394,dan,
D0394,menetapkan,
D0394,status,
D0394,tahanan,
D0394,dan,
D0394,melakukan,
D0394,penahanan,
D0394,terhadap,
D0394,empat,
D0394,orang,
D0394,pelaku,
D0394,ujarnya,
D0394,Gidion,
D0394,menyebut,
D0394,korban,
D0394,dianiaya,
D0394,di,
D0394,depan,
D0394,rumah,
D0394,dinas,
D0394,Serka,
D0394,Holmes,
D0394,di,
D0394,asrama,
D0394,TNI,
D0394,Abdul,
D0394,Hamid,
D0394,Kecamatan,
D0394,Sunggal,
D0394,dan,
D0394,di,
D0394,kandang,
D0394,lembu,
D0394,yang,
D0394,berada,
D0394,di,
D0394,asrama,
D0394,itu,
D0394,Saat,
D0394,ini,
D0394,pihak,
D0394,kepolisian,
D0394,masih,
D0394,mendalami,
D0394,apakah,
D0394,ada,
D0394,penganiayaan,
D0394,lanjutan,
D0394,yang,
D0394,dilakukan,
D0394,para,
D0394,pelaku,
D0394,selain,
D0394,di,
D0394,dua,
D0394,lokasi,
D0394,itu,
D0394,Namun,
D0394,berdasarkan,
D0394,keterangan,
D0394,tersangka,
D0394,kata,
D0394,Gidion,
D0394,Serka,
D0394,Holmes,
D0394,memang,
D0394,memerintahkan,
D0394,para,
D0394,pelaku,
D0394,membunuh,
D0394,korban,
D0394,Iya,
D0394,kalau,
D0394,dari,
D0394,keterangan,
D0394,tersangka,
D0394,yang,
D0394,lain,
D0394,memang,
D0394,ada,
D0394,kalimat,
D0394,itu,
D0394,perintah,
D0394,dibunuh,
D0394,jelasnya,
D0394,Perwira,
D0394,menengah,
D0394,Polri,
D0394,menjelaskan,
D0394,motif,
D0394,pembunuhan,
D0394,itu,
D0394,diduga,
D0394,karena,
D0394,korban,
D0394,tidak,
D0394,mengembalikan,
D0394,mobil,
D0394,yang,
D0394,disewanya,
D0394,dari,
D0394,pelaku,
D0394,Holmes,
D0394,Namun,
D0394,Gidion,
D0394,mengaku,
D0394,pihaknya,
D0394,masih,
D0394,mendalami,
D0394,motif,
D0394,tersebut,
D0394,Motif,
D0394,masih,
D0394,pendalaman,
D0394,lebih,
D0394,lanjut,
D0394,tapi,
D0394,yang,
D0394,muncul,
D0394,hari,
D0394,ini,
D0394,adalah,
D0394,bahwa,
D0394,korban,
D0394,menyewa,
D0394,mobil,
D0394,milik,
D0394,tersangka,
D0394,HS,
D0394,Namun,
D0394,korban,
D0394,tidak,
D0394,mengembalikan,
D0394,mobil,
D0394,tersebut,
D0394,sehingga,
D0394,tersangka,
D0394,membunuh,
D0394,korban,
D0394,secara,
D0394,bersamasama,
D0394,pungkasnya,
D0395,Polrestabes,
D0395,Medan,
D0395,menangkap,
D0395,satu,
D0395,lagi,
D0395,pelaku,
D0395,penganiayaan,
D0395,yang,
D0395,menyebabkan,
D0395,tewasnya,
D0395,mantan,
D0395,anggota,
D0395,TNI,
D0395,Andreas,
D0395,Sianipar,
D0395,44,
D0395,Pelaku,
D0395,yang,
D0395,ditangkap,
D0395,berinisial,
D0395,F,
D0395,Benar,
D0395,inisial,
D0395,F,
D0395,ditangkap,
D0395,kata,
D0395,Kapolrestabes,
D0395,Medan,
D0395,Kombes,
D0395,Gidion,
D0395,Arif,
D0395,Setyawan,
D0395,saat,
D0395,dikonfirmasi,
D0395,detikSumut,
D0395,Kamis,
D0395,212025,
D0395,Gidion,
D0395,menyebut,
D0395,pelaku,
D0395,F,
D0395,ditangkap,
D0395,subuh,
D0395,tadi,
D0395,di,
D0395,Kota,
D0395,Binjai,
D0395,Dalam,
D0395,kasus,
D0395,itu,
D0395,pelaku,
D0395,F,
D0395,turut,
D0395,menganiaya,
D0395,korban,
D0395,di,
D0395,TKP,
D0395,awal,
D0395,SCROLL,
D0395,TO,
D0395,CONTINUE,
D0395,WITH,
D0395,CONTENT,
D0395,Perwira,
D0395,menengah,
D0395,Polri,
D0395,itu,
D0395,menyebut,
D0395,masih,
D0395,ada,
D0395,pelaku,
D0395,lagi,
D0395,yang,
D0395,masih,
D0395,dalam,
D0395,penyelidikan,
D0395,pihak,
D0395,kepolisian,
D0395,Ditangkap,
D0395,tadi,
D0395,subuh,
D0395,di,
D0395,Binjai,
D0395,peran,
D0395,menganiaya,
D0395,di,
D0395,TKP,
D0395,awal,
D0395,sebelum,
D0395,meninggal,
D0395,Masih,
D0395,ada,
D0395,pelaku,
D0395,lagi,
D0395,jelasnya,
D0395,Mantan,
D0395,Kapolres,
D0395,Jakarta,
D0395,Utara,
D0395,itu,
D0395,belum,
D0395,memerinci,
D0395,lebih,
D0395,lanjut,
D0395,terkait,
D0395,penangkapan,
D0395,F,
D0395,itu,
D0395,Dia,
D0395,mengatakan,
D0395,F,
D0395,saat,
D0395,ini,
D0395,masih,
D0395,dalam,
D0395,proses,
D0395,pemeriksaan,
D0395,di,
D0395,Satreskrim,
D0395,Polrestabes,
D0395,Medan,
D0395,Terhadap,
D0395,terduga,
D0395,pelaku,
D0395,F,
D0395,saat,
D0395,ini,
D0395,masih,
D0395,dilakukan,
D0395,pemeriksaan,
D0395,oleh,
D0395,penyidik,
D0395,Jatanras,
D0395,Satreskrim,
D0395,Polrestabes,
D0395,Medan,
D0395,pungkasnya,
D0395,Sebelumnya,
D0395,petugas,
D0395,kepolisian,
D0395,telah,
D0395,menangkap,
D0395,tiga,
D0395,warga,
D0395,sipil,
D0395,yang,
D0395,terlibat,
D0395,dalam,
D0395,kasus,
D0395,tewasnya,
D0395,Andreas,
D0395,Sianipar,
D0395,Adapun,
D0395,tiga,
D0395,warga,
D0395,sipil,
D0395,itu,
D0395,adalah,
D0395,CJS,
D0395,23,
D0395,MFIH,
D0395,25,
D0395,dan,
D0395,FA,
D0395,37,
D0395,Selain,
D0395,itu,
D0395,seorang,
D0395,personel,
D0395,Kodam,
D0395,IBB,
D0395,bernama,
D0395,Serka,
D0395,HS,
D0395,juga,
D0395,telah,
D0395,ditetapkan,
D0395,menjadi,
D0395,tersangka,
D0395,Pelaku,
D0395,yang,
D0395,kita,
D0395,amankan,
D0395,ada,
D0395,tiga,
D0395,CJS,
D0395,MFIH,
D0395,FA,
D0395,Tiganya,
D0395,warga,
D0395,sipil,
D0395,Iya,
D0395,ada,
D0395,keterlibatan,
D0395,oknum,
D0395,TNI,
D0395,Nanti,
D0395,untuk,
D0395,anggota,
D0395,TNI,
D0395,langsung,
D0395,ditanyakan,
D0395,kepada,
D0395,yang,
D0395,berwajib,
D0395,dari,
D0395,pihak,
D0395,AD,
D0395,kata,
D0395,Kapolrestabes,
D0395,Medan,
D0395,Kombes,
D0395,Gidion,
D0395,Arif,
D0395,Setyawan,
D0395,saat,
D0395,diwawancarai,
D0395,di,
D0395,pos,
D0395,pengamanan,
D0395,Lapangan,
D0395,Merdeka,
D0395,Sabtu,
D0395,21122024,
D0395,malam,
D0396,Enam,
D0396,santri,
D0396,senior,
D0396,di,
D0396,sebuah,
D0396,pondok,
D0396,pesantren,
D0396,ponpes,
D0396,di,
D0396,Kecamatan,
D0396,Wongsorejo,
D0396,Banyuwangi,
D0396,Jawa,
D0396,Timur,
D0396,mengeroyok,
D0396,seorang,
D0396,santri,
D0396,asal,
D0396,Buleleng,
D0396,Bali,
D0396,hingga,
D0396,koma,
D0396,Korban,
D0396,yang,
D0396,berinisial,
D0396,AR,
D0396,14,
D0396,itu,
D0396,saat,
D0396,ini,
D0396,masih,
D0396,dirawat,
D0396,di,
D0396,RSUD,
D0396,Blambangan,
D0396,Dia,
D0396,belum,
D0396,sadarkan,
D0396,diri,
D0396,Polisi,
D0396,sudah,
D0396,menetapkan,
D0396,enam,
D0396,pelaku,
D0396,sebagai,
D0396,tersangka,
D0396,Mereka,
D0396,masingmasing,
D0396,berinisial,
D0396,HR,
D0396,17,
D0396,IJ,
D0396,18,
D0396,MR,
D0396,19,
D0396,S,
D0396,18,
D0396,WA,
D0396,15,
D0396,dan,
D0396,Z,
D0396,18,
D0396,Kasus,
D0396,tersebut,
D0396,kini,
D0396,telah,
D0396,dilakukan,
D0396,penyelidikan,
D0396,Mereka,
D0396,sudah,
D0396,ditetapkan,
D0396,menjadi,
D0396,tersangka,
D0396,dan,
D0396,kini,
D0396,ditahan,
D0396,di,
D0396,rumah,
D0396,tahanan,
D0396,Polresta,
D0396,Banyuwangi,
D0396,ujar,
D0396,Kapolresta,
D0396,Banyuwangi,
D0396,Kombes,
D0396,Rama,
D0396,Samtama,
D0396,Putra,
D0396,Rama,
D0396,Rabu,
D0396,112025,
D0396,dilansir,
D0396,detikJatim,
D0396,SCROLL,
D0396,TO,
D0396,CONTINUE,
D0396,WITH,
D0396,CONTENT,
D0396,Rama,
D0396,mengungkapkan,
D0396,enam,
D0396,tersangka,
D0396,diduga,
D0396,melakukan,
D0396,aksinya,
D0396,di,
D0396,luar,
D0396,jam,
D0396,pelajaran,
D0396,lantaran,
D0396,peristiwa,
D0396,tersebut,
D0396,terjadi,
D0396,pada,
D0396,sekitar,
D0396,pukul,
D0396,2200,
D0396,WIB,
D0396,di,
D0396,lingkungan,
D0396,pesantren,
D0396,itu,
D0396,sendiri,
D0396,Penganiayaan,
D0396,itu,
D0396,terjadi,
D0396,di,
D0396,dalam,
D0396,lingkungan,
D0396,pondok,
D0396,pesantren,
D0396,pada,
D0396,27,
D0396,Desember,
D0396,2024,
D0396,lalu,
D0396,Insiden,
D0396,terjadi,
D0396,sekitar,
D0396,pukul,
D0396,2200,
D0396,WIB,
D0396,terangnya,
D0396,Akibat,
D0396,pengeroyokan,
D0396,tersebut,
D0396,korban,
D0396,yang,
D0396,duduk,
D0396,di,
D0396,kelas,
D0396,9,
D0396,itu,
D0396,mengalami,
D0396,lukaluka,
D0396,hampir,
D0396,di,
D0396,sekujur,
D0396,tubuhnya,
D0396,Korban,
D0396,mengalami,
D0396,luka,
D0396,di,
D0396,badan,
D0396,kepala,
D0396,muka,
D0396,serta,
D0396,luka,
D0396,lebam,
D0396,pada,
D0396,badan,
D0396,terang,
D0396,Rama,
D0396,Menurutnya,
D0396,setelah,
D0396,kejadian,
D0396,dan,
D0396,korban,
D0396,tak,
D0396,sadarkan,
D0396,diri,
D0396,Pengurus,
D0396,pondok,
D0396,pesantren,
D0396,langsung,
D0396,melarikan,
D0396,korban,
D0396,ke,
D0396,rumah,
D0396,sakit,
D0396,untuk,
D0396,diberikan,
D0396,perawatan,
D0396,Karena,
D0396,lukanya,
D0396,cukup,
D0396,parah,
D0396,korban,
D0396,harus,
D0396,menjalani,
D0396,operasi,
D0396,dan,
D0396,masih,
D0396,dalam,
D0396,keadaan,
D0396,kritis,
D0396,tutur,
D0396,Rama,
D0396,Artikel,
D0396,ini,
D0396,sudah,
D0396,tayang,
D0396,di,
D0396,detikJatim,
D0396,baca,
D0396,selengkapnya,
D0396,di,
D0396,sini,
D0397,Pengacara,
D0397,bernama,
D0397,Rudi,
D0397,tewas,
D0397,ditembak,
D0397,orang,
D0397,tak,
D0397,dikenal,
D0397,OTK,
D0397,ketika,
D0397,berada,
D0397,di,
D0397,rumah,
D0397,istrinya,
D0397,Polisi,
D0397,menyebut,
D0397,Rudi,
D0397,tewas,
D0397,setelah,
D0397,ditembak,
D0397,di,
D0397,bagian,
D0397,mata,
D0397,sebelah,
D0397,kanan,
D0397,Dikutip,
D0397,detikSulsel,
D0397,penembakan,
D0397,maut,
D0397,itu,
D0397,terjadi,
D0397,di,
D0397,Dusun,
D0397,Limpoe,
D0397,Desa,
D0397,Pattuku,
D0397,Limpoe,
D0397,Kecamatan,
D0397,Lappariaja,
D0397,Kabupaten,
D0397,Bone,
D0397,pada,
D0397,Selasa,
D0397,3112,
D0397,kemarin,
D0397,sekitar,
D0397,pukul,
D0397,2150,
D0397,Wita,
D0397,Korban,
D0397,diketahui,
D0397,baru,
D0397,tiba,
D0397,di,
D0397,kampung,
D0397,halaman,
D0397,istrinya,
D0397,untuk,
D0397,merayakan,
D0397,tahun,
D0397,baru,
D0397,Benar,
D0397,pengacara,
D0397,bernama,
D0397,Rudi,
D0397,tewas,
D0397,ditembak,
D0397,tadi,
D0397,malam,
D0397,di,
D0397,rumah,
D0397,istrinya,
D0397,ujar,
D0397,Kasi,
D0397,Humas,
D0397,Polres,
D0397,Bone,
D0397,Iptu,
D0397,Rayendra,
D0397,Rabu,
D0397,112025,
D0397,SCROLL,
D0397,TO,
D0397,CONTINUE,
D0397,WITH,
D0397,CONTENT,
D0397,Iptu,
D0397,Rayendra,
D0397,kemudian,
D0397,menjelaskan,
D0397,kronologi,
D0397,penembakan,
D0397,terhadap,
D0397,korban,
D0397,Saat,
D0397,kejadian,
D0397,istri,
D0397,Rudi,
D0397,yang,
D0397,tengah,
D0397,makan,
D0397,malam,
D0397,di,
D0397,dalam,
D0397,rumah,
D0397,terkejut,
D0397,mendengar,
D0397,suara,
D0397,letusan,
D0397,dari,
D0397,luar,
D0397,rumah,
D0397,Pada,
D0397,saat,
D0397,makan,
D0397,istrinya,
D0397,tibatiba,
D0397,terdengar,
D0397,suara,
D0397,letusan,
D0397,sebanyak,
D0397,1,
D0397,kali,
D0397,dari,
D0397,arah,
D0397,luar,
D0397,ruangan,
D0397,Setelah,
D0397,letusan,
D0397,tersebut,
D0397,terjadi,
D0397,korban,
D0397,sudah,
D0397,tergeletak,
D0397,dengan,
D0397,kondisi,
D0397,berlumuran,
D0397,darah,
D0397,pada,
D0397,bagian,
D0397,muka,
D0397,katanya,
D0397,Dia,
D0397,menerangkan,
D0397,istri,
D0397,korban,
D0397,yang,
D0397,melihat,
D0397,suaminya,
D0397,tergeletak,
D0397,langsung,
D0397,membawanya,
D0397,ke,
D0397,Puskesmas,
D0397,Lappariaja,
D0397,Namun,
D0397,korban,
D0397,mengembuskan,
D0397,napas,
D0397,terakhirnya,
D0397,saat,
D0397,berada,
D0397,di,
D0397,Puskesmas,
D0397,Meninggal,
D0397,di,
D0397,puskesmas,
D0397,Hasil,
D0397,pemeriksaan,
D0397,di,
D0397,Puskesmas,
D0397,Lappariaja,
D0397,ditemukan,
D0397,luka,
D0397,terhadap,
D0397,diri,
D0397,korban,
D0397,yakni,
D0397,luka,
D0397,tembak,
D0397,pada,
D0397,bagian,
D0397,wajah,
D0397,bawah,
D0397,mata,
D0397,sebelah,
D0397,kanan,
D0397,Kasus,
D0397,ini,
D0397,masih,
D0397,dilakukan,
D0397,lidik,
D0397,atau,
D0397,masih,
D0397,diupayakan,
D0397,untuk,
D0397,ungkap,
D0397,pelakunya,
D0397,sambung,
D0397,Rayendra,
D0398,Polres,
D0398,Tarakan,
D0398,Kalimantan,
D0398,Utara,
D0398,Kaltara,
D0398,menangani,
D0398,205,
D0398,kasus,
D0398,kriminalitas,
D0398,sepanjang,
D0398,tahun,
D0398,2024,
D0398,yang,
D0398,didominasi,
D0398,kasus,
D0398,pencurian,
D0398,dan,
D0398,penganiayaan,
D0398,Kasus,
D0398,kriminalitas,
D0398,di,
D0398,wilayah,
D0398,hukum,
D0398,Polres,
D0398,Tarakan,
D0398,menurun,
D0398,jika,
D0398,dibandingkan,
D0398,tahun,
D0398,2023,
D0398,Trennya,
D0398,untuk,
D0398,laporan,
D0398,dari,
D0398,2024,
D0398,menurun,
D0398,dan,
D0398,yang,
D0398,selesai,
D0398,mengalami,
D0398,kenaikan,
D0398,ujar,
D0398,Kapolres,
D0398,Tarakan,
D0398,AKBP,
D0398,Adi,
D0398,Saptia,
D0398,Sudirna,
D0398,saat,
D0398,menggelar,
D0398,konferensi,
D0398,pers,
D0398,akhir,
D0398,tahun,
D0398,di,
D0398,Aula,
D0398,Paten,
D0398,Polres,
D0398,Tarakan,
D0398,Selasa,
D0398,31122024,
D0398,Adi,
D0398,mengatakan,
D0398,wilayah,
D0398,Tarakan,
D0398,dibagi,
D0398,menjadi,
D0398,5,
D0398,kesatuan,
D0398,yakni,
D0398,Res,
D0398,Tarakan,
D0398,Polsek,
D0398,Tarakan,
D0398,Barat,
D0398,Polsek,
D0398,Tarakan,
D0398,Timur,
D0398,Polsek,
D0398,Tarakan,
D0398,Utara,
D0398,dan,
D0398,Polsek,
D0398,KSKP,
D0398,Secara,
D0398,umum,
D0398,tingkat,
D0398,kejahatan,
D0398,di,
D0398,5,
D0398,kesatuan,
D0398,ini,
D0398,menunjukkan,
D0398,penurunan,
D0398,dari,
D0398,236,
D0398,kasus,
D0398,pada,
D0398,2023,
D0398,menjadi,
D0398,205,
D0398,kasus,
D0398,pada,
D0398,2024,
D0398,SCROLL,
D0398,TO,
D0398,CONTINUE,
D0398,WITH,
D0398,CONTENT,
D0398,Di,
D0398,tahun,
D0398,2023,
D0398,setiap,
D0398,15,
D0398,jam,
D0398,55,
D0398,menit,
D0398,itu,
D0398,terjadi,
D0398,satu,
D0398,perkara,
D0398,di,
D0398,tahun,
D0398,2024,
D0398,itu,
D0398,pada,
D0398,18,
D0398,jam,
D0398,21,
D0398,menit,
D0398,baru,
D0398,terjadi,
D0398,satu,
D0398,perkara,
D0398,di,
D0398,laporan,
D0398,Polres,
D0398,Tarakan,
D0398,bebernya,
D0398,Secara,
D0398,rinci,
D0398,di,
D0398,Polsek,
D0398,Tarakan,
D0398,Barat,
D0398,interval,
D0398,waktu,
D0398,antara,
D0398,kejadian,
D0398,crime,
D0398,clock,
D0398,meningkat,
D0398,dari,
D0398,282,
D0398,jam,
D0398,pada,
D0398,2023,
D0398,menjadi,
D0398,515,
D0398,jam,
D0398,di,
D0398,tahun,
D0398,2024,
D0398,Di,
D0398,Polsek,
D0398,Tarakan,
D0398,Timur,
D0398,interval,
D0398,waktu,
D0398,tetap,
D0398,282,
D0398,jam,
D0398,Sementara,
D0398,di,
D0398,Polsek,
D0398,Tarakan,
D0398,Utara,
D0398,interval,
D0398,waktu,
D0398,menurun,
D0398,dari,
D0398,515,
D0398,jam,
D0398,2023,
D0398,menjadi,
D0398,350,
D0398,jam,
D0398,2024,
D0398,Di,
D0398,Polsek,
D0398,KSKP,
D0398,interval,
D0398,waktu,
D0398,sedikit,
D0398,membaik,
D0398,dari,
D0398,398,
D0398,jam,
D0398,menjadi,
D0398,365,
D0398,jam,
D0398,Kemudian,
D0398,untuk,
D0398,jenis,
D0398,kelamin,
D0398,pelaku,
D0398,3,
D0398,lakilaki,
D0398,dan,
D0398,perempuan,
D0398,nol,
D0398,pelaku,
D0398,dalam,
D0398,lidik,
D0398,187,
D0398,laporan,
D0398,bebernya,
D0398,Adi,
D0398,menambahkan,
D0398,jenis,
D0398,tindak,
D0398,pidana,
D0398,yang,
D0398,dominan,
D0398,pada,
D0398,2024,
D0398,adalah,
D0398,pencurian,
D0398,biasa,
D0398,77,
D0398,kasus,
D0398,penganiayaan,
D0398,60,
D0398,kasus,
D0398,dan,
D0398,pencurian,
D0398,dengan,
D0398,pemberatan,
D0398,53,
D0398,kasus,
D0398,Lokasi,
D0398,kejadian,
D0398,paling,
D0398,banyak,
D0398,terjadi,
D0398,di,
D0398,permukiman,
D0398,129,
D0398,lokasi,
D0398,diikuti,
D0398,tempat,
D0398,usaha,
D0398,35,
D0398,lokasi,
D0398,dan,
D0398,fasilitas,
D0398,publik,
D0398,24,
D0398,lokasi,
D0398,Waktu,
D0398,kejadian,
D0398,kejahatan,
D0398,paling,
D0398,sering,
D0398,terjadi,
D0398,antara,
D0398,pukul,
D0398,06001200,
D0398,Wita,
D0398,dengan,
D0398,51,
D0398,laporan,
D0398,diikuti,
D0398,pukul,
D0398,00000600,
D0398,Wita,
D0398,ada,
D0398,49,
D0398,laporan,
D0398,pukul,
D0398,18002400,
D0398,Wita,
D0398,ada,
D0398,48,
D0398,laporan,
D0398,dan,
D0398,pukul,
D0398,12001800,
D0398,Wita,
D0398,dengan,
D0398,33,
D0398,laporan,
D0398,ungkapnya,
D0399,Polres,
D0399,Kediri,
D0399,berhasil,
D0399,mengungkap,
D0399,sejumlah,
D0399,kasus,
D0399,besar,
D0399,sepanjang,
D0399,2024,
D0399,dari,
D0399,total,
D0399,ratusan,
D0399,kasus,
D0399,yang,
D0399,telah,
D0399,ditangani,
D0399,Baik,
D0399,kasus,
D0399,pembunuhan,
D0399,keracunan,
D0399,massal,
D0399,hingga,
D0399,peredaran,
D0399,narkoba,
D0399,Kapolres,
D0399,Kediri,
D0399,AKBP,
D0399,Bimo,
D0399,Ariyanto,
D0399,mengatakan,
D0399,kasus,
D0399,menonjol,
D0399,itu,
D0399,tercatat,
D0399,dalam,
D0399,statistik,
D0399,angka,
D0399,kriminalitas,
D0399,dengan,
D0399,total,
D0399,sebanyak,
D0399,346,
D0399,kasus,
D0399,sepanjang,
D0399,2024,
D0399,ini,
D0399,Kejadian,
D0399,yang,
D0399,menonjol,
D0399,atau,
D0399,menimbulkan,
D0399,perhatian,
D0399,publik,
D0399,contoh,
D0399,seperti,
D0399,adanya,
D0399,pembunuhan,
D0399,keracunan,
D0399,massal,
D0399,dan,
D0399,beberapa,
D0399,kasus,
D0399,narkoba,
D0399,yang,
D0399,berhasil,
D0399,kami,
D0399,ungkap,
D0399,kata,
D0399,AKBP,
D0399,Bimo,
D0399,Ariyanto,
D0399,Selasa,
D0399,31122024,
D0399,SCROLL,
D0399,TO,
D0399,CONTINUE,
D0399,WITH,
D0399,CONTENT,
D0399,Bimo,
D0399,menyampaikan,
D0399,beberapa,
D0399,kasus,
D0399,pembunuhan,
D0399,yang,
D0399,berhasil,
D0399,diungkap,
D0399,itu,
D0399,berada,
D0399,di,
D0399,tempat,
D0399,kejadian,
D0399,perkara,
D0399,Kecamatan,
D0399,Pare,
D0399,dan,
D0399,Desa,
D0399,Pandantoyo,
D0399,Kecamatan,
D0399,Ngancar,
D0399,Selanjutnya,
D0399,dia,
D0399,juga,
D0399,mengungkap,
D0399,kasus,
D0399,keracunan,
D0399,masal,
D0399,di,
D0399,Desa,
D0399,Krecek,
D0399,Kecamatan,
D0399,Badas,
D0399,Kemudian,
D0399,kasus,
D0399,kekerasan,
D0399,dalam,
D0399,rumah,
D0399,tangga,
D0399,KDRT,
D0399,yang,
D0399,mengakibatkan,
D0399,anak,
D0399,meninggal,
D0399,di,
D0399,Desa,
D0399,Nambaan,
D0399,Kecamatan,
D0399,Ngasem,
D0399,dan,
D0399,Desa,
D0399,Manggis,
D0399,Kecamatan,
D0399,Ngancar,
D0399,ujarnya,
D0399,Bimo,
D0399,melanjutkan,
D0399,bahwa,
D0399,dari,
D0399,angka,
D0399,statistik,
D0399,kriminalitas,
D0399,yang,
D0399,tercatat,
D0399,di,
D0399,wilayahnya,
D0399,pada,
D0399,2024,
D0399,ini,
D0399,secara,
D0399,umum,
D0399,turun,
D0399,sebesar,
D0399,2559,
D0399,atau,
D0399,sebanyak,
D0399,119,
D0399,kasus,
D0399,Penurunan,
D0399,itu,
D0399,terjadi,
D0399,sejak,
D0399,2023,
D0399,sebanyak,
D0399,465,
D0399,kasus,
D0399,menjadi,
D0399,346,
D0399,kasus,
D0399,pada,
D0399,2024,
D0399,Sedangkan,
D0399,angka,
D0399,penindakan,
D0399,kriminalitas,
D0399,mengalami,
D0399,kenaikan,
D0399,02,
D0399,Pada,
D0399,2023,
D0399,Polres,
D0399,Kediri,
D0399,berhasil,
D0399,menyelesaikan,
D0399,914,
D0399,dari,
D0399,465,
D0399,kasus,
D0399,yang,
D0399,dilaporkan,
D0399,sedangkan,
D0399,di,
D0399,tahun,
D0399,2024,
D0399,berhasil,
D0399,menyelesaikan,
D0399,916,
D0399,dari,
D0399,346,
D0399,kasus,
D0399,yang,
D0399,dilaporkan,
D0399,atau,
D0399,naik,
D0399,sebesar,
D0399,02,
D0399,pungkasnya,
D0399,Tak,
D0399,hanya,
D0399,itu,
D0399,Polres,
D0399,Kediri,
D0399,melaksanakan,
D0399,penanaman,
D0399,jagung,
D0399,dalam,
D0399,mendukung,
D0399,dan,
D0399,mensukseskan,
D0399,program,
D0399,Asta,
D0399,Cita,
D0399,Presiden,
D0399,Republik,
D0399,Indonesia,
D0399,Prabowo,
D0399,Subianto,
D0399,dalam,
D0399,hal,
D0399,ini,
D0399,terkait,
D0399,swasembada,
D0399,ketahanan,
D0399,pangan,
D0399,Penanaman,
D0399,jagung,
D0399,yang,
D0399,diadakan,
D0399,Polres,
D0399,Kediri,
D0399,bersama,
D0399,instansi,
D0399,terkait,
D0399,di,
D0399,lahan,
D0399,Perhutani,
D0399,KRPH,
D0399,Jatirejo,
D0399,Desa,
D0399,Gadungan,
D0399,Kecamatan,
D0399,Puncu,
D0399,Kediri,
D0399,pada,
D0399,Selasa,
D0399,12112024,
D0399,Tanaman,
D0399,jagung,
D0399,ini,
D0399,salah,
D0399,satu,
D0399,faktor,
D0399,dalam,
D0399,rangka,
D0399,mendukung,
D0399,makan,
D0399,siang,
D0399,bergizi,
D0399,Yaitu,
D0399,jagung,
D0399,ini,
D0399,memiliki,
D0399,peran,
D0399,ke,
D0399,petani,
D0399,telor,
D0399,Polres,
D0399,Kediri,
D0399,berkomitmen,
D0399,untuk,
D0399,terus,
D0399,meningkatkan,
D0399,pelayanan,
D0399,publik,
D0399,yang,
D0399,bersih,
D0399,transparan,
D0399,dan,
D0399,akuntabel,
D0399,Capaian,
D0399,ini,
D0399,tidak,
D0399,hanya,
D0399,menjadi,
D0399,prestasi,
D0399,tetapi,
D0399,juga,
D0399,tantangan,
D0399,untuk,
D0399,menjaga,
D0399,Kediri,
D0399,tetap,
D0399,aman,
D0399,dan,
D0399,kondusif,
D0399,di,
D0399,tahun,
D0399,mendatang,
D0399,tegas,
D0399,AKBP,
D0399,Bimo,
D0400,Pada,
D0400,penghujung,
D0400,2024,
D0400,ini,
D0400,ada,
D0400,sebanyak,
D0400,1162,
D0400,kasus,
D0400,kriminal,
D0400,di,
D0400,Surabaya,
D0400,Utara,
D0400,dan,
D0400,sekitarnya,
D0400,yang,
D0400,diungkap,
D0400,Polres,
D0400,Pelabuhan,
D0400,Tanjung,
D0400,Perak,
D0400,Kasus,
D0400,ini,
D0400,bahkan,
D0400,meningkat,
D0400,dibandingkan,
D0400,tahun,
D0400,sebelumnya,
D0400,yang,
D0400,sebanyak,
D0400,1019,
D0400,kasus,
D0400,Kapolres,
D0400,Pelabuhan,
D0400,Tanjung,
D0400,Perak,
D0400,AKBP,
D0400,William,
D0400,Cornelius,
D0400,Tanasale,
D0400,mengatakan,
D0400,meski,
D0400,menghadapi,
D0400,lonjakan,
D0400,angka,
D0400,kriminalitas,
D0400,tingkat,
D0400,pengungkapan,
D0400,yang,
D0400,tinggi,
D0400,dinilai,
D0400,menjadi,
D0400,dedikasi,
D0400,personelnya,
D0400,dalam,
D0400,menjaga,
D0400,keamanan,
D0400,dan,
D0400,ketertiban,
D0400,masyarakat,
D0400,Menurutnya,
D0400,peningkatan,
D0400,beberapa,
D0400,tindak,
D0400,pidana,
D0400,menjadi,
D0400,perhatian,
D0400,utama,
D0400,seperti,
D0400,penganiayaan,
D0400,berat,
D0400,anirat,
D0400,sebanyak,
D0400,15,
D0400,Kasus,
D0400,pencurian,
D0400,dengan,
D0400,Kekerasan,
D0400,curas,
D0400,sebanyak,
D0400,88,
D0400,kasus,
D0400,dan,
D0400,pencurian,
D0400,biasa,
D0400,curbis,
D0400,sebanyak,
D0400,77,
D0400,kasus,
D0400,SCROLL,
D0400,TO,
D0400,CONTINUE,
D0400,WITH,
D0400,CONTENT,
D0400,Kemudian,
D0400,Curanmor,
D0400,116,
D0400,Kasus,
D0400,Curat,
D0400,68,
D0400,Kasus,
D0400,Aniaya,
D0400,57,
D0400,kasus,
D0400,Pembunuhan,
D0400,2,
D0400,kasus,
D0400,KDRT,
D0400,45,
D0400,kasus,
D0400,penipuan,
D0400,334,
D0400,kasus,
D0400,dan,
D0400,penggelapan,
D0400,67,
D0400,Kasus,
D0400,kata,
D0400,William,
D0400,saat,
D0400,menyampaikan,
D0400,konferensi,
D0400,pers,
D0400,Selasa,
D0400,3112,
D0400,William,
D0400,juga,
D0400,menambahkan,
D0400,telah,
D0400,ditangani,
D0400,tindak,
D0400,Pidana,
D0400,Perlindungan,
D0400,Perempuan,
D0400,dan,
D0400,Anak,
D0400,PPA,
D0400,sebanyak,
D0400,34,
D0400,kasus,
D0400,judi,
D0400,60,
D0400,kasus,
D0400,TPPO,
D0400,2,
D0400,kasus,
D0400,dan,
D0400,tindak,
D0400,pidana,
D0400,lain,
D0400,197,
D0400,kasus,
D0400,Untuk,
D0400,beragam,
D0400,kategori,
D0400,itu,
D0400,polisi,
D0400,mengamankan,
D0400,barang,
D0400,bukti,
D0400,hasil,
D0400,operasi,
D0400,di,
D0400,antaranya,
D0400,sebanyak,
D0400,14,
D0400,bilah,
D0400,senjata,
D0400,tajam,
D0400,Bukan,
D0400,hanya,
D0400,itu,
D0400,Polres,
D0400,Pelabuhan,
D0400,Tanjung,
D0400,Perak,
D0400,juga,
D0400,berhasil,
D0400,mengungkap,
D0400,rokok,
D0400,ilegal,
D0400,mencapai,
D0400,6523499,
D0400,batang,
D0400,Menurutnya,
D0400,hal,
D0400,itu,
D0400,mendukung,
D0400,upaya,
D0400,pemerintah,
D0400,memberantas,
D0400,perdagangan,
D0400,ilegal,
D0400,Selain,
D0400,itu,
D0400,ada,
D0400,sebanyak,
D0400,1514,
D0400,unit,
D0400,dokumen,
D0400,penting,
D0400,yang,
D0400,diamankan,
D0400,serta,
D0400,27,
D0400,barang,
D0400,lainnya,
D0400,berkaitan,
D0400,tindak,
D0400,pidana,
D0400,William,
D0400,menegaskan,
D0400,seluruh,
D0400,hasil,
D0400,ungkap,
D0400,itu,
D0400,merupakan,
D0400,bukti,
D0400,nyata,
D0400,komitmen,
D0400,Polres,
D0400,Pelabuhan,
D0400,Tanjung,
D0400,Perak,
D0400,Surabaya,
D0400,dalam,
D0400,hal,
D0400,program,
D0400,Presisi,
D0400,Polri,
D0400,dengan,
D0400,pendekatan,
D0400,humanis,
D0400,dan,
D0400,tindakan,
D0400,tegas,
D0400,terhadap,
D0400,pelaku,
D0400,kejahatan,
D0400,Polisi,
D0400,dengan,
D0400,2,
D0400,melati,
D0400,di,
D0400,pundaknya,
D0400,itu,
D0400,mengajak,
D0400,masyarakat,
D0400,terus,
D0400,bersinergi,
D0400,dengan,
D0400,kepolisian,
D0400,dalam,
D0400,menjaga,
D0400,keamanan,
D0400,lingkungan,
D0400,Dia,
D0400,juga,
D0400,mengingatkan,
D0400,masyarakat,
D0400,untuk,
D0400,melaporkan,
D0400,segala,
D0400,bentuk,
D0400,tindak,
D0400,pidana,
D0400,dan,
D0400,aktif,
D0400,berkontribusi,
D0400,dalam,
D0400,menjaga,
D0400,keamanan,
D0400,wilayah,
D0400,Sinergi,
D0400,antara,
D0400,masyarakat,
D0400,dan,
D0400,polisi,
D0400,adalah,
D0400,kunci,
D0400,utama,
D0400,menciptakan,
D0400,lingkungan,
D0400,yang,
D0400,aman,
D0400,dan,
D0400,kondusif,
D0400,imbuhnya,
D0400,William,
D0400,memastikan,
D0400,pihaknya,
D0400,tetap,
D0400,kokoh,
D0400,dalam,
D0400,menjaga,
D0400,stabilitas,
D0400,keamanan,
D0400,Menurutnya,
D0400,tahun,
D0400,2024,
D0400,menjadi,
D0400,bukti,
D0400,bahwa,
D0400,kerja,
D0400,keras,
D0400,dan,
D0400,kolaborasi,
D0400,mampu,
D0400,menciptakan,
D0400,rasa,
D0400,aman,
D0400,bagi,
D0400,masyarakat,
D0400,Dengan,
D0400,kerja,
D0400,sama,
D0400,yang,
D0400,erat,
D0400,kami,
D0400,optimis,
D0400,dapat,
D0400,menghadapi,
D0400,tahun,
D0400,2025,
D0400,dengan,
D0400,lebih,
D0400,baik,
D0400,membawa,
D0400,pelayanan,
D0400,yang,
D0400,semakin,
D0400,prima,
D0400,bagi,
D0400,masyarakat,
D0400,tutupnya,
D0401,Sebanyak,
D0401,71,
D0401,nyawa,
D0401,melayang,
D0401,akibat,
D0401,kecelakaan,
D0401,lalu,
D0401,lintas,
D0401,lakalantas,
D0401,di,
D0401,Jalan,
D0401,DenpasarGilimanuk,
D0401,Jembrana,
D0401,Bali,
D0401,Jumlah,
D0401,korban,
D0401,jiwa,
D0401,tersebut,
D0401,merupakan,
D0401,akumulasi,
D0401,dari,
D0401,438,
D0401,kasus,
D0401,lakalantas,
D0401,yang,
D0401,terjadi,
D0401,di,
D0401,jalur,
D0401,tengkorak,
D0401,itu,
D0401,sepanjang,
D0401,tahun,
D0401,2024,
D0401,Kapolres,
D0401,Jembrana,
D0401,AKBP,
D0401,Endang,
D0401,Tri,
D0401,Purwanto,
D0401,mengungkapkan,
D0401,angka,
D0401,kecelakaan,
D0401,di,
D0401,Jalan,
D0401,DenpasarGilimanuk,
D0401,tahun,
D0401,ini,
D0401,meningkat,
D0401,20,
D0401,persen,
D0401,dari,
D0401,tahun,
D0401,2023,
D0401,Menurutnya,
D0401,kerugian,
D0401,materiel,
D0401,akibat,
D0401,kecelakaan,
D0401,di,
D0401,ruas,
D0401,jalan,
D0401,itu,
D0401,mencapai,
D0401,Rp,
D0401,18,
D0401,miliar,
D0401,lebih,
D0401,SCROLL,
D0401,TO,
D0401,CONTINUE,
D0401,WITH,
D0401,CONTENT,
D0401,Kami,
D0401,telah,
D0401,mengidentifikasi,
D0401,satu,
D0401,titik,
D0401,rawan,
D0401,kecelakaan,
D0401,atau,
D0401,black,
D0401,spot,
D0401,di,
D0401,Jalan,
D0401,DenpasarGilimanuk,
D0401,yakni,
D0401,kilometer,
D0401,9394,
D0401,ungkap,
D0401,Endang,
D0401,saat,
D0401,konferensi,
D0401,pers,
D0401,akhir,
D0401,tahun,
D0401,di,
D0401,Mapolres,
D0401,Jembrana,
D0401,Selasa,
D0401,31122024,
D0401,Polres,
D0401,Jembrana,
D0401,Endang,
D0401,berujar,
D0401,telah,
D0401,melakukan,
D0401,berbagai,
D0401,upaya,
D0401,untuk,
D0401,menekan,
D0401,angka,
D0401,kecelakaan,
D0401,di,
D0401,titik,
D0401,rawan,
D0401,tersebut,
D0401,Termasuk,
D0401,melakukan,
D0401,sosialisasi,
D0401,terkait,
D0401,aman,
D0401,berkendara,
D0401,patroli,
D0401,jalur,
D0401,dan,
D0401,survei,
D0401,jalan,
D0401,bersama,
D0401,instansi,
D0401,terkait,
D0401,Selain,
D0401,angka,
D0401,lakalantas,
D0401,kasus,
D0401,narkoba,
D0401,yang,
D0401,ditangani,
D0401,oleh,
D0401,Polres,
D0401,Jembrana,
D0401,sepanjang,
D0401,tahun,
D0401,ini,
D0401,juga,
D0401,melonjak,
D0401,tajam,
D0401,dibandingkan,
D0401,pada,
D0401,2023,
D0401,Hal,
D0401,itu,
D0401,dibuktikan,
D0401,dengan,
D0401,total,
D0401,barang,
D0401,bukti,
D0401,sabusabu,
D0401,yang,
D0401,disita,
D0401,polisi,
D0401,sepanjang,
D0401,tahun,
D0401,2024,
D0401,mencapai,
D0401,37281,
D0401,gram,
D0401,jauh,
D0401,melampaui,
D0401,tahun,
D0401,sebelumnya,
D0401,yang,
D0401,hanya,
D0401,3334,
D0401,gram,
D0401,Begitu,
D0401,pula,
D0401,dengan,
D0401,barang,
D0401,bukti,
D0401,berupa,
D0401,pil,
D0401,koplo,
D0401,yang,
D0401,jumlahnya,
D0401,meningkat,
D0401,lebih,
D0401,dari,
D0401,1000,
D0401,butir,
D0401,dibandingkan,
D0401,tahun,
D0401,lalu,
D0401,Di,
D0401,sisi,
D0401,lain,
D0401,Polres,
D0401,Jembrana,
D0401,mencatat,
D0401,penurunan,
D0401,angka,
D0401,kriminalitas,
D0401,umum,
D0401,di,
D0401,wilayah,
D0401,itu,
D0401,sepanjang,
D0401,tahun,
D0401,2024,
D0401,Adapun,
D0401,jumlah,
D0401,kasus,
D0401,kriminalitas,
D0401,di,
D0401,Jembrana,
D0401,sepanjang,
D0401,tahun,
D0401,ini,
D0401,sebanyak,
D0401,219,
D0401,kasus,
D0401,atau,
D0401,turun,
D0401,101,
D0401,kasus,
D0401,dibandingkan,
D0401,tahun,
D0401,lalu,
D0401,Kasuskasus,
D0401,yang,
D0401,paling,
D0401,menonjol,
D0401,adalah,
D0401,pencurian,
D0401,Meski,
D0401,begitu,
D0401,kasus,
D0401,kekerasan,
D0401,dalam,
D0401,rumah,
D0401,tangga,
D0401,KDRT,
D0401,di,
D0401,Jembrana,
D0401,justru,
D0401,mengalami,
D0401,peningkatan,
D0401,dari,
D0401,tujuh,
D0401,kasus,
D0401,pada,
D0401,2023,
D0401,menjadi,
D0401,16,
D0401,kasus,
D0401,pada,
D0401,tahun,
D0401,ini,
D0401,Secara,
D0401,umum,
D0401,situasi,
D0401,kamtibmas,
D0401,di,
D0401,Jembrana,
D0401,kondusif,
D0401,Kasus,
D0401,kriminalitas,
D0401,menuruntapi,
D0401,gangguan,
D0401,dan,
D0401,lakalantas,
D0401,mengalami,
D0401,peningkatan,
D0401,ungkap,
D0401,Endang,
D0401,Polres,
D0401,Jembrana,
D0401,dia,
D0401,melanjutkan,
D0401,akan,
D0401,meningkatkan,
D0401,frekuensi,
D0401,patroli,
D0401,terutama,
D0401,di,
D0401,wilayahwilayah,
D0401,yang,
D0401,rawan,
D0401,kejahatan,
D0401,Selain,
D0401,itu,
D0401,ia,
D0401,juga,
D0401,bakal,
D0401,menggencarkan,
D0401,sosialisasi,
D0401,mengenai,
D0401,bahaya,
D0401,narkoba,
D0401,dan,
D0401,pentingnya,
D0401,menjaga,
D0401,keselamatan,
D0401,di,
D0401,jalan,
D0401,raya,
D0401,Kami,
D0401,juga,
D0401,akan,
D0401,memperkuat,
D0401,sinergi,
D0401,dengan,
D0401,berbagai,
D0401,pihak,
D0401,baik,
D0401,pemerintah,
D0401,swasta,
D0401,maupun,
D0401,masyarakat,
D0401,untuk,
D0401,bersamasama,
D0401,menciptakan,
D0401,kondisi,
D0401,yang,
D0401,aman,
D0401,dan,
D0401,kondusif,
D0401,pungkasnya,
D0402,Komplotan,
D0402,perampok,
D0402,bersenjata,
D0402,membekap,
D0402,dan,
D0402,membuang,
D0402,sopir,
D0402,truk,
D0402,di,
D0402,Kabupaten,
D0402,Labuhanbatu,
D0402,Selatan,
D0402,Labusel,
D0402,Saat,
D0402,ini,
D0402,ada,
D0402,lima,
D0402,pelaku,
D0402,yang,
D0402,telah,
D0402,ditangkap,
D0402,Kapolres,
D0402,Labusel,
D0402,AKBP,
D0402,Arfin,
D0402,Fachreza,
D0402,mengatakan,
D0402,peristiwa,
D0402,itu,
D0402,terjadi,
D0402,di,
D0402,depan,
D0402,salah,
D0402,satu,
D0402,rumah,
D0402,makan,
D0402,di,
D0402,Desa,
D0402,Asam,
D0402,Jawa,
D0402,Kecamatan,
D0402,Torgamba,
D0402,Minggu,
D0402,1011,
D0402,sekira,
D0402,pukul,
D0402,1830,
D0402,WIB,
D0402,Saat,
D0402,kejadian,
D0402,korban,
D0402,Nurdin,
D0402,Sirait,
D0402,41,
D0402,membawa,
D0402,muatan,
D0402,asam,
D0402,tinggi,
D0402,seberat,
D0402,28,
D0402,ton,
D0402,dan,
D0402,tengah,
D0402,beristirahat,
D0402,di,
D0402,depan,
D0402,rumah,
D0402,makan,
D0402,tersebut,
D0402,Korban,
D0402,menggunakan,
D0402,mobil,
D0402,tangki,
D0402,dengan,
D0402,muatan,
D0402,asam,
D0402,tinggi,
D0402,menuju,
D0402,Dumai,
D0402,kata,
D0402,Arfin,
D0402,saat,
D0402,konferensi,
D0402,pers,
D0402,Selasa,
D0402,31122024,
D0402,SCROLL,
D0402,TO,
D0402,CONTINUE,
D0402,WITH,
D0402,CONTENT,
D0402,Saat,
D0402,tengah,
D0402,berdiri,
D0402,di,
D0402,samping,
D0402,truknya,
D0402,tibatiba,
D0402,ada,
D0402,dua,
D0402,orang,
D0402,yang,
D0402,datang,
D0402,dengan,
D0402,berjalan,
D0402,kaki,
D0402,dan,
D0402,langsung,
D0402,membekap,
D0402,korban,
D0402,sambil,
D0402,menodongkan,
D0402,senjata,
D0402,softgun,
D0402,Setelah,
D0402,itu,
D0402,korban,
D0402,dipaksa,
D0402,masuk,
D0402,ke,
D0402,dalam,
D0402,mobil,
D0402,Sigra,
D0402,milik,
D0402,para,
D0402,pelaku,
D0402,Di,
D0402,mobil,
D0402,tersebut,
D0402,para,
D0402,pelaku,
D0402,melakban,
D0402,mulut,
D0402,dan,
D0402,mata,
D0402,korban,
D0402,Lalu,
D0402,korban,
D0402,dibuang,
D0402,ke,
D0402,daerah,
D0402,Pulau,
D0402,Raja,
D0402,Kabupaten,
D0402,Asahan,
D0402,Atas,
D0402,kejadian,
D0402,itu,
D0402,korban,
D0402,membuat,
D0402,laporan,
D0402,Polres,
D0402,Labusel,
D0402,pada,
D0402,Selasa,
D0402,1211,
D0402,Pihak,
D0402,kepolisian,
D0402,yang,
D0402,menerima,
D0402,laporan,
D0402,itu,
D0402,lalu,
D0402,memburu,
D0402,para,
D0402,pelaku,
D0402,dan,
D0402,mengamankan,
D0402,lima,
D0402,orang,
D0402,di,
D0402,antaranya,
D0402,Kelimanya,
D0402,yakni,
D0402,Afdillah,
D0402,Syahputra,
D0402,31,
D0402,Subandi,
D0402,35,
D0402,Erfan,
D0402,Syahputra,
D0402,36,
D0402,Rahmad,
D0402,Hidayat,
D0402,29,
D0402,dan,
D0402,Mahadip,
D0402,42,
D0402,Para,
D0402,pelaku,
D0402,merupakan,
D0402,warga,
D0402,Tanjung,
D0402,Morawa,
D0402,Kabupaten,
D0402,Deli,
D0402,Serdang,
D0402,dan,
D0402,warga,
D0402,Kecamatan,
D0402,Medan,
D0402,Amplas,
D0402,Kota,
D0402,Medan,
D0402,Mereka,
D0402,ditangkap,
D0402,secara,
D0402,bertahap,
D0402,pada,
D0402,Rabu,
D0402,1112,
D0402,Saat,
D0402,ini,
D0402,kata,
D0402,Arfin,
D0402,ada,
D0402,dua,
D0402,pelaku,
D0402,lagi,
D0402,yang,
D0402,masih,
D0402,diburu,
D0402,Keduanya,
D0402,yakni,
D0402,Khairul,
D0402,Ilham,
D0402,33,
D0402,dan,
D0402,Riko,
D0402,35,
D0402,Ada,
D0402,lima,
D0402,orang,
D0402,tersangka,
D0402,curas,
D0402,truk,
D0402,tangki,
D0402,bermuatan,
D0402,asam,
D0402,tinggi,
D0402,yang,
D0402,kita,
D0402,tangkap,
D0402,sedangkan,
D0402,dua,
D0402,pelaku,
D0402,lagi,
D0402,masih,
D0402,dalam,
D0402,pengejaran,
D0402,jelasnya,
D0402,Arfin,
D0402,menjelaskan,
D0402,bahwa,
D0402,kelima,
D0402,tersangka,
D0402,memiliki,
D0402,peran,
D0402,berbeda,
D0402,mulai,
D0402,dari,
D0402,merampas,
D0402,truk,
D0402,hingga,
D0402,menjual,
D0402,muatannya,
D0402,minyak,
D0402,asam,
D0402,tinggi,
D0402,yang,
D0402,berada,
D0402,di,
D0402,truk,
D0402,korban,
D0402,Sebelum,
D0402,melancarkan,
D0402,aksinya,
D0402,para,
D0402,pelaku,
D0402,terlebih,
D0402,dahulu,
D0402,bertemu,
D0402,di,
D0402,salah,
D0402,satu,
D0402,rumah,
D0402,makan,
D0402,untuk,
D0402,mengatur,
D0402,strategi,
D0402,Kemudian,
D0402,muatan,
D0402,minyak,
D0402,hasil,
D0402,rampasan,
D0402,itu,
D0402,dijual,
D0402,para,
D0402,pelaku,
D0402,seharga,
D0402,Rp,
D0402,167,
D0402,juta,
D0402,Uang,
D0402,hasil,
D0402,kejahatan,
D0402,itu,
D0402,kemudian,
D0402,dibagi,
D0402,para,
D0402,tersangka,
D0402,termasuk,
D0402,untuk,
D0402,membayar,
D0402,mobil,
D0402,rental,
D0402,dan,
D0402,membeli,
D0402,alat,
D0402,sedot,
D0402,minyak,
D0402,jelasnya,
D0402,Selengkapnya,
D0402,di,
D0402,Halaman,
D0402,Berikutnya,
D0402,Berdasarkan,
D0402,hasil,
D0402,pemeriksaan,
D0402,kata,
D0402,Arfin,
D0402,tersangka,
D0402,Subandi,
D0402,merupakan,
D0402,residivis,
D0402,Subandi,
D0402,dua,
D0402,kali,
D0402,menjalani,
D0402,hukuman,
D0402,selama,
D0402,12,
D0402,bulan,
D0402,dan,
D0402,16,
D0402,bulan,
D0402,di,
D0402,Lapas,
D0402,Kelas,
D0402,II,
D0402,A,
D0402,Lubuk,
D0402,Pakam,
D0402,atas,
D0402,kasus,
D0402,penganiayaan,
D0402,dan,
D0402,pertolongan,
D0402,jahat,
D0402,Selain,
D0402,menangkap,
D0402,para,
D0402,pelaku,
D0402,petugas,
D0402,kepolisian,
D0402,juga,
D0402,mengamankan,
D0402,sejumlah,
D0402,barang,
D0402,bukti,
D0402,seperti,
D0402,truk,
D0402,tangki,
D0402,korban,
D0402,selang,
D0402,mobil,
D0402,rental,
D0402,pelaku,
D0402,satu,
D0402,pucuk,
D0402,senjata,
D0402,softgun,
D0402,satu,
D0402,magazen,
D0402,dan,
D0402,lakban,
D0402,Para,
D0402,tersangka,
D0402,dijerat,
D0402,pasal,
D0402,365,
D0402,Ayat,
D0402,2,
D0402,ke2,
D0402,Subs,
D0402,365,
D0402,Ayat,
D0402,1,
D0402,KUHPidana,
D0402,tentang,
D0402,curas,
D0402,dengan,
D0402,ancaman,
D0402,hukuman,
D0402,di,
D0402,atas,
D0402,lima,
D0402,tahun,
D0402,penjara,
D0402,pungkasnya,
D0403,Seorang,
D0403,bang,
D0403,jago,
D0403,nekat,
D0403,melakukan,
D0403,pemalakan,
D0403,kepada,
D0403,pedagang,
D0403,gorengan,
D0403,sambil,
D0403,mengacungkan,
D0403,golok,
D0403,di,
D0403,Pasar,
D0403,Baru,
D0403,Majalaya,
D0403,Selasa,
D0403,31122024,
D0403,dini,
D0403,hari,
D0403,Aksi,
D0403,bang,
D0403,jago,
D0403,tersebut,
D0403,terekam,
D0403,video,
D0403,dan,
D0403,viral,
D0403,di,
D0403,sosial,
D0403,media,
D0403,Dari,
D0403,video,
D0403,yang,
D0403,dilihat,
D0403,detikJabar,
D0403,nampak,
D0403,bang,
D0403,jago,
D0403,tersebut,
D0403,meminta,
D0403,sejumlah,
D0403,uang,
D0403,kepada,
D0403,korban,
D0403,sambil,
D0403,menenteng,
D0403,golok,
D0403,Kemudian,
D0403,sang,
D0403,pedagang,
D0403,memberinya,
D0403,uang,
D0403,sebesar,
D0403,Rp,
D0403,10,
D0403,ribu,
D0403,Namun,
D0403,bang,
D0403,jago,
D0403,tersebut,
D0403,malah,
D0403,emosi,
D0403,dan,
D0403,mempertanyakan,
D0403,ridonya,
D0403,pedagang,
D0403,tersebut,
D0403,memberinya,
D0403,uang,
D0403,Setelah,
D0403,itu,
D0403,bang,
D0403,jago,
D0403,tersebut,
D0403,menebaskan,
D0403,goloknya,
D0403,dan,
D0403,merusak,
D0403,fasilitas,
D0403,jualan,
D0403,pedagang,
D0403,tersebut,
D0403,SCROLL,
D0403,TO,
D0403,CONTINUE,
D0403,WITH,
D0403,CONTENT,
D0403,Kapolsek,
D0403,Majalaya,
D0403,Kompol,
D0403,Aep,
D0403,Suhendi,
D0403,membenarkan,
D0403,adanya,
D0403,peristiwa,
D0403,tersebut,
D0403,terjadi,
D0403,di,
D0403,Pasar,
D0403,Baru,
D0403,Majalaya,
D0403,Bahkan,
D0403,saat,
D0403,ini,
D0403,pelaku,
D0403,telah,
D0403,diamankan,
D0403,oleh,
D0403,Polisi,
D0403,Iya,
D0403,benar,
D0403,kejadiannya,
D0403,jam,
D0403,0028,
D0403,WIB,
D0403,malam,
D0403,tadi,
D0403,Dua,
D0403,pelaku,
D0403,sudah,
D0403,kita,
D0403,amankan,
D0403,Inisial,
D0403,pelaku,
D0403,M,
D0403,alias,
D0403,Cemong,
D0403,23,
D0403,dan,
D0403,A,
D0403,alias,
D0403,Caca,
D0403,20,
D0403,ujar,
D0403,Aep,
D0403,kepada,
D0403,detikJabar,
D0403,Selasa,
D0403,31122024,
D0403,Pihaknya,
D0403,menjelaskan,
D0403,peristiwa,
D0403,tersebut,
D0403,bermula,
D0403,saat,
D0403,korban,
D0403,tengah,
D0403,berjualan,
D0403,gorengan,
D0403,Kemudian,
D0403,tibatiba,
D0403,langsung,
D0403,didatangi,
D0403,para,
D0403,bang,
D0403,jago,
D0403,sambil,
D0403,membawa,
D0403,golok,
D0403,Iya,
D0403,pelaku,
D0403,berdua,
D0403,Cemong,
D0403,yang,
D0403,bawa,
D0403,golok,
D0403,Caca,
D0403,yang,
D0403,standby,
D0403,di,
D0403,motor,
D0403,saat,
D0403,melakukan,
D0403,aksinya,
D0403,katanya,
D0403,Aep,
D0403,mengungkapkan,
D0403,para,
D0403,bang,
D0403,jago,
D0403,tersebut,
D0403,telah,
D0403,memalak,
D0403,sebanyak,
D0403,empat,
D0403,pedagang,
D0403,gorengan,
D0403,Dirinya,
D0403,melakukan,
D0403,aksi,
D0403,pemalakan,
D0403,tersebut,
D0403,dalam,
D0403,keadaan,
D0403,mabuk,
D0403,Jadi,
D0403,pelaku,
D0403,sudah,
D0403,memalak,
D0403,4,
D0403,pedagang,
D0403,gorengan,
D0403,Pedagang,
D0403,itu,
D0403,gorengan,
D0403,itu,
D0403,yang,
D0403,terakhir,
D0403,Pelaku,
D0403,melakukan,
D0403,aksinya,
D0403,sambil,
D0403,dalam,
D0403,keadaan,
D0403,mabuk,
D0403,Dalam,
D0403,pengakuannya,
D0403,pelaku,
D0403,mabuk,
D0403,tuak,
D0403,jelasnya,
D0403,Setelah,
D0403,itu,
D0403,korban,
D0403,langsung,
D0403,melaporkan,
D0403,peristiwa,
D0403,tersebut,
D0403,ke,
D0403,Polsek,
D0403,Majalaya,
D0403,Kemudian,
D0403,polisi,
D0403,langsung,
D0403,mendatangi,
D0403,lokasi,
D0403,kejadian,
D0403,dan,
D0403,melakukan,
D0403,pengejaran,
D0403,kepada,
D0403,para,
D0403,pelaku,
D0403,Tidak,
D0403,membutuhkan,
D0403,waktu,
D0403,lama,
D0403,sekitar,
D0403,tadi,
D0403,jam,
D0403,9an,
D0403,tadi,
D0403,pagi,
D0403,kita,
D0403,bisa,
D0403,amankan,
D0403,pelaku,
D0403,Pelaku,
D0403,diamankan,
D0403,di,
D0403,daerah,
D0403,Panyadap,
D0403,ucapnya,
D0403,Aep,
D0403,mengimbau,
D0403,masyarakat,
D0403,untuk,
D0403,terus,
D0403,menjaga,
D0403,kondusifitas,
D0403,yang,
D0403,ada,
D0403,di,
D0403,Majalaya,
D0403,Makanya,
D0403,dirinya,
D0403,meminta,
D0403,jika,
D0403,terjadi,
D0403,peristiwa,
D0403,pidana,
D0403,untuk,
D0403,segera,
D0403,melaporkan,
D0403,polisi,
D0403,Kami,
D0403,minta,
D0403,ke,
D0403,masyarakat,
D0403,jangan,
D0403,sungkan,
D0403,dan,
D0403,jangan,
D0403,ragu,
D0403,melaporkan,
D0403,kejadian,
D0403,kepada,
D0403,kami,
D0403,Insya,
D0403,Allah,
D0403,kami,
D0403,respon,
D0403,dengan,
D0403,cepat,
D0403,Jika,
D0403,ada,
D0403,yang,
D0403,nekat,
D0403,buat,
D0403,onar,
D0403,di,
D0403,Majalaya,
D0403,kita,
D0403,akan,
D0403,sikat,
D0403,Itu,
D0403,sesuai,
D0403,dengan,
D0403,perintah,
D0403,pimpinan,
D0403,tidak,
D0403,ada,
D0403,kata,
D0403,tidak,
D0403,kami,
D0403,akan,
D0403,kejar,
D0403,Makanya,
D0403,kita,
D0403,perlu,
D0403,informasi,
D0403,kerjasama,
D0403,dengan,
D0403,masyarakat,
D0403,pungkasnya,
D0404,Sejumlah,
D0404,kasus,
D0404,kriminalitas,
D0404,menonjol,
D0404,ditangani,
D0404,Polda,
D0404,Sumsel,
D0404,sepanjang,
D0404,tahun,
D0404,2024,
D0404,Mulai,
D0404,dari,
D0404,kasus,
D0404,penganiayaan,
D0404,dokter,
D0404,koas,
D0404,di,
D0404,Palembang,
D0404,hingga,
D0404,pembunuhan,
D0404,siswi,
D0404,SMP,
D0404,di,
D0404,kuburan,
D0404,Cina,
D0404,Palembang,
D0404,Kapolda,
D0404,Sumsel,
D0404,Irjen,
D0404,Andi,
D0404,Rian,
D0404,R,
D0404,Djajadi,
D0404,mengatakan,
D0404,setidaknya,
D0404,ada,
D0404,delapan,
D0404,kasus,
D0404,kriminal,
D0404,menonjol,
D0404,di,
D0404,wilayah,
D0404,hukum,
D0404,Polda,
D0404,Sumsel,
D0404,selama,
D0404,2024,
D0404,Beberapa,
D0404,di,
D0404,antaranya,
D0404,bahkan,
D0404,menjadi,
D0404,perhatian,
D0404,nasional,
D0404,Kasus,
D0404,terbaru,
D0404,dan,
D0404,masih,
D0404,hangat,
D0404,ini,
D0404,terjadi,
D0404,pada,
D0404,minggu,
D0404,kedua,
D0404,Desember,
D0404,2024,
D0404,Seorang,
D0404,mahasiswa,
D0404,kedokteran,
D0404,Universitas,
D0404,Sriwijaya,
D0404,bernama,
D0404,M,
D0404,Lutfhi,
D0404,Hadyhan,
D0404,22,
D0404,yang,
D0404,sedang,
D0404,koas,
D0404,menjadi,
D0404,korban,
D0404,penganiayaan,
D0404,Pelakunya,
D0404,sopir,
D0404,pribadi,
D0404,ibu,
D0404,rekannya,
D0404,sesama,
D0404,dokter,
D0404,koas,
D0404,bernama,
D0404,Lady,
D0404,Aurellia,
D0404,SCROLL,
D0404,TO,
D0404,CONTINUE,
D0404,WITH,
D0404,CONTENT,
D0404,Penganiayaan,
D0404,dipicu,
D0404,kesalahpahaman,
D0404,mengenai,
D0404,jadwal,
D0404,piket,
D0404,jaga,
D0404,antara,
D0404,korban,
D0404,dan,
D0404,rekannya,
D0404,tersebut,
D0404,Dengan,
D0404,cepat,
D0404,kasus,
D0404,pemukulan,
D0404,yang,
D0404,terjadi,
D0404,di,
D0404,sebuah,
D0404,kafe,
D0404,di,
D0404,Jalan,
D0404,Demang,
D0404,Lebar,
D0404,Daun,
D0404,pada,
D0404,Rabu,
D0404,1112,
D0404,itu,
D0404,viral,
D0404,di,
D0404,media,
D0404,sosial,
D0404,Irjen,
D0404,Andi,
D0404,mengatakan,
D0404,kasus,
D0404,ini,
D0404,ditangani,
D0404,Subdit,
D0404,III,
D0404,Jatanras,
D0404,Ditreskrimum,
D0404,Polda,
D0404,Sumsel,
D0404,Fadillah,
D0404,alias,
D0404,Datuk,
D0404,sopir,
D0404,pribadi,
D0404,ibu,
D0404,Lady,
D0404,telah,
D0404,ditetapkan,
D0404,tersangka,
D0404,Hingga,
D0404,kini,
D0404,kasus,
D0404,masih,
D0404,bergulir,
D0404,Bahkan,
D0404,kasus,
D0404,merembet,
D0404,ke,
D0404,penyelidikan,
D0404,LHKPN,
D0404,ayah,
D0404,Lady,
D0404,oleh,
D0404,KPK,
D0404,Mundur,
D0404,agak,
D0404,jauh,
D0404,ke,
D0404,April,
D0404,2024,
D0404,terdapat,
D0404,kasus,
D0404,pembunuhan,
D0404,Warsilah,
D0404,40,
D0404,dan,
D0404,anaknya,
D0404,Farah,
D0404,16,
D0404,Pelakunya,
D0404,ialah,
D0404,S,
D0404,mantan,
D0404,karyawan,
D0404,di,
D0404,bengkel,
D0404,milik,
D0404,keluarga,
D0404,Warsilah,
D0404,Kemudian,
D0404,kasus,
D0404,pembunuhan,
D0404,ibu,
D0404,dan,
D0404,anak,
D0404,oleh,
D0404,mantan,
D0404,karyawan,
D0404,di,
D0404,Macan,
D0404,Lindungan,
D0404,Kota,
D0404,Palembang,
D0404,Penyelidikan,
D0404,dilakukan,
D0404,oleh,
D0404,Satreskrim,
D0404,Polrestabes,
D0404,Palembang,
D0404,dan,
D0404,Polsek,
D0404,Ilir,
D0404,Barat,
D0404,I,
D0404,serta,
D0404,telah,
D0404,menangkap,
D0404,satu,
D0404,pelaku,
D0404,kata,
D0404,Andi,
D0404,Kedua,
D0404,korban,
D0404,ditemukan,
D0404,tewas,
D0404,pada,
D0404,Senin,
D0404,154,
D0404,di,
D0404,rumah,
D0404,mereka,
D0404,di,
D0404,Kelurahan,
D0404,Bukit,
D0404,Baru,
D0404,Kecamatan,
D0404,Ilir,
D0404,Barat,
D0404,I,
D0404,Pelaku,
D0404,S,
D0404,mengaku,
D0404,nekat,
D0404,membunuh,
D0404,ibuanak,
D0404,itu,
D0404,karena,
D0404,dendam,
D0404,pada,
D0404,suami,
D0404,Warsilah,
D0404,soal,
D0404,gaji,
D0404,Karena,
D0404,masalah,
D0404,gaji,
D0404,bukan,
D0404,tidak,
D0404,dibayar,
D0404,tapi,
D0404,suka,
D0404,dipermainkan,
D0404,terus,
D0404,saya,
D0404,itu,
D0404,seperti,
D0404,ngemisngemis,
D0404,kalau,
D0404,mau,
D0404,ambil,
D0404,gaji,
D0404,Aku,
D0404,datang,
D0404,ke,
D0404,rumahnya,
D0404,dibilang,
D0404,belum,
D0404,ada,
D0404,datang,
D0404,lagi,
D0404,ke,
D0404,rumahnya,
D0404,dibilang,
D0404,belum,
D0404,ada,
D0404,lagi,
D0404,kesal,
D0404,saja,
D0404,jadinya,
D0404,kata,
D0404,S,
D0404,Selasa,
D0404,1642024,
D0404,Selanjutnya,
D0404,ada,
D0404,kasus,
D0404,tewasnya,
D0404,seorang,
D0404,wanita,
D0404,Cinderella,
D0404,di,
D0404,Banyuasin,
D0404,pada,
D0404,Februari,
D0404,2024,
D0404,Wanita,
D0404,bernama,
D0404,asli,
D0404,Rizka,
D0404,Anisa,
D0404,29,
D0404,itu,
D0404,diduga,
D0404,overdosis,
D0404,narkotika,
D0404,jenis,
D0404,pil,
D0404,ekstasi,
D0404,di,
D0404,hiburan,
D0404,orgen,
D0404,tunggal,
D0404,Pesta,
D0404,berlangsung,
D0404,pada,
D0404,Minggu,
D0404,42,
D0404,di,
D0404,Desa,
D0404,Sukapindah,
D0404,Kecamatan,
D0404,Rambutan,
D0404,Dalam,
D0404,video,
D0404,beredar,
D0404,tampak,
D0404,korban,
D0404,tibatiba,
D0404,kejang,
D0404,Sebelumnya,
D0404,korban,
D0404,datang,
D0404,ke,
D0404,pesta,
D0404,itu,
D0404,bersama,
D0404,dua,
D0404,orang,
D0404,pria,
D0404,Polisi,
D0404,menduga,
D0404,salah,
D0404,satu,
D0404,pria,
D0404,yang,
D0404,berambut,
D0404,pirang,
D0404,itu,
D0404,yang,
D0404,mencekoki,
D0404,Cinderella,
D0404,dengan,
D0404,narkoba,
D0404,Korban,
D0404,sendiri,
D0404,diketahui,
D0404,telah,
D0404,bersuami,
D0404,tapi,
D0404,sang,
D0404,suami,
D0404,tengah,
D0404,bekerja,
D0404,di,
D0404,Bengkulu,
D0404,saat,
D0404,kejadian,
D0404,Kedua,
D0404,pelaku,
D0404,akhirnya,
D0404,ditangkap,
D0404,Anton,
D0404,Eka,
D0404,Saputra,
D0404,25,
D0404,seorang,
D0404,pegawai,
D0404,koperasi,
D0404,ditemukan,
D0404,tak,
D0404,bernyawa,
D0404,dan,
D0404,dicor,
D0404,di,
D0404,belakang,
D0404,sebuah,
D0404,distro,
D0404,di,
D0404,Maskarebet,
D0404,Kelurahan,
D0404,Talang,
D0404,Kelapa,
D0404,Kecamatan,
D0404,Sukarami,
D0404,Palembang,
D0404,Diketahui,
D0404,pemilik,
D0404,distro,
D0404,itulah,
D0404,pelaku,
D0404,yang,
D0404,menghabisi,
D0404,Anton,
D0404,Pelaku,
D0404,bernama,
D0404,Antoni,
D0404,Jasad,
D0404,korban,
D0404,Anton,
D0404,ditemukan,
D0404,pada,
D0404,Rabu,
D0404,26,
D0404,Juni,
D0404,2024,
D0404,setelah,
D0404,sebelumnya,
D0404,dia,
D0404,dilaporkan,
D0404,hilang,
D0404,sejak,
D0404,8,
D0404,Juni,
D0404,2024,
D0404,Antoni,
D0404,yang,
D0404,merupakan,
D0404,otak,
D0404,dari,
D0404,pembunuhan,
D0404,ini,
D0404,mengaku,
D0404,nekat,
D0404,karena,
D0404,sakit,
D0404,hati,
D0404,bunga,
D0404,utangnya,
D0404,di,
D0404,koperasi,
D0404,Anton,
D0404,membengkak,
D0404,sampai,
D0404,Rp,
D0404,19,
D0404,juta,
D0404,Dibantu,
D0404,dua,
D0404,karyawannya,
D0404,Antoni,
D0404,menganiaya,
D0404,Anton,
D0404,hingga,
D0404,tewas,
D0404,kemudian,
D0404,jasadnya,
D0404,dicor,
D0404,Antoni,
D0404,ditangkap,
D0404,dalam,
D0404,pelariannya,
D0404,ke,
D0404,Sumatera,
D0404,Barat,
D0404,Dua,
D0404,karyawan,
D0404,yang,
D0404,membantunya,
D0404,juga,
D0404,ditetapkan,
D0404,tersangka,
D0404,Kasus,
D0404,menggegerkan,
D0404,lainnya,
D0404,adalah,
D0404,penemuan,
D0404,mayat,
D0404,siswi,
D0404,SMP,
D0404,di,
D0404,TPU,
D0404,Talang,
D0404,Kerikil,
D0404,Palembang,
D0404,atau,
D0404,kuburan,
D0404,Cina,
D0404,Palembang,
D0404,Diketahui,
D0404,kemudian,
D0404,bahwa,
D0404,remaja,
D0404,inisial,
D0404,AA,
D0404,13,
D0404,itu,
D0404,merupakan,
D0404,korban,
D0404,pemerkosaan,
D0404,dan,
D0404,pembunuhan,
D0404,Kemudian,
D0404,kasus,
D0404,seorang,
D0404,Siswi,
D0404,SMP,
D0404,di,
D0404,Palembang,
D0404,berinisial,
D0404,AA,
D0404,13,
D0404,diperkosa,
D0404,dan,
D0404,dibunuh,
D0404,oleh,
D0404,empat,
D0404,remaja,
D0404,di,
D0404,TPU,
D0404,Talang,
D0404,Kerikil,
D0404,Palembang,
D0404,Penyelidikan,
D0404,dilakukan,
D0404,Subdit,
D0404,III,
D0404,Jatanras,
D0404,Ditreskrimum,
D0404,Polda,
D0404,Sumsel,
D0404,dan,
D0404,Polrestabes,
D0404,Palembang,
D0404,ujar,
D0404,Irjen,
D0404,Andi,
D0404,Mirisnya,
D0404,para,
D0404,pelaku,
D0404,masih,
D0404,berusia,
D0404,kisaran,
D0404,1216,
D0404,tahun,
D0404,Otak,
D0404,kejahatan,
D0404,yakni,
D0404,IS,
D0404,16,
D0404,sengaja,
D0404,mengajak,
D0404,temantemannya,
D0404,yang,
D0404,lebih,
D0404,muda,
D0404,Bahkan,
D0404,setelah,
D0404,membunuh,
D0404,korban,
D0404,mereka,
D0404,sempat,
D0404,berpurapura,
D0404,tidak,
D0404,bersalah,
D0404,dan,
D0404,datang,
D0404,ke,
D0404,yasinan,
D0404,korban,
D0404,Itulah,
D0404,sederet,
D0404,kasus,
D0404,kriminal,
D0404,menonjol,
D0404,yang,
D0404,ditangani,
D0404,Polda,
D0404,Sumsel,
D0404,sepanjang,
D0404,2024,
D0404,Irjen,
D0404,Andi,
D0404,berharap,
D0404,kepada,
D0404,masyarakat,
D0404,maupun,
D0404,semua,
D0404,pihak,
D0404,untuk,
D0404,secara,
D0404,langsung,
D0404,maupun,
D0404,tidak,
D0404,langsung,
D0404,dapat,
D0404,melakukan,
D0404,kerja,
D0404,sama,
D0404,pengawasan,
D0404,atas,
D0404,kinerja,
D0404,Polda,
D0404,Sumsel,
D0404,guna,
D0404,membangun,
D0404,Polda,
D0404,Sumsel,
D0404,yang,
D0404,dipercaya,
D0404,dan,
D0404,dapat,
D0404,memenuhi,
D0404,tuntutan,
D0404,serta,
D0404,harapan,
D0404,masyarakat,
D0405,Ratusan,
D0405,kasus,
D0405,kriminal,
D0405,dan,
D0405,pelanggaran,
D0405,lalu,
D0405,lintas,
D0405,dibeberkan,
D0405,Polres,
D0405,Kota,
D0405,Kediri,
D0405,selama,
D0405,tahun,
D0405,2024,
D0405,Meski,
D0405,demikian,
D0405,Kota,
D0405,Kediri,
D0405,tetap,
D0405,kondusif,
D0405,Kapolres,
D0405,Kediri,
D0405,Kota,
D0405,AKBP,
D0405,Bramastyo,
D0405,Priaji,
D0405,mengatakan,
D0405,2024,
D0405,merupakan,
D0405,tahun,
D0405,spesial,
D0405,Karena,
D0405,terdapat,
D0405,dua,
D0405,agenda,
D0405,besar,
D0405,yakni,
D0405,Pilpres,
D0405,dan,
D0405,Pilkada,
D0405,Meski,
D0405,demikian,
D0405,selama,
D0405,berlangsungnya,
D0405,dua,
D0405,agenda,
D0405,tersebut,
D0405,Kota,
D0405,Kediri,
D0405,tetap,
D0405,kondusif,
D0405,Meski,
D0405,kasuskasus,
D0405,kriminal,
D0405,juga,
D0405,masih,
D0405,terjadi,
D0405,SCROLL,
D0405,TO,
D0405,CONTINUE,
D0405,WITH,
D0405,CONTENT,
D0405,Alhamdulillah,
D0405,pelaksanaan,
D0405,Pilkada,
D0405,Pilpres,
D0405,dan,
D0405,Pileg,
D0405,di,
D0405,wilayah,
D0405,hukum,
D0405,Polres,
D0405,Kediri,
D0405,Kota,
D0405,berjalan,
D0405,baik,
D0405,dan,
D0405,kondusif,
D0405,Kata,
D0405,Bramastyo,
D0405,saat,
D0405,rilis,
D0405,akhir,
D0405,tahun,
D0405,2024,
D0405,di,
D0405,Gedung,
D0405,Rupatama,
D0405,Polres,
D0405,Kediri,
D0405,Kota,
D0405,Senin,
D0405,30122024,
D0405,Bramastyo,
D0405,lalu,
D0405,membeberkan,
D0405,selama,
D0405,tahun,
D0405,2024,
D0405,pihaknya,
D0405,mengungkap,
D0405,244,
D0405,kasus,
D0405,kriminalitas,
D0405,Dibandingkan,
D0405,dengan,
D0405,tahun,
D0405,2023,
D0405,ia,
D0405,menyebut,
D0405,ada,
D0405,penurunan,
D0405,Jumlah,
D0405,kasus,
D0405,tahun,
D0405,2024,
D0405,mengalami,
D0405,penurunan,
D0405,dari,
D0405,pada,
D0405,tahun,
D0405,2023,
D0405,yakni,
D0405,sebanyak,
D0405,28,
D0405,kasus,
D0405,atau,
D0405,10,
D0405,persen,
D0405,jelas,
D0405,Bramastyo,
D0405,Untuk,
D0405,kasus,
D0405,narkoba,
D0405,Bramastyo,
D0405,menyebut,
D0405,ada,
D0405,tren,
D0405,peningkatan,
D0405,dari,
D0405,86,
D0405,kasus,
D0405,menjadi,
D0405,90,
D0405,kasus,
D0405,Dari,
D0405,total,
D0405,90,
D0405,kasus,
D0405,dengan,
D0405,rincian,
D0405,narkotika,
D0405,obat,
D0405,keras,
D0405,berbahaya,
D0405,okerbaya,
D0405,hingga,
D0405,minuman,
D0405,keras,
D0405,miras,
D0405,Jumlah,
D0405,tersangka,
D0405,ada,
D0405,108,
D0405,orang,
D0405,tahun,
D0405,2023,
D0405,sementara,
D0405,tahun,
D0405,ini,
D0405,ada,
D0405,141,
D0405,tersangka,
D0405,tuturnya,
D0405,Sama,
D0405,dengan,
D0405,kasus,
D0405,narkoba,
D0405,pelanggaran,
D0405,lalu,
D0405,lintas,
D0405,juga,
D0405,mengalami,
D0405,peningkatan,
D0405,yang,
D0405,signifikan,
D0405,terkait,
D0405,pelanggaran,
D0405,lalu,
D0405,lintas,
D0405,yakni,
D0405,98,
D0405,persen,
D0405,Namun,
D0405,demikian,
D0405,peningkatan,
D0405,tersebut,
D0405,bukan,
D0405,menunjukkan,
D0405,masyarakat,
D0405,Kabupaten,
D0405,dan,
D0405,Kota,
D0405,Kediri,
D0405,tidak,
D0405,disiplin,
D0405,tetapi,
D0405,anggota,
D0405,lebih,
D0405,rajin,
D0405,dan,
D0405,aktif,
D0405,untuk,
D0405,melakukan,
D0405,penindakan,
D0405,pelanggaran,
D0405,disiplin,
D0405,di,
D0405,jalan,
D0405,Apalagi,
D0405,ada,
D0405,pengembangan,
D0405,sistem,
D0405,tahun,
D0405,2023,
D0405,lalu,
D0405,lebih,
D0405,mengedepankan,
D0405,kualitas,
D0405,penindakan,
D0405,elektronik,
D0405,atau,
D0405,ETLE,
D0405,dan,
D0405,statis,
D0405,Karena,
D0405,anev,
D0405,ditutup,
D0405,kurang,
D0405,maksimal,
D0405,dalam,
D0405,mendisiplinkan,
D0405,pengendara,
D0405,maka,
D0405,tahun,
D0405,2024,
D0405,penindakan,
D0405,secara,
D0405,mobile,
D0405,dan,
D0405,tindakan,
D0405,tilang,
D0405,Itu,
D0405,juga,
D0405,termasuk,
D0405,memberikan,
D0405,peneguran,
D0405,kepada,
D0405,pengendara,
D0405,jelas,
D0405,Bramastyo,
D0405,Sementara,
D0405,itu,
D0405,Kasat,
D0405,Resnarkoba,
D0405,Polres,
D0405,Kediri,
D0405,Kota,
D0405,Iptu,
D0405,Bowo,
D0405,Tri,
D0405,Kuncoro,
D0405,menambahkan,
D0405,dari,
D0405,pengungkapan,
D0405,90,
D0405,kasus,
D0405,selama,
D0405,tahun,
D0405,2024,
D0405,dengan,
D0405,rincian,
D0405,sebanyak,
D0405,57,
D0405,narkotika,
D0405,32,
D0405,okerbaya,
D0405,dan,
D0405,1,
D0405,minuman,
D0405,keras,
D0405,Sedangkan,
D0405,jumlah,
D0405,tersangka,
D0405,sebanyak,
D0405,141,
D0405,orang,
D0405,terdiri,
D0405,dari,
D0405,133,
D0405,lakilaki,
D0405,dan,
D0405,9,
D0405,perempuan,
D0405,Pengungkapan,
D0405,narkoba,
D0405,tahun,
D0405,2024,
D0405,sebanyak,
D0405,90,
D0405,kasus,
D0405,dan,
D0405,2023,
D0405,lalu,
D0405,sebanyak,
D0405,86,
D0405,kasus,
D0405,Jadi,
D0405,mengalami,
D0405,kenaikan,
D0405,sebanyak,
D0405,4,
D0405,atau,
D0405,46,
D0405,persen,
D0405,tuturnya,
D0405,Adapun,
D0405,barang,
D0405,bukti,
D0405,yang,
D0405,disita,
D0405,Satresnarkoba,
D0405,Polres,
D0405,Kediri,
D0405,Kota,
D0405,selama,
D0405,tahun,
D0405,2024,
D0405,terdiri,
D0405,dari,
D0405,sabusabu,
D0405,seberat,
D0405,566,
D0405,64,
D0405,Gram,
D0405,Ganja,
D0405,1530,
D0405,97,
D0405,Gram,
D0405,6750,
D0405,butir,
D0405,pil,
D0405,dmp,
D0405,312391,
D0405,butir,
D0405,pil,
D0405,dobel,
D0405,L,
D0405,tiga,
D0405,bungkus,
D0405,nasi,
D0405,dicampur,
D0405,serbuk,
D0405,pil,
D0405,dobel,
D0405,L,
D0405,41,
D0405,tablet,
D0405,1,
D0405,mg,
D0405,pil,
D0405,warna,
D0405,hijau,
D0405,merk,
D0405,Alganax,
D0405,serta,
D0405,10,
D0405,tablet,
D0405,pil,
D0405,salut,
D0405,1,
D0405,mg,
D0405,merk,
D0405,Zypraz,
D0405,Selanjutnya,
D0405,785,
D0405,tablet,
D0405,pil,
D0405,salut,
D0405,selaput,
D0405,merk,
D0405,Amitriptyline,
D0405,Hydrochoride,
D0405,70,
D0405,tablet,
D0405,pil,
D0405,salu,
D0405,selaput,
D0405,merk,
D0405,Amitriptyline,
D0405,HCL,
D0405,handphone,
D0405,hingga,
D0405,ratusan,
D0405,botol,
D0405,berisi,
D0405,minuman,
D0405,keras,
D0405,berbagai,
D0405,merk,
D0405,Total,
D0405,barang,
D0405,bukti,
D0405,sabusabu,
D0405,tahun,
D0405,2024,
D0405,sebanyak,
D0405,56664,
D0405,gram,
D0405,dan,
D0405,meningkat,
D0405,sebanyak,
D0405,327,
D0405,51gram,
D0405,pungkas,
D0405,Bowo,
D0405,Kuncoro,
D0406,Menjelang,
D0406,akhir,
D0406,tahun,
D0406,Polrestabes,
D0406,Surabaya,
D0406,memusnahkan,
D0406,barang,
D0406,bukti,
D0406,hasil,
D0406,pengungkapan,
D0406,kasus,
D0406,selama,
D0406,tahun,
D0406,2024,
D0406,Barang,
D0406,bukti,
D0406,yang,
D0406,dimusnahkan,
D0406,berasal,
D0406,dari,
D0406,jajaran,
D0406,Satresnarkoba,
D0406,Satreskrim,
D0406,dan,
D0406,Satlantas,
D0406,Polrestabes,
D0406,Surabaya,
D0406,Dari,
D0406,Satresnarkoba,
D0406,sebanyak,
D0406,15,
D0406,kilogram,
D0406,narkotika,
D0406,jenis,
D0406,sabu,
D0406,dan,
D0406,19,
D0406,kilogram,
D0406,ganja,
D0406,dimusnahkan,
D0406,Barang,
D0406,bukti,
D0406,tersebut,
D0406,berasal,
D0406,dari,
D0406,pengungkapan,
D0406,tiga,
D0406,kasus,
D0406,berbeda,
D0406,dengan,
D0406,empat,
D0406,orang,
D0406,tersangka,
D0406,yang,
D0406,telah,
D0406,diamankan,
D0406,Kegiatan,
D0406,pemusnahan,
D0406,dilanjutkan,
D0406,dengan,
D0406,pemotongan,
D0406,knalpot,
D0406,brong,
D0406,hasil,
D0406,razia,
D0406,Satlantas,
D0406,Polrestabes,
D0406,Surabaya,
D0406,Dalam,
D0406,razia,
D0406,tersebut,
D0406,sebanyak,
D0406,527,
D0406,knalpot,
D0406,brong,
D0406,berhasil,
D0406,disita,
D0406,dan,
D0406,dimusnahkan,
D0406,SCROLL,
D0406,TO,
D0406,CONTINUE,
D0406,WITH,
D0406,CONTENT,
D0406,Kapolrestabes,
D0406,Surabaya,
D0406,Kombes,
D0406,Lutfhie,
D0406,Sulistiawan,
D0406,mengapresiasi,
D0406,kinerja,
D0406,jajarannya,
D0406,yang,
D0406,telah,
D0406,bekerja,
D0406,maksimal,
D0406,menekan,
D0406,angka,
D0406,kejahatan,
D0406,dan,
D0406,menciptakan,
D0406,rasa,
D0406,aman,
D0406,di,
D0406,Kota,
D0406,Surabaya,
D0406,Kita,
D0406,bersyukur,
D0406,angka,
D0406,kriminalitas,
D0406,menurun,
D0406,5,
D0406,persen,
D0406,dibanding,
D0406,tahun,
D0406,sebelumnya,
D0406,Yakni,
D0406,4297,
D0406,kasus,
D0406,di,
D0406,tahun,
D0406,2023,
D0406,menjadi,
D0406,4019,
D0406,kasus,
D0406,di,
D0406,tahun,
D0406,2024,
D0406,kata,
D0406,Lutfhie,
D0406,saat,
D0406,rilis,
D0406,di,
D0406,Mapolrestabes,
D0406,Surabaya,
D0406,Senin,
D0406,30122024,
D0406,Mantan,
D0406,Dirreskrimsus,
D0406,Polda,
D0406,Jatim,
D0406,itu,
D0406,juga,
D0406,menyebut,
D0406,bahwa,
D0406,tingkat,
D0406,penyelesaian,
D0406,kasus,
D0406,meningkat,
D0406,signifikan,
D0406,yakni,
D0406,38,
D0406,persen,
D0406,Pada,
D0406,tahun,
D0406,2023,
D0406,sebanyak,
D0406,3561,
D0406,kasus,
D0406,berhasil,
D0406,diselesaikan,
D0406,Sementara,
D0406,itu,
D0406,di,
D0406,tahun,
D0406,2024,
D0406,tercatat,
D0406,5800,
D0406,kasus,
D0406,terselesaikan,
D0406,selama,
D0406,setahun,
D0406,Ini,
D0406,adalah,
D0406,bukti,
D0406,langkahlangkah,
D0406,efektif,
D0406,yang,
D0406,bisa,
D0406,diambil,
D0406,ungkap,
D0406,Lutfhie,
D0406,Selain,
D0406,itu,
D0406,Polrestabes,
D0406,Surabaya,
D0406,juga,
D0406,menangani,
D0406,kasus,
D0406,minuman,
D0406,keras,
D0406,miras,
D0406,Sebanyak,
D0406,3455,
D0406,botol,
D0406,miras,
D0406,disita,
D0406,dan,
D0406,dimusnahkan,
D0406,dengan,
D0406,45,
D0406,tersangka,
D0406,yang,
D0406,diproses,
D0406,hukum,
D0406,terkait,
D0406,kasus,
D0406,tersebut,
D0407,Enam,
D0407,warga,
D0407,di,
D0407,Banda,
D0407,Aceh,
D0407,Aceh,
D0407,menghajar,
D0407,pria,
D0407,inisial,
D0407,RD,
D0407,50,
D0407,usai,
D0407,ditangkap,
D0407,di,
D0407,dalam,
D0407,sebuah,
D0407,rumah,
D0407,bersama,
D0407,perempuan,
D0407,non,
D0407,muhrim,
D0407,Akibat,
D0407,aksinya,
D0407,itu,
D0407,keenam,
D0407,warga,
D0407,tersebut,
D0407,pun,
D0407,ditetapkan,
D0407,sebagai,
D0407,tersangka,
D0407,Keenam,
D0407,tersangka,
D0407,itu,
D0407,adalah,
D0407,SZ,
D0407,62,
D0407,HW,
D0407,47,
D0407,RP,
D0407,26,
D0407,MR,
D0407,31,
D0407,FSP,
D0407,19,
D0407,dan,
D0407,AS,
D0407,19,
D0407,Mereka,
D0407,seluruhnya,
D0407,berdomisili,
D0407,di,
D0407,Banda,
D0407,Aceh,
D0407,SCROLL,
D0407,TO,
D0407,CONTINUE,
D0407,WITH,
D0407,CONTENT,
D0407,Berdasarkan,
D0407,dari,
D0407,12,
D0407,orang,
D0407,saksi,
D0407,yang,
D0407,dimintai,
D0407,keterangan,
D0407,oleh,
D0407,penyidik,
D0407,unit,
D0407,Jatanras,
D0407,Sat,
D0407,Reskrim,
D0407,Polresta,
D0407,Banda,
D0407,Aceh,
D0407,tertuju,
D0407,pada,
D0407,enam,
D0407,tersangka,
D0407,kata,
D0407,Kasatreskrim,
D0407,Polresta,
D0407,Banda,
D0407,Aceh,
D0407,Kompol,
D0407,Fadillah,
D0407,Aditiya,
D0407,Pratama,
D0407,dalam,
D0407,keterangannya,
D0407,Minggu,
D0407,29122024,
D0407,Peristiwa,
D0407,penganiayaan,
D0407,itu,
D0407,berawal,
D0407,saat,
D0407,RD,
D0407,digerebek,
D0407,warga,
D0407,di,
D0407,dalam,
D0407,sebuah,
D0407,rumah,
D0407,di,
D0407,Desa,
D0407,Tibang,
D0407,Kecamatan,
D0407,Syiah,
D0407,Kuala,
D0407,Banda,
D0407,Aceh,
D0407,pada,
D0407,pertengahan,
D0407,November,
D0407,lalu,
D0407,Masyarakat,
D0407,menghajar,
D0407,RD,
D0407,hingga,
D0407,harus,
D0407,dilarikan,
D0407,ke,
D0407,rumah,
D0407,sakit,
D0407,Kemudian,
D0407,RD,
D0407,meninggal,
D0407,dunia,
D0407,dalam,
D0407,perawatan,
D0407,di,
D0407,Rumah,
D0407,Sakit,
D0407,Pertamedika,
D0407,Banda,
D0407,Aceh,
D0407,pada,
D0407,1611,
D0407,pagi,
D0407,Pihak,
D0407,keluarga,
D0407,lalu,
D0407,tak,
D0407,terima,
D0407,dengan,
D0407,kasus,
D0407,penganiayaan,
D0407,tersebut,
D0407,sehingga,
D0407,membuat,
D0407,laporan,
D0407,ke,
D0407,polisi,
D0407,Untuk,
D0407,menyelidiki,
D0407,kasus,
D0407,itu,
D0407,penyidik,
D0407,Polresta,
D0407,Banda,
D0407,Aceh,
D0407,lalu,
D0407,melakukan,
D0407,ekshumasi,
D0407,pada,
D0407,Selasa,
D0407,1911,
D0407,Jasad,
D0407,RD,
D0407,yang,
D0407,telah,
D0407,dikebumikan,
D0407,di,
D0407,kampungnya,
D0407,di,
D0407,Aceh,
D0407,Besar,
D0407,dibawa,
D0407,lagi,
D0407,ke,
D0407,rumah,
D0407,sakit,
D0407,untuk,
D0407,diautopsi,
D0407,Usai,
D0407,mengantongi,
D0407,hasil,
D0407,autopsi,
D0407,polisi,
D0407,kembali,
D0407,memintai,
D0407,keterangan,
D0407,sejumlah,
D0407,saksi,
D0407,untuk,
D0407,mengungkap,
D0407,kasus,
D0407,tersebut,
D0407,Menurut,
D0407,Fadillah,
D0407,keenam,
D0407,tersangka,
D0407,akan,
D0407,segera,
D0407,diserahkan,
D0407,ke,
D0407,jaksa,
D0407,setelah,
D0407,berkas,
D0407,perkara,
D0407,dinyatakan,
D0407,lengkap,
D0407,Penetapan,
D0407,tersangka,
D0407,setelah,
D0407,dilakukan,
D0407,pendalaman,
D0407,pemeriksaan,
D0407,sesuai,
D0407,dengan,
D0407,laporan,
D0407,keluarga,
D0407,korban,
D0407,terhadap,
D0407,kejadian,
D0407,yang,
D0407,menyebabkan,
D0407,meninggalnya,
D0407,RD,
D0407,Hal,
D0407,ini,
D0407,juga,
D0407,dikuatkan,
D0407,keterangan,
D0407,dari,
D0407,pemeriksaan,
D0407,para,
D0407,saksi,
D0407,dan,
D0407,keterangan,
D0407,dari,
D0407,para,
D0407,tersangka,
D0407,jelas,
D0407,Fadillah,
D0408,Seorang,
D0408,pria,
D0408,berinisial,
D0408,MH,
D0408,20,
D0408,di,
D0408,Kota,
D0408,Palu,
D0408,Sulawesi,
D0408,Tengah,
D0408,Sulteng,
D0408,terobsesi,
D0408,dengan,
D0408,seorang,
D0408,mahasiswi,
D0408,inisial,
D0408,FS,
D0408,17,
D0408,Ia,
D0408,sampai,
D0408,nekat,
D0408,mencuri,
D0408,laptop,
D0408,milik,
D0408,FS,
D0408,untuk,
D0408,dijadikan,
D0408,fantasi,
D0408,seks,
D0408,Pelaku,
D0408,mencuri,
D0408,laptop,
D0408,korban,
D0408,di,
D0408,rumah,
D0408,korban,
D0408,yang,
D0408,berada,
D0408,di,
D0408,perumahan,
D0408,dosen,
D0408,Kelurahan,
D0408,Tondo,
D0408,Kecamatan,
D0408,Mantikulore,
D0408,Palu,
D0408,pada,
D0408,Rabu,
D0408,2512,
D0408,malam,
D0408,Awalnya,
D0408,pelaku,
D0408,mengintip,
D0408,karena,
D0408,pintu,
D0408,depan,
D0408,rumah,
D0408,tidak,
D0408,terkunci,
D0408,pelaku,
D0408,langsung,
D0408,masuk,
D0408,ke,
D0408,dalam,
D0408,rumah,
D0408,ujar,
D0408,Kapolsek,
D0408,Mantikulore,
D0408,Iptu,
D0408,Siti,
D0408,Elminawati,
D0408,dilansir,
D0408,detikSulsel,
D0408,Minggu,
D0408,29122024,
D0408,SCROLL,
D0408,TO,
D0408,CONTINUE,
D0408,WITH,
D0408,CONTENT,
D0408,Ia,
D0408,pun,
D0408,lalu,
D0408,mengambil,
D0408,laptop,
D0408,korban,
D0408,di,
D0408,ruang,
D0408,tengah,
D0408,Pelaku,
D0408,yang,
D0408,mendekar,
D0408,suara,
D0408,dari,
D0408,kamar,
D0408,langsung,
D0408,bergegas,
D0408,keluar,
D0408,sambil,
D0408,membawa,
D0408,laptop,
D0408,tersebut,
D0408,Pelaku,
D0408,mendengar,
D0408,suara,
D0408,bergerak,
D0408,dan,
D0408,langsung,
D0408,mengambil,
D0408,laptop,
D0408,tersebut,
D0408,bebernya,
D0408,Korban,
D0408,kemudian,
D0408,menyadari,
D0408,laptopnya,
D0408,hilang,
D0408,saat,
D0408,bangun,
D0408,tidur,
D0408,sekitar,
D0408,pukul,
D0408,0330,
D0408,Wita,
D0408,Ia,
D0408,pun,
D0408,melaporkan,
D0408,kasus,
D0408,pencurian,
D0408,itu,
D0408,ke,
D0408,Polsek,
D0408,Mantikulore,
D0408,Siti,
D0408,menjelaskan,
D0408,pelaku,
D0408,sengaja,
D0408,mencuri,
D0408,laptop,
D0408,mahasiswi,
D0408,tersebut,
D0408,untuk,
D0408,melihat,
D0408,fotofoto,
D0408,korban,
D0408,Kemudian,
D0408,fotofoto,
D0408,itu,
D0408,dia,
D0408,jadikan,
D0408,bahan,
D0408,fantasi,
D0408,seks,
D0408,Alasannya,
D0408,pelaku,
D0408,mencuri,
D0408,ingin,
D0408,melihat,
D0408,foto,
D0408,korban,
D0408,dalam,
D0408,laptop,
D0408,tersebut,
D0408,untuk,
D0408,digunakan,
D0408,fantasi,
D0408,seks,
D0408,bebernya,
D0408,Tak,
D0408,cuma,
D0408,itu,
D0408,pelaku,
D0408,juga,
D0408,sempat,
D0408,menghubungi,
D0408,korban,
D0408,lewat,
D0408,WhatsApp,
D0408,WA,
D0408,korban,
D0408,yang,
D0408,masih,
D0408,terhubung,
D0408,di,
D0408,laptop,
D0408,Dia,
D0408,mengirim,
D0408,pesan,
D0408,akan,
D0408,mengembalikan,
D0408,laptop,
D0408,tersebut,
D0408,jika,
D0408,korban,
D0408,mau,
D0408,berhubungan,
D0408,badan,
D0408,dengannya,
D0408,Iya,
D0408,pelaku,
D0408,kirim,
D0408,pesan,
D0408,mau,
D0408,kasih,
D0408,kembali,
D0408,laptop,
D0408,jika,
D0408,korban,
D0408,mau,
D0408,disetubuhi,
D0408,kata,
D0408,Siti,
D0408,Korban,
D0408,lalu,
D0408,menjebak,
D0408,pelaku,
D0408,dengan,
D0408,purapura,
D0408,menerima,
D0408,ajakan,
D0408,tersebut,
D0408,dan,
D0408,menyepakati,
D0408,lokasi,
D0408,pertemuan,
D0408,Namun,
D0408,di,
D0408,lokasi,
D0408,itu,
D0408,pelaku,
D0408,langsung,
D0408,ditangkap,
D0408,teman,
D0408,korban,
D0408,dan,
D0408,warga,
D0408,sekitar,
D0408,Pelaku,
D0408,saat,
D0408,ini,
D0408,telah,
D0408,dilakukan,
D0408,pemeriksaan,
D0408,dan,
D0408,dilakukan,
D0408,gelar,
D0408,perkara,
D0408,selanjutnya,
D0408,ditetapkan,
D0408,sebagai,
D0408,tersangka,
D0408,dan,
D0408,telah,
D0408,ditahan,
D0408,di,
D0408,Rutan,
D0408,Polsek,
D0408,Mantikulore,
D0408,imbuh,
D0408,Siti,
D0409,Kepolisian,
D0409,Sektor,
D0409,Polsek,
D0409,Kempo,
D0409,tengah,
D0409,memburu,
D0409,pria,
D0409,berinisial,
D0409,F,
D0409,Lelaki,
D0409,berusia,
D0409,25,
D0409,tahun,
D0409,itu,
D0409,diburu,
D0409,lantaran,
D0409,nyaris,
D0409,menusuk,
D0409,mantan,
D0409,ketua,
D0409,Komisi,
D0409,Pemilihan,
D0409,Umum,
D0409,KPU,
D0409,Dompu,
D0409,Nusa,
D0409,Tenggara,
D0409,Barat,
D0409,NTB,
D0409,Arifuddin,
D0409,pada,
D0409,Sabtu,
D0409,28122024,
D0409,sore,
D0409,karena,
D0409,salah,
D0409,paham,
D0409,Sudah,
D0409,diketahui,
D0409,pelakunya,
D0409,dan,
D0409,kami,
D0409,sedang,
D0409,melakukan,
D0409,pencarian,
D0409,ungkap,
D0409,Kapolsek,
D0409,Kempo,
D0409,Ipda,
D0409,Jubaidin,
D0409,kepada,
D0409,detikBali,
D0409,Minggu,
D0409,29122024,
D0409,Jubaidin,
D0409,mengungkapkan,
D0409,Polsek,
D0409,Kempo,
D0409,telah,
D0409,menerima,
D0409,pengaduan,
D0409,resmi,
D0409,dari,
D0409,Arifuddin,
D0409,sesaat,
D0409,setelah,
D0409,kejadian,
D0409,termasuk,
D0409,kronologi,
D0409,peristiwanya,
D0409,SCROLL,
D0409,TO,
D0409,CONTINUE,
D0409,WITH,
D0409,CONTENT,
D0409,Kemarin,
D0409,siang,
D0409,sudah,
D0409,terima,
D0409,laporannya,
D0409,hari,
D0409,ini,
D0409,akan,
D0409,kami,
D0409,periksa,
D0409,korban,
D0409,Pak,
D0409,Arif,
D0409,sementara,
D0409,pelaku,
D0409,masih,
D0409,kami,
D0409,cari,
D0409,keberadaannya,
D0409,untuk,
D0409,ditangkap,
D0409,Mohon,
D0409,waktu,
D0409,jelas,
D0409,Jubaidin,
D0409,Diberitakan,
D0409,sebelumnya,
D0409,mantan,
D0409,ketua,
D0409,KPU,
D0409,Dompu,
D0409,NTB,
D0409,Arifudin,
D0409,nyaris,
D0409,menjadi,
D0409,korban,
D0409,pembunuhan,
D0409,oleh,
D0409,seorang,
D0409,pemuda,
D0409,di,
D0409,Kecamatan,
D0409,Kempo,
D0409,pada,
D0409,Sabtu,
D0409,28122024,
D0409,Peristiwa,
D0409,terjadi,
D0409,karena,
D0409,salah,
D0409,paham,
D0409,Ketua,
D0409,KPU,
D0409,Dompu,
D0409,periode,
D0409,20192024,
D0409,tersebut,
D0409,mengatakan,
D0409,peristiwa,
D0409,itu,
D0409,berawal,
D0409,ketika,
D0409,ia,
D0409,hendak,
D0409,keluar,
D0409,dari,
D0409,rumahnya,
D0409,di,
D0409,Desa,
D0409,Soro,
D0409,menggunakan,
D0409,mobil,
D0409,Saat,
D0409,itu,
D0409,terduga,
D0409,pelaku,
D0409,berinisial,
D0409,F,
D0409,25,
D0409,tibatiba,
D0409,mengamuk,
D0409,dan,
D0409,mencaci,
D0409,makinya,
D0409,dengan,
D0409,katakata,
D0409,kasar,
D0409,F,
D0409,menuduh,
D0409,Arifudin,
D0409,menghalangi,
D0409,jalannya,
D0409,Padahal,
D0409,Arifuddin,
D0409,sedang,
D0409,memutarbalikkan,
D0409,mobilnya,
D0409,yang,
D0409,baru,
D0409,saja,
D0409,keluar,
D0409,dari,
D0409,rumahnya,
D0409,Dia,
D0409,langsung,
D0409,keluarkan,
D0409,parangnya,
D0409,dan,
D0409,mencoba,
D0409,menusuk,
D0409,saya,
D0409,dari,
D0409,dalam,
D0409,mobil,
D0409,tetapi,
D0409,saya,
D0409,tepis,
D0409,Setelah,
D0409,itu,
D0409,dia,
D0409,bacok,
D0409,saya,
D0409,tetapi,
D0409,mengenai,
D0409,bagian,
D0409,atas,
D0409,pintu,
D0409,mobil,
D0409,saya,
D0409,jelas,
D0409,Arifuddin,
D0409,saat,
D0409,menghubungi,
D0409,detikBali,
D0409,Sabtu,
D0409,29122024,
D0409,Pada,
D0409,saat,
D0409,kejadian,
D0409,Arifuddin,
D0409,bersama,
D0409,anak,
D0409,perempuannya,
D0409,yang,
D0409,baru,
D0409,berusia,
D0409,tiga,
D0409,tahun,
D0409,Arifuddin,
D0409,panik,
D0409,dan,
D0409,merasa,
D0409,terancam,
D0409,saat,
D0409,itu,
D0409,Seusai,
D0409,kejadian,
D0409,dirinya,
D0409,langsung,
D0409,membuat,
D0409,laporan,
D0409,pengaduan,
D0409,pengancaman,
D0409,pembunuhan,
D0409,ke,
D0409,Polsek,
D0409,Kempo,
D0409,Saya,
D0409,panik,
D0409,karena,
D0409,di,
D0409,dalam,
D0409,mobil,
D0409,ada,
D0409,anak,
D0409,saya,
D0409,yang,
D0409,berusia,
D0409,tiga,
D0409,tahun,
D0409,Langsung,
D0409,saya,
D0409,laporkan,
D0409,ke,
D0409,polsek,
D0409,kemarin,
D0409,Semoga,
D0409,terduga,
D0409,pelaku,
D0409,cepat,
D0409,ditangkap,
D0409,imbuhnya,
D0410,Seorang,
D0410,pria,
D0410,disabilitas,
D0410,berinisial,
D0410,FA,
D0410,27,
D0410,warga,
D0410,Grumbul,
D0410,Sidayasa,
D0410,Desa,
D0410,Kedungrandu,
D0410,Kecamatan,
D0410,Patikraja,
D0410,Kabupaten,
D0410,Banyumas,
D0410,menyerahkan,
D0410,diri,
D0410,ke,
D0410,polisi,
D0410,usai,
D0410,membunuh,
D0410,istrinya,
D0410,J,
D0410,27,
D0410,dengan,
D0410,kunci,
D0410,Inggris,
D0410,Motifnya,
D0410,karena,
D0410,pelaku,
D0410,cemburu,
D0410,menduga,
D0410,istrinya,
D0410,selingkuh,
D0410,Tetangga,
D0410,pelaku,
D0410,Siran,
D0410,52,
D0410,mengatakan,
D0410,peristiwa,
D0410,sadis,
D0410,itu,
D0410,terjadi,
D0410,sekitar,
D0410,pukul,
D0410,1900,
D0410,WIB,
D0410,Warga,
D0410,baru,
D0410,tahu,
D0410,usai,
D0410,rumah,
D0410,pelaku,
D0410,didatangi,
D0410,polisi,
D0410,karena,
D0410,pelaku,
D0410,langsung,
D0410,menyerahkan,
D0410,diri,
D0410,ke,
D0410,Polsek,
D0410,usai,
D0410,kejadian,
D0410,Jadi,
D0410,warga,
D0410,tahunya,
D0410,setelah,
D0410,rumahnya,
D0410,sudah,
D0410,didatangi,
D0410,polisi,
D0410,karena,
D0410,pelaku,
D0410,menyerahkan,
D0410,diri,
D0410,langsung,
D0410,ke,
D0410,Polsek,
D0410,kata,
D0410,Siran,
D0410,dilansir,
D0410,detikJateng,
D0410,Minggu,
D0410,28122024,
D0410,SCROLL,
D0410,TO,
D0410,CONTINUE,
D0410,WITH,
D0410,CONTENT,
D0410,Dia,
D0410,mengatakan,
D0410,pelaku,
D0410,FA,
D0410,merupakan,
D0410,pria,
D0410,disabilitas,
D0410,yang,
D0410,tidak,
D0410,bisa,
D0410,berjalan,
D0410,Selama,
D0410,ini,
D0410,pelaku,
D0410,beraktivitas,
D0410,menggunakan,
D0410,kursi,
D0410,roda,
D0410,Pelaku,
D0410,itu,
D0410,tidak,
D0410,bisa,
D0410,berjalan,
D0410,Karena,
D0410,jatuh,
D0410,dari,
D0410,pohon,
D0410,beberapa,
D0410,tahun,
D0410,lalu,
D0410,Aktivitasnya,
D0410,pakai,
D0410,kursi,
D0410,roda,
D0410,Ini,
D0410,kemungkinan,
D0410,istrinya,
D0410,sedang,
D0410,tidur,
D0410,terus,
D0410,dipukul,
D0410,pakai,
D0410,kunci,
D0410,inggris,
D0410,terangnya,
D0410,Pelaku,
D0410,dan,
D0410,korban,
D0410,kata,
D0410,Siran,
D0410,baru,
D0410,pindah,
D0410,ke,
D0410,TKP,
D0410,belum,
D0410,lama,
D0410,ini,
D0410,Ia,
D0410,tinggal,
D0410,bersama,
D0410,ibunya,
D0410,dan,
D0410,anak,
D0410,korban,
D0410,Ini,
D0410,baru,
D0410,pindah,
D0410,ke,
D0410,sini,
D0410,sekitar,
D0410,2,
D0410,tahunan,
D0410,Tadinya,
D0410,tinggal,
D0410,di,
D0410,tempat,
D0410,yang,
D0410,perempuan,
D0410,di,
D0410,Kemawi,
D0410,Di,
D0410,sini,
D0410,tinggal,
D0410,sama,
D0410,ibu,
D0410,pelaku,
D0410,terus,
D0410,anaknya,
D0410,umur,
D0410,8,
D0410,tahun,
D0410,sama,
D0410,keponakannya,
D0410,umur,
D0410,sekitar,
D0410,3,
D0410,tahunan,
D0410,jelasnya,
D0410,Saat,
D0410,kejadian,
D0410,ibu,
D0410,pelaku,
D0410,anak,
D0410,dan,
D0410,keponakannya,
D0410,disuruh,
D0410,pelaku,
D0410,untuk,
D0410,ke,
D0410,rumah,
D0410,saudaranya,
D0410,Setelah,
D0410,membunuh,
D0410,korban,
D0410,pelaku,
D0410,memesan,
D0410,taksi,
D0410,online,
D0410,dan,
D0410,menyerahkan,
D0410,diri,
D0410,ke,
D0410,Polsek,
D0410,Patikraja,
D0410,Pelaku,
D0410,langsung,
D0410,pesan,
D0410,grab,
D0410,mobil,
D0410,buat,
D0410,diantar,
D0410,ke,
D0410,Polsek,
D0410,untuk,
D0410,menyerahkan,
D0410,diri,
D0410,Terus,
D0410,langsung,
D0410,polisi,
D0410,datang,
D0410,ke,
D0410,sini,
D0410,warga,
D0410,jadi,
D0410,baru,
D0410,tahu,
D0410,ungkapnya,
D0410,Seharihari,
D0410,pelaku,
D0410,merupakan,
D0410,pedagang,
D0410,ayam,
D0410,bangkok,
D0410,Ia,
D0410,berjualan,
D0410,lewat,
D0410,online,
D0410,dari,
D0410,rumahnya,
D0410,Itu,
D0410,pelaku,
D0410,jualbeli,
D0410,ayam,
D0410,Bangkok,
D0410,Tapi,
D0410,karena,
D0410,tidak,
D0410,bisa,
D0410,berjalan,
D0410,jadi,
D0410,dia,
D0410,jualannya,
D0410,lewat,
D0410,online,
D0410,pembelinya,
D0410,disuruh,
D0410,ke,
D0410,sini,
D0410,tambahnya,
D0410,Sementara,
D0410,korban,
D0410,seharihari,
D0410,bekerja,
D0410,sebagai,
D0410,asisten,
D0410,rumah,
D0410,tangga,
D0410,ART,
D0410,Menurutnya,
D0410,keduanya,
D0410,juga,
D0410,kerap,
D0410,cekcok,
D0410,Itu,
D0410,memang,
D0410,sering,
D0410,bertengkar,
D0410,masalahnya,
D0410,itu,
D0410,kalau,
D0410,tidak,
D0410,salah,
D0410,pelaku,
D0410,cemburu,
D0410,sama,
D0410,istrinya,
D0410,Curiga,
D0410,kalau,
D0410,istrinya,
D0410,selingkuh,
D0410,Saya,
D0410,beberapa,
D0410,kali,
D0410,mendamaikan,
D0410,terangnya,
D0410,Kasat,
D0410,Reskrim,
D0410,Polresta,
D0410,Banyumas,
D0410,Kompol,
D0410,Andryansyah,
D0410,Rithas,
D0410,Hasibuan,
D0410,membenarkan,
D0410,peristiwa,
D0410,tersebut,
D0410,Kronologinya,
D0410,karena,
D0410,berantem,
D0410,mereka,
D0410,pelaku,
D0410,disabilitas,
D0410,begitu,
D0410,Dipukul,
D0410,pakai,
D0410,kunci,
D0410,inggris,
D0410,dan,
D0410,udah,
D0410,tadi,
D0410,malam,
D0410,menyerahkan,
D0410,diri,
D0410,ke,
D0410,polsek,
D0410,kata,
D0410,dia,
D0410,Andryansyah,
D0410,menyebut,
D0410,untuk,
D0410,motif,
D0410,pelaku,
D0410,melakukan,
D0410,pembunuhan,
D0410,dikarenakan,
D0410,pelaku,
D0410,cemburu,
D0410,dan,
D0410,menduga,
D0410,sang,
D0410,istri,
D0410,selingkuh,
D0410,Sementara,
D0410,ada,
D0410,dugaan,
D0410,perselingkuhan,
D0410,dan,
D0410,istrinya,
D0410,diduga,
D0410,selingkuh,
D0410,Pelaku,
D0410,diduga,
D0410,melihat,
D0410,handphone,
D0410,si,
D0410,korban,
D0410,Saat,
D0410,ini,
D0410,korban,
D0410,dibawa,
D0410,ke,
D0410,rumah,
D0410,sakit,
D0410,untuk,
D0410,autopsi,
D0410,pungkasnya,
D0411,Enam,
D0411,hari,
D0411,berlalu,
D0411,sejak,
D0411,ambulans,
D0411,sebuah,
D0411,klinik,
D0411,di,
D0411,Bangil,
D0411,Pasuruan,
D0411,dicuri,
D0411,Polisi,
D0411,belum,
D0411,menemukan,
D0411,titik,
D0411,terang,
D0411,pencurian,
D0411,yang,
D0411,membuat,
D0411,heboh,
D0411,itu,
D0411,Belum,
D0411,ditemukan,
D0411,Masih,
D0411,penyelidikan,
D0411,kata,
D0411,Kasi,
D0411,Humas,
D0411,Polres,
D0411,Pasuruan,
D0411,Iptu,
D0411,Joko,
D0411,Suseno,
D0411,Minggu,
D0411,29122024,
D0411,Polisi,
D0411,bergerak,
D0411,cepat,
D0411,melakukan,
D0411,penyelidikan,
D0411,setelah,
D0411,menerima,
D0411,laporan,
D0411,dengan,
D0411,mendatangi,
D0411,lokasi,
D0411,Polisi,
D0411,memeriksa,
D0411,saksisaksi,
D0411,dan,
D0411,memeriksa,
D0411,rekaman,
D0411,CCTV,
D0411,Namun,
D0411,pelaku,
D0411,belum,
D0411,ditangkap,
D0411,SCROLL,
D0411,TO,
D0411,CONTINUE,
D0411,WITH,
D0411,CONTENT,
D0411,Memeriksa,
D0411,saksisaksi,
D0411,dan,
D0411,juga,
D0411,rekaman,
D0411,CCTV,
D0411,Itu,
D0411,kan,
D0411,terekam,
D0411,CCTV,
D0411,rumah,
D0411,depannya,
D0411,jelasnya,
D0411,Mobil,
D0411,ambulans,
D0411,klinik,
D0411,ArRahmah,
D0411,Jalan,
D0411,Lumbalumba,
D0411,197,
D0411,Bangil,
D0411,Pasuruan,
D0411,dicuri,
D0411,Senin,
D0411,2312,
D0411,pukul,
D0411,0459,
D0411,WIB,
D0411,Pencurian,
D0411,terekam,
D0411,CCTV,
D0411,Dalam,
D0411,rekaman,
D0411,CCTV,
D0411,maling,
D0411,tampak,
D0411,sangat,
D0411,tenang,
D0411,Ia,
D0411,merusak,
D0411,pagar,
D0411,rantai,
D0411,tempat,
D0411,parkir,
D0411,Setelah,
D0411,itu,
D0411,menyalakan,
D0411,mobil,
D0411,dan,
D0411,membawanya,
D0411,keluar,
D0411,dari,
D0411,tempat,
D0411,parkir,
D0411,dengan,
D0411,santai,
D0411,Siti,
D0411,Julaiha,
D0411,salah,
D0411,satu,
D0411,anggota,
D0411,manajemen,
D0411,klinik,
D0411,menerangkan,
D0411,mobil,
D0411,ambulans,
D0411,tersebut,
D0411,jenis,
D0411,Daihatsu,
D0411,Luxio,
D0411,warna,
D0411,putih,
D0411,bernopol,
D0411,B,
D0411,1537,
D0411,TIX,
D0411,Di,
D0411,sebelah,
D0411,kanan,
D0411,kiri,
D0411,terdapat,
D0411,tulisan,
D0411,Klinik,
D0411,ArRahmah,
D0411,warna,
D0411,hijau,
D0411,Hilang,
D0411,saat,
D0411,subuh,
D0411,Kami,
D0411,berharap,
D0411,segera,
D0411,ditemukan,
D0411,terangnya,
D0412,Dua,
D0412,remaja,
D0412,diamankan,
D0412,warga,
D0412,usai,
D0412,diduga,
D0412,hendak,
D0412,membobol,
D0412,bengkel,
D0412,motor,
D0412,di,
D0412,Jambi,
D0412,Mirisnya,
D0412,kedua,
D0412,remaja,
D0412,itu,
D0412,beraksi,
D0412,dengan,
D0412,memakai,
D0412,motor,
D0412,dinas,
D0412,kepolisian,
D0412,milik,
D0412,orang,
D0412,tuanya,
D0412,Dilansir,
D0412,detikSumbagsel,
D0412,dalam,
D0412,video,
D0412,yang,
D0412,dilihat,
D0412,tampak,
D0412,dua,
D0412,orang,
D0412,remaja,
D0412,pasrah,
D0412,saat,
D0412,diamankan,
D0412,dan,
D0412,dikerumuni,
D0412,warga,
D0412,Video,
D0412,itu,
D0412,juga,
D0412,memperlihatkan,
D0412,kendaraan,
D0412,yang,
D0412,digunakan,
D0412,para,
D0412,pelaku,
D0412,yakni,
D0412,berupa,
D0412,motor,
D0412,dinas,
D0412,berstiker,
D0412,Polisi,
D0412,Tandoi,
D0412,mukonyo,
D0412,tandai,
D0412,mukanya,
D0412,Habis,
D0412,ngebobol,
D0412,bengkel,
D0412,Sekarang,
D0412,maling,
D0412,pakai,
D0412,motor,
D0412,polisi,
D0412,kata,
D0412,perekam,
D0412,video,
D0412,tersebut,
D0412,SCROLL,
D0412,TO,
D0412,CONTINUE,
D0412,WITH,
D0412,CONTENT,
D0412,Kapolsek,
D0412,Jambi,
D0412,Selatan,
D0412,AKP,
D0412,Suwondo,
D0412,yang,
D0412,dikonfirmasi,
D0412,detikSumbagsel,
D0412,membenarkan,
D0412,kejadian,
D0412,itu,
D0412,Menurutnya,
D0412,peristiwa,
D0412,tersebut,
D0412,terjadi,
D0412,pada,
D0412,Kamis,
D0412,26122024,
D0412,malam,
D0412,di,
D0412,sebuah,
D0412,bengkel,
D0412,motor,
D0412,yang,
D0412,berada,
D0412,di,
D0412,kawasan,
D0412,Jerambah,
D0412,Bolong,
D0412,Kota,
D0412,Jambi,
D0412,Suwondo,
D0412,menerangkan,
D0412,adapun,
D0412,salah,
D0412,satu,
D0412,pelaku,
D0412,berinisial,
D0412,K,
D0412,15,
D0412,merupakan,
D0412,anak,
D0412,anggota,
D0412,polisi,
D0412,yang,
D0412,berdinas,
D0412,di,
D0412,Polsek,
D0412,Kota,
D0412,Baru,
D0412,Keduanya,
D0412,tak,
D0412,berkutik,
D0412,usai,
D0412,diamankan,
D0412,warga,
D0412,sekitar,
D0412,Iya,
D0412,anak,
D0412,anggota,
D0412,Kebetulan,
D0412,lagi,
D0412,cuti,
D0412,Natalan,
D0412,ke,
D0412,Medan,
D0412,ujar,
D0412,Suwondo,
D0412,kepada,
D0412,detikSumbagsel,
D0412,Jumat,
D0412,27122024,
D0412,Motor,
D0412,dibawa,
D0412,untuk,
D0412,bongkar,
D0412,bengkel,
D0412,Pelaku,
D0412,umur,
D0412,15,
D0412,tahun,
D0412,anak,
D0412,anggota,
D0412,pakai,
D0412,motor,
D0412,bapaknya,
D0412,sambungnya,
D0412,Suwondo,
D0412,menyebutkan,
D0412,bahwa,
D0412,kedua,
D0412,remaja,
D0412,itu,
D0412,sempat,
D0412,dibawa,
D0412,ke,
D0412,Polsek,
D0412,Jambi,
D0412,Selatan,
D0412,Namun,
D0412,korban,
D0412,mengurungkan,
D0412,niatnya,
D0412,untuk,
D0412,membuat,
D0412,laporan,
D0412,lantaran,
D0412,mengenali,
D0412,orang,
D0412,tua,
D0412,dari,
D0412,pelaku,
D0412,Sampai,
D0412,di,
D0412,kantor,
D0412,Polsek,
D0412,Jambi,
D0412,Selatan,
D0412,tidak,
D0412,jadi,
D0412,korban,
D0412,buat,
D0412,laporan,
D0412,karena,
D0412,kenal,
D0412,baik,
D0412,dengan,
D0412,bapaknya,
D0412,yaitu,
D0412,anggota,
D0412,jadi,
D0412,tidak,
D0412,jadi,
D0412,buat,
D0412,laporan,
D0412,ucapnya,
D0412,Bengkel,
D0412,sudah,
D0412,sempat,
D0412,dibongkar,
D0412,tapi,
D0412,belum,
D0412,ada,
D0412,barang,
D0412,yang,
D0412,diambil,
D0412,tambahnya,
D0412,Sementara,
D0412,Kasi,
D0412,Humas,
D0412,Polresta,
D0412,Jambi,
D0412,Ipda,
D0412,Deddy,
D0412,mengatakan,
D0412,saat,
D0412,ini,
D0412,Seksi,
D0412,Propam,
D0412,Polresta,
D0412,Jambi,
D0412,sedang,
D0412,menindaklanjuti,
D0412,soal,
D0412,penggunaan,
D0412,kendaraan,
D0412,dinas,
D0412,dalam,
D0412,aksi,
D0412,pencurian,
D0412,tersebut,
D0412,Terkait,
D0412,penggunaan,
D0412,kendaraannya,
D0412,akan,
D0412,ditindaklanjuti,
D0412,oleh,
D0412,Seksi,
D0412,Propam,
D0412,Polresta,
D0412,Jambi,
D0412,pungkas,
D0412,Suwondo,
D0412,Baca,
D0412,selengkapnya,
D0412,di,
D0412,sini,
D0413,Polres,
D0413,Karangasem,
D0413,telah,
D0413,menangani,
D0413,sebanyak,
D0413,155,
D0413,kasus,
D0413,kriminalitas,
D0413,sepanjang,
D0413,2024,
D0413,Kasus,
D0413,terbanyak,
D0413,masih,
D0413,didominasi,
D0413,oleh,
D0413,narkotika,
D0413,pencurian,
D0413,dan,
D0413,penganiayaan,
D0413,Kapolres,
D0413,Karangasem,
D0413,AKBP,
D0413,I,
D0413,Nengah,
D0413,Sadiarta,
D0413,mengatakan,
D0413,angka,
D0413,kriminalitas,
D0413,pada,
D0413,2024,
D0413,di,
D0413,Karangasem,
D0413,mengalami,
D0413,penurunan,
D0413,jika,
D0413,dibandingkan,
D0413,dengan,
D0413,2023,
D0413,Jumlah,
D0413,kriminalitas,
D0413,tahun,
D0413,lalu,
D0413,di,
D0413,Karangasem,
D0413,mencapai,
D0413,159,
D0413,kasus,
D0413,Untuk,
D0413,kasus,
D0413,kriminalitas,
D0413,tahun,
D0413,ini,
D0413,mengalami,
D0413,penurunan,
D0413,sebanyak,
D0413,4,
D0413,kasus,
D0413,atau,
D0413,sekitar,
D0413,3,
D0413,pesen,
D0413,kata,
D0413,Sadiarta,
D0413,saat,
D0413,melaksanakan,
D0413,press,
D0413,release,
D0413,di,
D0413,Mapolres,
D0413,Karangasem,
D0413,Jumat,
D0413,27122024,
D0413,SCROLL,
D0413,TO,
D0413,CONTINUE,
D0413,WITH,
D0413,CONTENT,
D0413,Kasus,
D0413,paling,
D0413,banyak,
D0413,masih,
D0413,terkait,
D0413,penyalahgunaan,
D0413,narkoba,
D0413,Di,
D0413,mana,
D0413,sepanjang,
D0413,2024,
D0413,ada,
D0413,sebanyak,
D0413,25,
D0413,kasus,
D0413,yang,
D0413,ditangani,
D0413,Angka,
D0413,tersebut,
D0413,meningkat,
D0413,dari,
D0413,tahun,
D0413,sebelumnya,
D0413,yang,
D0413,hanya,
D0413,21,
D0413,kasus,
D0413,Untuk,
D0413,kasus,
D0413,narkoba,
D0413,akan,
D0413,menjadi,
D0413,perhatian,
D0413,serius,
D0413,kami,
D0413,di,
D0413,tahun,
D0413,depan,
D0413,Kami,
D0413,akan,
D0413,berupaya,
D0413,melakukan,
D0413,pencegahan,
D0413,bersama,
D0413,stakeholder,
D0413,terkait,
D0413,agar,
D0413,kasus,
D0413,bisa,
D0413,menurun,
D0413,tahun,
D0413,depan,
D0413,ujar,
D0413,Sadiarta,
D0413,Selain,
D0413,itu,
D0413,kasus,
D0413,pencurian,
D0413,dan,
D0413,penganiayaan,
D0413,juga,
D0413,banyak,
D0413,ditangani,
D0413,pada,
D0413,2024,
D0413,Sedangkan,
D0413,untuk,
D0413,kriminalitas,
D0413,lainnya,
D0413,relatif,
D0413,sedikit,
D0413,dan,
D0413,berimbang,
D0413,dari,
D0413,tahun,
D0413,sebelumnya,
D0413,Dari,
D0413,155,
D0413,kasus,
D0413,yang,
D0413,kami,
D0413,tangani,
D0413,sebanyak,
D0413,151,
D0413,diantaranya,
D0413,berhasil,
D0413,terungkap,
D0413,Sedangkan,
D0413,4,
D0413,sisanya,
D0413,belum,
D0413,terungkap,
D0413,hingga,
D0413,saat,
D0413,ini,
D0413,karena,
D0413,kurangnya,
D0413,alat,
D0413,bukti,
D0413,dan,
D0413,saksi,
D0413,ucap,
D0413,Sadiarta,
D0413,Untuk,
D0413,tahun,
D0413,depan,
D0413,ia,
D0413,akan,
D0413,mengajak,
D0413,seluruh,
D0413,stakeholder,
D0413,terkait,
D0413,dan,
D0413,desa,
D0413,adat,
D0413,untuk,
D0413,bersamasama,
D0413,melakukan,
D0413,pengawasan,
D0413,agar,
D0413,kasus,
D0413,kriminalitas,
D0413,bisa,
D0413,dicegah,
D0413,sejak,
D0413,dini,
D0413,Polres,
D0413,Karangasem,
D0413,menargetkan,
D0413,angka,
D0413,kriminalitas,
D0413,turun,
D0413,10,
D0413,persen,
D0413,pada,
D0413,2025,
D0414,Polisi,
D0414,menangkap,
D0414,satu,
D0414,dari,
D0414,enam,
D0414,pelaku,
D0414,begal,
D0414,pada,
D0414,mahasiswa,
D0414,kampus,
D0414,swasta,
D0414,di,
D0414,Surabaya,
D0414,Kaur,
D0414,Penum,
D0414,Subdit,
D0414,Penmas,
D0414,Bid,
D0414,Humas,
D0414,Polda,
D0414,Jatim,
D0414,Kompol,
D0414,Yanuar,
D0414,Rizal,
D0414,Ardianto,
D0414,mengatakan,
D0414,aksi,
D0414,tersebut,
D0414,berlangsung,
D0414,di,
D0414,Jalan,
D0414,Raya,
D0414,Ir,
D0414,Soekarno,
D0414,Kecamatan,
D0414,Gunung,
D0414,Anyar,
D0414,Surabaya,
D0414,Tepatnya,
D0414,pada,
D0414,Selasa,
D0414,2492024,
D0414,sekitar,
D0414,pukul,
D0414,0130,
D0414,WIB,
D0414,Saat,
D0414,itu,
D0414,korban,
D0414,berinisial,
D0414,KAVM,
D0414,berkendara,
D0414,sendirian,
D0414,setelah,
D0414,dari,
D0414,kampus,
D0414,Lalu,
D0414,ia,
D0414,dipepet,
D0414,para,
D0414,pelaku,
D0414,saat,
D0414,berada,
D0414,di,
D0414,TKP,
D0414,kata,
D0414,Rizal,
D0414,Jumat,
D0414,27122024,
D0414,SCROLL,
D0414,TO,
D0414,CONTINUE,
D0414,WITH,
D0414,CONTENT,
D0414,Sementara,
D0414,itu,
D0414,Kasubdit,
D0414,III,
D0414,Jatanras,
D0414,Ditreskrimum,
D0414,Polda,
D0414,Jatim,
D0414,AKBP,
D0414,Arbaridi,
D0414,Jumhur,
D0414,mengatakan,
D0414,sebelum,
D0414,kejadian,
D0414,sekitar,
D0414,pukul,
D0414,1800,
D0414,WIB,
D0414,korban,
D0414,berangkat,
D0414,dari,
D0414,rumah,
D0414,ke,
D0414,kampus,
D0414,ITATS,
D0414,untuk,
D0414,kuliah,
D0414,malam,
D0414,dengan,
D0414,mengendarai,
D0414,motor,
D0414,Honda,
D0414,Beat,
D0414,warna,
D0414,hitam,
D0414,dengan,
D0414,Nopol,
D0414,L,
D0414,3329,
D0414,CAI,
D0414,Usai,
D0414,mengikuti,
D0414,perkuliahan,
D0414,dan,
D0414,mengerjakan,
D0414,tugas,
D0414,sampai,
D0414,pukul,
D0414,0130,
D0414,WIB,
D0414,korban,
D0414,pulang,
D0414,Sesampainya,
D0414,di,
D0414,Jalan,
D0414,Raya,
D0414,Ir,
D0414,Seokarno,
D0414,Kecamatan,
D0414,Gunung,
D0414,Anyar,
D0414,Surabaya,
D0414,korban,
D0414,dipepet,
D0414,dari,
D0414,kanan,
D0414,oleh,
D0414,seorang,
D0414,pelaku,
D0414,berinisial,
D0414,KR,
D0414,DPO,
D0414,AD,
D0414,DPO,
D0414,dan,
D0414,RB,
D0414,DPO,
D0414,Saat,
D0414,kejadian,
D0414,mereka,
D0414,langsung,
D0414,mengadang,
D0414,dan,
D0414,menghentikan,
D0414,korban,
D0414,Setelah,
D0414,itu,
D0414,datang,
D0414,tersangka,
D0414,RAR,
D0414,bersama,
D0414,AS,
D0414,DPO,
D0414,dan,
D0414,AY,
D0414,DPO,
D0414,dengan,
D0414,mengendarai,
D0414,motor,
D0414,Setibanya,
D0414,di,
D0414,lokasi,
D0414,AS,
D0414,turun,
D0414,dan,
D0414,mengacungkan,
D0414,pedang,
D0414,ke,
D0414,arah,
D0414,korban,
D0414,Karena,
D0414,takut,
D0414,korban,
D0414,turun,
D0414,dari,
D0414,sepeda,
D0414,motor,
D0414,dan,
D0414,berupaya,
D0414,menyelamatkan,
D0414,diri,
D0414,Lalu,
D0414,AS,
D0414,langsung,
D0414,membawa,
D0414,kabur,
D0414,motor,
D0414,korban,
D0414,ujarnya,
D0414,Motor,
D0414,yang,
D0414,digondol,
D0414,itu,
D0414,pun,
D0414,dijual,
D0414,oleh,
D0414,AS,
D0414,dengan,
D0414,harga,
D0414,Rp,
D0414,45,
D0414,juta,
D0414,Lalu,
D0414,hasil,
D0414,penjualan,
D0414,dibagi,
D0414,kepada,
D0414,para,
D0414,pelaku,
D0414,lainnya,
D0414,Masingmasing,
D0414,tersangka,
D0414,mendapat,
D0414,Rp,
D0414,750,
D0414,ribu,
D0414,ujarnya,
D0414,Usai,
D0414,peristiwa,
D0414,itu,
D0414,Unit,
D0414,IV,
D0414,Subdit,
D0414,III,
D0414,Jatanras,
D0414,Ditreskrimum,
D0414,Polda,
D0414,Jatim,
D0414,mengumpulkan,
D0414,sejumlah,
D0414,keterangan,
D0414,para,
D0414,saksi,
D0414,dan,
D0414,bukti,
D0414,Usai,
D0414,mengetahui,
D0414,keberadaan,
D0414,dari,
D0414,salah,
D0414,satu,
D0414,pelaku,
D0414,polisi,
D0414,langsung,
D0414,memburunya,
D0414,Kami,
D0414,amankan,
D0414,tersangka,
D0414,berinisial,
D0414,RAR,
D0414,als,
D0414,R,
D0414,23,
D0414,warga,
D0414,Kenjeran,
D0414,Surabaya,
D0414,Dia,
D0414,berperan,
D0414,melakukan,
D0414,begal,
D0414,dan,
D0414,juga,
D0414,mendapat,
D0414,hasil,
D0414,Rp,
D0414,750,
D0414,ribu,
D0414,imbuhnya,
D0414,Usai,
D0414,diamankan,
D0414,RAR,
D0414,mengakui,
D0414,aksinya,
D0414,dilakukan,
D0414,bak,
D0414,gangster,
D0414,Sebab,
D0414,beraksi,
D0414,dengan,
D0414,cara,
D0414,berkelompok,
D0414,dan,
D0414,mengepung,
D0414,korban,
D0414,yang,
D0414,terlihat,
D0414,lengah,
D0414,dan,
D0414,dilakukan,
D0414,di,
D0414,tempat,
D0414,sepi,
D0414,Jumhur,
D0414,menegaskan,
D0414,pihaknya,
D0414,mendapati,
D0414,rekam,
D0414,jejak,
D0414,RAR,
D0414,Rupanya,
D0414,RAR,
D0414,merupakan,
D0414,residivis,
D0414,kambuhan,
D0414,RAR,
D0414,ini,
D0414,rupanya,
D0414,residivis,
D0414,atau,
D0414,pernah,
D0414,menjadi,
D0414,curanmor,
D0414,juga,
D0414,di,
D0414,Surabaya,
D0414,dalam,
D0414,kasus,
D0414,ini,
D0414,pelaku,
D0414,tidak,
D0414,melukai,
D0414,korbannya,
D0414,hanya,
D0414,mengacungkan,
D0414,sajam,
D0414,ke,
D0414,korban,
D0414,karema,
D0414,ketakutan,
D0414,korban,
D0414,lari,
D0414,Sampai,
D0414,saat,
D0414,ini,
D0414,kami,
D0414,kembangkan,
D0414,juga,
D0414,ke,
D0414,penadahnya,
D0414,tuturnya,
D0414,Akibat,
D0414,ulahnya,
D0414,itu,
D0414,RAR,
D0414,terancam,
D0414,Pasal,
D0414,365,
D0414,KUHP,
D0414,dengan,
D0414,ancaman,
D0414,pidana,
D0414,penjara,
D0414,paling,
D0414,lama,
D0414,9,
D0414,tahun,
D0415,Polisi,
D0415,akan,
D0415,menyelidiki,
D0415,kasus,
D0415,seorang,
D0415,remaja,
D0415,berusia,
D0415,17,
D0415,tahun,
D0415,asal,
D0415,Pidie,
D0415,Aceh,
D0415,diduga,
D0415,dijual,
D0415,dan,
D0415,diperkosa,
D0415,lima,
D0415,pria,
D0415,di,
D0415,Malaysia,
D0415,Kasus,
D0415,yang,
D0415,menimpa,
D0415,remaja,
D0415,itu,
D0415,diketahui,
D0415,dari,
D0415,video,
D0415,yang,
D0415,beredar,
D0415,Kasat,
D0415,Reskrim,
D0415,Polres,
D0415,Pidie,
D0415,AKP,
D0415,Dedy,
D0415,Miswar,
D0415,mengaku,
D0415,baru,
D0415,mendapatkan,
D0415,informasi,
D0415,terkait,
D0415,kasus,
D0415,dugaan,
D0415,tindak,
D0415,pidana,
D0415,perdagangan,
D0415,orang,
D0415,tersebut,
D0415,Polisi,
D0415,akan,
D0415,melakukan,
D0415,penyelidikan,
D0415,sambil,
D0415,menunggu,
D0415,info,
D0415,korban,
D0415,dipulangkan,
D0415,ke,
D0415,Aceh,
D0415,Kalau,
D0415,memang,
D0415,locusnya,
D0415,di,
D0415,kita,
D0415,akan,
D0415,diproses,
D0415,sesuai,
D0415,aturan,
D0415,yang,
D0415,berlaku,
D0415,kata,
D0415,Dedy,
D0415,saat,
D0415,dimintai,
D0415,konfirmasi,
D0415,detikSumut,
D0415,Rabu,
D0415,25122024,
D0415,SCROLL,
D0415,TO,
D0415,CONTINUE,
D0415,WITH,
D0415,CONTENT,
D0415,Polisi,
D0415,juga,
D0415,akan,
D0415,meminta,
D0415,keterangan,
D0415,keluarga,
D0415,korban,
D0415,untuk,
D0415,mendalami,
D0415,kasus,
D0415,tersebut,
D0415,Korban,
D0415,disebut,
D0415,berasal,
D0415,dari,
D0415,salah,
D0415,satu,
D0415,desa,
D0415,di,
D0415,Kecamatan,
D0415,Sakti,
D0415,Tetap,
D0415,kita,
D0415,jemput,
D0415,bola,
D0415,untuk,
D0415,mendengar,
D0415,keterangan,
D0415,dari,
D0415,keluarganya,
D0415,jelasnya,
D0415,Sebelumnya,
D0415,seorang,
D0415,remaja,
D0415,berusia,
D0415,17,
D0415,tahun,
D0415,asal,
D0415,Pidie,
D0415,Aceh,
D0415,diduga,
D0415,dijual,
D0415,dan,
D0415,diperkosa,
D0415,sejumlah,
D0415,orang,
D0415,di,
D0415,Malaysia,
D0415,Korban,
D0415,diminta,
D0415,segera,
D0415,dipulangkan,
D0415,ke,
D0415,kampung,
D0415,halamannya,
D0415,Dilihat,
D0415,detikSumut,
D0415,dari,
D0415,video,
D0415,beredar,
D0415,Rabu,
D0415,25122024,
D0415,gadis,
D0415,tersebut,
D0415,saat,
D0415,ini,
D0415,sudah,
D0415,diamankan,
D0415,warga,
D0415,Aceh,
D0415,yang,
D0415,berada,
D0415,di,
D0415,Malaysia,
D0415,Seorang,
D0415,pria,
D0415,dalam,
D0415,video,
D0415,menyebutkan,
D0415,korban,
D0415,dibawa,
D0415,ke,
D0415,Negeri,
D0415,Jiran,
D0415,oleh,
D0415,seorang,
D0415,agen,
D0415,namun,
D0415,setiba,
D0415,di,
D0415,sana,
D0415,diduga,
D0415,menjadi,
D0415,korban,
D0415,perdagangan,
D0415,orang,
D0415,Korban,
D0415,disebut,
D0415,diperkosa,
D0415,di,
D0415,sebuah,
D0415,hotel,
D0415,oleh,
D0415,lima,
D0415,pria,
D0415,dari,
D0415,negara,
D0415,berbeda,
D0415,Korban,
D0415,juga,
D0415,disebut,
D0415,diminta,
D0415,mengaku,
D0415,berusia,
D0415,24,
D0415,tahun,
D0415,serta,
D0415,sudah,
D0415,pernah,
D0415,menikah,
D0415,Video,
D0415,itu,
D0415,beredar,
D0415,salah,
D0415,satunya,
D0415,di,
D0415,grup,
D0415,Tokoh,
D0415,Masyarakat,
D0415,Pidie,
D0415,TOMPi,
D0415,Sekjen,
D0415,TOMPi,
D0415,Muhammad,
D0415,Nur,
D0415,membenarkan,
D0415,korban,
D0415,berasal,
D0415,dari,
D0415,salah,
D0415,satu,
D0415,desa,
D0415,di,
D0415,Kabupaten,
D0415,Pidie,
D0415,Ini,
D0415,kriminalitas,
D0415,yang,
D0415,harus,
D0415,dikawal,
D0415,oleh,
D0415,Pemda,
D0415,Pidie,
D0415,dan,
D0415,wajib,
D0415,dilaporkan,
D0415,kepada,
D0415,pihak,
D0415,kepolisian,
D0415,setempat,
D0415,ini,
D0415,pasti,
D0415,melibatkan,
D0415,banyak,
D0415,jaringan,
D0415,dengan,
D0415,korban,
D0415,yang,
D0415,lebih,
D0415,banyak,
D0415,lagi,
D0415,di,
D0415,Aceh,
D0415,kata,
D0415,Muhammad,
D0415,kepada,
D0415,detikSumut,
D0415,Dia,
D0415,meminta,
D0415,Dinas,
D0415,Pemberdayaan,
D0415,Perempuan,
D0415,Perlindungan,
D0415,Anak,
D0415,dan,
D0415,Keluarga,
D0415,Pidie,
D0415,untuk,
D0415,mendalami,
D0415,kasus,
D0415,itu,
D0415,dengan,
D0415,mendatangi,
D0415,keluarga,
D0415,korban,
D0415,di,
D0415,Kecamatan,
D0415,Sakti,
D0415,Kasus,
D0415,itu,
D0415,juga,
D0415,disebut,
D0415,harus,
D0415,mendapatkan,
D0415,perhatian,
D0415,dari,
D0415,DPR,
D0415,dan,
D0415,DPD,
D0415,asal,
D0415,Aceh,
D0415,sehingga,
D0415,kejadian,
D0415,serupa,
D0415,tidak,
D0415,menimpa,
D0415,lagi,
D0415,anakanak,
D0415,Tanah,
D0415,Rencong,
D0415,Agen,
D0415,atau,
D0415,pelaku,
D0415,harus,
D0415,segera,
D0415,ditangkap,
D0415,untuk,
D0415,membongkar,
D0415,praktek,
D0415,jahat,
D0415,dan,
D0415,mafia,
D0415,ini,
D0415,Pelaku,
D0415,memiliki,
D0415,niat,
D0415,menjual,
D0415,korban,
D0415,dengan,
D0415,memalsukan,
D0415,dokumen,
D0415,identitas,
D0415,berupa,
D0415,KTP,
D0415,dan,
D0415,KK,
D0415,dari,
D0415,umur,
D0415,17,
D0415,tahun,
D0415,dibuat,
D0415,menjadi,
D0415,24,
D0415,tahun,
D0415,Investigasi,
D0415,ini,
D0415,harus,
D0415,dilakukan,
D0415,sampai,
D0415,ke,
D0415,kantor,
D0415,Imigrasi,
D0415,karena,
D0415,berhubungan,
D0415,dengan,
D0415,pembuatan,
D0415,paspor,
D0415,korban,
D0415,jelas,
D0415,dosen,
D0415,Universitas,
D0415,Serambi,
D0415,Mekkah,
D0415,itu,
D0415,Kami,
D0415,berharap,
D0415,pihak,
D0415,kepolisian,
D0415,di,
D0415,Aceh,
D0415,segera,
D0415,mengambil,
D0415,langkahlangkah,
D0415,preventif,
D0415,untuk,
D0415,memutuskan,
D0415,mata,
D0415,rantai,
D0415,kejahatan,
D0415,kemanusiaan,
D0415,ini,
D0415,secara,
D0415,terukur,
D0415,di,
D0415,Aceh,
D0415,ujarnya,
D0416,Rahmad,
D0416,Saputra,
D0416,21,
D0416,pekerja,
D0416,di,
D0416,salah,
D0416,satu,
D0416,warung,
D0416,makan,
D0416,kawasan,
D0416,kompleks,
D0416,Graha,
D0416,Terminal,
D0416,Madya,
D0416,Kisaran,
D0416,Kabupaten,
D0416,Asahan,
D0416,tega,
D0416,menghabisi,
D0416,nyawa,
D0416,seorang,
D0416,sopir,
D0416,bus,
D0416,bernama,
D0416,Thunder,
D0416,40,
D0416,Pelaku,
D0416,mengaku,
D0416,sakit,
D0416,hati,
D0416,lantaran,
D0416,kerap,
D0416,dikatain,
D0416,korban,
D0416,dengan,
D0416,sebutan,
D0416,anak,
D0416,haram,
D0416,Hal,
D0416,itu,
D0416,terungkap,
D0416,setelah,
D0416,penyidik,
D0416,Polres,
D0416,Asahan,
D0416,melakukan,
D0416,pemeriksaan,
D0416,mendalam,
D0416,terhadap,
D0416,pelaku,
D0416,Menurut,
D0416,pengakuan,
D0416,pelaku,
D0416,dia,
D0416,merasa,
D0416,sakit,
D0416,hati,
D0416,dan,
D0416,kesal,
D0416,karena,
D0416,terus,
D0416,terusan,
D0416,dikatai,
D0416,oleh,
D0416,korban,
D0416,dengan,
D0416,ucapan,
D0416,anak,
D0416,haram,
D0416,hingga,
D0416,dia,
D0416,berencana,
D0416,menghabisi,
D0416,nyawa,
D0416,korban,
D0416,kata,
D0416,Kapolres,
D0416,Asahan,
D0416,AKBP,
D0416,Afdhal,
D0416,Junaidi,
D0416,Rabu,
D0416,25122024,
D0416,SCROLL,
D0416,TO,
D0416,CONTINUE,
D0416,WITH,
D0416,CONTENT,
D0416,Adapun,
D0416,pelaku,
D0416,membunuh,
D0416,korban,
D0416,dengan,
D0416,cara,
D0416,lebih,
D0416,dulu,
D0416,meracuni,
D0416,dan,
D0416,kemudian,
D0416,menganiayanya,
D0416,Pengakuan,
D0416,tersangka,
D0416,minuman,
D0416,korban,
D0416,dicampur,
D0416,dengan,
D0416,racun,
D0416,tikus,
D0416,Berdasarkan,
D0416,hasil,
D0416,visum,
D0416,yang,
D0416,kami,
D0416,lakukan,
D0416,terhadap,
D0416,korban,
D0416,pelaku,
D0416,lebih,
D0416,dahulu,
D0416,meracuni,
D0416,minuman,
D0416,yang,
D0416,dibuatnya,
D0416,untuk,
D0416,korban,
D0416,Setelahnya,
D0416,korban,
D0416,merasa,
D0416,lemas,
D0416,Dalam,
D0416,kondisi,
D0416,tersebut,
D0416,pelaku,
D0416,melakukan,
D0416,penganiayaan,
D0416,dengan,
D0416,benda,
D0416,tumpul,
D0416,hingga,
D0416,tewas,
D0416,kata,
D0416,Kapolres,
D0416,Diketahui,
D0416,antara,
D0416,keduanya,
D0416,juga,
D0416,belum,
D0416,terlalu,
D0416,lama,
D0416,saling,
D0416,kenal,
D0416,Korban,
D0416,yang,
D0416,berprofesi,
D0416,sebagai,
D0416,sopir,
D0416,bus,
D0416,antar,
D0416,kota,
D0416,ini,
D0416,kerap,
D0416,menumpang,
D0416,tidur,
D0416,di,
D0416,warung,
D0416,tempat,
D0416,pelaku,
D0416,bekerja,
D0416,Mereka,
D0416,kenal,
D0416,belum,
D0416,lama,
D0416,ujarnya,
D0416,Akibat,
D0416,perbuatannya,
D0416,tersangka,
D0416,diancam,
D0416,dengan,
D0416,Pasal,
D0416,338,
D0416,KUHP,
D0416,dan,
D0416,atau,
D0416,Pasal,
D0416,351,
D0416,ayat,
D0416,3,
D0416,KUHP,
D0416,atas,
D0416,tindak,
D0416,pidana,
D0416,dengan,
D0416,sengaja,
D0416,merampas,
D0416,nyawa,
D0416,orang,
D0416,lain,
D0416,dengan,
D0416,ancaman,
D0416,hukuman,
D0416,7,
D0416,tahun,
D0416,penjara,
D0416,Sebelumnya,
D0416,seorang,
D0416,sopir,
D0416,bernama,
D0416,Thunder,
D0416,ditemukan,
D0416,tewas,
D0416,oleh,
D0416,rekanrekannya,
D0416,pada,
D0416,17,
D0416,Desember,
D0416,2024,
D0416,malam,
D0416,Dari,
D0416,mulut,
D0416,korban,
D0416,ditemukan,
D0416,cairan,
D0416,buih,
D0416,Awalnya,
D0416,korban,
D0416,diduga,
D0416,meninggal,
D0416,karena,
D0416,sakit,
D0416,Belakangan,
D0416,terungkap,
D0416,ternyata,
D0416,sebelum,
D0416,meninggal,
D0416,dunia,
D0416,korban,
D0416,lebih,
D0416,dulu,
D0416,diracuni,
D0416,lalu,
D0416,dianiaya,
D0416,hingga,
D0416,tewas,
D0416,Awalnya,
D0416,kami,
D0416,dapat,
D0416,laporan,
D0416,seorang,
D0416,pria,
D0416,meninggal,
D0416,di,
D0416,sebuah,
D0416,warung,
D0416,karena,
D0416,sakit,
D0416,Tim,
D0416,kemudian,
D0416,melakukan,
D0416,pengecekan,
D0416,ke,
D0416,lokasi,
D0416,dan,
D0416,melihat,
D0416,posisi,
D0416,korban,
D0416,saat,
D0416,itu,
D0416,kata,
D0416,Kanit,
D0416,Jatanras,
D0416,Satreskrim,
D0416,Polres,
D0416,Asahan,
D0416,Ipda,
D0416,Supangat,
D0416,kepada,
D0416,wartawan,
D0416,Berdasarkan,
D0416,keterangan,
D0416,saksi,
D0416,yang,
D0416,diperoleh,
D0416,polisi,
D0416,sebelum,
D0416,meninggal,
D0416,Thunder,
D0416,terlihat,
D0416,kejangkejang,
D0416,Korban,
D0416,disebutkan,
D0416,juga,
D0416,memiliki,
D0416,riwayat,
D0416,penyakit,
D0416,Korban,
D0416,kemudian,
D0416,diautopsi,
D0416,ke,
D0416,Rumah,
D0416,Sakit,
D0416,Umum,
D0416,Daerah,
D0416,RSUD,
D0416,Haji,
D0416,Abdul,
D0416,Manan,
D0416,Simatupang,
D0416,HAMS,
D0416,Kisaran,
D0416,Namun,
D0416,setelah,
D0416,kita,
D0416,lihat,
D0416,lebih,
D0416,jauh,
D0416,dari,
D0416,posisi,
D0416,dan,
D0416,kondisi,
D0416,kematian,
D0416,korban,
D0416,terdapat,
D0416,tandatanda,
D0416,kekerasan,
D0416,di,
D0416,bagian,
D0416,mulut,
D0416,kepala,
D0416,dan,
D0416,tangan,
D0416,kiri,
D0416,korban,
D0416,kata,
D0416,Supangat,
D0416,Tak,
D0416,ingin,
D0416,kehilangan,
D0416,jejak,
D0416,polisi,
D0416,langsung,
D0416,menggelar,
D0416,pra,
D0416,rekonstruksi,
D0416,dan,
D0416,mengumpulkan,
D0416,sejumlah,
D0416,saksi,
D0416,yang,
D0416,pertama,
D0416,kali,
D0416,mengetahui,
D0416,korban,
D0416,meninggal,
D0416,dunia,
D0416,Setelah,
D0416,itu,
D0416,tersimpulkan,
D0416,bahwa,
D0416,korban,
D0416,ini,
D0416,sebenarnya,
D0416,dibunuh,
D0416,Ternyata,
D0416,menjurus,
D0416,kepada,
D0416,salah,
D0416,seorang,
D0416,saksi,
D0416,dan,
D0416,dia,
D0416,sudah,
D0416,mengakui,
D0416,perbuatannya,
D0416,Berdasarkan,
D0416,hasil,
D0416,interogasi,
D0416,korban,
D0416,diracuni,
D0416,terlebih,
D0416,dahulu,
D0416,melalui,
D0416,minuman,
D0416,hingga,
D0416,lemas,
D0416,dan,
D0416,dipukuli,
D0416,oleh,
D0416,pelaku,
D0416,Motifnya,
D0416,sakit,
D0416,hati,
D0416,kata,
D0416,Supangat,
D0417,Seorang,
D0417,remaja,
D0417,berusia,
D0417,17,
D0417,tahun,
D0417,asal,
D0417,Pidie,
D0417,Aceh,
D0417,diduga,
D0417,dijual,
D0417,dan,
D0417,diperkosa,
D0417,sejumlah,
D0417,orang,
D0417,di,
D0417,Malaysia,
D0417,Korban,
D0417,diminta,
D0417,segera,
D0417,dipulangkan,
D0417,ke,
D0417,kampung,
D0417,halamannya,
D0417,Dilihat,
D0417,detikSumut,
D0417,dari,
D0417,video,
D0417,beredar,
D0417,Rabu,
D0417,25122024,
D0417,gadis,
D0417,tersebut,
D0417,saat,
D0417,ini,
D0417,sudah,
D0417,diamankan,
D0417,warga,
D0417,Aceh,
D0417,yang,
D0417,berada,
D0417,di,
D0417,Malaysia,
D0417,Seorang,
D0417,pria,
D0417,dalam,
D0417,video,
D0417,menyebutkan,
D0417,korban,
D0417,dibawa,
D0417,ke,
D0417,Negeri,
D0417,Jiran,
D0417,oleh,
D0417,seorang,
D0417,agen,
D0417,namun,
D0417,setiba,
D0417,di,
D0417,sana,
D0417,diduga,
D0417,menjadi,
D0417,korban,
D0417,perdagangan,
D0417,orang,
D0417,Korban,
D0417,disebut,
D0417,diperkosa,
D0417,di,
D0417,sebuah,
D0417,hotel,
D0417,oleh,
D0417,lima,
D0417,pria,
D0417,dari,
D0417,negara,
D0417,berbeda,
D0417,Korban,
D0417,juga,
D0417,disebut,
D0417,diminta,
D0417,mengaku,
D0417,berusia,
D0417,24,
D0417,tahun,
D0417,serta,
D0417,sudah,
D0417,pernah,
D0417,menikah,
D0417,SCROLL,
D0417,TO,
D0417,CONTINUE,
D0417,WITH,
D0417,CONTENT,
D0417,Video,
D0417,itu,
D0417,beredar,
D0417,salah,
D0417,satunya,
D0417,di,
D0417,grup,
D0417,Tokoh,
D0417,Masyarakat,
D0417,Pidie,
D0417,TOMPi,
D0417,Sekjen,
D0417,TOMPi,
D0417,Muhammad,
D0417,Nur,
D0417,membenarkan,
D0417,korban,
D0417,berasal,
D0417,dari,
D0417,salah,
D0417,satu,
D0417,desa,
D0417,di,
D0417,Kabupaten,
D0417,Pidie,
D0417,Ini,
D0417,kriminalitas,
D0417,yang,
D0417,harus,
D0417,dikawal,
D0417,oleh,
D0417,Pemda,
D0417,Pidie,
D0417,dan,
D0417,wajib,
D0417,dilaporkan,
D0417,kepada,
D0417,pihak,
D0417,kepolisian,
D0417,setempat,
D0417,ini,
D0417,pasti,
D0417,melibatkan,
D0417,banyak,
D0417,jaringan,
D0417,dengan,
D0417,korban,
D0417,yang,
D0417,lebih,
D0417,banyak,
D0417,lagi,
D0417,di,
D0417,Aceh,
D0417,kata,
D0417,Muhammad,
D0417,kepada,
D0417,detikSumut,
D0417,Dia,
D0417,meminta,
D0417,Dinas,
D0417,Pemberdayaan,
D0417,Perempuan,
D0417,Perlindungan,
D0417,Anak,
D0417,dan,
D0417,Keluarga,
D0417,Pidie,
D0417,untuk,
D0417,mendalami,
D0417,kasus,
D0417,itu,
D0417,dengan,
D0417,mendatangi,
D0417,keluarga,
D0417,korban,
D0417,di,
D0417,Kecamatan,
D0417,Sakti,
D0417,Kasus,
D0417,itu,
D0417,juga,
D0417,disebut,
D0417,harus,
D0417,mendapatkan,
D0417,perhatian,
D0417,dari,
D0417,DPR,
D0417,dan,
D0417,DPD,
D0417,asal,
D0417,Aceh,
D0417,sehingga,
D0417,kejadian,
D0417,serupa,
D0417,tidak,
D0417,menimpa,
D0417,lagi,
D0417,anakanak,
D0417,Tanah,
D0417,Rencong,
D0417,Agen,
D0417,atau,
D0417,pelaku,
D0417,harus,
D0417,segera,
D0417,ditangkap,
D0417,untuk,
D0417,membongkar,
D0417,praktek,
D0417,jahat,
D0417,dan,
D0417,mafia,
D0417,ini,
D0417,Pelaku,
D0417,memiliki,
D0417,niat,
D0417,menjual,
D0417,korban,
D0417,dengan,
D0417,memalsukan,
D0417,dokumen,
D0417,identitas,
D0417,berupa,
D0417,KTP,
D0417,dan,
D0417,KK,
D0417,dari,
D0417,umur,
D0417,17,
D0417,tahun,
D0417,dibuat,
D0417,menjadi,
D0417,24,
D0417,tahun,
D0417,Investigasi,
D0417,ini,
D0417,harus,
D0417,dilakukan,
D0417,sampai,
D0417,ke,
D0417,kantor,
D0417,Imigrasi,
D0417,karena,
D0417,berhubungan,
D0417,dengan,
D0417,pembuatan,
D0417,paspor,
D0417,korban,
D0417,jelas,
D0417,dosen,
D0417,Universitas,
D0417,Serambi,
D0417,Mekkah,
D0417,itu,
D0417,Kami,
D0417,berharap,
D0417,pihak,
D0417,kepolisian,
D0417,di,
D0417,Aceh,
D0417,segera,
D0417,mengambil,
D0417,langkahlangkah,
D0417,preventif,
D0417,untuk,
D0417,memutuskan,
D0417,mata,
D0417,rantai,
D0417,kejahatan,
D0417,kemanusiaan,
D0417,ini,
D0417,secara,
D0417,terukur,
D0417,di,
D0417,Aceh,
D0417,ujarnya,
D0418,Rahmad,
D0418,Saputra,
D0418,21,
D0418,pekerja,
D0418,di,
D0418,salah,
D0418,satu,
D0418,warung,
D0418,makan,
D0418,kawasan,
D0418,kompleks,
D0418,Graha,
D0418,Terminal,
D0418,Madya,
D0418,Kisaran,
D0418,Asahan,
D0418,menghabisi,
D0418,nyawa,
D0418,sopir,
D0418,bus,
D0418,bernama,
D0418,Thunder,
D0418,40,
D0418,Polisi,
D0418,menyebut,
D0418,motif,
D0418,Rahmad,
D0418,membunuh,
D0418,Thunder,
D0418,diduga,
D0418,karena,
D0418,sakit,
D0418,hati,
D0418,dikatain,
D0418,anak,
D0418,haram,
D0418,Menurut,
D0418,pengakuan,
D0418,pelaku,
D0418,dia,
D0418,merasa,
D0418,sakit,
D0418,hati,
D0418,dan,
D0418,kesal,
D0418,karena,
D0418,terus,
D0418,terusan,
D0418,dikatai,
D0418,oleh,
D0418,korban,
D0418,dengan,
D0418,ucapan,
D0418,anak,
D0418,haram,
D0418,hingga,
D0418,dia,
D0418,berencana,
D0418,menghabisi,
D0418,nyawa,
D0418,korban,
D0418,kata,
D0418,Kapolres,
D0418,Asahan,
D0418,AKBP,
D0418,Afdhal,
D0418,Junaidi,
D0418,kepada,
D0418,wartawan,
D0418,Rabu,
D0418,25122024,
D0418,Afdhal,
D0418,mengatakan,
D0418,berdasarkan,
D0418,hasil,
D0418,visum,
D0418,korban,
D0418,diketahui,
D0418,terlebih,
D0418,dahulu,
D0418,diracuni,
D0418,Kemudian,
D0418,korban,
D0418,dianiaya,
D0418,oleh,
D0418,pelaku,
D0418,memakai,
D0418,benda,
D0418,tumpul,
D0418,hingga,
D0418,tewas,
D0418,SCROLL,
D0418,TO,
D0418,CONTINUE,
D0418,WITH,
D0418,CONTENT,
D0418,Berdasarkan,
D0418,hasil,
D0418,visum,
D0418,yang,
D0418,kami,
D0418,lakukan,
D0418,terhadap,
D0418,korban,
D0418,pelaku,
D0418,lebih,
D0418,dahulu,
D0418,meracuni,
D0418,minuman,
D0418,yang,
D0418,dibuatnya,
D0418,untuk,
D0418,korban,
D0418,Setelahnya,
D0418,korban,
D0418,merasa,
D0418,lemas,
D0418,Dalam,
D0418,kondisi,
D0418,tersebut,
D0418,pelaku,
D0418,melakukan,
D0418,penganiayaan,
D0418,dengan,
D0418,benda,
D0418,tumpul,
D0418,hingga,
D0418,tewas,
D0418,sebut,
D0418,Afdhal,
D0418,Akibat,
D0418,perbuatannya,
D0418,Rahmad,
D0418,diancam,
D0418,dengan,
D0418,Pasal,
D0418,338,
D0418,KUHP,
D0418,dan,
D0418,atau,
D0418,Pasal,
D0418,351,
D0418,ayat,
D0418,3,
D0418,KUHP,
D0418,dengan,
D0418,ancaman,
D0418,hukuman,
D0418,7,
D0418,tahun,
D0418,penjara,
D0418,Untuk,
D0418,diketahui,
D0418,sopir,
D0418,bus,
D0418,yang,
D0418,biasa,
D0418,mangkal,
D0418,di,
D0418,kompleks,
D0418,ruko,
D0418,Graha,
D0418,eks,
D0418,terminal,
D0418,Madya,
D0418,Kisaran,
D0418,bernama,
D0418,Thunder,
D0418,ditemukan,
D0418,tewas,
D0418,di,
D0418,sebuah,
D0418,warung,
D0418,makan,
D0418,yang,
D0418,biasa,
D0418,dia,
D0418,singgahi,
D0418,Korban,
D0418,ditemukan,
D0418,tak,
D0418,bernyawa,
D0418,oleh,
D0418,rekanrekannya,
D0418,Polisi,
D0418,yang,
D0418,mendapat,
D0418,informasi,
D0418,tersebut,
D0418,segera,
D0418,menyelidiki,
D0418,kematian,
D0418,pria,
D0418,yang,
D0418,diperkirakan,
D0418,berusia,
D0418,40,
D0418,tahun,
D0418,tersebut,
D0418,Kurang,
D0418,dari,
D0418,24,
D0418,jam,
D0418,terungkap,
D0418,penyebab,
D0418,kematian,
D0418,sekaligus,
D0418,pelaku,
D0418,yang,
D0418,mengakibatkan,
D0418,korban,
D0418,meregang,
D0418,nyawa,
D0418,Informasi,
D0418,yang,
D0418,diterima,
D0418,polisi,
D0418,dari,
D0418,keterangan,
D0418,saksi,
D0418,yang,
D0418,melihat,
D0418,korban,
D0418,sebelumnya,
D0418,Thunder,
D0418,terlihat,
D0418,kejangkejang,
D0418,sebelum,
D0418,meninggal,
D0418,dunia,
D0418,dan,
D0418,disebutkan,
D0418,juga,
D0418,dia,
D0418,memiliki,
D0418,riwayat,
D0418,penyakit,
D0418,Korban,
D0418,kemudian,
D0418,diautopsi,
D0418,ke,
D0418,Rumah,
D0418,Sakit,
D0418,Umum,
D0418,Daerah,
D0418,RSUD,
D0418,Haji,
D0418,Abdul,
D0418,Manan,
D0418,Simatupang,
D0418,HAMS,
D0418,Kisaran,
D0418,Namun,
D0418,setelah,
D0418,dilakukan,
D0418,pendalaman,
D0418,dari,
D0418,posisi,
D0418,dan,
D0418,kondisi,
D0418,kematian,
D0418,korban,
D0418,terdapat,
D0418,tandatanda,
D0418,kekerasan,
D0418,di,
D0418,bagian,
D0418,mulut,
D0418,kepala,
D0418,dan,
D0418,tangan,
D0418,kiri,
D0418,korban,
D0418,Ternyata,
D0418,menjurus,
D0418,kepada,
D0418,salah,
D0418,seorang,
D0418,saksi,
D0418,dan,
D0418,dia,
D0418,sudah,
D0418,mengakui,
D0418,perbuatannya,
D0418,Berdasarkan,
D0418,hasil,
D0418,interogasi,
D0418,korban,
D0418,diracuni,
D0418,terlebih,
D0418,dahulu,
D0418,melalui,
D0418,minuman,
D0418,hingga,
D0418,lemas,
D0418,dan,
D0418,dipukuli,
D0418,oleh,
D0418,pelaku,
D0418,Motifnya,
D0418,sakit,
D0418,hati,
D0418,kata,
D0418,Supangat,
D0419,Tujuh,
D0419,orang,
D0419,anggota,
D0419,geng,
D0419,motor,
D0419,yang,
D0419,menamakan,
D0419,diri,
D0419,mereka,
D0419,Mafia,
D0419,Bangladesh,
D0419,ditangkap,
D0419,Polres,
D0419,Asahan,
D0419,Mereka,
D0419,ditangkap,
D0419,setelah,
D0419,merusak,
D0419,fasilitas,
D0419,kantor,
D0419,milik,
D0419,Pemerintah,
D0419,Kabupaten,
D0419,Pemkab,
D0419,Asahan,
D0419,dengan,
D0419,lemparan,
D0419,batu,
D0419,Adapun,
D0419,sebanyak,
D0419,tujuh,
D0419,orang,
D0419,anggota,
D0419,geng,
D0419,motor,
D0419,yang,
D0419,kami,
D0419,amankan,
D0419,ini,
D0419,dua,
D0419,diantaranya,
D0419,adalah,
D0419,anak,
D0419,di,
D0419,bawah,
D0419,umur,
D0419,Video,
D0419,mereka,
D0419,viral,
D0419,usai,
D0419,melakukan,
D0419,pelemparan,
D0419,ke,
D0419,salah,
D0419,satu,
D0419,kantor,
D0419,pemerintahan,
D0419,di,
D0419,Jalan,
D0419,Mahoni,
D0419,Kisaran,
D0419,beberapa,
D0419,waktu,
D0419,lalu,
D0419,kata,
D0419,Kapolres,
D0419,Asahan,
D0419,AKBP,
D0419,Afdhal,
D0419,Junaidi,
D0419,Selasa,
D0419,24122024,
D0419,Afdhal,
D0419,menjelaskan,
D0419,sebelumnya,
D0419,anggota,
D0419,geng,
D0419,motor,
D0419,ini,
D0419,pada,
D0419,saat,
D0419,malam,
D0419,kejadian,
D0419,sedang,
D0419,berkonvoi,
D0419,merayakan,
D0419,ulang,
D0419,tahun,
D0419,komunitas,
D0419,mereka,
D0419,Namun,
D0419,di,
D0419,tengah,
D0419,jalan,
D0419,mereka,
D0419,bertemu,
D0419,dengan,
D0419,kelompok,
D0419,lain,
D0419,SCROLL,
D0419,TO,
D0419,CONTINUE,
D0419,WITH,
D0419,CONTENT,
D0419,Menurut,
D0419,pengakuan,
D0419,mereka,
D0419,mereka,
D0419,ada,
D0419,mengejar,
D0419,beberapa,
D0419,anggota,
D0419,geng,
D0419,lain,
D0419,yang,
D0419,masuk,
D0419,dan,
D0419,bersembunyi,
D0419,ke,
D0419,dalam,
D0419,kantor,
D0419,pemerintahan,
D0419,tersebut,
D0419,sehingga,
D0419,anakanak,
D0419,Mafia,
D0419,Bangladesh,
D0419,ini,
D0419,melakukan,
D0419,serangan,
D0419,dengan,
D0419,cara,
D0419,melempar,
D0419,mengakibatkan,
D0419,beberapa,
D0419,kaca,
D0419,kantor,
D0419,pecah,
D0419,ujar,
D0419,Afdhal,
D0419,Adapun,
D0419,penyerangan,
D0419,yang,
D0419,dilakukan,
D0419,anggota,
D0419,geng,
D0419,motor,
D0419,tersebut,
D0419,terjadi,
D0419,di,
D0419,Kantor,
D0419,Pengendalian,
D0419,Penduduk,
D0419,Keluarga,
D0419,Berencana,
D0419,Permberdayaan,
D0419,Perempuan,
D0419,dan,
D0419,Perlindungan,
D0419,Anak,
D0419,KP2KBP3,
D0419,Asahan,
D0419,Peristiwa,
D0419,itu,
D0419,berlangsung,
D0419,pada,
D0419,Sabtu,
D0419,1412,
D0419,lalu,
D0419,Sudah,
D0419,empat,
D0419,tahun,
D0419,mereka,
D0419,ini,
D0419,berdiri,
D0419,Kebetulan,
D0419,malam,
D0419,itu,
D0419,sedang,
D0419,merayakan,
D0419,ulang,
D0419,tahun,
D0419,komunitasnya,
D0419,Ada,
D0419,minumminum,
D0419,alkohol,
D0419,juga,
D0419,tapi,
D0419,pengakuan,
D0419,mereka,
D0419,enggak,
D0419,sampai,
D0419,mabuk,
D0419,ujar,
D0419,Afdhal,
D0419,Sementara,
D0419,itu,
D0419,lima,
D0419,dari,
D0419,tujuh,
D0419,orang,
D0419,yang,
D0419,diamankan,
D0419,hingga,
D0419,kini,
D0419,masih,
D0419,ditahan,
D0419,untuk,
D0419,menjalani,
D0419,pemeriksaan,
D0419,lebih,
D0419,lanjut,
D0419,Sementara,
D0419,itu,
D0419,terhadap,
D0419,dua,
D0419,orang,
D0419,lainnya,
D0419,yang,
D0419,masih,
D0419,di,
D0419,bawah,
D0419,umur,
D0419,ditangguhkan,
D0419,sementara,
D0419,dengan,
D0419,jaminan,
D0419,dari,
D0419,orang,
D0419,tua,
D0419,masingmasing,
D0420,Polisi,
D0420,menangkap,
D0420,dua,
D0420,komplotan,
D0420,pencuri,
D0420,modus,
D0420,ganjal,
D0420,ATM,
D0420,di,
D0420,Kota,
D0420,Medan,
D0420,Sumatera,
D0420,Utara,
D0420,Sumut,
D0420,Akibat,
D0420,kejadian,
D0420,ini,
D0420,salah,
D0420,satu,
D0420,korban,
D0420,mengalami,
D0420,kerugian,
D0420,hingga,
D0420,Rp,
D0420,64,
D0420,juta,
D0420,Kapolsek,
D0420,Medan,
D0420,Area,
D0420,Kompol,
D0420,Hendrik,
D0420,mengatakan,
D0420,salah,
D0420,satu,
D0420,kejadian,
D0420,terjadi,
D0420,di,
D0420,Jalan,
D0420,Denai,
D0420,Kecamatan,
D0420,Medan,
D0420,Denai,
D0420,Sabtu,
D0420,14122024,
D0420,siang,
D0420,Saat,
D0420,itu,
D0420,korban,
D0420,Hotman,
D0420,Sinaga,
D0420,62,
D0420,hendak,
D0420,mengambil,
D0420,uang,
D0420,sebesar,
D0420,Rp,
D0420,500,
D0420,ribu,
D0420,di,
D0420,salah,
D0420,satu,
D0420,supermarket,
D0420,di,
D0420,wilayah,
D0420,tersebut,
D0420,Adapun,
D0420,kedua,
D0420,pelaku,
D0420,yang,
D0420,ditangkap,
D0420,adalah,
D0420,Alex,
D0420,Bobby,
D0420,Hutasoit,
D0420,41,
D0420,dan,
D0420,Taufik,
D0420,Hidayat,
D0420,alias,
D0420,David,
D0420,35,
D0420,Satu,
D0420,pelaku,
D0420,bernama,
D0420,Ilham,
D0420,Syahputra,
D0420,alias,
D0420,Ivan,
D0420,masih,
D0420,dalam,
D0420,pencarian,
D0420,pihak,
D0420,kepolisian,
D0420,SCROLL,
D0420,TO,
D0420,CONTINUE,
D0420,WITH,
D0420,CONTENT,
D0420,Saat,
D0420,dia,
D0420,korban,
D0420,mengambil,
D0420,ATM,
D0420,David,
D0420,ini,
D0420,sudah,
D0420,lebih,
D0420,dulu,
D0420,mengganjal,
D0420,ATM,
D0420,Dia,
D0420,korban,
D0420,masukkan,
D0420,ATM,
D0420,tidak,
D0420,bisa,
D0420,kata,
D0420,Hendrik,
D0420,saat,
D0420,konferensi,
D0420,pers,
D0420,Selasa,
D0420,2412,
D0420,Lalu,
D0420,tibatiba,
D0420,pelaku,
D0420,Ivan,
D0420,datang,
D0420,dan,
D0420,menawarkan,
D0420,agar,
D0420,korban,
D0420,mengambil,
D0420,uang,
D0420,di,
D0420,ATM,
D0420,yang,
D0420,berada,
D0420,di,
D0420,SPBU,
D0420,Jalan,
D0420,Denai,
D0420,Korban,
D0420,pun,
D0420,pergi,
D0420,ke,
D0420,lokasi,
D0420,yang,
D0420,disarankan,
D0420,oleh,
D0420,pelaku,
D0420,Setibanya,
D0420,di,
D0420,SPBU,
D0420,itu,
D0420,pelaku,
D0420,Ivan,
D0420,sudah,
D0420,lebih,
D0420,dulu,
D0420,berdiri,
D0420,di,
D0420,ATM,
D0420,tersebut,
D0420,dengan,
D0420,berpurapura,
D0420,hendak,
D0420,mengambil,
D0420,uang,
D0420,Lalu,
D0420,di,
D0420,belakangnya,
D0420,ada,
D0420,korban,
D0420,yang,
D0420,juga,
D0420,ingin,
D0420,mengambil,
D0420,uang,
D0420,Di,
D0420,belakang,
D0420,korban,
D0420,ada,
D0420,pelaku,
D0420,David,
D0420,berdiri,
D0420,Pada,
D0420,saat,
D0420,itu,
D0420,pelaku,
D0420,Ivan,
D0420,mengganjal,
D0420,ATM,
D0420,menggunakan,
D0420,tusuk,
D0420,gigi,
D0420,sedangkan,
D0420,pelaku,
D0420,Alex,
D0420,bertugas,
D0420,memantau,
D0420,situasi,
D0420,Ivan,
D0420,mengganjal,
D0420,ATM,
D0420,setelah,
D0420,itu,
D0420,keluar,
D0420,pergi,
D0420,baru,
D0420,korban,
D0420,memasukkan,
D0420,kartu,
D0420,ATMnya,
D0420,yang,
D0420,ternyata,
D0420,terganjal,
D0420,dengan,
D0420,tusuk,
D0420,gigi,
D0420,Karena,
D0420,tak,
D0420,bisa,
D0420,si,
D0420,David,
D0420,menawarkan,
D0420,membantu,
D0420,ATM,
D0420,korban,
D0420,ditukar,
D0420,oleh,
D0420,David,
D0420,Selanjutnya,
D0420,si,
D0420,Ivan,
D0420,mengintip,
D0420,nomor,
D0420,pin,
D0420,karena,
D0420,tak,
D0420,bisa,
D0420,dimasukkan,
D0420,korban,
D0420,pergi,
D0420,jelasnya,
D0420,Kemudian,
D0420,pada,
D0420,sore,
D0420,harinya,
D0420,korban,
D0420,mencoba,
D0420,kembali,
D0420,untuk,
D0420,mengambil,
D0420,uang,
D0420,tetapi,
D0420,tetap,
D0420,tidak,
D0420,bisa,
D0420,Lalu,
D0420,pada,
D0420,Senin,
D0420,1612,
D0420,korban,
D0420,akhirnya,
D0420,pergi,
D0420,ke,
D0420,bank,
D0420,untuk,
D0420,mengambil,
D0420,uang,
D0420,di,
D0420,ATM,
D0420,bank,
D0420,tersebut,
D0420,dan,
D0420,tetap,
D0420,tidak,
D0420,bisa,
D0420,Setelah,
D0420,dicek,
D0420,oleh,
D0420,petugas,
D0420,bank,
D0420,kartu,
D0420,ATM,
D0420,korban,
D0420,tersebut,
D0420,ternyata,
D0420,telah,
D0420,diganti,
D0420,oleh,
D0420,para,
D0420,pelaku,
D0420,Selain,
D0420,itu,
D0420,uang,
D0420,yang,
D0420,berada,
D0420,di,
D0420,ATM,
D0420,korban,
D0420,juga,
D0420,telah,
D0420,diambil,
D0420,sebanyak,
D0420,Rp,
D0420,64,
D0420,juta,
D0420,Atas,
D0420,kejadian,
D0420,itu,
D0420,korban,
D0420,membuat,
D0420,laporan,
D0420,ke,
D0420,Polsek,
D0420,Medan,
D0420,Area,
D0420,pada,
D0420,16,
D0420,Desember,
D0420,2024,
D0420,Pihak,
D0420,kepolisian,
D0420,pun,
D0420,menyelidiki,
D0420,kasus,
D0420,tersebut,
D0420,hingga,
D0420,menangkap,
D0420,kedua,
D0420,pelaku,
D0420,pada,
D0420,Jumat,
D0420,2012,
D0420,dan,
D0420,Senin,
D0420,2312,
D0420,Salah,
D0420,satu,
D0420,pelaku,
D0420,bernama,
D0420,David,
D0420,ditembak,
D0420,karena,
D0420,berupaya,
D0420,melawan,
D0420,petugas,
D0420,kepolisian,
D0420,Berdasarkan,
D0420,hasil,
D0420,pemeriksaan,
D0420,para,
D0420,pelaku,
D0420,memang,
D0420,telah,
D0420,mengganti,
D0420,kartu,
D0420,ATM,
D0420,korban,
D0420,dan,
D0420,mengambil,
D0420,uangnya,
D0420,sebanyak,
D0420,lima,
D0420,kali,
D0420,hingga,
D0420,total,
D0420,Rp,
D0420,64,
D0420,juta,
D0420,pada,
D0420,14,
D0420,Desember,
D0420,2024,
D0420,Uang,
D0420,tersebut,
D0420,dibagi,
D0420,oleh,
D0420,ketiga,
D0420,pelaku,
D0420,Jadi,
D0420,mereka,
D0420,mendapatkan,
D0420,uang,
D0420,dengan,
D0420,jumlah,
D0420,yang,
D0420,berbeda,
D0420,jelasnya,
D0420,Dari,
D0420,hasil,
D0420,penyelidikan,
D0420,para,
D0420,pelaku,
D0420,telah,
D0420,empat,
D0420,kali,
D0420,melakukan,
D0420,aksi,
D0420,tersebut,
D0420,yakni,
D0420,di,
D0420,minimarket,
D0420,Jalan,
D0420,Tuasan,
D0420,minimarket,
D0420,Simpang,
D0420,Beo,
D0420,Lau,
D0420,Dendang,
D0420,dan,
D0420,Jalan,
D0420,William,
D0420,Iskandar,
D0420,Pelaku,
D0420,melancarkan,
D0420,aksinya,
D0420,dengan,
D0420,modus,
D0420,berpurapura,
D0420,untuk,
D0420,membantu,
D0420,korban,
D0420,Namun,
D0420,ATM,
D0420,tersebut,
D0420,sudah,
D0420,lebih,
D0420,dulu,
D0420,diganjal,
D0420,oleh,
D0420,para,
D0420,pelaku,
D0420,Untuk,
D0420,menjalankan,
D0420,aksinya,
D0420,mereka,
D0420,ini,
D0420,sudah,
D0420,lama,
D0420,karena,
D0420,sudah,
D0420,empat,
D0420,kali,
D0420,di,
D0420,TKP,
D0420,yang,
D0420,berbeda,
D0420,Modus,
D0420,operandi,
D0420,dari,
D0420,tersangka,
D0420,menawarkan,
D0420,diri,
D0420,untuk,
D0420,membantu,
D0420,mengambil,
D0420,uang,
D0420,Namun,
D0420,sebelumnya,
D0420,mesin,
D0420,ATM,
D0420,tersebut,
D0420,sudah,
D0420,diganjal,
D0420,dengan,
D0420,tusuk,
D0420,gigi,
D0420,Berdasarkan,
D0420,keterangan,
D0420,tersangka,
D0420,uang,
D0420,digunakan,
D0420,untuk,
D0420,kebutuhan,
D0420,keluarga,
D0420,pungkasnya,
D0421,Bidang,
D0421,Profesi,
D0421,dan,
D0421,Pengamanan,
D0421,Bidpropam,
D0421,Polda,
D0421,Nusa,
D0421,Tenggara,
D0421,Timur,
D0421,NTT,
D0421,mengungkap,
D0421,sebanyak,
D0421,11,
D0421,polisi,
D0421,disanksi,
D0421,dipecat,
D0421,pemberhentian,
D0421,tidak,
D0421,dengan,
D0421,hormat,
D0421,PTDH,
D0421,atau,
D0421,dipecat,
D0421,sepanjang,
D0421,tahun,
D0421,2024,
D0421,Para,
D0421,polisi,
D0421,bermasalah,
D0421,itu,
D0421,didominasi,
D0421,kasus,
D0421,asusila,
D0421,Terkait,
D0421,pelanggaran,
D0421,anggota,
D0421,yang,
D0421,ada,
D0421,di,
D0421,Polda,
D0421,NTT,
D0421,pada,
D0421,2024,
D0421,terdapat,
D0421,11,
D0421,orang,
D0421,yang,
D0421,kami,
D0421,PTDH,
D0421,Tahun,
D0421,2023,
D0421,juga,
D0421,sama,
D0421,yaitu,
D0421,11,
D0421,kasus,
D0421,PTDH,
D0421,ungkap,
D0421,Kabid,
D0421,Propam,
D0421,Polda,
D0421,NTT,
D0421,Kombes,
D0421,Robert,
D0421,Anthoni,
D0421,Sormin,
D0421,saat,
D0421,rilis,
D0421,akhir,
D0421,tahun,
D0421,di,
D0421,Mapolda,
D0421,NTT,
D0421,Selasa,
D0421,24122024,
D0421,Sormin,
D0421,menjelaskan,
D0421,pemecatan,
D0421,itu,
D0421,terdapat,
D0421,dua,
D0421,hal,
D0421,yaitu,
D0421,pelanggaran,
D0421,disiplin,
D0421,pada,
D0421,2024,
D0421,terdapat,
D0421,149,
D0421,pelanggaran,
D0421,Sedangkan,
D0421,tahun,
D0421,2023,
D0421,terdapat,
D0421,177,
D0421,pelanggaran,
D0421,Kemudian,
D0421,pelanggaran,
D0421,kode,
D0421,etik,
D0421,pada,
D0421,2024,
D0421,terdapat,
D0421,64,
D0421,kasus,
D0421,Sedangkan,
D0421,tahun,
D0421,2023,
D0421,terdapat,
D0421,92,
D0421,pelanggaran,
D0421,SCROLL,
D0421,TO,
D0421,CONTINUE,
D0421,WITH,
D0421,CONTENT,
D0421,Menurut,
D0421,Sormin,
D0421,penurunan,
D0421,angka,
D0421,pelanggaran,
D0421,disiplin,
D0421,dan,
D0421,kode,
D0421,etik,
D0421,cukup,
D0421,drastis,
D0421,Polda,
D0421,NTT,
D0421,Sormin,
D0421,berujar,
D0421,akan,
D0421,terus,
D0421,melakukan,
D0421,kebijakankebijakan,
D0421,pembenahan,
D0421,pada,
D0421,2025,
D0421,sebagai,
D0421,bentuk,
D0421,pembenahan,
D0421,dan,
D0421,evaluasi,
D0421,terhadap,
D0421,anggotanya,
D0421,Sehingga,
D0421,kasus,
D0421,pelanggaran,
D0421,disiplin,
D0421,dan,
D0421,kode,
D0421,etik,
D0421,pada,
D0421,tahun,
D0421,ini,
D0421,mengalami,
D0421,penurunan,
D0421,beberapa,
D0421,persen,
D0421,Ini,
D0421,merupakan,
D0421,kebijakan,
D0421,kami,
D0421,untuk,
D0421,menjadikan,
D0421,atensi,
D0421,terhadap,
D0421,pelanggaranpelanggaran,
D0421,yang,
D0421,ada,
D0421,dan,
D0421,dapat,
D0421,kami,
D0421,tindak,
D0421,sesuai,
D0421,ketentuan,
D0421,yang,
D0421,berlaku,
D0421,jelas,
D0421,Sormin,
D0421,Dia,
D0421,mengatakan,
D0421,dari,
D0421,belasan,
D0421,polisi,
D0421,yang,
D0421,melanggar,
D0421,kode,
D0421,etik,
D0421,paling,
D0421,dominan,
D0421,adalah,
D0421,kasus,
D0421,asusila,
D0421,yaitu,
D0421,sebanyak,
D0421,empat,
D0421,kasus,
D0421,Kemudian,
D0421,disusul,
D0421,oleh,
D0421,kasus,
D0421,calo,
D0421,calon,
D0421,siswa,
D0421,casis,
D0421,anggota,
D0421,Polri,
D0421,desersi,
D0421,dan,
D0421,hamil,
D0421,di,
D0421,luar,
D0421,nikah,
D0421,Ini,
D0421,yang,
D0421,kami,
D0421,proses,
D0421,PTDH,
D0421,Kalau,
D0421,untuk,
D0421,kasus,
D0421,disiplin,
D0421,paling,
D0421,banyak,
D0421,terjadi,
D0421,itu,
D0421,menghindari,
D0421,tanggung,
D0421,jawab,
D0421,di,
D0421,luar,
D0421,Ini,
D0421,yang,
D0421,mayoritas,
D0421,ada,
D0421,32,
D0421,kasus,
D0421,dari,
D0421,149,
D0421,kasus,
D0421,pelanggaran,
D0421,disiplin,
D0421,pungkas,
D0421,Sormin,
D0422,Seorang,
D0422,suami,
D0422,di,
D0422,Musi,
D0422,Rawas,
D0422,Utara,
D0422,Muratara,
D0422,Sumatera,
D0422,Selatan,
D0422,Sumsel,
D0422,berinisial,
D0422,RS,
D0422,33,
D0422,tega,
D0422,menikam,
D0422,istrinya,
D0422,TD,
D0422,26,
D0422,gegara,
D0422,dimarahi,
D0422,kerap,
D0422,main,
D0422,judi,
D0422,online,
D0422,Pelaku,
D0422,diketahui,
D0422,sering,
D0422,menghabiskan,
D0422,uang,
D0422,untuk,
D0422,judi,
D0422,slot,
D0422,Penikaman,
D0422,itu,
D0422,terjadi,
D0422,di,
D0422,rumah,
D0422,korban,
D0422,di,
D0422,Desa,
D0422,Maur,
D0422,Baru,
D0422,Kecamatan,
D0422,Rupit,
D0422,Muratara,
D0422,Sumsel,
D0422,Minggu,
D0422,2212,
D0422,sekitar,
D0422,pukul,
D0422,1000,
D0422,WIB,
D0422,Kasat,
D0422,Reskrim,
D0422,Polres,
D0422,Muratara,
D0422,AKP,
D0422,Sofian,
D0422,Hadi,
D0422,menjelaskan,
D0422,kronologi,
D0422,kejadian,
D0422,tersebut,
D0422,Ia,
D0422,mengatakan,
D0422,awalnya,
D0422,korban,
D0422,sedang,
D0422,memasak,
D0422,di,
D0422,dapur,
D0422,kemudian,
D0422,tersangka,
D0422,datang,
D0422,dan,
D0422,mau,
D0422,meminjam,
D0422,uang,
D0422,korba,
D0422,Namun,
D0422,korban,
D0422,menolak,
D0422,SCROLL,
D0422,TO,
D0422,CONTINUE,
D0422,WITH,
D0422,CONTENT,
D0422,Akan,
D0422,tetapi,
D0422,korban,
D0422,tidak,
D0422,mau,
D0422,memberi,
D0422,uang,
D0422,dikarenakan,
D0422,tersangka,
D0422,suka,
D0422,menghabiskan,
D0422,uang,
D0422,untuk,
D0422,bermain,
D0422,judi,
D0422,online,
D0422,jenis,
D0422,slot,
D0422,katanya,
D0422,dilansir,
D0422,detikSumbagsel,
D0422,Senin,
D0422,23122024,
D0422,Sempat,
D0422,terjadi,
D0422,cekcok,
D0422,antara,
D0422,pelaku,
D0422,dan,
D0422,korban,
D0422,hingga,
D0422,korban,
D0422,mengancam,
D0422,untuk,
D0422,keluar,
D0422,dari,
D0422,rumah,
D0422,Mendengar,
D0422,ucapan,
D0422,korban,
D0422,tersebut,
D0422,pelaku,
D0422,langsung,
D0422,mengambil,
D0422,pisau,
D0422,yang,
D0422,berada,
D0422,di,
D0422,dalam,
D0422,lemari,
D0422,kemudian,
D0422,dan,
D0422,duduk,
D0422,di,
D0422,ruang,
D0422,tamu,
D0422,dimana,
D0422,saat,
D0422,itu,
D0422,korban,
D0422,masih,
D0422,memarahi,
D0422,tersangka,
D0422,ungkapnya,
D0422,Pelaku,
D0422,menusuk,
D0422,korban,
D0422,satu,
D0422,kali,
D0422,di,
D0422,bagian,
D0422,pinggang,
D0422,hingga,
D0422,pisau,
D0422,yang,
D0422,dipakai,
D0422,menancap,
D0422,di,
D0422,tubuh,
D0422,korban,
D0422,Usai,
D0422,menusuk,
D0422,istrinya,
D0422,pelaku,
D0422,kabur,
D0422,Setelah,
D0422,korban,
D0422,ditusuk,
D0422,tersangka,
D0422,pun,
D0422,lari,
D0422,ke,
D0422,rumah,
D0422,temannya,
D0422,yang,
D0422,terletak,
D0422,di,
D0422,Desa,
D0422,Bingin,
D0422,Rupit,
D0422,yang,
D0422,kemudian,
D0422,tersangka,
D0422,dibawa,
D0422,ke,
D0422,rumah,
D0422,Kadus,
D0422,Kepala,
D0422,Dusun,
D0422,Desa,
D0422,Bingin,
D0422,Rupit,
D0422,untuk,
D0422,mengamankan,
D0422,diri,
D0422,jelasnya,
D0422,Tersangka,
D0422,kemudian,
D0422,diamankan,
D0422,Unit,
D0422,Satreskrim,
D0422,Polres,
D0422,Muratara,
D0422,dan,
D0422,anggota,
D0422,Polsek,
D0422,Rupid,
D0422,di,
D0422,kediaman,
D0422,kepala,
D0422,dusun,
D0422,tersebut,
D0422,sekitar,
D0422,pukul,
D0422,1200,
D0422,WIB,
D0422,Tersangka,
D0422,langsung,
D0422,dibawa,
D0422,ke,
D0422,Mapolres,
D0422,Muratara,
D0422,untuk,
D0422,penyidikan,
D0422,lebih,
D0422,lanjut,
D0422,Sementara,
D0422,korban,
D0422,dirawat,
D0422,di,
D0422,RS,
D0422,Saat,
D0422,ini,
D0422,korban,
D0422,di,
D0422,rujuk,
D0422,ke,
D0422,rumah,
D0422,sakit,
D0422,AR,
D0422,Bunda,
D0422,Kota,
D0422,Lubuklinggau,
D0422,untuk,
D0422,penanganan,
D0422,lebih,
D0422,lanjut,
D0422,Sedangkan,
D0422,tersangka,
D0422,sudah,
D0422,diamankan,
D0422,ujarnya,
D0422,Terungkap,
D0422,juga,
D0422,pelaku,
D0422,merupakan,
D0422,residivis,
D0422,kasus,
D0422,pencurian,
D0422,dengan,
D0422,kekerasan,
D0423,Pasangan,
D0423,suami,
D0423,istri,
D0423,pasutri,
D0423,bernama,
D0423,Eben,
D0423,Ezer,
D0423,Sinaga,
D0423,21,
D0423,dan,
D0423,Siska,
D0423,Damai,
D0423,Yanti,
D0423,Pasaribu,
D0423,20,
D0423,di,
D0423,Dairi,
D0423,Sumatera,
D0423,Utara,
D0423,Sumut,
D0423,tega,
D0423,menghilangkan,
D0423,nyawa,
D0423,Roida,
D0423,Sagala,
D0423,52,
D0423,Usai,
D0423,membunuh,
D0423,para,
D0423,pelaku,
D0423,menggasak,
D0423,barang,
D0423,berharga,
D0423,korban,
D0423,untuk,
D0423,dijual,
D0423,Kemudian,
D0423,uang,
D0423,hasil,
D0423,penjualan,
D0423,tersebut,
D0423,digunakan,
D0423,untuk,
D0423,membeli,
D0423,sabu,
D0423,Kapolres,
D0423,Dairi,
D0423,AKBP,
D0423,Agus,
D0423,Bahari,
D0423,Parama,
D0423,Artha,
D0423,mengatakan,
D0423,kejadian,
D0423,itu,
D0423,berawal,
D0423,pada,
D0423,Kamis,
D0423,512,
D0423,sekira,
D0423,pukul,
D0423,2200,
D0423,WIB,
D0423,Saat,
D0423,itu,
D0423,pelaku,
D0423,Eben,
D0423,datang,
D0423,ke,
D0423,rumah,
D0423,orang,
D0423,tuanya,
D0423,yang,
D0423,berjarak,
D0423,25,
D0423,meter,
D0423,dari,
D0423,rumah,
D0423,korban,
D0423,di,
D0423,Desa,
D0423,Silumboyah,
D0423,Kecamatan,
D0423,Siempat,
D0423,Nempu,
D0423,Hulu,
D0423,Ketika,
D0423,pelaku,
D0423,sedang,
D0423,berada,
D0423,di,
D0423,rumah,
D0423,orang,
D0423,tuanya,
D0423,yang,
D0423,berjarak,
D0423,25,
D0423,meter,
D0423,dari,
D0423,rumah,
D0423,korban,
D0423,timbul,
D0423,niatnya,
D0423,untuk,
D0423,mencuri,
D0423,cincin,
D0423,emas,
D0423,korban,
D0423,yang,
D0423,mana,
D0423,sebelumnya,
D0423,dia,
D0423,pernah,
D0423,melihat,
D0423,cincin,
D0423,emas,
D0423,dipakai,
D0423,oleh,
D0423,korban,
D0423,kata,
D0423,Agus,
D0423,Kamis,
D0423,1912,
D0423,SCROLL,
D0423,TO,
D0423,CONTINUE,
D0423,WITH,
D0423,CONTENT,
D0423,Kemudian,
D0423,sekitar,
D0423,pukul,
D0423,2300,
D0423,WIB,
D0423,pelaku,
D0423,Eben,
D0423,pergi,
D0423,mengambil,
D0423,selang,
D0423,timbangan,
D0423,air,
D0423,di,
D0423,ruang,
D0423,tengah,
D0423,rumah,
D0423,orang,
D0423,tuanya,
D0423,Lalu,
D0423,dia,
D0423,membakar,
D0423,selang,
D0423,itu,
D0423,menjadi,
D0423,dua,
D0423,bagian,
D0423,Satu,
D0423,bagiannya,
D0423,kata,
D0423,Agus,
D0423,dimasukkan,
D0423,pelaku,
D0423,ke,
D0423,dalam,
D0423,kantong,
D0423,celananya,
D0423,sedangkan,
D0423,sisanya,
D0423,diletakan,
D0423,di,
D0423,dalam,
D0423,ember,
D0423,tempat,
D0423,perkakas,
D0423,Setelah,
D0423,itu,
D0423,pada,
D0423,pukul,
D0423,2330,
D0423,WIB,
D0423,Eben,
D0423,pergi,
D0423,menuju,
D0423,rumah,
D0423,korban,
D0423,dengan,
D0423,berjalan,
D0423,kaki,
D0423,Setibanya,
D0423,di,
D0423,rumah,
D0423,korban,
D0423,Eben,
D0423,menyelinap,
D0423,masuk,
D0423,melalui,
D0423,jendela,
D0423,yang,
D0423,kebetulan,
D0423,tidak,
D0423,terkunci,
D0423,Usai,
D0423,masuk,
D0423,pelaku,
D0423,melihat,
D0423,korban,
D0423,sedang,
D0423,tidur,
D0423,di,
D0423,kasur,
D0423,yang,
D0423,berada,
D0423,di,
D0423,ruang,
D0423,tengah,
D0423,rumah,
D0423,tersebut,
D0423,Lalu,
D0423,pelaku,
D0423,langsung,
D0423,mengambil,
D0423,kain,
D0423,lap,
D0423,yang,
D0423,tergeletak,
D0423,di,
D0423,lantai,
D0423,dan,
D0423,langsung,
D0423,membekap,
D0423,hidung,
D0423,dan,
D0423,mulut,
D0423,korban,
D0423,Pelaku,
D0423,menutup,
D0423,hidung,
D0423,dan,
D0423,mulut,
D0423,korban,
D0423,menggunakan,
D0423,kain,
D0423,lap,
D0423,tersebut,
D0423,serta,
D0423,menekan,
D0423,menggunakan,
D0423,kedua,
D0423,tangannya,
D0423,selama,
D0423,10,
D0423,menit,
D0423,sampai,
D0423,korban,
D0423,lemas,
D0423,dan,
D0423,tidak,
D0423,bergerak,
D0423,lagi,
D0423,ujarnya,
D0423,Kemudian,
D0423,pelaku,
D0423,mengeluarkan,
D0423,selang,
D0423,yang,
D0423,sudah,
D0423,dibawanya,
D0423,dan,
D0423,langsung,
D0423,mengikat,
D0423,tangan,
D0423,korban,
D0423,Lalu,
D0423,pelaku,
D0423,mengambil,
D0423,kabel,
D0423,hp,
D0423,yang,
D0423,terletak,
D0423,di,
D0423,meja,
D0423,dan,
D0423,mengikatkannya,
D0423,ke,
D0423,kedua,
D0423,kaki,
D0423,korban,
D0423,Selanjutnya,
D0423,pelaku,
D0423,mengambil,
D0423,cincin,
D0423,emas,
D0423,dari,
D0423,jari,
D0423,tangan,
D0423,korban,
D0423,kalung,
D0423,emas,
D0423,dari,
D0423,leher,
D0423,korban,
D0423,serta,
D0423,mengambil,
D0423,handphone,
D0423,yang,
D0423,terletak,
D0423,disamping,
D0423,kanan,
D0423,korban,
D0423,Kemudian,
D0423,pelaku,
D0423,menyimpan,
D0423,cincin,
D0423,dan,
D0423,kalung,
D0423,emas,
D0423,ke,
D0423,dalam,
D0423,kantong,
D0423,celana,
D0423,kata,
D0423,Agus,
D0423,Setelah,
D0423,membunuh,
D0423,dan,
D0423,merampok,
D0423,korban,
D0423,pelaku,
D0423,keluar,
D0423,dari,
D0423,dalam,
D0423,rumah,
D0423,tersebut,
D0423,melalui,
D0423,jendela,
D0423,tempat,
D0423,pelaku,
D0423,masuk,
D0423,ke,
D0423,dalam,
D0423,rumah,
D0423,Selanjutnya,
D0423,pelaku,
D0423,berjalan,
D0423,kurang,
D0423,lebih,
D0423,50,
D0423,meter,
D0423,untuk,
D0423,meminjam,
D0423,angkot,
D0423,Pada,
D0423,Jumat,
D0423,612,
D0423,sekira,
D0423,pukul,
D0423,0030,
D0423,WIB,
D0423,pelaku,
D0423,pergi,
D0423,menjemput,
D0423,istrinya,
D0423,yang,
D0423,berada,
D0423,di,
D0423,Desa,
D0423,Bintang,
D0423,Merasa,
D0423,dengan,
D0423,menggunakan,
D0423,angkot,
D0423,yang,
D0423,dipinjamnya,
D0423,terserah,
D0423,Sejak,
D0423,kejadian,
D0423,itu,
D0423,pelaku,
D0423,dan,
D0423,istrinya,
D0423,mengekos,
D0423,di,
D0423,Simpang,
D0423,Salak,
D0423,Kecamatan,
D0423,Sidikalang,
D0423,Pelaku,
D0423,Eben,
D0423,menyuruh,
D0423,istrinya,
D0423,untuk,
D0423,menggadaikan,
D0423,handphone,
D0423,korban,
D0423,sebesar,
D0423,Rp,
D0423,550,
D0423,ribu,
D0423,serta,
D0423,menjual,
D0423,cincin,
D0423,dan,
D0423,kalung,
D0423,korban,
D0423,sebesar,
D0423,Rp,
D0423,55,
D0423,juta,
D0423,Pada,
D0423,Sabtu,
D0423,1412,
D0423,kedua,
D0423,pelaku,
D0423,pun,
D0423,ditangkap,
D0423,Mereka,
D0423,diringkus,
D0423,di,
D0423,Jalan,
D0423,Batang,
D0423,Beruh,
D0423,Kecamatan,
D0423,Sidikalang,
D0423,Pada,
D0423,pukul,
D0423,2130,
D0423,WIB,
D0423,dilakukan,
D0423,penangkapan,
D0423,kepada,
D0423,ES,
D0423,Eben,
D0423,di,
D0423,Jalan,
D0423,Batang,
D0423,Beruh,
D0423,atau,
D0423,Simpang,
D0423,Salak,
D0423,saat,
D0423,sedang,
D0423,berjalan,
D0423,menuju,
D0423,konter,
D0423,hp,
D0423,Selanjutnya,
D0423,juga,
D0423,dilakukan,
D0423,penangkapan,
D0423,terhadap,
D0423,pelaku,
D0423,SP,
D0423,Siska,
D0423,yang,
D0423,merupakan,
D0423,istri,
D0423,pelaku,
D0423,di,
D0423,rumah,
D0423,kos,
D0423,Simpang,
D0423,Salak,
D0423,kata,
D0423,Agus,
D0423,Kamis,
D0423,1912,
D0423,Setelah,
D0423,ditangkap,
D0423,para,
D0423,pelaku,
D0423,diboyong,
D0423,ke,
D0423,Polres,
D0423,Dairi,
D0423,untuk,
D0423,proses,
D0423,pemeriksaan,
D0423,lebih,
D0423,lanjut,
D0423,Agus,
D0423,menyebut,
D0423,barang,
D0423,berharga,
D0423,korban,
D0423,yang,
D0423,diambil,
D0423,oleh,
D0423,pelaku,
D0423,dijual,
D0423,untuk,
D0423,membeli,
D0423,beberapa,
D0423,hal,
D0423,salah,
D0423,satunya,
D0423,sabusabu,
D0423,Setelah,
D0423,mendapat,
D0423,uang,
D0423,dari,
D0423,hasil,
D0423,penjualan,
D0423,barang,
D0423,milik,
D0423,korban,
D0423,tersangka,
D0423,gunakan,
D0423,untuk,
D0423,membayar,
D0423,utang,
D0423,kos,
D0423,dan,
D0423,sisanya,
D0423,untuk,
D0423,membeli,
D0423,narkotika,
D0423,jenis,
D0423,sabu,
D0423,kata,
D0423,Agus,
D0423,Jumat,
D0423,2012,
D0423,Agus,
D0423,mengatakan,
D0423,kedua,
D0423,pelaku,
D0423,juga,
D0423,mengonsumsi,
D0423,narkoba,
D0423,Dari,
D0423,hasil,
D0423,tes,
D0423,urine,
D0423,yang,
D0423,dilakukan,
D0423,petugas,
D0423,kepolisian,
D0423,keduanya,
D0423,positif,
D0423,sabusabu,
D0423,Kedua,
D0423,tersangka,
D0423,ini,
D0423,juga,
D0423,turut,
D0423,mengkonsumsi,
D0423,sabu,
D0423,Hasil,
D0423,dari,
D0423,tes,
D0423,urine,
D0423,terbukti,
D0423,positif,
D0423,jelasnya,
D0423,Saat,
D0423,ini,
D0423,keduanya,
D0423,telah,
D0423,ditetapkan,
D0423,menjadi,
D0423,tersangka,
D0423,dan,
D0423,ditahan,
D0424,Berbagai,
D0424,kasus,
D0424,pembunuhan,
D0424,diungkap,
D0424,oleh,
D0424,pihak,
D0424,kepolisian,
D0424,dalam,
D0424,sepekan,
D0424,terakhir,
D0424,ini,
D0424,Pembunuh,
D0424,ini,
D0424,membuat,
D0424,heboh,
D0424,masyarakat,
D0424,Ada,
D0424,yang,
D0424,diperkosa,
D0424,lalu,
D0424,dimasukkan,
D0424,ke,
D0424,dalam,
D0424,karung,
D0424,ada,
D0424,juga,
D0424,yang,
D0424,ditemukan,
D0424,dengan,
D0424,pisau,
D0424,masih,
D0424,tertancap,
D0424,di,
D0424,perutnya,
D0424,Berikut,
D0424,detikSumut,
D0424,rangkum,
D0424,tiga,
D0424,kasus,
D0424,pembunuhan,
D0424,sadis,
D0424,yang,
D0424,terungkap,
D0424,dalam,
D0424,sepekan,
D0424,ini,
D0424,SCROLL,
D0424,TO,
D0424,CONTINUE,
D0424,WITH,
D0424,CONTENT,
D0424,Seorang,
D0424,pelajar,
D0424,SMP,
D0424,inisial,
D0424,AS,
D0424,12,
D0424,ditemukan,
D0424,tewas,
D0424,dalam,
D0424,karung,
D0424,di,
D0424,Kabupaten,
D0424,Serdang,
D0424,Bedagai,
D0424,Sergai,
D0424,Sumatera,
D0424,Utara,
D0424,Sumut,
D0424,Korban,
D0424,ternyata,
D0424,diperkosa,
D0424,dan,
D0424,dibunuh,
D0424,oleh,
D0424,pria,
D0424,bernama,
D0424,Heri,
D0424,Fadli,
D0424,Nasution,
D0424,27,
D0424,Kapolsek,
D0424,Pantai,
D0424,Cermin,
D0424,AKP,
D0424,Herwin,
D0424,mengatakan,
D0424,bahwa,
D0424,keluarga,
D0424,korban,
D0424,mendatangi,
D0424,Polsek,
D0424,pada,
D0424,Jumat,
D0424,Pihak,
D0424,keluarga,
D0424,melaporkan,
D0424,bahwa,
D0424,korban,
D0424,sudah,
D0424,tidak,
D0424,pulang,
D0424,sejak,
D0424,Kamis,
D0424,1212,
D0424,Pada,
D0424,Jumat,
D0424,sekira,
D0424,pukul,
D0424,1100,
D0424,WIB,
D0424,orang,
D0424,tua,
D0424,korban,
D0424,membuat,
D0424,laporan,
D0424,ke,
D0424,Polsek,
D0424,Pantai,
D0424,Cermin,
D0424,mengenai,
D0424,anaknya,
D0424,yang,
D0424,tidak,
D0424,kembali,
D0424,ke,
D0424,rumah,
D0424,setelah,
D0424,dua,
D0424,hari,
D0424,lamanya,
D0424,kata,
D0424,Herwin,
D0424,Sabtu,
D0424,1412,
D0424,Lalu,
D0424,pada,
D0424,Jumat,
D0424,1312,
D0424,sore,
D0424,korban,
D0424,ditemukan,
D0424,tewas,
D0424,terbungkus,
D0424,karung,
D0424,di,
D0424,perkebunan,
D0424,sawit,
D0424,warga,
D0424,di,
D0424,Dusun,
D0424,3,
D0424,Desa,
D0424,Lubuk,
D0424,Saban,
D0424,Kecamatan,
D0424,Pantai,
D0424,Cermin,
D0424,Ditemukan,
D0424,bekas,
D0424,memar,
D0424,di,
D0424,leher,
D0424,korban,
D0424,Petugas,
D0424,kepolisian,
D0424,pun,
D0424,mencari,
D0424,pelaku,
D0424,dan,
D0424,menangkap,
D0424,pelaku,
D0424,di,
D0424,Dusun,
D0424,I,
D0424,Desa,
D0424,Pematang,
D0424,Tatal,
D0424,Kecamatan,
D0424,Perbaungan,
D0424,Minggu,
D0424,1512,
D0424,malam,
D0424,Kasat,
D0424,Reskrim,
D0424,Polres,
D0424,Sergai,
D0424,AKP,
D0424,Donny,
D0424,P,
D0424,Simatupang,
D0424,menyebut,
D0424,pembunuhan,
D0424,terjadi,
D0424,usai,
D0424,korban,
D0424,mengantarkan,
D0424,temannya,
D0424,pulang,
D0424,sekolah,
D0424,pada,
D0424,Kamis,
D0424,1212,
D0424,Saat,
D0424,tengah,
D0424,mengantarkan,
D0424,temannya,
D0424,itu,
D0424,pelaku,
D0424,melihat,
D0424,korban,
D0424,melintas,
D0424,Kemudian,
D0424,muncul,
D0424,lah,
D0424,niat,
D0424,pelaku,
D0424,untuk,
D0424,merampas,
D0424,sepeda,
D0424,motor,
D0424,korban,
D0424,Alhasil,
D0424,saat,
D0424,korban,
D0424,melintas,
D0424,pelaku,
D0424,menghalangi,
D0424,jalan,
D0424,korban,
D0424,menggunakan,
D0424,bambu,
D0424,yang,
D0424,telah,
D0424,dipersiapkannya,
D0424,Setelah,
D0424,korban,
D0424,berhenti,
D0424,pelaku,
D0424,mendorong,
D0424,korban,
D0424,hingga,
D0424,terjatuh,
D0424,Lalu,
D0424,pelaku,
D0424,memiting,
D0424,korban,
D0424,dan,
D0424,menyeretnya,
D0424,ke,
D0424,salah,
D0424,satu,
D0424,rumah,
D0424,kosong,
D0424,Korban,
D0424,sempat,
D0424,mengalami,
D0424,pingsan,
D0424,saat,
D0424,itu,
D0424,Diseretnya,
D0424,ke,
D0424,belakang,
D0424,rumah,
D0424,kosong,
D0424,pingsan,
D0424,lah,
D0424,si,
D0424,korban,
D0424,ujar,
D0424,Donny,
D0424,Senin,
D0424,1612,
D0424,Saat,
D0424,korban,
D0424,pingsan,
D0424,timbul,
D0424,niat,
D0424,pelaku,
D0424,untuk,
D0424,memperkosa,
D0424,korban,
D0424,Alhasil,
D0424,pelaku,
D0424,memperkosa,
D0424,korban,
D0424,Tak,
D0424,lama,
D0424,korban,
D0424,terbangun,
D0424,dan,
D0424,membuat,
D0424,pelaku,
D0424,panik,
D0424,Alhasil,
D0424,pelaku,
D0424,mengambil,
D0424,kain,
D0424,dan,
D0424,menjerat,
D0424,leher,
D0424,korban,
D0424,hingga,
D0424,tewas,
D0424,Selain,
D0424,membunuh,
D0424,korban,
D0424,pelaku,
D0424,juga,
D0424,mengambil,
D0424,motor,
D0424,korban,
D0424,dan,
D0424,menggadaikannya,
D0424,sebesar,
D0424,Rp,
D0424,500,
D0424,ribu,
D0424,Dari,
D0424,hasil,
D0424,tes,
D0424,urine,
D0424,pelaku,
D0424,juga,
D0424,positif,
D0424,menggunakan,
D0424,sabusabu,
D0424,Penemuan,
D0424,jasad,
D0424,seorang,
D0424,wanita,
D0424,di,
D0424,perkebunan,
D0424,sawit,
D0424,di,
D0424,Kabupaten,
D0424,Deli,
D0424,Serdang,
D0424,beberapa,
D0424,waktu,
D0424,lalu,
D0424,menghebohkan,
D0424,masyarakat,
D0424,Saat,
D0424,ditemukan,
D0424,perut,
D0424,korban,
D0424,masih,
D0424,tertancap,
D0424,pisau,
D0424,Kapolsek,
D0424,Medan,
D0424,Tembung,
D0424,Kompol,
D0424,Jhonson,
D0424,Sitompul,
D0424,mengatakan,
D0424,mayat,
D0424,tersebut,
D0424,ditemukan,
D0424,di,
D0424,Jalan,
D0424,Jati,
D0424,Rejo,
D0424,Desa,
D0424,Sampali,
D0424,Kecamatan,
D0424,Percut,
D0424,Sei,
D0424,Tuan,
D0424,Kamis,
D0424,1212,
D0424,Mayat,
D0424,tersebut,
D0424,ditemukan,
D0424,sekira,
D0424,pukul,
D0424,0700,
D0424,WIB,
D0424,Polisi,
D0424,pun,
D0424,menyelidiki,
D0424,kasus,
D0424,tersebut,
D0424,hingga,
D0424,akhirnya,
D0424,menangkap,
D0424,pelaku,
D0424,Haryanto,
D0424,Turnip,
D0424,59,
D0424,Pelaku,
D0424,ditangkap,
D0424,saat,
D0424,melarikan,
D0424,diri,
D0424,ke,
D0424,Provinsi,
D0424,Riau,
D0424,Senin,
D0424,1612,
D0424,Baca,
D0424,Selengkapnya,
D0424,di,
D0424,Halaman,
D0424,Selanjutnya,
D0424,Kapolrestabes,
D0424,Medan,
D0424,Kombes,
D0424,Gidion,
D0424,Arif,
D0424,Setyawan,
D0424,menyebut,
D0424,pelaku,
D0424,terlebih,
D0424,dahulu,
D0424,menganiaya,
D0424,korban,
D0424,sebelum,
D0424,menusuknya,
D0424,Bahkan,
D0424,pelaku,
D0424,sempat,
D0424,menginjak,
D0424,korban,
D0424,hingga,
D0424,tulangnya,
D0424,patah,
D0424,Dianiaya,
D0424,dulu,
D0424,dicekik,
D0424,dipukul,
D0424,diinjak,
D0424,hingga,
D0424,patah,
D0424,tulang,
D0424,rusuknya,
D0424,lalu,
D0424,ditikam,
D0424,jelasnya,
D0424,saat,
D0424,konferensi,
D0424,pers,
D0424,Selasa,
D0424,1712,
D0424,Perwira,
D0424,menengah,
D0424,Polri,
D0424,itu,
D0424,menyebut,
D0424,ada,
D0424,kedekatan,
D0424,antara,
D0424,korban,
D0424,dan,
D0424,pelaku,
D0424,Namun,
D0424,Gidion,
D0424,enggan,
D0424,memerinci,
D0424,hubungan,
D0424,keduanya,
D0424,Sebelum,
D0424,membunuh,
D0424,korban,
D0424,kata,
D0424,Gidion,
D0424,keduanya,
D0424,sudah,
D0424,sempat,
D0424,makan,
D0424,di,
D0424,salah,
D0424,satu,
D0424,tempat,
D0424,pada,
D0424,Selasa,
D0424,1012,
D0424,Pada,
D0424,saat,
D0424,itu,
D0424,bertepatan,
D0424,dengan,
D0424,ulang,
D0424,tahun,
D0424,pelaku,
D0424,Setelah,
D0424,makan,
D0424,keduanya,
D0424,pergi,
D0424,ke,
D0424,kebun,
D0424,sawit,
D0424,tempat,
D0424,penemuan,
D0424,jasad,
D0424,korban,
D0424,dengan,
D0424,mengendarai,
D0424,sepeda,
D0424,motor,
D0424,Di,
D0424,situlah,
D0424,pelaku,
D0424,menghabisi,
D0424,nyawa,
D0424,korban,
D0424,dengan,
D0424,menganiaya,
D0424,dan,
D0424,menikamnya,
D0424,di,
D0424,bagian,
D0424,ulu,
D0424,hati,
D0424,Mantan,
D0424,Kapolres,
D0424,Jakarta,
D0424,Utara,
D0424,itu,
D0424,menyebut,
D0424,korban,
D0424,dan,
D0424,pelaku,
D0424,sempat,
D0424,terlibat,
D0424,cekcok,
D0424,Namun,
D0424,Gidion,
D0424,enggan,
D0424,memerinci,
D0424,penyebab,
D0424,keduanya,
D0424,cekcok,
D0424,Selain,
D0424,itu,
D0424,Gidion,
D0424,juga,
D0424,belum,
D0424,menjelaskan,
D0424,motif,
D0424,pembunuhan,
D0424,tersebut,
D0424,Namun,
D0424,kata,
D0424,Gidion,
D0424,pelaku,
D0424,sempat,
D0424,mengambil,
D0424,handphone,
D0424,korban,
D0424,setelah,
D0424,membunuhnya,
D0424,Motif,
D0424,ini,
D0424,sangat,
D0424,subyektif,
D0424,itu,
D0424,kita,
D0424,lakukan,
D0424,pendalaman,
D0424,dengan,
D0424,penyidikan,
D0424,lebih,
D0424,lanjut,
D0424,tapi,
D0424,sulit,
D0424,mematahkan,
D0424,bahwa,
D0424,ada,
D0424,motif,
D0424,kekerasan,
D0424,dan,
D0424,menguasai,
D0424,barang,
D0424,milik,
D0424,orang,
D0424,lain,
D0424,Motif,
D0424,tersebut,
D0424,tidak,
D0424,logis,
D0424,untuk,
D0424,dijadikan,
D0424,alasan,
D0424,untuk,
D0424,menghilangkan,
D0424,nyawa,
D0424,korban,
D0424,kata,
D0424,Gidion,
D0424,Seorang,
D0424,wanita,
D0424,bernama,
D0424,Roida,
D0424,Sagala,
D0424,52,
D0424,ditemukan,
D0424,tewas,
D0424,di,
D0424,rumahnya,
D0424,di,
D0424,Dusun,
D0424,Barisan,
D0424,Tigor,
D0424,Desa,
D0424,Silumboyah,
D0424,Kecamatan,
D0424,Siempat,
D0424,Nempu,
D0424,Hulu,
D0424,Jumat,
D0424,612,
D0424,siang,
D0424,Pihak,
D0424,kepolisian,
D0424,menangkap,
D0424,pasangan,
D0424,suami,
D0424,istri,
D0424,pasutri,
D0424,atas,
D0424,kasus,
D0424,itu,
D0424,Pasutri,
D0424,itu,
D0424,ditangkap,
D0424,di,
D0424,Jalan,
D0424,Batang,
D0424,Beruh,
D0424,Kecamatan,
D0424,Sidikalang,
D0424,Sabtu,
D0424,1412,
D0424,Keduanya,
D0424,yakni,
D0424,Eben,
D0424,Ezer,
D0424,Sinaga,
D0424,21,
D0424,dan,
D0424,istrinya,
D0424,Siska,
D0424,Damai,
D0424,Yanti,
D0424,Pasaribu,
D0424,20,
D0424,Kapolres,
D0424,Dairi,
D0424,AKBP,
D0424,Agus,
D0424,Bahari,
D0424,mengatakan,
D0424,kejadian,
D0424,itu,
D0424,berawal,
D0424,pada,
D0424,Kamis,
D0424,512,
D0424,sekira,
D0424,pukul,
D0424,2200,
D0424,WIB,
D0424,Saat,
D0424,itu,
D0424,pelaku,
D0424,Eben,
D0424,datang,
D0424,ke,
D0424,rumah,
D0424,orang,
D0424,tuanya,
D0424,yang,
D0424,berjarak,
D0424,25,
D0424,meter,
D0424,dari,
D0424,rumah,
D0424,korban,
D0424,Ketika,
D0424,pelaku,
D0424,sedang,
D0424,berada,
D0424,dirumah,
D0424,orang,
D0424,tuanya,
D0424,yang,
D0424,berjarak,
D0424,25,
D0424,meter,
D0424,dari,
D0424,rumah,
D0424,korban,
D0424,timbul,
D0424,niatnya,
D0424,untuk,
D0424,mencuri,
D0424,cincin,
D0424,emas,
D0424,korban,
D0424,yang,
D0424,mana,
D0424,sebelumnya,
D0424,dia,
D0424,pernah,
D0424,melihat,
D0424,cincin,
D0424,emas,
D0424,dipakai,
D0424,oleh,
D0424,korban,
D0424,kata,
D0424,Agus,
D0424,Kamis,
D0424,1912,
D0424,Kemudian,
D0424,sekira,
D0424,pukul,
D0424,2300,
D0424,WIB,
D0424,pelaku,
D0424,Eben,
D0424,pergi,
D0424,mengambil,
D0424,selang,
D0424,timbangan,
D0424,air,
D0424,di,
D0424,ruang,
D0424,tengah,
D0424,rumah,
D0424,orang,
D0424,tuanya,
D0424,Lalu,
D0424,dia,
D0424,membakar,
D0424,selang,
D0424,itu,
D0424,menjadi,
D0424,dua,
D0424,bagian,
D0424,Satu,
D0424,bagiannya,
D0424,kata,
D0424,Agus,
D0424,dimasukkan,
D0424,pelaku,
D0424,ke,
D0424,dalam,
D0424,kantong,
D0424,celananya,
D0424,sedangkan,
D0424,sisanya,
D0424,diletakkan,
D0424,di,
D0424,dalam,
D0424,ember,
D0424,tempat,
D0424,perkakas,
D0424,Setelah,
D0424,itu,
D0424,pada,
D0424,pukul,
D0424,2330,
D0424,WIB,
D0424,Eben,
D0424,pergi,
D0424,menuju,
D0424,rumah,
D0424,korban,
D0424,dengan,
D0424,berjalan,
D0424,kaki,
D0424,Setibanya,
D0424,di,
D0424,rumah,
D0424,korban,
D0424,pelaku,
D0424,menyelinap,
D0424,masuk,
D0424,melalui,
D0424,jendela,
D0424,yang,
D0424,kebetulan,
D0424,tidak,
D0424,terkunci,
D0424,Usai,
D0424,masuk,
D0424,pelaku,
D0424,melihat,
D0424,korban,
D0424,sedang,
D0424,tidur,
D0424,di,
D0424,kasur,
D0424,yang,
D0424,berada,
D0424,di,
D0424,ruang,
D0424,tengah,
D0424,rumah,
D0424,tersebut,
D0424,Lalu,
D0424,pelaku,
D0424,langsung,
D0424,mengambil,
D0424,kain,
D0424,lap,
D0424,yang,
D0424,tergeletak,
D0424,di,
D0424,lantai,
D0424,dan,
D0424,langsung,
D0424,membekap,
D0424,hidung,
D0424,dan,
D0424,mulut,
D0424,korban,
D0424,hingga,
D0424,tewas,
D0424,Kemudian,
D0424,pelaku,
D0424,mengeluarkan,
D0424,selang,
D0424,yang,
D0424,telah,
D0424,dibawanya,
D0424,dan,
D0424,langsung,
D0424,mengikat,
D0424,tangan,
D0424,korban,
D0424,Lalu,
D0424,pelaku,
D0424,mengambil,
D0424,kabel,
D0424,hp,
D0424,yang,
D0424,terletak,
D0424,di,
D0424,meja,
D0424,dan,
D0424,mengikatkannya,
D0424,ke,
D0424,kedua,
D0424,kaki,
D0424,korban,
D0424,Setelah,
D0424,itu,
D0424,pelaku,
D0424,mengambil,
D0424,hp,
D0424,cincin,
D0424,dan,
D0424,kalung,
D0424,emas,
D0424,korban,
D0424,Usai,
D0424,membunuh,
D0424,dan,
D0424,merampok,
D0424,korban,
D0424,pelaku,
D0424,keluar,
D0424,dari,
D0424,dalam,
D0424,rumah,
D0424,tersebut,
D0424,melalui,
D0424,jendela,
D0424,tempat,
D0424,pelaku,
D0424,masuk,
D0424,ke,
D0424,dalam,
D0424,rumah,
D0424,Selanjutnya,
D0424,pelaku,
D0424,berjalan,
D0424,kurang,
D0424,lebih,
D0424,50,
D0424,meter,
D0424,untuk,
D0424,meminjam,
D0424,angkot,
D0424,Pada,
D0424,Jumat,
D0424,612,
D0424,sekira,
D0424,pukul,
D0424,0030,
D0424,WIB,
D0424,pelaku,
D0424,pergi,
D0424,menjemput,
D0424,istrinya,
D0424,yang,
D0424,berada,
D0424,di,
D0424,Desa,
D0424,Bintang,
D0424,Merasa,
D0424,dengan,
D0424,menggunakan,
D0424,angkot,
D0424,yang,
D0424,dipinjamnya,
D0424,terserah,
D0424,Sejak,
D0424,kejadian,
D0424,itu,
D0424,pelaku,
D0424,dan,
D0424,istrinya,
D0424,mengekos,
D0424,di,
D0424,Simpang,
D0424,Salak,
D0424,Kecamatan,
D0424,Sidikalang,
D0424,Kemudian,
D0424,pelaku,
D0424,Eben,
D0424,menyuruh,
D0424,istrinya,
D0424,untuk,
D0424,menggadaikan,
D0424,handphone,
D0424,korban,
D0424,sebesar,
D0424,Rp,
D0424,550,
D0424,ribu,
D0424,serta,
D0424,menjual,
D0424,cincin,
D0424,dan,
D0424,kalung,
D0424,korban,
D0424,sebesar,
D0424,Rp,
D0424,55,
D0424,juta,
D0424,Uang,
D0424,curian,
D0424,itu,
D0424,digunakan,
D0424,para,
D0424,pelaku,
D0424,untuk,
D0424,membayar,
D0424,utang,
D0424,kos,
D0424,dan,
D0424,membeli,
D0424,narkoba,
D0424,Dari,
D0424,hasil,
D0424,tes,
D0424,urine,
D0424,keduanya,
D0424,juga,
D0424,positif,
D0424,sabusabu,
D0425,Tiga,
D0425,orang,
D0425,pria,
D0425,diduga,
D0425,menggunakan,
D0425,senjata,
D0425,merampok,
D0425,sebuah,
D0425,kios,
D0425,ponsel,
D0425,yang,
D0425,berlokasi,
D0425,di,
D0425,Aceh,
D0425,Tamiang,
D0425,Aceh,
D0425,Polisi,
D0425,masih,
D0425,menyelidiki,
D0425,kasus,
D0425,perampokan,
D0425,dengan,
D0425,kerugian,
D0425,Rp,
D0425,115,
D0425,ribu,
D0425,itu,
D0425,Dilihat,
D0425,detikSumut,
D0425,dari,
D0425,video,
D0425,beredar,
D0425,Jumat,
D0425,20122024,
D0425,awalnya,
D0425,terlihat,
D0425,seorang,
D0425,pekerja,
D0425,duduk,
D0425,di,
D0425,dalam,
D0425,kios,
D0425,sambil,
D0425,memegang,
D0425,ponsel,
D0425,Dua,
D0425,pria,
D0425,mengenakan,
D0425,sebo,
D0425,masuk,
D0425,dan,
D0425,menanyakan,
D0425,uang,
D0425,Salah,
D0425,satu,
D0425,pelaku,
D0425,diduga,
D0425,membawa,
D0425,senjata,
D0425,laras,
D0425,panjang,
D0425,Pria,
D0425,ketiga,
D0425,yang,
D0425,juga,
D0425,mengenakan,
D0425,penutup,
D0425,wajah,
D0425,masuk,
D0425,ke,
D0425,dalam,
D0425,sambil,
D0425,memegang,
D0425,pistol,
D0425,Pria,
D0425,tersebut,
D0425,sempat,
D0425,mengetuk,
D0425,kepala,
D0425,korban,
D0425,menggunakan,
D0425,senjata,
D0425,SCROLL,
D0425,TO,
D0425,CONTINUE,
D0425,WITH,
D0425,CONTENT,
D0425,Kapolres,
D0425,Aceh,
D0425,Tamiang,
D0425,AKBP,
D0425,Muliadi,
D0425,mengatakan,
D0425,peristiwa,
D0425,tersebut,
D0425,terjadi,
D0425,pada,
D0425,Rabu,
D0425,18122024,
D0425,dinihari,
D0425,Namun,
D0425,setelah,
D0425,kejadian,
D0425,korban,
D0425,tidak,
D0425,langsung,
D0425,membuat,
D0425,laporan,
D0425,ke,
D0425,polisi,
D0425,malah,
D0425,lebih,
D0425,dulu,
D0425,menyebarkan,
D0425,videonya,
D0425,Sehari,
D0425,setelah,
D0425,video,
D0425,beredar,
D0425,baru,
D0425,korban,
D0425,melapor,
D0425,ke,
D0425,kita,
D0425,kata,
D0425,Muliadi,
D0425,saat,
D0425,dimintai,
D0425,konfirmasi,
D0425,detikSumut,
D0425,Muliadi,
D0425,menyebutkan,
D0425,pihaknya,
D0425,masih,
D0425,menyelidiki,
D0425,kasus,
D0425,dugaan,
D0425,perampokan,
D0425,tersebut,
D0425,Polisi,
D0425,juga,
D0425,belum,
D0425,dapat,
D0425,memastikan,
D0425,apakah,
D0425,senjata,
D0425,yang,
D0425,dipakai,
D0425,pelaku,
D0425,senjata,
D0425,api,
D0425,atau,
D0425,bukan,
D0425,Kerugian,
D0425,korban,
D0425,Rp,
D0425,115,
D0425,ribu,
D0425,Sekarang,
D0425,sedang,
D0425,kita,
D0425,lakukan,
D0425,langkahlangkah,
D0425,penyelidikan,
D0425,jelas,
D0425,Muliadi,
D0426,Pasangan,
D0426,suami,
D0426,istri,
D0426,pasutri,
D0426,ditangkap,
D0426,karena,
D0426,terlibat,
D0426,pembunuhan,
D0426,dan,
D0426,perampokan,
D0426,kepada,
D0426,Roida,
D0426,Sagala,
D0426,52,
D0426,wanita,
D0426,yang,
D0426,ditemukan,
D0426,tewas,
D0426,terikat,
D0426,di,
D0426,rumahnya,
D0426,di,
D0426,Kabupaten,
D0426,Dairi,
D0426,Sumatera,
D0426,Utara,
D0426,Sumut,
D0426,Barang,
D0426,berharga,
D0426,korban,
D0426,dijual,
D0426,para,
D0426,pelaku,
D0426,untuk,
D0426,membeli,
D0426,beberapa,
D0426,hal,
D0426,termasuk,
D0426,sabu,
D0426,Setelah,
D0426,mendapat,
D0426,uang,
D0426,dari,
D0426,hasil,
D0426,penjualan,
D0426,barang,
D0426,milik,
D0426,korban,
D0426,tersangka,
D0426,gunakan,
D0426,untuk,
D0426,membayar,
D0426,utang,
D0426,kos,
D0426,dan,
D0426,sisanya,
D0426,untuk,
D0426,membeli,
D0426,narkotika,
D0426,jenis,
D0426,sabu,
D0426,kata,
D0426,Kapolres,
D0426,Dairi,
D0426,AKBP,
D0426,Agus,
D0426,Bahari,
D0426,Parama,
D0426,Artha,
D0426,Jumat,
D0426,20122024,
D0426,Agus,
D0426,mengatakan,
D0426,kedua,
D0426,pelaku,
D0426,juga,
D0426,mengonsumsi,
D0426,narkoba,
D0426,Dari,
D0426,hasil,
D0426,tes,
D0426,urine,
D0426,yang,
D0426,dilakukan,
D0426,petugas,
D0426,kepolisian,
D0426,keduanya,
D0426,positif,
D0426,sabusabu,
D0426,SCROLL,
D0426,TO,
D0426,CONTINUE,
D0426,WITH,
D0426,CONTENT,
D0426,Kedua,
D0426,tersangka,
D0426,ini,
D0426,juga,
D0426,turut,
D0426,mengkonsumsi,
D0426,sabu,
D0426,Hasil,
D0426,dari,
D0426,tes,
D0426,urine,
D0426,terbukti,
D0426,positif,
D0426,jelasnya,
D0426,Sebelumnya,
D0426,diberitakan,
D0426,pembunuhan,
D0426,itu,
D0426,terjadi,
D0426,di,
D0426,rumah,
D0426,korban,
D0426,di,
D0426,Dusun,
D0426,Barisan,
D0426,Tigor,
D0426,Desa,
D0426,Silumboyah,
D0426,Kecamatan,
D0426,Siempat,
D0426,Nempu,
D0426,Hulu,
D0426,Jumat,
D0426,612,
D0426,siang,
D0426,Sementara,
D0426,kedua,
D0426,pelaku,
D0426,ditangkap,
D0426,di,
D0426,Jalan,
D0426,Batang,
D0426,Beruh,
D0426,Kecamatan,
D0426,Sidikalang,
D0426,Sabtu,
D0426,1412,
D0426,Pada,
D0426,pukul,
D0426,2130,
D0426,WIB,
D0426,dilakukan,
D0426,penangkapan,
D0426,kepada,
D0426,ES,
D0426,Eben,
D0426,di,
D0426,Jalan,
D0426,Batang,
D0426,Beruh,
D0426,atau,
D0426,Simpang,
D0426,Salak,
D0426,saat,
D0426,sedang,
D0426,berjalan,
D0426,menuju,
D0426,konter,
D0426,hp,
D0426,Selanjutnya,
D0426,juga,
D0426,dilakukan,
D0426,penangkapan,
D0426,terhadap,
D0426,pelaku,
D0426,SP,
D0426,Siska,
D0426,yang,
D0426,merupakan,
D0426,istri,
D0426,pelaku,
D0426,di,
D0426,rumah,
D0426,kos,
D0426,Simpang,
D0426,Salak,
D0426,kata,
D0426,Agus,
D0426,Kamis,
D0426,1912,
D0426,Usai,
D0426,ditangkap,
D0426,para,
D0426,pelaku,
D0426,diboyong,
D0426,ke,
D0426,Polres,
D0426,Dairi,
D0426,untuk,
D0426,proses,
D0426,pemeriksaan,
D0426,lebih,
D0426,lanjut,
D0426,Saat,
D0426,ini,
D0426,keduanya,
D0426,telah,
D0426,ditetapkan,
D0426,menjadi,
D0426,tersangka,
D0426,dan,
D0426,ditahan,
D0426,Adapun,
D0426,pasutri,
D0426,itu,
D0426,adalah,
D0426,Eben,
D0426,Ezer,
D0426,Sinaga,
D0426,21,
D0426,dan,
D0426,istrinya,
D0426,Siska,
D0426,Damai,
D0426,Yanti,
D0426,Pasaribu,
D0426,20,
D0426,Agus,
D0426,Bahari,
D0426,mengatakan,
D0426,kejadian,
D0426,itu,
D0426,berawal,
D0426,pada,
D0426,Kamis,
D0426,512,
D0426,sekira,
D0426,pukul,
D0426,2200,
D0426,WIB,
D0426,Saat,
D0426,itu,
D0426,pelaku,
D0426,Eben,
D0426,datang,
D0426,ke,
D0426,rumah,
D0426,orang,
D0426,tuanya,
D0426,yang,
D0426,berjarak,
D0426,25,
D0426,meter,
D0426,dari,
D0426,rumah,
D0426,korban,
D0426,di,
D0426,Desa,
D0426,Silumboyah,
D0426,Kecamatan,
D0426,Siempat,
D0426,Nempu,
D0426,Hulu,
D0426,Ketika,
D0426,pelaku,
D0426,sedang,
D0426,berada,
D0426,d,
D0426,irumah,
D0426,orang,
D0426,tuanya,
D0426,yang,
D0426,berjarak,
D0426,25,
D0426,meter,
D0426,dari,
D0426,rumah,
D0426,korban,
D0426,timbul,
D0426,niatnya,
D0426,untuk,
D0426,mencuri,
D0426,cincin,
D0426,emas,
D0426,korban,
D0426,yang,
D0426,mana,
D0426,sebelumnya,
D0426,dia,
D0426,pernah,
D0426,melihat,
D0426,cincin,
D0426,emas,
D0426,dipakai,
D0426,oleh,
D0426,korban,
D0426,jelasnya,
D0426,Kemudian,
D0426,sekira,
D0426,pukul,
D0426,2300,
D0426,WIB,
D0426,pelaku,
D0426,Eben,
D0426,pergi,
D0426,mengambil,
D0426,selang,
D0426,air,
D0426,di,
D0426,ruang,
D0426,tengah,
D0426,rumah,
D0426,orang,
D0426,tuanya,
D0426,Lalu,
D0426,dia,
D0426,membakar,
D0426,selang,
D0426,itu,
D0426,menjadi,
D0426,dua,
D0426,bagian,
D0426,Satu,
D0426,bagiannya,
D0426,kata,
D0426,Agus,
D0426,dimasukkan,
D0426,pelaku,
D0426,ke,
D0426,dalam,
D0426,kantong,
D0426,celananya,
D0426,sedangkan,
D0426,sisanya,
D0426,diletakan,
D0426,di,
D0426,dalam,
D0426,ember,
D0426,tempat,
D0426,perkakas,
D0426,Setelah,
D0426,itu,
D0426,pada,
D0426,pukul,
D0426,2330,
D0426,WIB,
D0426,Eben,
D0426,pergi,
D0426,menuju,
D0426,rumah,
D0426,korban,
D0426,dengan,
D0426,berjalan,
D0426,kaki,
D0426,Setibanya,
D0426,di,
D0426,rumah,
D0426,korban,
D0426,pelaku,
D0426,menyelinap,
D0426,masuk,
D0426,melalui,
D0426,jendela,
D0426,yang,
D0426,kebetulan,
D0426,tidak,
D0426,terkunci,
D0426,Usai,
D0426,masuk,
D0426,pelaku,
D0426,melihat,
D0426,korban,
D0426,sedang,
D0426,tidur,
D0426,di,
D0426,kasur,
D0426,yang,
D0426,berada,
D0426,di,
D0426,ruang,
D0426,tengah,
D0426,rumah,
D0426,tersebut,
D0426,Lalu,
D0426,pelaku,
D0426,langsung,
D0426,mengambil,
D0426,kain,
D0426,lap,
D0426,yang,
D0426,tergeletak,
D0426,di,
D0426,lantai,
D0426,dan,
D0426,langsung,
D0426,membekap,
D0426,hidung,
D0426,dan,
D0426,mulut,
D0426,korban,
D0426,Pelaku,
D0426,menutup,
D0426,hidung,
D0426,dan,
D0426,mulut,
D0426,korban,
D0426,menggunakan,
D0426,kain,
D0426,lap,
D0426,tersebut,
D0426,serta,
D0426,menekan,
D0426,menggunakan,
D0426,kedua,
D0426,tangannya,
D0426,selama,
D0426,10,
D0426,menit,
D0426,sampai,
D0426,korban,
D0426,lemas,
D0426,dan,
D0426,tidak,
D0426,bergerak,
D0426,lagi,
D0426,ujarnya,
D0426,Kemudian,
D0426,pelaku,
D0426,mengeluarkan,
D0426,selang,
D0426,yang,
D0426,telah,
D0426,dibawanya,
D0426,dan,
D0426,langsung,
D0426,mengikat,
D0426,tangan,
D0426,korban,
D0426,Lalu,
D0426,pelaku,
D0426,mengambil,
D0426,kabel,
D0426,hp,
D0426,yang,
D0426,terletak,
D0426,di,
D0426,meja,
D0426,dan,
D0426,mengikatkannya,
D0426,ke,
D0426,kedua,
D0426,kaki,
D0426,korban,
D0426,Selanjutnya,
D0426,pelaku,
D0426,mengambil,
D0426,cincin,
D0426,emas,
D0426,dari,
D0426,jari,
D0426,tangan,
D0426,korban,
D0426,kalung,
D0426,emas,
D0426,dari,
D0426,leher,
D0426,korban,
D0426,serta,
D0426,mengambil,
D0426,handphone,
D0426,yang,
D0426,terletak,
D0426,disamping,
D0426,kanan,
D0426,korban,
D0426,Kemudian,
D0426,pelaku,
D0426,menyimpan,
D0426,cincin,
D0426,dan,
D0426,kalung,
D0426,emas,
D0426,ke,
D0426,dalam,
D0426,kantong,
D0426,celana,
D0426,kata,
D0426,Agus,
D0426,Setelah,
D0426,membunuh,
D0426,dan,
D0426,merampok,
D0426,korban,
D0426,pelaku,
D0426,keluar,
D0426,dari,
D0426,dalam,
D0426,rumah,
D0426,tersebut,
D0426,melalui,
D0426,jendela,
D0426,tempat,
D0426,pelaku,
D0426,masuk,
D0426,ke,
D0426,dalam,
D0426,rumah,
D0426,Selanjutnya,
D0426,pelaku,
D0426,berjalan,
D0426,kurang,
D0426,lebih,
D0426,50,
D0426,meter,
D0426,untuk,
D0426,meminjam,
D0426,angkot,
D0426,Pada,
D0426,Jumat,
D0426,612,
D0426,sekira,
D0426,pukul,
D0426,0030,
D0426,WIB,
D0426,pelaku,
D0426,pergi,
D0426,menjemput,
D0426,istrinya,
D0426,yang,
D0426,berada,
D0426,di,
D0426,Desa,
D0426,Bintang,
D0426,Merasa,
D0426,dengan,
D0426,menggunakan,
D0426,angkot,
D0426,yang,
D0426,dipinjamnya,
D0426,terserah,
D0426,Sejak,
D0426,kejadian,
D0426,itu,
D0426,pelaku,
D0426,dan,
D0426,istrinya,
D0426,mengekos,
D0426,di,
D0426,Simpang,
D0426,Salak,
D0426,Kecamatan,
D0426,Sidikalang,
D0426,Kemudian,
D0426,pelaku,
D0426,Eben,
D0426,menyuruh,
D0426,istrinya,
D0426,untuk,
D0426,menggadaikan,
D0426,handphone,
D0426,korban,
D0426,sebesar,
D0426,Rp,
D0426,550,
D0426,ribu,
D0426,serta,
D0426,menjual,
D0426,cincin,
D0426,dan,
D0426,kalung,
D0426,korban,
D0426,sebesar,
D0426,Rp,
D0426,55,
D0426,juta,
D0427,Pria,
D0427,inisial,
D0427,EW,
D0427,55,
D0427,dan,
D0427,anaknya,
D0427,MKW,
D0427,35,
D0427,di,
D0427,Nias,
D0427,Utara,
D0427,Sumatera,
D0427,Utara,
D0427,Sumut,
D0427,menganiaya,
D0427,empat,
D0427,orang,
D0427,warga,
D0427,Akibat,
D0427,dari,
D0427,itu,
D0427,satu,
D0427,orang,
D0427,di,
D0427,antaranya,
D0427,tewas,
D0427,Plt,
D0427,Kasi,
D0427,Humas,
D0427,Polres,
D0427,Nias,
D0427,Aipda,
D0427,Motivasi,
D0427,Gea,
D0427,mengatakan,
D0427,peristiwa,
D0427,tersebut,
D0427,terjadi,
D0427,di,
D0427,Desa,
D0427,Loloanaa,
D0427,Kecamatan,
D0427,Alasa,
D0427,Minggu,
D0427,15122024,
D0427,malam,
D0427,Kedua,
D0427,terduga,
D0427,pelaku,
D0427,bapak,
D0427,dan,
D0427,anaknya,
D0427,Untuk,
D0427,sementara,
D0427,diduga,
D0427,seperti,
D0427,itu,
D0427,pelaku,
D0427,anak,
D0427,bapak,
D0427,kata,
D0427,Aipda,
D0427,Motivasi,
D0427,Kamis,
D0427,1912,
D0427,SCROLL,
D0427,TO,
D0427,CONTINUE,
D0427,WITH,
D0427,CONTENT,
D0427,Motivasi,
D0427,mengatakan,
D0427,kejadian,
D0427,itu,
D0427,berawal,
D0427,saat,
D0427,korban,
D0427,tewas,
D0427,bernama,
D0427,Edward,
D0427,Hulu,
D0427,22,
D0427,sedang,
D0427,berada,
D0427,disalah,
D0427,satu,
D0427,warung,
D0427,di,
D0427,desa,
D0427,tersebut,
D0427,Saat,
D0427,kejadian,
D0427,abang,
D0427,korban,
D0427,yakni,
D0427,Anwar,
D0427,Hulu,
D0427,28,
D0427,dan,
D0427,pasangan,
D0427,suami,
D0427,istri,
D0427,pasutri,
D0427,bernama,
D0427,Ramisia,
D0427,Lase,
D0427,44,
D0427,dan,
D0427,Dalizanolo,
D0427,Hulu,
D0427,49,
D0427,juga,
D0427,berada,
D0427,di,
D0427,lokasi,
D0427,Ketiganya,
D0427,juga,
D0427,mengalami,
D0427,lukaluka,
D0427,pada,
D0427,saat,
D0427,kejadian,
D0427,itu,
D0427,Sedangkan,
D0427,kedua,
D0427,pelaku,
D0427,pada,
D0427,saat,
D0427,itu,
D0427,berada,
D0427,di,
D0427,warung,
D0427,yang,
D0427,berbeda,
D0427,tetapi,
D0427,masih,
D0427,berdekatan,
D0427,Lalu,
D0427,korban,
D0427,Edward,
D0427,diduga,
D0427,mengeluarkan,
D0427,katakata,
D0427,sambil,
D0427,berteriak,
D0427,Mendengar,
D0427,hal,
D0427,itu,
D0427,pelaku,
D0427,EW,
D0427,merasa,
D0427,tersinggung,
D0427,hingga,
D0427,akhirnya,
D0427,terjadi,
D0427,cekcok,
D0427,antara,
D0427,mereka,
D0427,Bahkan,
D0427,keduanya,
D0427,juga,
D0427,terlibat,
D0427,perkelahian,
D0427,Mendengar,
D0427,ucapan,
D0427,seperti,
D0427,itu,
D0427,pelaku,
D0427,ini,
D0427,tidak,
D0427,terima,
D0427,merasa,
D0427,tersinggung,
D0427,dengan,
D0427,ucapan,
D0427,itu,
D0427,Terjadi,
D0427,adu,
D0427,mulut,
D0427,antara,
D0427,pelaku,
D0427,EW,
D0427,dan,
D0427,korban,
D0427,hingga,
D0427,memicu,
D0427,serangan,
D0427,Korban,
D0427,EH,
D0427,Edward,
D0427,yang,
D0427,mendekati,
D0427,pelaku,
D0427,EW,
D0427,kemudian,
D0427,terlibat,
D0427,perkelahian,
D0427,ujarnya,
D0427,Saat,
D0427,perkelahian,
D0427,itu,
D0427,pelaku,
D0427,MKW,
D0427,juga,
D0427,datang,
D0427,dan,
D0427,menganiaya,
D0427,korban,
D0427,Tiga,
D0427,orang,
D0427,lainnya,
D0427,yang,
D0427,berada,
D0427,di,
D0427,lokasi,
D0427,pun,
D0427,berupaya,
D0427,untuk,
D0427,melerai,
D0427,peristiwa,
D0427,itu,
D0427,Namun,
D0427,ketiganya,
D0427,juga,
D0427,diserang,
D0427,hingga,
D0427,mengalami,
D0427,lukaluka,
D0427,Sementara,
D0427,korban,
D0427,Edward,
D0427,ditikam,
D0427,pelaku,
D0427,EW,
D0427,di,
D0427,bagian,
D0427,perut,
D0427,dan,
D0427,meninggal,
D0427,dunia,
D0427,saat,
D0427,dalam,
D0427,perjalanan,
D0427,ke,
D0427,RSUD,
D0427,Thomsen,
D0427,Nias,
D0427,Setelah,
D0427,kejadian,
D0427,tersebut,
D0427,kedua,
D0427,pelaku,
D0427,melarikan,
D0427,diri,
D0427,meninggalkan,
D0427,para,
D0427,korban,
D0427,yang,
D0427,terluka,
D0427,jelas,
D0427,Motivasi,
D0427,Warga,
D0427,setempat,
D0427,pun,
D0427,melaporkan,
D0427,peristiwa,
D0427,itu,
D0427,ke,
D0427,Polsek,
D0427,Alasa,
D0427,Polisi,
D0427,yang,
D0427,menerima,
D0427,laporan,
D0427,itu,
D0427,lalu,
D0427,menyelidiki,
D0427,kasus,
D0427,tersebut,
D0427,Namun,
D0427,pada,
D0427,akhirnya,
D0427,kedua,
D0427,pelaku,
D0427,menyerahkan,
D0427,diri,
D0427,ke,
D0427,Polres,
D0427,Nias,
D0427,usai,
D0427,tiga,
D0427,hari,
D0427,bersembunyi,
D0427,Saat,
D0427,ini,
D0427,keduanya,
D0427,sudah,
D0427,ditahan,
D0427,di,
D0427,Polres,
D0427,Nias,
D0427,Kedua,
D0427,pelaku,
D0427,akhirnya,
D0427,menyerahkan,
D0427,diri,
D0427,ke,
D0427,Polres,
D0427,Nias,
D0427,setelah,
D0427,tiga,
D0427,hari,
D0427,bersembunyi,
D0427,jelasnya,
D0427,Motivasi,
D0427,mengatakan,
D0427,motif,
D0427,penganiayaan,
D0427,itu,
D0427,karena,
D0427,selisih,
D0427,paham,
D0427,usai,
D0427,korban,
D0427,melontarkan,
D0427,katakata,
D0427,saat,
D0427,berada,
D0427,di,
D0427,warung,
D0427,tersebut,
D0427,Motivasi,
D0427,enggan,
D0427,memerinci,
D0427,lebih,
D0427,lanjut,
D0427,katakata,
D0427,yang,
D0427,dikeluarkan,
D0427,oleh,
D0427,korban,
D0427,Namun,
D0427,katakata,
D0427,itu,
D0427,membuat,
D0427,pelaku,
D0427,merasa,
D0427,tersinggung,
D0427,Saat,
D0427,ini,
D0427,pihak,
D0427,kepolisian,
D0427,masih,
D0427,menyelidiki,
D0427,apakah,
D0427,antara,
D0427,korban,
D0427,dan,
D0427,pelaku,
D0427,memiliki,
D0427,masalah,
D0427,sebelumnya,
D0427,Awalnya,
D0427,kan,
D0427,si,
D0427,korban,
D0427,yang,
D0427,meninggal,
D0427,dunia,
D0427,ini,
D0427,sempat,
D0427,mengeluarkan,
D0427,katakata,
D0427,teriakteriak,
D0427,lah,
D0427,di,
D0427,warung,
D0427,Kalau,
D0427,dari,
D0427,keterangan,
D0427,yang,
D0427,kita,
D0427,terima,
D0427,awalnya,
D0427,sih,
D0427,korban,
D0427,hanya,
D0427,sembarangan,
D0427,ngomong,
D0427,saja,
D0427,tidak,
D0427,mengarah,
D0427,ke,
D0427,pelaku,
D0427,Jadi,
D0427,disitu,
D0427,selisih,
D0427,pahamnya,
D0427,sebutnya,
D0428,Seorang,
D0428,pria,
D0428,di,
D0428,Kabupaten,
D0428,Nias,
D0428,Utara,
D0428,Sumatera,
D0428,Utara,
D0428,Sumut,
D0428,inisial,
D0428,EW,
D0428,55,
D0428,dan,
D0428,anaknya,
D0428,MKW,
D0428,35,
D0428,menganiaya,
D0428,empat,
D0428,orang,
D0428,warga,
D0428,Dalam,
D0428,peristiwa,
D0428,itu,
D0428,satu,
D0428,korban,
D0428,tewas,
D0428,terkena,
D0428,tusukan,
D0428,sedangkan,
D0428,tiga,
D0428,orang,
D0428,lainnya,
D0428,mengalami,
D0428,lukaluka,
D0428,Plt,
D0428,Kasi,
D0428,Humas,
D0428,Polres,
D0428,Nias,
D0428,Aipda,
D0428,Motivasi,
D0428,Gea,
D0428,mengatakan,
D0428,peristiwa,
D0428,itu,
D0428,terjadi,
D0428,di,
D0428,Desa,
D0428,Loloanaa,
D0428,Kecamatan,
D0428,Alasa,
D0428,Minggu,
D0428,15122024,
D0428,malam,
D0428,Sementara,
D0428,kedua,
D0428,pelaku,
D0428,menyerahkan,
D0428,diri,
D0428,ke,
D0428,pihak,
D0428,kepolisian,
D0428,pada,
D0428,Rabu,
D0428,1812,
D0428,sekira,
D0428,pukul,
D0428,0300,
D0428,WIB,
D0428,Untuk,
D0428,sementara,
D0428,diduga,
D0428,seperti,
D0428,itu,
D0428,pelaku,
D0428,anak,
D0428,bapak,
D0428,kata,
D0428,Aipda,
D0428,Motivasi,
D0428,saat,
D0428,dikonfirmasi,
D0428,detikSumut,
D0428,Kamis,
D0428,1912,
D0428,SCROLL,
D0428,TO,
D0428,CONTINUE,
D0428,WITH,
D0428,CONTENT,
D0428,Motivasi,
D0428,mengatakan,
D0428,kejadian,
D0428,itu,
D0428,berawal,
D0428,saat,
D0428,korban,
D0428,tewas,
D0428,bernama,
D0428,Edward,
D0428,Hulu,
D0428,22,
D0428,tengah,
D0428,berada,
D0428,di,
D0428,salah,
D0428,satu,
D0428,warung,
D0428,di,
D0428,desa,
D0428,tersebut,
D0428,Saat,
D0428,kejadian,
D0428,abang,
D0428,korban,
D0428,yakni,
D0428,Anwar,
D0428,Hulu,
D0428,28,
D0428,dan,
D0428,pasangan,
D0428,suami,
D0428,istri,
D0428,pasutri,
D0428,bernama,
D0428,Ramisia,
D0428,Lase,
D0428,44,
D0428,dan,
D0428,Dalizanolo,
D0428,Hulu,
D0428,49,
D0428,juga,
D0428,berada,
D0428,di,
D0428,lokasi,
D0428,Ketiganya,
D0428,juga,
D0428,mengalami,
D0428,lukaluka,
D0428,pada,
D0428,saat,
D0428,kejadian,
D0428,itu,
D0428,Sementara,
D0428,kedua,
D0428,pelaku,
D0428,pada,
D0428,saat,
D0428,itu,
D0428,berada,
D0428,di,
D0428,warung,
D0428,yang,
D0428,berbeda,
D0428,tetapi,
D0428,masih,
D0428,berdekatan,
D0428,Lalu,
D0428,korban,
D0428,Edward,
D0428,diduga,
D0428,mengeluarkan,
D0428,katakata,
D0428,sambil,
D0428,berteriak,
D0428,Mendengar,
D0428,hal,
D0428,itu,
D0428,pelaku,
D0428,EW,
D0428,merasa,
D0428,tersinggung,
D0428,hingga,
D0428,akhirnya,
D0428,terjadi,
D0428,cekcok,
D0428,antara,
D0428,mereka,
D0428,Bahkan,
D0428,keduanya,
D0428,juga,
D0428,terlibat,
D0428,perkelahian,
D0428,Mendengar,
D0428,ucapan,
D0428,seperti,
D0428,itu,
D0428,pelaku,
D0428,ini,
D0428,tidak,
D0428,terima,
D0428,merasa,
D0428,tersinggung,
D0428,dengan,
D0428,ucapan,
D0428,itu,
D0428,Terjadi,
D0428,adu,
D0428,mulut,
D0428,antara,
D0428,pelaku,
D0428,EW,
D0428,dan,
D0428,korban,
D0428,hingga,
D0428,memicu,
D0428,serangan,
D0428,Korban,
D0428,EH,
D0428,Edward,
D0428,yang,
D0428,mendekati,
D0428,pelaku,
D0428,EW,
D0428,kemudian,
D0428,terlibat,
D0428,perkelahian,
D0428,ujarnya,
D0428,Saat,
D0428,perkelahian,
D0428,itu,
D0428,pelaku,
D0428,MKW,
D0428,juga,
D0428,datang,
D0428,dan,
D0428,menganiaya,
D0428,korban,
D0428,Tiga,
D0428,korban,
D0428,yang,
D0428,berada,
D0428,di,
D0428,lokasi,
D0428,pun,
D0428,berupaya,
D0428,untuk,
D0428,melerai,
D0428,peristiwa,
D0428,itu,
D0428,Namun,
D0428,nahas,
D0428,ketiganya,
D0428,juga,
D0428,diserang,
D0428,hingga,
D0428,mengalami,
D0428,lukaluka,
D0428,Sementara,
D0428,korban,
D0428,Edward,
D0428,ditikam,
D0428,pelaku,
D0428,EW,
D0428,di,
D0428,bagian,
D0428,perut,
D0428,dan,
D0428,meninggal,
D0428,dunia,
D0428,saat,
D0428,dalam,
D0428,perjalanan,
D0428,ke,
D0428,RSUD,
D0428,Thomsen,
D0428,Nias,
D0428,Setelah,
D0428,kejadian,
D0428,tersebut,
D0428,kedua,
D0428,pelaku,
D0428,melarikan,
D0428,diri,
D0428,meninggalkan,
D0428,para,
D0428,korban,
D0428,yang,
D0428,terluka,
D0428,jelas,
D0428,Motivasi,
D0428,Warga,
D0428,setempat,
D0428,pun,
D0428,melaporkan,
D0428,peristiwa,
D0428,itu,
D0428,ke,
D0428,Polsek,
D0428,Alasa,
D0428,Pihak,
D0428,kepolisian,
D0428,yang,
D0428,menerima,
D0428,laporan,
D0428,itu,
D0428,lalu,
D0428,menyelidiki,
D0428,kasus,
D0428,tersebut,
D0428,Namun,
D0428,pada,
D0428,akhirnya,
D0428,kedua,
D0428,pelaku,
D0428,menyerahkan,
D0428,diri,
D0428,ke,
D0428,Polres,
D0428,Nias,
D0428,usai,
D0428,tiga,
D0428,hari,
D0428,bersembunyi,
D0428,Saat,
D0428,ini,
D0428,keduanya,
D0428,telah,
D0428,ditahan,
D0428,di,
D0428,Polres,
D0428,Nias,
D0428,Kedua,
D0428,pelaku,
D0428,akhirnya,
D0428,menyerahkan,
D0428,diri,
D0428,ke,
D0428,Polres,
D0428,Nias,
D0428,setelah,
D0428,tiga,
D0428,hari,
D0428,bersembunyi,
D0428,jelasnya,
D0428,Motivasi,
D0428,mengatakan,
D0428,motif,
D0428,penganiayaan,
D0428,itu,
D0428,karena,
D0428,selisih,
D0428,paham,
D0428,usai,
D0428,korban,
D0428,melontarkan,
D0428,katakata,
D0428,saat,
D0428,berada,
D0428,di,
D0428,warung,
D0428,tersebut,
D0428,Motivasi,
D0428,enggan,
D0428,memerinci,
D0428,lebih,
D0428,lanjut,
D0428,katakata,
D0428,yang,
D0428,dikeluarkan,
D0428,oleh,
D0428,korban,
D0428,Namun,
D0428,katakata,
D0428,tersebut,
D0428,membuat,
D0428,pelaku,
D0428,merasa,
D0428,tersinggung,
D0428,Saat,
D0428,ini,
D0428,pihak,
D0428,kepolisian,
D0428,masih,
D0428,menyelidiki,
D0428,apakah,
D0428,antara,
D0428,korban,
D0428,dan,
D0428,pelaku,
D0428,memiliki,
D0428,masalah,
D0428,sebelumnya,
D0428,Awalnya,
D0428,kan,
D0428,si,
D0428,korban,
D0428,yang,
D0428,meninggal,
D0428,dunia,
D0428,ini,
D0428,sempat,
D0428,mengeluarkan,
D0428,katakata,
D0428,teriakteriak,
D0428,lah,
D0428,di,
D0428,warung,
D0428,Kalau,
D0428,dari,
D0428,keterangan,
D0428,yang,
D0428,kita,
D0428,terima,
D0428,awalnya,
D0428,sih,
D0428,korban,
D0428,hanya,
D0428,sembarangan,
D0428,ngomong,
D0428,saja,
D0428,tidak,
D0428,mengarah,
D0428,ke,
D0428,pelaku,
D0428,Jadi,
D0428,disitu,
D0428,selisih,
D0428,pahamnya,
D0428,sebutnya,
D0429,Polisi,
D0429,menetapkan,
D0429,dua,
D0429,dari,
D0429,lima,
D0429,pelaku,
D0429,pencurian,
D0429,dengan,
D0429,kekerasan,
D0429,curas,
D0429,terhadap,
D0429,seorang,
D0429,pemuda,
D0429,berinisial,
D0429,MSR,
D0429,22,
D0429,di,
D0429,Kota,
D0429,Padang,
D0429,Sumatera,
D0429,Barat,
D0429,Sumbar,
D0429,sebagai,
D0429,tersangka,
D0429,Keduanya,
D0429,pun,
D0429,terancam,
D0429,hukuman,
D0429,hingga,
D0429,9,
D0429,tahun,
D0429,penjara,
D0429,Kami,
D0429,sudah,
D0429,menetapkan,
D0429,dua,
D0429,orang,
D0429,sebagai,
D0429,tersangka,
D0429,dalam,
D0429,kasus,
D0429,curas,
D0429,ini,
D0429,Sementara,
D0429,tiga,
D0429,lainnya,
D0429,masih,
D0429,berstatus,
D0429,sebagai,
D0429,saksi,
D0429,kata,
D0429,Wakapolresta,
D0429,Padang,
D0429,AKBP,
D0429,Rully,
D0429,Indra,
D0429,Wijayanto,
D0429,kepada,
D0429,wartawan,
D0429,Rabu,
D0429,18122024,
D0429,Rully,
D0429,menjelaskan,
D0429,kedua,
D0429,tersangka,
D0429,tersebut,
D0429,adalah,
D0429,Soni,
D0429,Hadi,
D0429,Putra,
D0429,27,
D0429,dan,
D0429,Robbi,
D0429,Saputra,
D0429,25,
D0429,Sementra,
D0429,tiga,
D0429,rekan,
D0429,mereka,
D0429,yang,
D0429,berinisial,
D0429,P,
D0429,H,
D0429,dan,
D0429,T,
D0429,saat,
D0429,ini,
D0429,masih,
D0429,diperiksa,
D0429,sebagai,
D0429,saksi,
D0429,SCROLL,
D0429,TO,
D0429,CONTINUE,
D0429,WITH,
D0429,CONTENT,
D0429,Kami,
D0429,menetapkan,
D0429,Soni,
D0429,dan,
D0429,Robbi,
D0429,sebagai,
D0429,tersangka,
D0429,sementara,
D0429,ketiga,
D0429,rekannya,
D0429,masih,
D0429,kami,
D0429,periksa,
D0429,sebagai,
D0429,saksi,
D0429,Proses,
D0429,penyelidikan,
D0429,masih,
D0429,terus,
D0429,berlangsung,
D0429,untuk,
D0429,mengungkap,
D0429,peran,
D0429,mereka,
D0429,dalam,
D0429,kasus,
D0429,ini,
D0429,jelasnya,
D0429,Rully,
D0429,menjelaskan,
D0429,bahwa,
D0429,kedua,
D0429,tersangka,
D0429,ini,
D0429,memiliki,
D0429,peran,
D0429,masingmasing,
D0429,Peran,
D0429,mereka,
D0429,mulai,
D0429,dari,
D0429,memepet,
D0429,kendaraan,
D0429,hingga,
D0429,mengambil,
D0429,barang,
D0429,milik,
D0429,korban,
D0429,Kemudian,
D0429,setelah,
D0429,merampok,
D0429,kedua,
D0429,tersangka,
D0429,membawa,
D0429,kendaraan,
D0429,milik,
D0429,korban,
D0429,ke,
D0429,rumah,
D0429,mereka,
D0429,masingmasing,
D0429,Kendaraan,
D0429,yang,
D0429,mereka,
D0429,ambil,
D0429,dibawa,
D0429,oleh,
D0429,Soni,
D0429,dan,
D0429,Robbi,
D0429,ke,
D0429,kediamannya,
D0429,Kemudian,
D0429,Robbi,
D0429,yang,
D0429,merasa,
D0429,tidak,
D0429,nyaman,
D0429,mengembalikan,
D0429,kendaraan,
D0429,tersebut,
D0429,kepada,
D0429,saudara,
D0429,Soni,
D0429,ungkapnya,
D0429,Rully,
D0429,juga,
D0429,mengungkapkan,
D0429,bahwa,
D0429,kendaraan,
D0429,curian,
D0429,tersebut,
D0429,rencananya,
D0429,akan,
D0429,dijual,
D0429,para,
D0429,tersangka,
D0429,Tersangka,
D0429,berencana,
D0429,untuk,
D0429,menjual,
D0429,kendaraan,
D0429,milik,
D0429,korban,
D0429,ujarnya,
D0429,Atas,
D0429,perbuatannya,
D0429,Soni,
D0429,dan,
D0429,Robbi,
D0429,dijerat,
D0429,Pasal,
D0429,365,
D0429,KUHP,
D0429,tentang,
D0429,pencurian,
D0429,dengan,
D0429,kekerasan,
D0429,curas,
D0429,Keduanya,
D0429,terancam,
D0429,hukuman,
D0429,hingga,
D0429,9,
D0429,tahun,
D0429,penjara,
D0429,Sebelumnya,
D0429,diberitakan,
D0429,sekelompok,
D0429,orang,
D0429,berpurapura,
D0429,menjadi,
D0429,polisi,
D0429,melakukan,
D0429,aksi,
D0429,pencurian,
D0429,dengan,
D0429,kekerasan,
D0429,curas,
D0429,terhadap,
D0429,pemuda,
D0429,inisial,
D0429,MSR,
D0429,22,
D0429,di,
D0429,Padang,
D0429,Saat,
D0429,beraksi,
D0429,mereka,
D0429,memakai,
D0429,senjata,
D0429,airsoft,
D0429,gun,
D0429,dan,
D0429,mengaku,
D0429,hendak,
D0429,membubarkan,
D0429,tawuran,
D0429,Wakapolresta,
D0429,Padang,
D0429,AKBP,
D0429,Rully,
D0429,Indra,
D0429,Wijayanto,
D0429,mengatakan,
D0429,peristiwa,
D0429,tersebut,
D0429,terjadi,
D0429,pada,
D0429,Selasa,
D0429,1712,
D0429,dini,
D0429,hari,
D0429,Saat,
D0429,itu,
D0429,sekelompok,
D0429,orang,
D0429,tersebut,
D0429,menuduh,
D0429,korban,
D0429,sebagai,
D0429,bagian,
D0429,dari,
D0429,kelompok,
D0429,tawuran,
D0429,di,
D0429,Kecamatan,
D0429,Lubuk,
D0429,Begalung,
D0429,Kota,
D0429,Padang,
D0429,Kemudian,
D0429,para,
D0429,pelaku,
D0429,membawa,
D0429,korban,
D0429,ke,
D0429,dalam,
D0429,mobil,
D0429,mereka,
D0429,Di,
D0429,sana,
D0429,mereka,
D0429,mengancam,
D0429,korban,
D0429,akan,
D0429,membawa,
D0429,ke,
D0429,polsek,
D0429,polres,
D0429,dan,
D0429,polda,
D0429,Pelaku,
D0429,berpurapura,
D0429,menjadi,
D0429,anggota,
D0429,Polri,
D0429,dan,
D0429,mengancam,
D0429,akan,
D0429,membawa,
D0429,korban,
D0429,ke,
D0429,polsek,
D0429,polres,
D0429,dan,
D0429,polda,
D0429,karena,
D0429,dianggap,
D0429,sebagai,
D0429,pelaku,
D0429,tawuran,
D0429,Kemudian,
D0429,saat,
D0429,korban,
D0429,ketakutan,
D0429,mereka,
D0429,mengambil,
D0429,barangbarang,
D0429,milik,
D0429,korban,
D0429,seperti,
D0429,handphone,
D0429,dan,
D0429,sepeda,
D0429,motor,
D0429,Setelah,
D0429,itu,
D0429,korban,
D0429,diturunkan,
D0429,begitu,
D0429,saja,
D0429,ujar,
D0429,AKBP,
D0429,Rully,
D0429,Indra,
D0429,Wijayanto,
D0429,kepada,
D0429,wartawan,
D0429,Rabu,
D0429,18122024,
D0429,Rully,
D0429,mengatakan,
D0429,saat,
D0429,melancarkan,
D0429,aksinya,
D0429,para,
D0429,pelaku,
D0429,menggunakan,
D0429,senjata,
D0429,airsoft,
D0429,gun,
D0429,Hal,
D0429,itu,
D0429,untuk,
D0429,menakuti,
D0429,korban,
D0429,dan,
D0429,membubarkan,
D0429,massa,
D0429,yang,
D0429,diduga,
D0429,sedang,
D0429,melakukan,
D0429,tawuran,
D0429,Rombongan,
D0429,pelaku,
D0429,ini,
D0429,memepet,
D0429,kendaraan,
D0429,korban,
D0429,yang,
D0429,juga,
D0429,pelapor,
D0429,Pada,
D0429,saat,
D0429,itu,
D0429,pelaku,
D0429,melihat,
D0429,korban,
D0429,dan,
D0429,temannya,
D0429,membawa,
D0429,senjata,
D0429,tajam,
D0429,Untuk,
D0429,menakutnakuti,
D0429,pelaku,
D0429,menggunakan,
D0429,senjata,
D0429,airsoft,
D0429,gun,
D0429,jelasnya,
D0429,Singkat,
D0429,cerita,
D0429,para,
D0429,pelaku,
D0429,yang,
D0429,berjumlah,
D0429,lima,
D0429,orang,
D0429,beserta,
D0429,barang,
D0429,bukti,
D0429,sudah,
D0429,diamankan,
D0429,jajaran,
D0429,Polresta,
D0429,Padang,
D0429,Mereka,
D0429,sedang,
D0429,menjalani,
D0429,pemeriksaan,
D0429,lebih,
D0429,lanjut,
D0429,Kami,
D0429,sudah,
D0429,mengamankan,
D0429,lima,
D0429,orang,
D0429,pelaku,
D0429,Saat,
D0429,ini,
D0429,mereka,
D0429,masih,
D0429,dalam,
D0429,pemeriksaan,
D0429,di,
D0429,Polresta,
D0429,Padang,
D0429,tutupnya,
D0430,Penemuan,
D0430,jasad,
D0430,seorang,
D0430,wanita,
D0430,di,
D0430,perkebunan,
D0430,sawit,
D0430,di,
D0430,Kabupaten,
D0430,Deli,
D0430,Serdang,
D0430,Sumatera,
D0430,Utara,
D0430,Sumut,
D0430,beberapa,
D0430,waktu,
D0430,lalu,
D0430,menghebohkan,
D0430,masyarakat,
D0430,Saat,
D0430,ditemukan,
D0430,perut,
D0430,korban,
D0430,masih,
D0430,tertancap,
D0430,pisau,
D0430,Belakangan,
D0430,korban,
D0430,diketahui,
D0430,bernama,
D0430,Tiar,
D0430,Martha,
D0430,Situngkir,
D0430,33,
D0430,Korban,
D0430,dibunuh,
D0430,oleh,
D0430,teman,
D0430,dekatnya,
D0430,Berikut,
D0430,detikSumut,
D0430,rangkum,
D0430,delapan,
D0430,fakta,
D0430,terlihat,
D0430,kasus,
D0430,pembunuhan,
D0430,tersebut,
D0430,SCROLL,
D0430,TO,
D0430,CONTINUE,
D0430,WITH,
D0430,CONTENT,
D0430,Kapolsek,
D0430,Medan,
D0430,Tembung,
D0430,Kompol,
D0430,Jhonson,
D0430,Sitompul,
D0430,mengatakan,
D0430,mayat,
D0430,tersebut,
D0430,ditemukan,
D0430,di,
D0430,Jalan,
D0430,Jati,
D0430,Rejo,
D0430,Desa,
D0430,Sampali,
D0430,Kecamatan,
D0430,Percut,
D0430,Sei,
D0430,Tuan,
D0430,Kamis,
D0430,12122024,
D0430,Mayat,
D0430,tersebut,
D0430,ditemukan,
D0430,sekira,
D0430,pukul,
D0430,0700,
D0430,WIB,
D0430,Tadi,
D0430,pagi,
D0430,kita,
D0430,dapat,
D0430,informasi,
D0430,Iya,
D0430,tertancap,
D0430,pisau,
D0430,kata,
D0430,Jhonson,
D0430,saat,
D0430,dikonfirmasi,
D0430,detikSumut,
D0430,Kamis,
D0430,Jhonson,
D0430,menyebut,
D0430,mayat,
D0430,korban,
D0430,belum,
D0430,membusuk,
D0430,sepenuhnya,
D0430,Korban,
D0430,diperkirakan,
D0430,baru,
D0430,tewas,
D0430,dalam,
D0430,beberapa,
D0430,hari,
D0430,ini,
D0430,Usai,
D0430,ditemukan,
D0430,jasad,
D0430,korban,
D0430,dibawa,
D0430,ke,
D0430,RS,
D0430,Bhayangkara,
D0430,Medan,
D0430,untuk,
D0430,diautopsi,
D0430,Berdasarkan,
D0430,hasil,
D0430,penyelidikan,
D0430,korban,
D0430,diduga,
D0430,dibunuh,
D0430,Iya,
D0430,diduga,
D0430,dibunuh,
D0430,kalau,
D0430,melihat,
D0430,dari,
D0430,pada,
D0430,kondisinya,
D0430,ya,
D0430,Kita,
D0430,Menangani,
D0430,perkaranya,
D0430,menyelidiki,
D0430,untuk,
D0430,mengungkap,
D0430,siapa,
D0430,pelakunya,
D0430,jelasnya,
D0430,Polisi,
D0430,pun,
D0430,menyelidiki,
D0430,kasus,
D0430,tersebut,
D0430,hingga,
D0430,akhirnya,
D0430,menangkap,
D0430,pelaku,
D0430,Haryanto,
D0430,Turnip,
D0430,59,
D0430,Pelaku,
D0430,ditangkap,
D0430,saat,
D0430,melarikan,
D0430,diri,
D0430,ke,
D0430,Provinsi,
D0430,Riau,
D0430,Senin,
D0430,1612,
D0430,Saat,
D0430,proses,
D0430,penangkapan,
D0430,pelaku,
D0430,berupaya,
D0430,melawan,
D0430,hingga,
D0430,terpaksa,
D0430,ditembak,
D0430,di,
D0430,bagian,
D0430,kaki,
D0430,Dilakukan,
D0430,penangkapan,
D0430,di,
D0430,Bagan,
D0430,Siapiapi,
D0430,Riau,
D0430,dan,
D0430,kita,
D0430,yakini,
D0430,bahwa,
D0430,yang,
D0430,bersangkutan,
D0430,melarikan,
D0430,diri,
D0430,dari,
D0430,lokasi,
D0430,kata,
D0430,Kapolrestabes,
D0430,Medan,
D0430,Kombes,
D0430,Gidion,
D0430,Arif,
D0430,Setyawan,
D0430,saat,
D0430,konferensi,
D0430,pers,
D0430,di,
D0430,lokasi,
D0430,penemuan,
D0430,jasad,
D0430,korban,
D0430,Selasa,
D0430,1712,
D0430,Gidion,
D0430,menyebut,
D0430,pelaku,
D0430,terlebih,
D0430,dahulu,
D0430,menganiaya,
D0430,korban,
D0430,sebelum,
D0430,menusuknya,
D0430,Bahkan,
D0430,pelaku,
D0430,sempat,
D0430,menginjak,
D0430,korban,
D0430,hingga,
D0430,tulangnya,
D0430,patah,
D0430,Dianiaya,
D0430,dulu,
D0430,dicekik,
D0430,dipukul,
D0430,diinjak,
D0430,hingga,
D0430,patah,
D0430,tulang,
D0430,rusuknya,
D0430,lalu,
D0430,ditikam,
D0430,jelasnya,
D0430,Perwira,
D0430,menengah,
D0430,Polri,
D0430,itu,
D0430,menyebut,
D0430,ada,
D0430,kedekatan,
D0430,antara,
D0430,korban,
D0430,dan,
D0430,pelaku,
D0430,Namun,
D0430,Gidion,
D0430,enggan,
D0430,memerinci,
D0430,hubungan,
D0430,keduanya,
D0430,Ada,
D0430,cerita,
D0430,kedekatan,
D0430,antara,
D0430,pelaku,
D0430,dan,
D0430,korban,
D0430,tetapi,
D0430,saya,
D0430,sampaikan,
D0430,sangat,
D0430,subyektif,
D0430,jelasnya,
D0430,Sebelum,
D0430,membunuh,
D0430,korban,
D0430,kata,
D0430,Gidion,
D0430,keduanya,
D0430,sudah,
D0430,sempat,
D0430,makan,
D0430,di,
D0430,salah,
D0430,satu,
D0430,tempat,
D0430,pada,
D0430,Selasa,
D0430,1012,
D0430,Pada,
D0430,saat,
D0430,itu,
D0430,bertepatan,
D0430,dengan,
D0430,ulang,
D0430,tahun,
D0430,pelaku,
D0430,Setelah,
D0430,makan,
D0430,keduanya,
D0430,pergi,
D0430,ke,
D0430,kebun,
D0430,sawit,
D0430,tempat,
D0430,penemuan,
D0430,jasad,
D0430,korban,
D0430,dengan,
D0430,mengendarai,
D0430,sepeda,
D0430,motor,
D0430,Di,
D0430,situlah,
D0430,pelaku,
D0430,menghabisi,
D0430,nyawa,
D0430,korban,
D0430,dengan,
D0430,menganiaya,
D0430,dan,
D0430,menikamnya,
D0430,di,
D0430,bagian,
D0430,ulu,
D0430,hati,
D0430,Jasad,
D0430,korban,
D0430,sendiri,
D0430,ditemukan,
D0430,pada,
D0430,Kamis,
D0430,1212,
D0430,pagi,
D0430,Ini,
D0430,kebetulan,
D0430,pelaku,
D0430,melakukan,
D0430,pada,
D0430,saat,
D0430,dia,
D0430,melaksanakan,
D0430,ulang,
D0430,tahun,
D0430,pada,
D0430,10,
D0430,Desember,
D0430,Ada,
D0430,komunikasi,
D0430,antara,
D0430,pelaku,
D0430,dengan,
D0430,korban,
D0430,makan,
D0430,di,
D0430,satu,
D0430,tempat,
D0430,kemudian,
D0430,setelah,
D0430,itu,
D0430,menuju,
D0430,ke,
D0430,sini,
D0430,ujarnya,
D0430,Mantan,
D0430,Kapolres,
D0430,Jakarta,
D0430,Utara,
D0430,itu,
D0430,menyebut,
D0430,korban,
D0430,dan,
D0430,pelaku,
D0430,sempat,
D0430,terlibat,
D0430,cekcok,
D0430,Namun,
D0430,Gidion,
D0430,enggan,
D0430,memerinci,
D0430,penyebab,
D0430,keduanya,
D0430,cekcok,
D0430,Selain,
D0430,itu,
D0430,perwira,
D0430,menengah,
D0430,Polri,
D0430,itu,
D0430,juga,
D0430,belum,
D0430,menjelaskan,
D0430,motif,
D0430,pembunuhan,
D0430,tersebut,
D0430,Namun,
D0430,kata,
D0430,Gidion,
D0430,pelaku,
D0430,sempat,
D0430,mengambil,
D0430,handphone,
D0430,korban,
D0430,setelah,
D0430,membunuhnya,
D0430,Motif,
D0430,ini,
D0430,sangat,
D0430,subyektif,
D0430,itu,
D0430,kita,
D0430,lakukan,
D0430,pendalaman,
D0430,dengan,
D0430,penyidikan,
D0430,lebih,
D0430,lanjut,
D0430,tapi,
D0430,sulit,
D0430,mematahkan,
D0430,bahwa,
D0430,ada,
D0430,motif,
D0430,kekerasan,
D0430,dan,
D0430,menguasai,
D0430,barang,
D0430,milik,
D0430,orang,
D0430,lain,
D0430,Motif,
D0430,tersebut,
D0430,tidak,
D0430,logis,
D0430,untuk,
D0430,dijadikan,
D0430,alasan,
D0430,untuk,
D0430,menghilangkan,
D0430,nyawa,
D0430,korban,
D0430,kata,
D0430,Gidion,
D0430,Gidion,
D0430,menjelaskan,
D0430,bahwa,
D0430,pisau,
D0430,yang,
D0430,digunakan,
D0430,pelaku,
D0430,untuk,
D0430,membunuh,
D0430,korban,
D0430,memang,
D0430,biasanya,
D0430,dibawa,
D0430,oleh,
D0430,pelaku,
D0430,Namun,
D0430,penyidik,
D0430,saat,
D0430,ini,
D0430,masih,
D0430,menyelidiki,
D0430,apakah,
D0430,pelaku,
D0430,memang,
D0430,telah,
D0430,merencanakan,
D0430,untuk,
D0430,membunuh,
D0430,korban,
D0430,Pisau,
D0430,ini,
D0430,memang,
D0430,karena,
D0430,dia,
D0430,profesinya,
D0430,tukang,
D0430,jadi,
D0430,pisau,
D0430,ini,
D0430,nempel,
D0430,terus,
D0430,Nanti,
D0430,kami,
D0430,buktikan,
D0430,apakah,
D0430,ini,
D0430,memang,
D0430,dipersiapkan,
D0430,kalau,
D0430,tukang,
D0430,kayaknya,
D0430,gak,
D0430,gini,
D0430,pisaunya,
D0430,ini,
D0430,pisau,
D0430,dapur,
D0430,jelasnya,
D0431,Pelaku,
D0431,pembunuhan,
D0431,wanita,
D0431,bernama,
D0431,Tiar,
D0431,Martha,
D0431,Situngkir,
D0431,33,
D0431,yang,
D0431,ditemukan,
D0431,tewas,
D0431,dengan,
D0431,perut,
D0431,tertancap,
D0431,pisau,
D0431,di,
D0431,kebun,
D0431,sawit,
D0431,di,
D0431,Deli,
D0431,Serdang,
D0431,ditangkap,
D0431,Pelaku,
D0431,bernama,
D0431,Haryanto,
D0431,Turnip,
D0431,59,
D0431,itu,
D0431,ditangkap,
D0431,setelah,
D0431,beberapa,
D0431,hari,
D0431,usai,
D0431,pembunuhan,
D0431,itu,
D0431,terjadi,
D0431,Kita,
D0431,melakukan,
D0431,serangkaian,
D0431,penyelidikan,
D0431,kemudian,
D0431,kita,
D0431,bisa,
D0431,mengidentifikasi,
D0431,pelaku,
D0431,dan,
D0431,kita,
D0431,melakukan,
D0431,penangkapan,
D0431,terhadap,
D0431,pelaku,
D0431,kata,
D0431,Kapolrestabes,
D0431,Medan,
D0431,Kombes,
D0431,Gidion,
D0431,Arif,
D0431,Setyawan,
D0431,di,
D0431,lokasi,
D0431,penemuan,
D0431,jasad,
D0431,korban,
D0431,di,
D0431,Jalan,
D0431,Jati,
D0431,Rejo,
D0431,Desa,
D0431,Sampali,
D0431,Kecamatan,
D0431,Percut,
D0431,Sei,
D0431,Tuan,
D0431,Selasa,
D0431,17122024,
D0431,Gidion,
D0431,mengatakan,
D0431,pelaku,
D0431,ditangkap,
D0431,di,
D0431,Provinsi,
D0431,Riau,
D0431,Senin,
D0431,1612,
D0431,Pelaku,
D0431,melarikan,
D0431,diri,
D0431,setelah,
D0431,membunuh,
D0431,korban,
D0431,SCROLL,
D0431,TO,
D0431,CONTINUE,
D0431,WITH,
D0431,CONTENT,
D0431,Saat,
D0431,penangkapan,
D0431,berlangsung,
D0431,pelaku,
D0431,berupaya,
D0431,melawan,
D0431,hingga,
D0431,terpaksa,
D0431,ditembak,
D0431,di,
D0431,bagian,
D0431,kaki,
D0431,Dilakukan,
D0431,penangkapan,
D0431,di,
D0431,Bagan,
D0431,Siapiapi,
D0431,Riau,
D0431,dan,
D0431,kita,
D0431,yakini,
D0431,bahwa,
D0431,yang,
D0431,bersangkutan,
D0431,melarikan,
D0431,diri,
D0431,dari,
D0431,lokasi,
D0431,jelasnya,
D0431,Kemudian,
D0431,Gidion,
D0431,membeberkan,
D0431,aksi,
D0431,keji,
D0431,yang,
D0431,dilakukan,
D0431,oleh,
D0431,pelaku,
D0431,terhadap,
D0431,korban,
D0431,Gidion,
D0431,menyebut,
D0431,sebelum,
D0431,melakukan,
D0431,penikaman,
D0431,pelaku,
D0431,juga,
D0431,sempat,
D0431,menginjak,
D0431,tubuh,
D0431,korban,
D0431,hingga,
D0431,tulang,
D0431,rusuknya,
D0431,patah,
D0431,Dianiaya,
D0431,dulu,
D0431,dicekik,
D0431,dipukul,
D0431,diinjak,
D0431,hingga,
D0431,patah,
D0431,tulang,
D0431,rusuknya,
D0431,lalu,
D0431,ditikam,
D0431,sebut,
D0431,Gidion,
D0431,Gidion,
D0431,menyebut,
D0431,ada,
D0431,kedekatan,
D0431,antara,
D0431,korban,
D0431,dan,
D0431,pelaku,
D0431,Sebelum,
D0431,peristiwa,
D0431,itu,
D0431,terjadi,
D0431,keduanya,
D0431,sudah,
D0431,sempat,
D0431,makan,
D0431,di,
D0431,salah,
D0431,satu,
D0431,tempat,
D0431,pada,
D0431,Selasa,
D0431,1012,
D0431,Pada,
D0431,saat,
D0431,itu,
D0431,bertepatan,
D0431,dengan,
D0431,ulang,
D0431,tahun,
D0431,pelaku,
D0431,Setelah,
D0431,makan,
D0431,keduanya,
D0431,pergi,
D0431,ke,
D0431,kebun,
D0431,sawit,
D0431,tempat,
D0431,penemuan,
D0431,jasad,
D0431,korban,
D0431,dengan,
D0431,mengendarai,
D0431,sepeda,
D0431,motor,
D0431,Di,
D0431,situlah,
D0431,pelaku,
D0431,menghabisi,
D0431,nyawa,
D0431,korban,
D0431,dengan,
D0431,menganiaya,
D0431,dan,
D0431,menikamnya,
D0431,di,
D0431,bagian,
D0431,ulu,
D0431,hati,
D0431,Jasad,
D0431,korban,
D0431,sendiri,
D0431,ditemukan,
D0431,pada,
D0431,Kamis,
D0431,1212,
D0431,pagi,
D0431,Ada,
D0431,cerita,
D0431,kedekatan,
D0431,antara,
D0431,pelaku,
D0431,dan,
D0431,korban,
D0431,tetapi,
D0431,saya,
D0431,sampaikan,
D0431,sangat,
D0431,subyektif,
D0431,Ini,
D0431,kebetulan,
D0431,pelaku,
D0431,melakukan,
D0431,pada,
D0431,saat,
D0431,dia,
D0431,melaksanakan,
D0431,ulang,
D0431,tahun,
D0431,pada,
D0431,10,
D0431,Desember,
D0431,Ada,
D0431,komunikasi,
D0431,antara,
D0431,pelaku,
D0431,dengan,
D0431,korban,
D0431,makan,
D0431,di,
D0431,satu,
D0431,tempat,
D0431,kemudian,
D0431,setelah,
D0431,itu,
D0431,menuju,
D0431,ke,
D0431,sini,
D0431,jelasnya,
D0431,Mantan,
D0431,Kapolres,
D0431,Jakarta,
D0431,Utara,
D0431,itu,
D0431,menyebut,
D0431,korban,
D0431,dan,
D0431,pelaku,
D0431,sempat,
D0431,terlibat,
D0431,cekcok,
D0431,Namun,
D0431,Gidion,
D0431,enggan,
D0431,memerinci,
D0431,penyebab,
D0431,keduanya,
D0431,cekcok,
D0431,Selain,
D0431,itu,
D0431,perwira,
D0431,menengah,
D0431,Polri,
D0431,itu,
D0431,juga,
D0431,belum,
D0431,menjelaskan,
D0431,motif,
D0431,pembunuhan,
D0431,tersebut,
D0431,Namun,
D0431,kata,
D0431,Gidion,
D0431,pelaku,
D0431,sempat,
D0431,mengambil,
D0431,handphone,
D0431,korban,
D0431,setelah,
D0431,membunuhnya,
D0431,Motif,
D0431,ini,
D0431,sangat,
D0431,subyektif,
D0431,itu,
D0431,kita,
D0431,lakukan,
D0431,pendalaman,
D0431,dengan,
D0431,penyidikan,
D0431,lebih,
D0431,lanjut,
D0431,tapi,
D0431,sulit,
D0431,mematahkan,
D0431,bahwa,
D0431,ada,
D0431,motif,
D0431,kekerasan,
D0431,dan,
D0431,menguasai,
D0431,barang,
D0431,milik,
D0431,orang,
D0431,lain,
D0431,Motif,
D0431,tersebut,
D0431,tidak,
D0431,logis,
D0431,untuk,
D0431,dijadikan,
D0431,alasan,
D0431,untuk,
D0431,menghilangkan,
D0431,nyawa,
D0431,korban,
D0431,kata,
D0431,Gidion,
D0431,Gidion,
D0431,menjelaskan,
D0431,bahwa,
D0431,pisau,
D0431,yang,
D0431,digunakan,
D0431,pelaku,
D0431,untuk,
D0431,membunuh,
D0431,korban,
D0431,memang,
D0431,biasanya,
D0431,dibawa,
D0431,oleh,
D0431,pelaku,
D0431,Namun,
D0431,penyidik,
D0431,saat,
D0431,ini,
D0431,masih,
D0431,menyelidiki,
D0431,apakah,
D0431,pelaku,
D0431,memang,
D0431,telah,
D0431,merencanakan,
D0431,untuk,
D0431,membunuh,
D0431,korban,
D0431,Pisau,
D0431,ini,
D0431,memang,
D0431,karena,
D0431,dia,
D0431,profesinya,
D0431,tukang,
D0431,jadi,
D0431,pisau,
D0431,ini,
D0431,nempel,
D0431,terus,
D0431,Nanti,
D0431,kami,
D0431,buktikan,
D0431,apakah,
D0431,ini,
D0431,memang,
D0431,dipersiapkan,
D0431,kalau,
D0431,tukang,
D0431,kayaknya,
D0431,gak,
D0431,gini,
D0431,pisaunya,
D0431,ini,
D0431,pisau,
D0431,dapur,
D0431,jelasnya,
D0431,Untuk,
D0431,diketahui,
D0431,mayat,
D0431,Tiar,
D0431,Martha,
D0431,Situngkir,
D0431,ditemukan,
D0431,di,
D0431,Jalan,
D0431,Jati,
D0431,Rejo,
D0431,Desa,
D0431,Sampali,
D0431,Kecamatan,
D0431,Percut,
D0431,Sei,
D0431,Tuan,
D0431,Kapolsek,
D0431,Medan,
D0431,Tembung,
D0431,Kompol,
D0431,Jhonson,
D0431,Sitompul,
D0431,mengatakan,
D0431,mayat,
D0431,informasi,
D0431,penemuan,
D0431,mayat,
D0431,itu,
D0431,diterima,
D0431,pihaknya,
D0431,Kamis,
D0431,1212,
D0431,pagi,
D0431,Tadi,
D0431,pagi,
D0431,kita,
D0431,dapat,
D0431,informasi,
D0431,Iya,
D0431,tertancap,
D0431,pisau,
D0431,kata,
D0431,Jhonson,
D0431,saat,
D0431,dikonfirmasi,
D0431,detikSumut,
D0431,Kamis,
D0431,Jhonson,
D0431,menyebut,
D0431,mayat,
D0431,korban,
D0431,belum,
D0431,membusuk,
D0431,sepenuhnya,
D0431,Korban,
D0431,diperkirakan,
D0431,baru,
D0431,tewas,
D0431,dalam,
D0431,beberapa,
D0431,kurun,
D0431,waktu,
D0431,beberapa,
D0431,hari,
D0431,sebelum,
D0431,ditemukan,
D0431,Usai,
D0431,ditemukan,
D0431,jasad,
D0431,korban,
D0431,dibawa,
D0431,ke,
D0431,RS,
D0431,Bhayangkara,
D0431,Medan,
D0431,untuk,
D0431,diautopsi,
D0432,Perempuan,
D0432,di,
D0432,Jembrana,
D0432,Bali,
D0432,berinisial,
D0432,NKS,
D0432,47,
D0432,menawarkan,
D0432,jasa,
D0432,seks,
D0432,kepada,
D0432,para,
D0432,pelanggan,
D0432,Ia,
D0432,menjual,
D0432,dua,
D0432,wanita,
D0432,untuk,
D0432,menjadi,
D0432,pemuas,
D0432,seks,
D0432,para,
D0432,lelaki,
D0432,hidung,
D0432,belang,
D0432,Tersangka,
D0432,telah,
D0432,menjalankan,
D0432,bisnis,
D0432,ini,
D0432,selama,
D0432,kurang,
D0432,lebih,
D0432,dua,
D0432,tahun,
D0432,kata,
D0432,Kapolres,
D0432,Jembrana,
D0432,AKBP,
D0432,Endang,
D0432,Tri,
D0432,Purwanto,
D0432,saat,
D0432,press,
D0432,release,
D0432,di,
D0432,Aula,
D0432,Mapolres,
D0432,Jembrana,
D0432,Senin,
D0432,16122024,
D0432,Menurut,
D0432,Endang,
D0432,para,
D0432,korban,
D0432,diimingimingi,
D0432,sejumlah,
D0432,uang,
D0432,untuk,
D0432,mau,
D0432,melayani,
D0432,para,
D0432,pelanggan,
D0432,tersebut,
D0432,Kedua,
D0432,korban,
D0432,yang,
D0432,merupakan,
D0432,perempuan,
D0432,dewasa,
D0432,terpaksa,
D0432,melakukan,
D0432,tindakan,
D0432,tersebut,
D0432,karena,
D0432,terdesak,
D0432,kebutuhan,
D0432,ekonomi,
D0432,SCROLL,
D0432,TO,
D0432,CONTINUE,
D0432,WITH,
D0432,CONTENT,
D0432,Tindakan,
D0432,kriminalitas,
D0432,yang,
D0432,dilakukan,
D0432,NKS,
D0432,diketahui,
D0432,polisi,
D0432,berdasarkan,
D0432,informasi,
D0432,masyarakat,
D0432,Polres,
D0432,Jembrana,
D0432,lantas,
D0432,melakukan,
D0432,penyelidikan,
D0432,terhadap,
D0432,dugaan,
D0432,adanya,
D0432,praktik,
D0432,prostitusi,
D0432,di,
D0432,Kecamatan,
D0432,Negara,
D0432,Polisi,
D0432,kemudian,
D0432,menangkap,
D0432,NKS,
D0432,di,
D0432,sebuah,
D0432,penginapan,
D0432,di,
D0432,Desa,
D0432,Kaliakah,
D0432,Kecamatan,
D0432,Negara,
D0432,Jembrana,
D0432,Minggu,
D0432,17112024,
D0432,Tersangka,
D0432,diamankan,
D0432,saat,
D0432,sedang,
D0432,melakukan,
D0432,transaksi,
D0432,dengan,
D0432,korban,
D0432,di,
D0432,sebuah,
D0432,penginapan,
D0432,ungkap,
D0432,Endang,
D0432,Polres,
D0432,Jembrana,
D0432,telah,
D0432,menetapkan,
D0432,NKS,
D0432,sebagai,
D0432,tersangka,
D0432,Ia,
D0432,dijerat,
D0432,dengan,
D0432,Pasal,
D0432,2,
D0432,ayat,
D0432,1,
D0432,dan,
D0432,ayat,
D0432,2,
D0432,UndangUndang,
D0432,Nomor,
D0432,21,
D0432,Tahun,
D0432,2007,
D0432,tentang,
D0432,Tindak,
D0432,Pidana,
D0432,Perdagangan,
D0432,Orang,
D0432,TPPO,
D0432,NKS,
D0432,terancam,
D0432,pidana,
D0432,penjara,
D0432,paling,
D0432,singkat,
D0432,tiga,
D0432,tahun,
D0432,dan,
D0432,maksimal,
D0432,15,
D0432,tahun,
D0432,Kami,
D0432,mengimbau,
D0432,kepada,
D0432,masyarakat,
D0432,agar,
D0432,selalu,
D0432,waspada,
D0432,terhadap,
D0432,segala,
D0432,bentuk,
D0432,penipuan,
D0432,dan,
D0432,eksploitasi,
D0432,Laporkan,
D0432,jika,
D0432,mengetahui,
D0432,adanya,
D0432,tindak,
D0432,pidana,
D0432,perdagangan,
D0432,orang,
D0432,pinta,
D0432,Endang,
D0433,Seorang,
D0433,pria,
D0433,berinisial,
D0433,YP,
D0433,28,
D0433,di,
D0433,Gorontalo,
D0433,ditangkap,
D0433,polisi,
D0433,usai,
D0433,membunuh,
D0433,temannya,
D0433,HN,
D0433,47,
D0433,Pembunuhan,
D0433,itu,
D0433,dilakukan,
D0433,YP,
D0433,lantaran,
D0433,sakit,
D0433,hati,
D0433,diajak,
D0433,korban,
D0433,untuk,
D0433,berhubungan,
D0433,badan,
D0433,sesama,
D0433,jenis,
D0433,Pelaku,
D0433,membunuh,
D0433,korban,
D0433,dengan,
D0433,menghantam,
D0433,kepala,
D0433,korban,
D0433,dengan,
D0433,batu,
D0433,Peristiwa,
D0433,itu,
D0433,diketahui,
D0433,terjadi,
D0433,di,
D0433,Desa,
D0433,Isimu,
D0433,Raya,
D0433,Kecamatan,
D0433,Tibawa,
D0433,Kamis,
D0433,1212,
D0433,Awalnya,
D0433,korban,
D0433,mengunjungi,
D0433,pelaku,
D0433,yang,
D0433,sedang,
D0433,santai,
D0433,di,
D0433,rumahny,
D0433,dan,
D0433,mengajaknya,
D0433,jalanjalan,
D0433,Tibatiba,
D0433,korban,
D0433,datang,
D0433,mengajak,
D0433,pelaku,
D0433,untuk,
D0433,jalan,
D0433,di,
D0433,Desa,
D0433,Isimu,
D0433,Raya,
D0433,kata,
D0433,Kasat,
D0433,Reskrim,
D0433,Polres,
D0433,Gorontalo,
D0433,Faisal,
D0433,Ariyoga,
D0433,Harianja,
D0433,dilansir,
D0433,detikSulsel,
D0433,Senin,
D0433,16122024,
D0433,SCROLL,
D0433,TO,
D0433,CONTINUE,
D0433,WITH,
D0433,CONTENT,
D0433,Pelaku,
D0433,pun,
D0433,mengiyakan,
D0433,ajakan,
D0433,korban,
D0433,Namun,
D0433,setibanya,
D0433,di,
D0433,lokasi,
D0433,korban,
D0433,justru,
D0433,memaksa,
D0433,korban,
D0433,untuk,
D0433,berhubungan,
D0433,sejenis,
D0433,Pelaku,
D0433,menolak,
D0433,dan,
D0433,sempat,
D0433,cekcok,
D0433,dengan,
D0433,korban,
D0433,Di,
D0433,sana,
D0433,korban,
D0433,mengajak,
D0433,pelaku,
D0433,untuk,
D0433,berhubungan,
D0433,badan,
D0433,lalu,
D0433,pelaku,
D0433,tidak,
D0433,mau,
D0433,akhirnya,
D0433,pelaku,
D0433,dan,
D0433,korban,
D0433,terlibat,
D0433,cekcok,
D0433,adu,
D0433,mulut,
D0433,ucapnya,
D0433,Pelaku,
D0433,kemudian,
D0433,menyerang,
D0433,korban,
D0433,namun,
D0433,korban,
D0433,sempat,
D0433,menangkis,
D0433,dengan,
D0433,tangan,
D0433,Korban,
D0433,lalu,
D0433,memutuskan,
D0433,untuk,
D0433,kabur,
D0433,Korban,
D0433,berusaha,
D0433,melarikan,
D0433,diri,
D0433,namun,
D0433,terjatuh,
D0433,dan,
D0433,saat,
D0433,terjatuh,
D0433,pelaku,
D0433,langsung,
D0433,memukul,
D0433,korban,
D0433,dengan,
D0433,batu,
D0433,sampai,
D0433,meninggal,
D0433,dunia,
D0433,ucap,
D0433,Faisal,
D0433,Polisi,
D0433,pun,
D0433,lalu,
D0433,menangkap,
D0433,pelaku,
D0433,di,
D0433,kediamannya,
D0433,di,
D0433,Kecamatan,
D0433,Tibawa,
D0433,Kamis,
D0433,1212,
D0433,sekitar,
D0433,pukul,
D0433,1200,
D0433,Wita,
D0433,usai,
D0433,mendapat,
D0433,laporan,
D0433,Polisi,
D0433,juga,
D0433,mengamankan,
D0433,batu,
D0433,yang,
D0433,dipakai,
D0433,pelaku,
D0433,memukul,
D0433,korban,
D0433,Untuk,
D0433,motif,
D0433,diduga,
D0433,karena,
D0433,sakit,
D0433,hati,
D0433,ke,
D0433,korban,
D0433,lantaran,
D0433,ini,
D0433,korban,
D0433,mengajak,
D0433,pelaku,
D0433,berhubungan,
D0433,badan,
D0433,bebernya,
D0433,Atas,
D0433,perbuatannya,
D0433,pelaku,
D0433,dijerat,
D0433,dengan,
D0433,pasal,
D0433,338,
D0433,KUHP,
D0433,tentang,
D0433,Pembunuhan,
D0433,Pelaku,
D0433,terancam,
D0433,penjara,
D0433,paling,
D0433,lama,
D0433,15,
D0433,tahun,
D0433,Saat,
D0433,ini,
D0433,pelaku,
D0433,sudah,
D0433,ditahan,
D0433,di,
D0433,Mapolres,
D0433,Gorontalo,
D0433,tegas,
D0433,Faisal,
D0434,Polisi,
D0434,menangkap,
D0434,satu,
D0434,orang,
D0434,soal,
D0434,kasus,
D0434,penemuan,
D0434,mayat,
D0434,siswi,
D0434,SMP,
D0434,inisial,
D0434,AS,
D0434,12,
D0434,di,
D0434,Kabupaten,
D0434,Serdang,
D0434,Bedagai,
D0434,Sergai,
D0434,Sumatera,
D0434,Utara,
D0434,Sumut,
D0434,Pelaku,
D0434,ditangkap,
D0434,tadi,
D0434,malam,
D0434,Sudah,
D0434,ditangkap,
D0434,tadi,
D0434,malam,
D0434,1930,
D0434,WIB,
D0434,kata,
D0434,Kasat,
D0434,Reskrim,
D0434,Polres,
D0434,Sergai,
D0434,AKP,
D0434,Donny,
D0434,P,
D0434,Simatupang,
D0434,Senin,
D0434,16122024,
D0434,Donny,
D0434,menyebut,
D0434,pelaku,
D0434,yang,
D0434,ditangkap,
D0434,satu,
D0434,orang,
D0434,Namun,
D0434,dia,
D0434,enggan,
D0434,memerinci,
D0434,lebih,
D0434,lanjut,
D0434,soal,
D0434,penangkapan,
D0434,itu,
D0434,Sebab,
D0434,kata,
D0434,Donny,
D0434,kasus,
D0434,tersebut,
D0434,akan,
D0434,segera,
D0434,dirilis,
D0434,SCROLL,
D0434,TO,
D0434,CONTINUE,
D0434,WITH,
D0434,CONTENT,
D0434,Pelaku,
D0434,ditangkap,
D0434,satu,
D0434,orang,
D0434,Nanti,
D0434,dirilis,
D0434,ujarnya,
D0434,Mantan,
D0434,Kasat,
D0434,Reskrim,
D0434,Polres,
D0434,Sibolga,
D0434,itu,
D0434,menyebut,
D0434,tidak,
D0434,ada,
D0434,luka,
D0434,bekas,
D0434,senjata,
D0434,tajam,
D0434,di,
D0434,tubuh,
D0434,korban,
D0434,Namun,
D0434,dari,
D0434,hasil,
D0434,visum,
D0434,ditemukan,
D0434,bekas,
D0434,memar,
D0434,di,
D0434,leher,
D0434,korban,
D0434,Hasil,
D0434,visum,
D0434,luar,
D0434,ada,
D0434,dia,
D0434,diduga,
D0434,memar,
D0434,di,
D0434,leher,
D0434,Nggak,
D0434,ada,
D0434,tidak,
D0434,ditemukan,
D0434,luka,
D0434,senjata,
D0434,tajam,
D0434,ujarnya,
D0434,Sebelum,
D0434,dilaporkan,
D0434,hilang,
D0434,korban,
D0434,sempat,
D0434,mengantar,
D0434,temannya,
D0434,sebelum,
D0434,dilaporkan,
D0434,hilang,
D0434,Peristiwa,
D0434,itu,
D0434,terekam,
D0434,kamera,
D0434,CCTV,
D0434,Donny,
D0434,mengatakan,
D0434,peristiwa,
D0434,di,
D0434,CCTV,
D0434,itu,
D0434,terjadi,
D0434,pada,
D0434,Kamis,
D0434,1212,
D0434,Saat,
D0434,itu,
D0434,korban,
D0434,tengah,
D0434,mengantar,
D0434,temannya,
D0434,usai,
D0434,pulang,
D0434,sekolah,
D0434,Ngantar,
D0434,pulang,
D0434,kawannya,
D0434,dia,
D0434,bonceng,
D0434,kawannya,
D0434,ngantarnya,
D0434,dekat,
D0434,dengan,
D0434,rumah,
D0434,korban,
D0434,kata,
D0434,Donny,
D0434,Setelah,
D0434,mengantar,
D0434,temannya,
D0434,itu,
D0434,kata,
D0434,Donny,
D0434,korban,
D0434,tidak,
D0434,pulang,
D0434,ke,
D0434,rumahnya,
D0434,hingga,
D0434,akhirnya,
D0434,ditemukan,
D0434,tewas,
D0434,pada,
D0434,Jumat,
D0434,1312,
D0434,Pulang,
D0434,sekolah,
D0434,nggak,
D0434,nampak,
D0434,dia,
D0434,belum,
D0434,sampai,
D0434,rumah,
D0434,Kamis,
D0434,nggak,
D0434,nampak,
D0434,Jumat,
D0434,ditemukan,
D0434,jelasnya,
D0434,Sebelumnya,
D0434,diberitakan,
D0434,jasad,
D0434,korban,
D0434,ditemukan,
D0434,di,
D0434,kebun,
D0434,sawit,
D0434,warga,
D0434,di,
D0434,Dusun,
D0434,3,
D0434,Desa,
D0434,Lubuk,
D0434,Saban,
D0434,Kecamatan,
D0434,Pantai,
D0434,Cermin,
D0434,Jumat,
D0434,1312,
D0434,sore,
D0434,Korban,
D0434,merupakan,
D0434,warga,
D0434,Desa,
D0434,Lubuk,
D0434,Saban,
D0434,Petugas,
D0434,kepolisian,
D0434,pun,
D0434,turun,
D0434,ke,
D0434,lokasi,
D0434,penemuan,
D0434,mayat,
D0434,korban,
D0434,Setelah,
D0434,dicek,
D0434,mayat,
D0434,tersebut,
D0434,ternyata,
D0434,adalah,
D0434,korban,
D0434,Kapolsek,
D0434,Pantai,
D0434,Cermin,
D0434,AKP,
D0434,Herwin,
D0434,mengatakan,
D0434,saat,
D0434,olah,
D0434,TKP,
D0434,petugas,
D0434,kepolisian,
D0434,menemukan,
D0434,satu,
D0434,helm,
D0434,diduga,
D0434,milik,
D0434,pelaku,
D0434,Pada,
D0434,saat,
D0434,olah,
D0434,TKP,
D0434,ditemukan,
D0434,satu,
D0434,helm,
D0434,warna,
D0434,hitam,
D0434,yang,
D0434,diduga,
D0434,milik,
D0434,pelaku,
D0434,yang,
D0434,saat,
D0434,ini,
D0434,masih,
D0434,dalam,
D0434,proses,
D0434,penyelidikan,
D0434,kata,
D0434,Herwin,
D0434,Sabtu,
D0434,1412,
D0435,Polisi,
D0435,terus,
D0435,menyelidiki,
D0435,kasus,
D0435,wanita,
D0435,melahirkan,
D0435,sendiri,
D0435,bayinya,
D0435,dalam,
D0435,kos,
D0435,di,
D0435,Jombang,
D0435,Jawa,
D0435,Timur,
D0435,Wanita,
D0435,berinisial,
D0435,MA,
D0435,19,
D0435,ternyata,
D0435,kabur,
D0435,setelah,
D0435,tiga,
D0435,hari,
D0435,menikah,
D0435,dengan,
D0435,suaminya,
D0435,MNR,
D0435,30,
D0435,Dilansir,
D0435,dari,
D0435,detikJatim,
D0435,bayi,
D0435,perempuan,
D0435,itu,
D0435,lahir,
D0435,di,
D0435,kos,
D0435,Desa,
D0435,Kepuhkembeng,
D0435,Peterongan,
D0435,Jombang,
D0435,Meninggalnya,
D0435,bayi,
D0435,perempuan,
D0435,itu,
D0435,terkuak,
D0435,pada,
D0435,Rabu,
D0435,1112,
D0435,sekitar,
D0435,pukul,
D0435,1800,
D0435,WIB,
D0435,Pemilik,
D0435,kos,
D0435,Desa,
D0435,Kepuhkembeng,
D0435,Sunardi,
D0435,mendobrak,
D0435,pintu,
D0435,kamar,
D0435,yang,
D0435,disewa,
D0435,MA,
D0435,Ternyata,
D0435,banyak,
D0435,darah,
D0435,di,
D0435,lantai,
D0435,kamar,
D0435,Bayi,
D0435,perempuan,
D0435,yang,
D0435,baru,
D0435,dilahirkan,
D0435,MA,
D0435,sudah,
D0435,meninggal,
D0435,Sedangkan,
D0435,MA,
D0435,dalam,
D0435,kondisi,
D0435,lemas,
D0435,sehingga,
D0435,langsung,
D0435,dievakuasi,
D0435,ke,
D0435,rumah,
D0435,sakit,
D0435,Bayi,
D0435,tersebut,
D0435,lahir,
D0435,di,
D0435,usia,
D0435,kehamilan,
D0435,sekitar,
D0435,89,
D0435,bulan,
D0435,SCROLL,
D0435,TO,
D0435,CONTINUE,
D0435,WITH,
D0435,CONTENT,
D0435,Kasat,
D0435,Reskrim,
D0435,Polres,
D0435,Jombang,
D0435,AKP,
D0435,Margono,
D0435,Suhendra,
D0435,mengatakan,
D0435,polisi,
D0435,telah,
D0435,menggali,
D0435,keterangan,
D0435,dari,
D0435,suami,
D0435,MA,
D0435,MNR,
D0435,Menurut,
D0435,Margono,
D0435,MA,
D0435,dan,
D0435,MNR,
D0435,menikah,
D0435,pada,
D0435,Agustus,
D0435,2024,
D0435,Namun,
D0435,tiga,
D0435,hari,
D0435,setelah,
D0435,menikah,
D0435,MA,
D0435,kabur,
D0435,meninggalkan,
D0435,suaminya,
D0435,di,
D0435,Desa,
D0435,Randegansari,
D0435,Driyorejo,
D0435,Gresik,
D0435,Sampaisampai,
D0435,MNR,
D0435,melaporkan,
D0435,hilangnya,
D0435,istrinya,
D0435,ke,
D0435,Polres,
D0435,Gresik,
D0435,Keterangan,
D0435,suaminya,
D0435,tidak,
D0435,ada,
D0435,konflik,
D0435,belum,
D0435,pernah,
D0435,berhubungan,
D0435,cium,
D0435,saja,
D0435,belum,
D0435,Jadi,
D0435,tiga,
D0435,hari,
D0435,di,
D0435,rumah,
D0435,biasa,
D0435,saja,
D0435,kata,
D0435,Margono,
D0435,dikutip,
D0435,dari,
D0435,detikJatim,
D0435,Senin,
D0435,16122024,
D0435,Berdasarkan,
D0435,pengakuan,
D0435,MNR,
D0435,lanjut,
D0435,Margono,
D0435,bayi,
D0435,perempuan,
D0435,yang,
D0435,dilahirkan,
D0435,MA,
D0435,di,
D0435,kos,
D0435,Kepuhkembeng,
D0435,bukan,
D0435,darah,
D0435,dagingnya,
D0435,MNR,
D0435,menikahi,
D0435,MA,
D0435,yang,
D0435,kondisinya,
D0435,sudah,
D0435,hamil,
D0435,Sehingga,
D0435,hamilnya,
D0435,MA,
D0435,sudah,
D0435,diketahui,
D0435,MNR,
D0435,Pengakuan,
D0435,MNR,
D0435,sebulan,
D0435,sebelum,
D0435,menikah,
D0435,dikasih,
D0435,tahu,
D0435,sama,
D0435,orang,
D0435,tuanya,
D0435,kalau,
D0435,MA,
D0435,hamil,
D0435,Cuma,
D0435,karena,
D0435,mungkin,
D0435,pihak,
D0435,keluarga,
D0435,MNR,
D0435,merasa,
D0435,sudah,
D0435,lamaran,
D0435,dilaksanakan,
D0435,pernikahan,
D0435,Agustus,
D0435,jelasnya,
D0435,Hingga,
D0435,kini,
D0435,polisi,
D0435,masih,
D0435,menyelidiki,
D0435,sebab,
D0435,kematian,
D0435,bayi,
D0435,perempuan,
D0435,tersebut,
D0435,Jasad,
D0435,bayi,
D0435,telah,
D0435,diautopsi,
D0435,oleh,
D0435,tim,
D0435,dokter,
D0435,forensik,
D0435,RS,
D0435,Bhayangkara,
D0435,Kediri,
D0435,Sedangkan,
D0435,MA,
D0435,belum,
D0435,bisa,
D0435,diperiksa,
D0435,karena,
D0435,masih,
D0435,dirawat,
D0435,di,
D0435,RSUD,
D0435,Jombang,
D0435,Artikel,
D0435,ini,
D0435,telah,
D0435,tayang,
D0435,di,
D0435,detikJatim,
D0435,Baca,
D0435,selengkapnya,
D0435,di,
D0435,sini,
D0436,Seorang,
D0436,pria,
D0436,di,
D0436,Aceh,
D0436,Besar,
D0436,NS,
D0436,alias,
D0436,Sigam,
D0436,Ubit,
D0436,35,
D0436,diserahkan,
D0436,keluarga,
D0436,ke,
D0436,polisi,
D0436,usai,
D0436,membacok,
D0436,seorang,
D0436,warga,
D0436,yang,
D0436,sedang,
D0436,ngopi,
D0436,Pelaku,
D0436,NS,
D0436,sempat,
D0436,kabur,
D0436,usai,
D0436,beraksi,
D0436,NS,
D0436,alias,
D0436,Sigam,
D0436,Ubit,
D0436,melakukan,
D0436,pembacokan,
D0436,terhadap,
D0436,korban,
D0436,Mawardi,
D0436,disalah,
D0436,satu,
D0436,warung,
D0436,kopi,
D0436,menggunakan,
D0436,sebilah,
D0436,parang,
D0436,beberapa,
D0436,hari,
D0436,lalu,
D0436,kini,
D0436,ia,
D0436,telah,
D0436,diserahkan,
D0436,kepada,
D0436,kami,
D0436,kata,
D0436,Kapolsek,
D0436,Kuta,
D0436,Baro,
D0436,Iptu,
D0436,Muhammad,
D0436,Jabir,
D0436,dalam,
D0436,keterangannya,
D0436,Senin,
D0436,16122024,
D0436,Insiden,
D0436,itu,
D0436,bermula,
D0436,saat,
D0436,korban,
D0436,Mawardi,
D0436,47,
D0436,berada,
D0436,di,
D0436,sebuah,
D0436,warung,
D0436,kopi,
D0436,di,
D0436,Kecamatan,
D0436,Kuta,
D0436,Baro,
D0436,Aceh,
D0436,Besar,
D0436,pada,
D0436,1212,
D0436,malam,
D0436,Mawardi,
D0436,saat,
D0436,itu,
D0436,sedang,
D0436,mengobrol,
D0436,bersama,
D0436,seorang,
D0436,temannya,
D0436,sambil,
D0436,ngopi,
D0436,SCROLL,
D0436,TO,
D0436,CONTINUE,
D0436,WITH,
D0436,CONTENT,
D0436,Tibatiba,
D0436,pelaku,
D0436,datang,
D0436,dan,
D0436,keduanya,
D0436,terlibat,
D0436,cekcok,
D0436,mulut,
D0436,hingga,
D0436,berujung,
D0436,pembacokan,
D0436,Sejumlah,
D0436,warga,
D0436,yang,
D0436,berada,
D0436,di,
D0436,sana,
D0436,berusaha,
D0436,melerai,
D0436,dan,
D0436,korban,
D0436,dibawa,
D0436,ke,
D0436,Rumah,
D0436,Sakit,
D0436,Cempaka,
D0436,Lima,
D0436,untuk,
D0436,mendapatkan,
D0436,perawatan,
D0436,Mawardi,
D0436,disebut,
D0436,mengalami,
D0436,luka,
D0436,bacok,
D0436,di,
D0436,bagian,
D0436,tangan,
D0436,bahu,
D0436,dan,
D0436,punggung,
D0436,Sementara,
D0436,pelaku,
D0436,saat,
D0436,itu,
D0436,melarikan,
D0436,diri,
D0436,sehingga,
D0436,diburu,
D0436,polisi,
D0436,Tiga,
D0436,hari,
D0436,usai,
D0436,kejadian,
D0436,pihak,
D0436,keluarga,
D0436,menyerahkan,
D0436,Sigam,
D0436,Ubit,
D0436,ke,
D0436,Unit,
D0436,Reskrim,
D0436,Polsek,
D0436,Kuta,
D0436,Baro,
D0436,pada,
D0436,Minggu,
D0436,1512,
D0436,Pelaku,
D0436,saat,
D0436,ini,
D0436,masih,
D0436,menjalani,
D0436,pemeriksaan,
D0436,dan,
D0436,polisi,
D0436,masih,
D0436,mendalami,
D0436,kasus,
D0436,tersebut,
D0436,Jadi,
D0436,diduga,
D0436,keduanya,
D0436,ini,
D0436,salah,
D0436,paham,
D0436,sehingga,
D0436,terjadi,
D0436,cekcok,
D0436,dan,
D0436,pertengkaran,
D0436,jelas,
D0436,Jabir,
D0437,Seorang,
D0437,pria,
D0437,asal,
D0437,Sidoarjo,
D0437,Aditya,
D0437,Zulfari,
D0437,23,
D0437,menjadi,
D0437,korban,
D0437,perampasan,
D0437,sepeda,
D0437,motor,
D0437,oleh,
D0437,kawanan,
D0437,begal,
D0437,yang,
D0437,berjumlah,
D0437,puluhan,
D0437,orang,
D0437,Peristiwa,
D0437,itu,
D0437,terjadi,
D0437,di,
D0437,Jalan,
D0437,Raya,
D0437,Tado,
D0437,Desa,
D0437,Singkalan,
D0437,Kecamatan,
D0437,Balongbendo,
D0437,Kabupaten,
D0437,Sidoarjo,
D0437,Jumat,
D0437,13122024,
D0437,malam,
D0437,Dalam,
D0437,kejadian,
D0437,tersebut,
D0437,korban,
D0437,juga,
D0437,dianiaya,
D0437,secara,
D0437,bersamasama,
D0437,para,
D0437,pelaku,
D0437,berjumlah,
D0437,puluhan,
D0437,orang,
D0437,yang,
D0437,diduga,
D0437,masih,
D0437,remaja,
D0437,Kapolsek,
D0437,Balongbendo,
D0437,AKP,
D0437,Sugeng,
D0437,Sulistiyono,
D0437,mengatakan,
D0437,insiden,
D0437,ini,
D0437,terjadi,
D0437,pada,
D0437,Jumat,
D0437,13122024,
D0437,sekitar,
D0437,pukul,
D0437,2230,
D0437,WIB,
D0437,SCROLL,
D0437,TO,
D0437,CONTINUE,
D0437,WITH,
D0437,CONTENT,
D0437,Pada,
D0437,saat,
D0437,itu,
D0437,korban,
D0437,yang,
D0437,tengah,
D0437,mengendarai,
D0437,sepeda,
D0437,motor,
D0437,Honda,
D0437,BeAT,
D0437,dengan,
D0437,nomor,
D0437,polisi,
D0437,W,
D0437,5791,
D0437,NAI,
D0437,bersama,
D0437,dua,
D0437,temannya,
D0437,hendak,
D0437,membeli,
D0437,makanan,
D0437,Mereka,
D0437,tibatiba,
D0437,berpapasan,
D0437,dengan,
D0437,sekitar,
D0437,30,
D0437,orang,
D0437,yang,
D0437,berkendara,
D0437,menggunakan,
D0437,sepeda,
D0437,motor,
D0437,Tidak,
D0437,lama,
D0437,setelah,
D0437,itu,
D0437,kelompok,
D0437,tersebut,
D0437,berbalik,
D0437,arah,
D0437,dan,
D0437,menyerang,
D0437,korban,
D0437,kata,
D0437,Sugeng,
D0437,saat,
D0437,dikonfirmasi,
D0437,Minggu,
D0437,15122024,
D0437,Pelaku,
D0437,menendang,
D0437,sepeda,
D0437,motor,
D0437,yang,
D0437,dikendarai,
D0437,korban,
D0437,lalu,
D0437,melakukan,
D0437,pengeroyokan,
D0437,Akibatnya,
D0437,korban,
D0437,mengalami,
D0437,lukaluka,
D0437,di,
D0437,bagian,
D0437,kepala,
D0437,belakang,
D0437,telinga,
D0437,dahi,
D0437,dan,
D0437,punggung,
D0437,Selain,
D0437,itu,
D0437,pelaku,
D0437,juga,
D0437,merampas,
D0437,sepeda,
D0437,motor,
D0437,Honda,
D0437,Beat,
D0437,milik,
D0437,korban,
D0437,imbuh,
D0437,Sugeng,
D0437,Setelah,
D0437,kejadian,
D0437,korban,
D0437,selanjutnya,
D0437,melapor,
D0437,ke,
D0437,Polsek,
D0437,Balongbendo,
D0437,pada,
D0437,pukul,
D0437,0130,
D0437,WIB,
D0437,pada,
D0437,hari,
D0437,Sabtu,
D0437,14122024,
D0437,Polisi,
D0437,langsung,
D0437,melakukan,
D0437,olah,
D0437,tempat,
D0437,kejadian,
D0437,perkara,
D0437,TKP,
D0437,dan,
D0437,membawa,
D0437,korban,
D0437,ke,
D0437,Puskesmas,
D0437,untuk,
D0437,perawatan,
D0437,medis,
D0437,Kasus,
D0437,ini,
D0437,masih,
D0437,dalam,
D0437,penyelidikan,
D0437,kami,
D0437,tengah,
D0437,memeriksa,
D0437,saksisaksi,
D0437,dan,
D0437,berusaha,
D0437,mengidentifikasi,
D0437,para,
D0437,pelaku,
D0437,Kami,
D0437,berharap,
D0437,mereka,
D0437,dapat,
D0437,segera,
D0437,tertangkap,
D0437,tambahnya,
D0437,Pihak,
D0437,kepolisian,
D0437,kini,
D0437,fokus,
D0437,pada,
D0437,upaya,
D0437,pelacakan,
D0437,para,
D0437,pelaku,
D0437,dan,
D0437,memastikan,
D0437,agar,
D0437,kejadian,
D0437,serupa,
D0437,tidak,
D0437,terulang,
D0437,di,
D0437,wilayah,
D0437,tersebut,
D0438,Berbagai,
D0438,peristiwa,
D0438,dan,
D0438,kasus,
D0438,kriminal,
D0438,terjadi,
D0438,di,
D0438,wilayah,
D0438,Sumatera,
D0438,Utara,
D0438,Sumut,
D0438,dalam,
D0438,sepekan,
D0438,terakhir,
D0438,Misalnya,
D0438,bentrok,
D0438,antara,
D0438,organisasi,
D0438,kemasyarakatan,
D0438,ormas,
D0438,Grib,
D0438,dan,
D0438,PP,
D0438,hingga,
D0438,seorang,
D0438,wanita,
D0438,yang,
D0438,ditemukan,
D0438,tewas,
D0438,dengan,
D0438,pisau,
D0438,tertancap,
D0438,di,
D0438,perutnya,
D0438,Berikut,
D0438,detikSumut,
D0438,rangkum,
D0438,peristiwa,
D0438,dan,
D0438,kasus,
D0438,kriminal,
D0438,yang,
D0438,terjadi,
D0438,dalam,
D0438,sepekan,
D0438,ini,
D0438,Seorang,
D0438,pria,
D0438,bernama,
D0438,Riswandi,
D0438,43,
D0438,menikam,
D0438,pekerja,
D0438,warung,
D0438,kopi,
D0438,bernama,
D0438,Anwar,
D0438,34,
D0438,di,
D0438,Kota,
D0438,Medan,
D0438,Pelaku,
D0438,nekat,
D0438,menikam,
D0438,korban,
D0438,karena,
D0438,merasa,
D0438,korban,
D0438,akan,
D0438,membunuh,
D0438,keluarganya,
D0438,SCROLL,
D0438,TO,
D0438,CONTINUE,
D0438,WITH,
D0438,CONTENT,
D0438,Kanit,
D0438,Reskrim,
D0438,Polsek,
D0438,Medan,
D0438,Area,
D0438,Iptu,
D0438,Poltak,
D0438,Tambunan,
D0438,mengatakan,
D0438,peristiwa,
D0438,itu,
D0438,terjadi,
D0438,di,
D0438,warung,
D0438,TST,
D0438,Pak,
D0438,Haji,
D0438,di,
D0438,Jalan,
D0438,Puri,
D0438,Kecamatan,
D0438,Medan,
D0438,Area,
D0438,Sabtu,
D0438,7122024,
D0438,sekira,
D0438,pukul,
D0438,0300,
D0438,WIB,
D0438,Saat,
D0438,itu,
D0438,korban,
D0438,tengah,
D0438,bekerja,
D0438,di,
D0438,warung,
D0438,tersebut,
D0438,Korban,
D0438,yang,
D0438,sedang,
D0438,bekerja,
D0438,didatangi,
D0438,pelaku,
D0438,Tanpa,
D0438,ngomong,
D0438,pelaku,
D0438,langsung,
D0438,melakukan,
D0438,penikaman,
D0438,terhadap,
D0438,korban,
D0438,menggunakan,
D0438,sebuah,
D0438,pisau,
D0438,yang,
D0438,disiapkan,
D0438,pelaku,
D0438,hingga,
D0438,korban,
D0438,terjatuh,
D0438,bersimbah,
D0438,darah,
D0438,kata,
D0438,Poltak,
D0438,Senin,
D0438,912,
D0438,Poltak,
D0438,menyebut,
D0438,setelah,
D0438,melakukan,
D0438,aksi,
D0438,tersebut,
D0438,pelaku,
D0438,langsung,
D0438,pergi,
D0438,melarikan,
D0438,diri,
D0438,Akibat,
D0438,kejadian,
D0438,itu,
D0438,korban,
D0438,mengalami,
D0438,sejumlah,
D0438,tikaman,
D0438,di,
D0438,punggung,
D0438,dan,
D0438,di,
D0438,dekat,
D0438,telinga,
D0438,Pihak,
D0438,kepolisian,
D0438,yang,
D0438,menerima,
D0438,informasi,
D0438,kejadian,
D0438,itu,
D0438,lalu,
D0438,mencari,
D0438,pelaku,
D0438,dan,
D0438,mengamankannya,
D0438,pada,
D0438,hari,
D0438,yang,
D0438,sama,
D0438,sekira,
D0438,pukul,
D0438,2100,
D0438,WIB,
D0438,di,
D0438,lokasi,
D0438,kejadian,
D0438,Berdasarkan,
D0438,pengakuan,
D0438,pelaku,
D0438,motifnya,
D0438,menikam,
D0438,korban,
D0438,karena,
D0438,merasa,
D0438,korban,
D0438,akan,
D0438,membunuh,
D0438,keluarganya,
D0438,Namun,
D0438,Poltak,
D0438,menyebut,
D0438,motif,
D0438,pelaku,
D0438,tersebut,
D0438,belum,
D0438,bisa,
D0438,dipastikan,
D0438,Dia,
D0438,mengatakan,
D0438,pihaknya,
D0438,masih,
D0438,menyelidikinya,
D0438,Seorang,
D0438,tukang,
D0438,becak,
D0438,bernama,
D0438,Henri,
D0438,Sitanggang,
D0438,41,
D0438,menyetubuhi,
D0438,remaja,
D0438,berusia,
D0438,19,
D0438,tahun,
D0438,di,
D0438,Kabupaten,
D0438,Deli,
D0438,Serdang,
D0438,hingga,
D0438,hamil,
D0438,Pelaku,
D0438,mencabuli,
D0438,korban,
D0438,sebanyak,
D0438,20,
D0438,kali,
D0438,sejak,
D0438,korban,
D0438,masih,
D0438,SMP,
D0438,Pengakuannya,
D0438,pelaku,
D0438,sebanyak,
D0438,kurang,
D0438,lebih,
D0438,20,
D0438,kali,
D0438,kata,
D0438,Kasat,
D0438,Reskrim,
D0438,Polresta,
D0438,Deli,
D0438,Serdang,
D0438,Kompol,
D0438,Rizki,
D0438,Akbar,
D0438,saat,
D0438,dikonfirmasi,
D0438,detikSumut,
D0438,Senin,
D0438,912,
D0438,Rizki,
D0438,menyebut,
D0438,pencabulan,
D0438,itu,
D0438,telah,
D0438,terjadi,
D0438,sejak,
D0438,tahun,
D0438,2018,
D0438,saat,
D0438,korban,
D0438,masih,
D0438,duduk,
D0438,di,
D0438,bangku,
D0438,SMP,
D0438,Sementara,
D0438,perbuatan,
D0438,bejat,
D0438,pelaku,
D0438,itu,
D0438,baru,
D0438,terungkap,
D0438,pada,
D0438,Juli,
D0438,2024,
D0438,Usai,
D0438,mengetahui,
D0438,hal,
D0438,itu,
D0438,orang,
D0438,tua,
D0438,korban,
D0438,membuat,
D0438,laporan,
D0438,ke,
D0438,Polresta,
D0438,Deli,
D0438,Serdang,
D0438,Pihak,
D0438,kepolisian,
D0438,pun,
D0438,menyelidiki,
D0438,kasus,
D0438,tersebut,
D0438,dan,
D0438,menangkap,
D0438,pelaku,
D0438,di,
D0438,Kabupaten,
D0438,Labuhanbatu,
D0438,Selatan,
D0438,Labusel,
D0438,Jumat,
D0438,612,
D0438,Perwira,
D0438,menengah,
D0438,Polri,
D0438,itu,
D0438,menyebut,
D0438,pelaku,
D0438,menyetubuhi,
D0438,korban,
D0438,dengan,
D0438,modus,
D0438,mengantar,
D0438,dan,
D0438,menjemput,
D0438,korban,
D0438,ke,
D0438,sekolah,
D0438,Setelah,
D0438,melakukan,
D0438,aksi,
D0438,bejatnya,
D0438,pelaku,
D0438,mengancam,
D0438,korban,
D0438,untuk,
D0438,tidak,
D0438,memberitahu,
D0438,soal,
D0438,pencabulan,
D0438,tersebut,
D0438,Dua,
D0438,warga,
D0438,di,
D0438,Kabupaten,
D0438,Padang,
D0438,Lawas,
D0438,Palas,
D0438,dibacok,
D0438,dan,
D0438,ditombak,
D0438,sejumlah,
D0438,orang,
D0438,gegara,
D0438,persoalan,
D0438,lahan,
D0438,Polisi,
D0438,saat,
D0438,ini,
D0438,telah,
D0438,mengamankan,
D0438,tiga,
D0438,orang,
D0438,pelaku,
D0438,Kasi,
D0438,Humas,
D0438,Polres,
D0438,Palas,
D0438,Iptu,
D0438,Arwansyah,
D0438,Batubara,
D0438,menyebut,
D0438,peristiwa,
D0438,itu,
D0438,terjadi,
D0438,di,
D0438,Rura,
D0438,Sigatel,
D0438,Desa,
D0438,Pasir,
D0438,Pinang,
D0438,Kecamatan,
D0438,Huristak,
D0438,Rabu,
D0438,412,
D0438,pukul,
D0438,1400,
D0438,WIB,
D0438,Lalu,
D0438,ketiga,
D0438,pelaku,
D0438,diamankan,
D0438,pada,
D0438,Jumat,
D0438,612,
D0438,Ketiganya,
D0438,yakni,
D0438,AAH,
D0438,50,
D0438,RH,
D0438,50,
D0438,dan,
D0438,OH,
D0438,38,
D0438,Mereka,
D0438,berprofesi,
D0438,sebagai,
D0438,petani,
D0438,Ketiga,
D0438,tersangka,
D0438,telah,
D0438,mengakui,
D0438,perbuatanya,
D0438,Mereka,
D0438,melakukan,
D0438,kekerasan,
D0438,terhadap,
D0438,korban,
D0438,dengan,
D0438,cara,
D0438,membacok,
D0438,perut,
D0438,dengan,
D0438,parang,
D0438,membacok,
D0438,tangan,
D0438,menombak,
D0438,perut,
D0438,serta,
D0438,membacok,
D0438,kepala,
D0438,korban,
D0438,kata,
D0438,Arwansyah,
D0438,Senin,
D0438,912,
D0438,Arwansyah,
D0438,menyebut,
D0438,kejadian,
D0438,itu,
D0438,berawal,
D0438,saat,
D0438,kedua,
D0438,korban,
D0438,yakni,
D0438,HTD,
D0438,38,
D0438,dan,
D0438,TD,
D0438,44,
D0438,pergi,
D0438,bersama,
D0438,sejumlah,
D0438,temannya,
D0438,ke,
D0438,arah,
D0438,sungai,
D0438,yang,
D0438,berada,
D0438,di,
D0438,Rura,
D0438,Sigatel,
D0438,tersebut,
D0438,Korban,
D0438,dan,
D0438,temantemanya,
D0438,berjalan,
D0438,dengan,
D0438,posisi,
D0438,korban,
D0438,TD,
D0438,berada,
D0438,di,
D0438,depan,
D0438,korban,
D0438,HTD,
D0438,dengan,
D0438,jarak,
D0438,kurang,
D0438,lebih,
D0438,10,
D0438,meter,
D0438,Saat,
D0438,tengah,
D0438,berjalan,
D0438,tersebut,
D0438,tibatiba,
D0438,ketiga,
D0438,pelaku,
D0438,yang,
D0438,bersembunyi,
D0438,di,
D0438,belakang,
D0438,pohon,
D0438,sawit,
D0438,keluar,
D0438,dan,
D0438,langsung,
D0438,membacok,
D0438,korban,
D0438,Selain,
D0438,itu,
D0438,mereka,
D0438,juga,
D0438,menombak,
D0438,korban,
D0438,Atas,
D0438,kejadian,
D0438,itu,
D0438,korban,
D0438,membuat,
D0438,laporan,
D0438,ke,
D0438,Polsek,
D0438,Barumun,
D0438,Tengah,
D0438,Pihak,
D0438,kepolisian,
D0438,yang,
D0438,menerima,
D0438,laporan,
D0438,itu,
D0438,lalu,
D0438,memburu,
D0438,pelaku,
D0438,ke,
D0438,sejumlah,
D0438,tempat,
D0438,Namun,
D0438,pada,
D0438,akhirnya,
D0438,ketiga,
D0438,pelaku,
D0438,mendatangi,
D0438,Polsek,
D0438,Barumun,
D0438,Tengah,
D0438,dan,
D0438,menyerahkan,
D0438,diri,
D0438,Perwira,
D0438,pertama,
D0438,Polri,
D0438,itu,
D0438,menyebut,
D0438,peristiwa,
D0438,itu,
D0438,dipicu,
D0438,karena,
D0438,permasalahan,
D0438,lahan,
D0438,Sebab,
D0438,antara,
D0438,korban,
D0438,dan,
D0438,pelaku,
D0438,kata,
D0438,Arwansyah,
D0438,saling,
D0438,mengklaim,
D0438,suatu,
D0438,lahan,
D0438,Baca,
D0438,selengkapnya,
D0438,di,
D0438,halaman,
D0438,berikutnya,
D0438,Ratusan,
D0438,anggota,
D0438,organisasi,
D0438,masyarakat,
D0438,ormas,
D0438,GRIB,
D0438,dan,
D0438,PP,
D0438,terlibat,
D0438,bentrok,
D0438,di,
D0438,Kabupaten,
D0438,Serdang,
D0438,Bedagai,
D0438,Sergai,
D0438,Dalam,
D0438,peristiwa,
D0438,itu,
D0438,ada,
D0438,satu,
D0438,orang,
D0438,yang,
D0438,mengalami,
D0438,lukaluka,
D0438,dan,
D0438,ada,
D0438,markas,
D0438,ormas,
D0438,yang,
D0438,dibakar,
D0438,Plt,
D0438,Kasi,
D0438,Humas,
D0438,Polres,
D0438,Sergai,
D0438,Iptu,
D0438,Ardika,
D0438,Junaidi,
D0438,Napitupulu,
D0438,mengatakan,
D0438,bentrok,
D0438,itu,
D0438,dua,
D0438,kali,
D0438,terjadi,
D0438,di,
D0438,Kecamatan,
D0438,Perbaungan,
D0438,Senin,
D0438,912,
D0438,Pertama,
D0438,kali,
D0438,terjadi,
D0438,sekira,
D0438,pukul,
D0438,1300,
D0438,WIB,
D0438,Dia,
D0438,menyebut,
D0438,gak,
D0438,bentrok,
D0438,itu,
D0438,dipicu,
D0438,karena,
D0438,selisih,
D0438,paham,
D0438,Sekira,
D0438,pukul,
D0438,1300,
D0438,WIB,
D0438,telah,
D0438,terjadi,
D0438,bentrok,
D0438,antara,
D0438,kedua,
D0438,belah,
D0438,pihak,
D0438,yakni,
D0438,Ormas,
D0438,PP,
D0438,dan,
D0438,Ormas,
D0438,GRIB,
D0438,dikarenakan,
D0438,selisih,
D0438,paham,
D0438,antara,
D0438,kedua,
D0438,belah,
D0438,pihak,
D0438,kata,
D0438,Ardika,
D0438,Selasa,
D0438,1012,
D0438,Selang,
D0438,beberapa,
D0438,waktu,
D0438,pihak,
D0438,kepolisian,
D0438,datang,
D0438,dan,
D0438,melerai,
D0438,bentrok,
D0438,itu,
D0438,Kemudian,
D0438,kedua,
D0438,ormas,
D0438,itu,
D0438,dibawa,
D0438,ke,
D0438,Polsek,
D0438,Perbaungan,
D0438,untuk,
D0438,dimediasi,
D0438,Namun,
D0438,ternyata,
D0438,permasalahan,
D0438,itu,
D0438,kembali,
D0438,memanas,
D0438,Kedua,
D0438,belah,
D0438,pihak,
D0438,kembali,
D0438,terlibat,
D0438,bentrok,
D0438,pada,
D0438,malam,
D0438,harinya,
D0438,Anggota,
D0438,ormas,
D0438,tersebut,
D0438,juga,
D0438,membawa,
D0438,senjata,
D0438,tajam,
D0438,Ada,
D0438,satu,
D0438,anggota,
D0438,ormas,
D0438,PP,
D0438,yang,
D0438,terluka,
D0438,dan,
D0438,kantor,
D0438,ormas,
D0438,GRIB,
D0438,juga,
D0438,dibakar,
D0438,Setelah,
D0438,kejadian,
D0438,itu,
D0438,kata,
D0438,Ardika,
D0438,pihaknya,
D0438,kembali,
D0438,memediasi,
D0438,kasus,
D0438,tersebut,
D0438,Mediasi,
D0438,itu,
D0438,juga,
D0438,dihadiri,
D0438,pimpinan,
D0438,kedua,
D0438,ormas,
D0438,itu,
D0438,Kapolsek,
D0438,Perbaungan,
D0438,AKP,
D0438,S,
D0438,Gurusinga,
D0438,mengatakan,
D0438,bentrok,
D0438,pertama,
D0438,terjadi,
D0438,di,
D0438,dekat,
D0438,Sungai,
D0438,Ular,
D0438,Kecamatan,
D0438,Perbaungan,
D0438,sedangkan,
D0438,bentrok,
D0438,kedua,
D0438,di,
D0438,dekat,
D0438,Mode,
D0438,Fashion,
D0438,Kecamatan,
D0438,Perbaungan,
D0438,Bentrok,
D0438,itu,
D0438,kata,
D0438,Gurusinga,
D0438,dipicu,
D0438,permasalahan,
D0438,plang,
D0438,Mungkin,
D0438,ada,
D0438,perselisihan,
D0438,adaada,
D0438,bahasabahasa,
D0438,yang,
D0438,nggak,
D0438,enak,
D0438,ada,
D0438,ketersinggungan,
D0438,lah,
D0438,Jadi,
D0438,ada,
D0438,pencopotan,
D0438,plang,
D0438,kedua,
D0438,belah,
D0438,pihak,
D0438,awalnya,
D0438,GRIB,
D0438,yang,
D0438,dicopot,
D0438,plangnya,
D0438,kata,
D0438,Gurusinga,
D0438,Seorang,
D0438,pria,
D0438,bernama,
D0438,Arianto,
D0438,Ginting,
D0438,32,
D0438,membobol,
D0438,salah,
D0438,satu,
D0438,sekolah,
D0438,di,
D0438,Kota,
D0438,Medan,
D0438,dan,
D0438,mencuri,
D0438,tiga,
D0438,laptop,
D0438,Uang,
D0438,hasil,
D0438,mencuri,
D0438,itu,
D0438,digunakan,
D0438,pelaku,
D0438,untuk,
D0438,membeli,
D0438,narkoba,
D0438,Kanit,
D0438,Reskrim,
D0438,Polsek,
D0438,Medan,
D0438,Barat,
D0438,Iptu,
D0438,Darman,
D0438,Lumban,
D0438,Raja,
D0438,mengatakan,
D0438,pencurian,
D0438,itu,
D0438,terjadi,
D0438,di,
D0438,SD,
D0438,Swasta,
D0438,IT,
D0438,Mawaddah,
D0438,Warohmah,
D0438,Jalan,
D0438,Karya,
D0438,Setuju,
D0438,Kecamatan,
D0438,Medan,
D0438,Barat,
D0438,Selasa,
D0438,2352023,
D0438,dini,
D0438,hari,
D0438,Lalu,
D0438,pelaku,
D0438,ditangkap,
D0438,pada,
D0438,Minggu,
D0438,812,
D0438,Laptop,
D0438,dijual,
D0438,kepada,
D0438,seseorang,
D0438,inisial,
D0438,B,
D0438,yang,
D0438,saat,
D0438,ini,
D0438,sedang,
D0438,dalam,
D0438,pencarian,
D0438,Uangnya,
D0438,digunakan,
D0438,untuk,
D0438,membeli,
D0438,narkoba,
D0438,serta,
D0438,makan,
D0438,minum,
D0438,seharihari,
D0438,kata,
D0438,Darman,
D0438,Rabu,
D0438,1112,
D0438,Atas,
D0438,kejadian,
D0438,itu,
D0438,pihak,
D0438,sekolah,
D0438,membuat,
D0438,laporan,
D0438,ke,
D0438,Polsek,
D0438,Medan,
D0438,Barat,
D0438,Petugas,
D0438,kepolisian,
D0438,yang,
D0438,menerima,
D0438,laporan,
D0438,itu,
D0438,lalu,
D0438,mencari,
D0438,pelaku,
D0438,dan,
D0438,menangkapnya,
D0438,di,
D0438,Jalan,
D0438,Karya,
D0438,Setuju,
D0438,Namun,
D0438,saat,
D0438,proses,
D0438,pengembangan,
D0438,pelaku,
D0438,berupaya,
D0438,melarikan,
D0438,diri,
D0438,hingga,
D0438,terpaksa,
D0438,ditembak,
D0438,oleh,
D0438,petugas,
D0438,kepolisian,
D0438,di,
D0438,bagian,
D0438,kaki,
D0438,Berdasarkan,
D0438,hasil,
D0438,pemeriksaan,
D0438,kata,
D0438,Darman,
D0438,pelaku,
D0438,sudah,
D0438,empat,
D0438,kali,
D0438,masuk,
D0438,penjara,
D0438,karena,
D0438,kasus,
D0438,pencurian,
D0438,Pencurian,
D0438,tersebut,
D0438,terjadi,
D0438,pada,
D0438,2014,
D0438,2016,
D0438,2017,
D0438,dan,
D0438,2020,
D0438,Jasad,
D0438,seorang,
D0438,wanita,
D0438,ditemukan,
D0438,tewas,
D0438,di,
D0438,salah,
D0438,satu,
D0438,perkebunan,
D0438,sawit,
D0438,di,
D0438,Kabupaten,
D0438,Deli,
D0438,Serdang,
D0438,Di,
D0438,bagian,
D0438,perut,
D0438,korban,
D0438,masih,
D0438,tertancap,
D0438,pisau,
D0438,Kapolsek,
D0438,Medan,
D0438,Tembung,
D0438,Kompol,
D0438,Jhonson,
D0438,Sitompul,
D0438,mengatakan,
D0438,mayat,
D0438,tersebut,
D0438,ditemukan,
D0438,di,
D0438,Jalan,
D0438,Jati,
D0438,Rejo,
D0438,Desa,
D0438,Sampali,
D0438,Kecamatan,
D0438,Percut,
D0438,Sei,
D0438,Tuan,
D0438,Informasi,
D0438,penemuan,
D0438,mayat,
D0438,itu,
D0438,diterima,
D0438,pihaknya,
D0438,Kamis,
D0438,pagi,
D0438,Korban,
D0438,kata,
D0438,Jhonson,
D0438,berinisial,
D0438,TM,
D0438,33,
D0438,Tadi,
D0438,pagi,
D0438,kita,
D0438,dapat,
D0438,informasi,
D0438,Iya,
D0438,tertancap,
D0438,pisau,
D0438,kata,
D0438,Jhonson,
D0438,saat,
D0438,dikonfirmasi,
D0438,detikSumut,
D0438,Kamis,
D0438,1212,
D0438,Berdasarkan,
D0438,hasil,
D0438,penyelidikan,
D0438,sementara,
D0438,Jhonson,
D0438,menyebut,
D0438,korban,
D0438,diduga,
D0438,dibunuh,
D0438,Saat,
D0438,ini,
D0438,pihak,
D0438,kepolisian,
D0438,tengah,
D0438,memburu,
D0438,pelaku,
D0438,pembunuhan,
D0438,tersebut,
D0438,Polisi,
D0438,mencegat,
D0438,mobil,
D0438,yang,
D0438,membawa,
D0438,lima,
D0438,calon,
D0438,Pekerja,
D0438,Migran,
D0438,Indonesia,
D0438,PMI,
D0438,ilegal,
D0438,tujuan,
D0438,Malaysia,
D0438,di,
D0438,Kabupaten,
D0438,Labuhanbatu,
D0438,Utara,
D0438,Labura,
D0438,Seorang,
D0438,kakek,
D0438,bernama,
D0438,Maulana,
D0438,Malik,
D0438,Sirait,
D0438,59,
D0438,turut,
D0438,diamankan,
D0438,karena,
D0438,menjadi,
D0438,agen,
D0438,penyelundupan,
D0438,PMI,
D0438,itu,
D0438,Pelaku,
D0438,merupakan,
D0438,agen,
D0438,yang,
D0438,selama,
D0438,ini,
D0438,menyalurkan,
D0438,PMI,
D0438,ke,
D0438,wilayah,
D0438,Malaysia,
D0438,tanpa,
D0438,melalui,
D0438,prosedur,
D0438,yang,
D0438,telah,
D0438,ditentukan,
D0438,dan,
D0438,tidak,
D0438,memiliki,
D0438,izin,
D0438,apapun,
D0438,terkait,
D0438,kegiatan,
D0438,penyaluran,
D0438,PMI,
D0438,kata,
D0438,Kasat,
D0438,Reskrim,
D0438,Polres,
D0438,Labuhanbatu,
D0438,AKP,
D0438,Teuku,
D0438,Rivanda,
D0438,Ikhsan,
D0438,Jumat,
D0438,1312,
D0438,Rivanda,
D0438,mengatakan,
D0438,pengungkapan,
D0438,itu,
D0438,berawal,
D0438,saat,
D0438,pihaknya,
D0438,mendapatkan,
D0438,informasi,
D0438,soal,
D0438,adanya,
D0438,mobil,
D0438,yang,
D0438,membawa,
D0438,PMI,
D0438,ilegal,
D0438,dari,
D0438,Kota,
D0438,Tanjungbalai,
D0438,Pihak,
D0438,kepolisian,
D0438,pun,
D0438,menyelidiki,
D0438,informasi,
D0438,tersebut,
D0438,dan,
D0438,menemukan,
D0438,mobil,
D0438,tersebut,
D0438,di,
D0438,Jalinsum,
D0438,Aek,
D0438,Kanopan,
D0438,Kecamatan,
D0438,Kualuh,
D0438,Hulu,
D0438,Kamis,
D0438,512,
D0438,malam,
D0438,Petugas,
D0438,lalu,
D0438,mencegat,
D0438,mobil,
D0438,tersebut,
D0438,dan,
D0438,menggeledahnya,
D0438,Di,
D0438,dalam,
D0438,mobil,
D0438,itu,
D0438,ditemukan,
D0438,ada,
D0438,tujuh,
D0438,orang,
D0438,yang,
D0438,terdiri,
D0438,dari,
D0438,sopir,
D0438,lima,
D0438,calon,
D0438,PMI,
D0438,ilegal,
D0438,dan,
D0438,pelaku,
D0438,Maulana,
D0438,Para,
D0438,PMI,
D0438,itu,
D0438,kata,
D0438,Rivanda,
D0438,berasal,
D0438,dari,
D0438,sejumlah,
D0438,daerah,
D0438,seperti,
D0438,Deli,
D0438,Serdang,
D0438,Labuhanbatu,
D0438,dan,
D0438,Asahan,
D0438,Berdasarkan,
D0438,pengakuan,
D0438,pelaku,
D0438,calon,
D0438,PMI,
D0438,Ilegal,
D0438,ini,
D0438,akan,
D0438,diberangkatkan,
D0438,menuju,
D0438,Malaysia,
D0438,melalui,
D0438,Dumai,
D0438,Provinsi,
D0438,Riau,
D0438,Berdasarkan,
D0438,hasil,
D0438,pemeriksaan,
D0438,modus,
D0438,pelaku,
D0438,memberangkatkan,
D0438,korban,
D0438,dengan,
D0438,menggunakan,
D0438,visa,
D0438,pelancong,
D0438,Mantan,
D0438,Kasat,
D0438,Reskrim,
D0438,Polres,
D0438,Tanjungbalai,
D0438,itu,
D0438,menyebut,
D0438,pelaku,
D0438,telah,
D0438,menjadi,
D0438,agen,
D0438,PMI,
D0438,ilegal,
D0438,sejak,
D0438,tahun,
D0438,2023,
D0438,Pelaku,
D0438,bekerja,
D0438,sama,
D0438,dengan,
D0438,seorang,
D0438,WNI,
D0438,yang,
D0438,tinggal,
D0438,di,
D0438,Malaysia,
D0438,bernama,
D0438,Mommy,
D0438,Setiap,
D0438,memberangkatkan,
D0438,satu,
D0438,PMI,
D0438,kata,
D0438,Rivanda,
D0438,pelaku,
D0438,Maulana,
D0438,mendapatkan,
D0438,upah,
D0438,sebesar,
D0438,Rp,
D0438,10,
D0438,juta,
D0438,yang,
D0438,dipotong,
D0438,dari,
D0438,gaji,
D0438,para,
D0438,korban,
D0438,setelah,
D0438,mendapatkan,
D0438,pekerjaan,
D0438,Mommy,
D0438,ini,
D0438,merupakan,
D0438,WNI,
D0438,yang,
D0438,telah,
D0438,tinggal,
D0438,di,
D0438,Malaysia,
D0438,Di,
D0438,mana,
D0438,saudara,
D0438,Mommy,
D0438,lah,
D0438,yang,
D0438,kemudian,
D0438,mencarikan,
D0438,pekerjaan,
D0438,di,
D0438,Malaysia,
D0438,Setiap,
D0438,dia,
D0438,Maulana,
D0438,berangkatkan,
D0438,satu,
D0438,orang,
D0438,PMI,
D0438,dia,
D0438,dapat,
D0438,Rp,
D0438,10,
D0438,juta,
D0438,Nanti,
D0438,langsung,
D0438,dipotong,
D0438,beberapa,
D0438,bulan,
D0438,gaji,
D0438,si,
D0438,korban,
D0438,ujarnya,
D0439,Polres,
D0439,Dairi,
D0439,terus,
D0439,berupaya,
D0439,mengungkap,
D0439,kasus,
D0439,tewasnya,
D0439,Roida,
D0439,Sagala,
D0439,52,
D0439,wanita,
D0439,yang,
D0439,ditemukan,
D0439,dengan,
D0439,kondisi,
D0439,kaki,
D0439,dan,
D0439,tangan,
D0439,terikat,
D0439,di,
D0439,rumahnya,
D0439,Polisi,
D0439,masih,
D0439,menunggu,
D0439,hasil,
D0439,autopsi,
D0439,dan,
D0439,memeriksa,
D0439,sejumlah,
D0439,saksi,
D0439,terkait,
D0439,kasus,
D0439,ini,
D0439,Kapolres,
D0439,Dairi,
D0439,AKBP,
D0439,Agus,
D0439,Bahari,
D0439,Parama,
D0439,Artha,
D0439,mengatakan,
D0439,hingga,
D0439,kini,
D0439,pihaknya,
D0439,belum,
D0439,bisa,
D0439,menyimpulkan,
D0439,apakah,
D0439,kasus,
D0439,ini,
D0439,merupakan,
D0439,pembunuhan,
D0439,Kata,
D0439,Agus,
D0439,pihak,
D0439,kepolisian,
D0439,masih,
D0439,menunggu,
D0439,hasil,
D0439,autopsi,
D0439,dari,
D0439,RSUD,
D0439,Pakpak,
D0439,Bharat,
D0439,Kami,
D0439,masih,
D0439,menunggu,
D0439,laporan,
D0439,resmi,
D0439,hasil,
D0439,autopsi,
D0439,RSUD,
D0439,Pakpak,
D0439,Bharat,
D0439,kata,
D0439,Agus,
D0439,saat,
D0439,dikonfirmasi,
D0439,detikSumut,
D0439,Kamis,
D0439,12122024,
D0439,SCROLL,
D0439,TO,
D0439,CONTINUE,
D0439,WITH,
D0439,CONTENT,
D0439,Sementara,
D0439,Kasat,
D0439,Reskrim,
D0439,Polres,
D0439,Dairi,
D0439,AKP,
D0439,Meetson,
D0439,Sitepu,
D0439,menyebut,
D0439,penyidik,
D0439,masih,
D0439,fokus,
D0439,untuk,
D0439,memeriksa,
D0439,saksisaksi,
D0439,Sejauh,
D0439,ini,
D0439,ada,
D0439,lima,
D0439,orang,
D0439,saksi,
D0439,yang,
D0439,telah,
D0439,diperiksa,
D0439,Penyidik,
D0439,masih,
D0439,memeriksa,
D0439,saksisaksi,
D0439,ada,
D0439,lima,
D0439,orang,
D0439,saksi,
D0439,kata,
D0439,Meetson,
D0439,Perwira,
D0439,pertama,
D0439,Polri,
D0439,itu,
D0439,menyebut,
D0439,yang,
D0439,diperiksa,
D0439,itu,
D0439,di,
D0439,antaranya,
D0439,adalah,
D0439,tetangga,
D0439,korban,
D0439,Saksi,
D0439,masih,
D0439,seputar,
D0439,tetangga,
D0439,korban,
D0439,pungkasnya,
D0439,Sebelumnya,
D0439,diberitakan,
D0439,Roida,
D0439,Sagala,
D0439,ditemukan,
D0439,tewas,
D0439,di,
D0439,rumahnya,
D0439,dengan,
D0439,kondisi,
D0439,tangan,
D0439,dan,
D0439,kaki,
D0439,terikat,
D0439,AKBP,
D0439,Agus,
D0439,Bahari,
D0439,Parama,
D0439,Artha,
D0439,mengatakan,
D0439,korban,
D0439,ditemukan,
D0439,tewas,
D0439,di,
D0439,Dusun,
D0439,Barisan,
D0439,Tigor,
D0439,Desa,
D0439,Silumboyah,
D0439,Kecamatan,
D0439,Siempat,
D0439,Nempu,
D0439,Hulu,
D0439,Jumat,
D0439,612,
D0439,siang,
D0439,Penemuan,
D0439,jasad,
D0439,korban,
D0439,itu,
D0439,berawal,
D0439,saat,
D0439,tetangganya,
D0439,hendak,
D0439,mengajak,
D0439,korban,
D0439,makan,
D0439,Ditemukan,
D0439,tadi,
D0439,siang,
D0439,Tetangganya,
D0439,memanggil,
D0439,ke,
D0439,rumahnya,
D0439,ngajak,
D0439,makan,
D0439,siang,
D0439,ternyata,
D0439,nggak,
D0439,dijawab,
D0439,kata,
D0439,Agus,
D0439,saat,
D0439,dikonfirmasi,
D0439,detikSumut,
D0439,Jumat,
D0439,Merasa,
D0439,curiga,
D0439,tetangga,
D0439,korban,
D0439,itu,
D0439,mengajak,
D0439,warga,
D0439,lain,
D0439,untuk,
D0439,mengecek,
D0439,rumah,
D0439,korban,
D0439,Saat,
D0439,dicek,
D0439,korban,
D0439,ditemukan,
D0439,dalam,
D0439,kondisi,
D0439,kaki,
D0439,dan,
D0439,tangan,
D0439,yang,
D0439,terikat,
D0439,Selain,
D0439,itu,
D0439,mulut,
D0439,korban,
D0439,juga,
D0439,disumpal,
D0439,kain,
D0439,Peristiwa,
D0439,itu,
D0439,lalu,
D0439,dilaporkan,
D0439,ke,
D0439,pemerintah,
D0439,desa,
D0439,setempat,
D0439,hingga,
D0439,akhirnya,
D0439,diteruskan,
D0439,ke,
D0439,pihak,
D0439,kepolisian,
D0439,Usai,
D0439,menerima,
D0439,informasi,
D0439,itu,
D0439,petugas,
D0439,kepolisian,
D0439,langsung,
D0439,turun,
D0439,ke,
D0439,lokasi,
D0439,kejadian,
D0439,Ditemukan,
D0439,dalam,
D0439,kondisi,
D0439,terikat,
D0439,baik,
D0439,tangan,
D0439,kaki,
D0439,dan,
D0439,mulut,
D0439,diikat,
D0439,kain,
D0439,selendang,
D0439,gitu,
D0439,jelasnya,
D0439,Perwira,
D0439,menengah,
D0439,Polri,
D0439,itu,
D0439,menyebut,
D0439,ada,
D0439,bercak,
D0439,merah,
D0439,yang,
D0439,ditemukan,
D0439,di,
D0439,wajah,
D0439,korban,
D0439,Namun,
D0439,sejauh,
D0439,ini,
D0439,pihaknya,
D0439,masih,
D0439,menyelidiki,
D0439,hal,
D0439,tersebut,
D0439,Terkait,
D0439,informasi,
D0439,yang,
D0439,beredar,
D0439,bahwa,
D0439,korban,
D0439,diduga,
D0439,dirampok,
D0439,dan,
D0439,sejumlah,
D0439,barang,
D0439,berharganya,
D0439,hilang,
D0439,Agus,
D0439,menyebut,
D0439,pihaknya,
D0439,belum,
D0439,bisa,
D0439,memastikan,
D0439,hal,
D0439,itu,
D0439,Sejauh,
D0439,ini,
D0439,hal,
D0439,tersebut,
D0439,masih,
D0439,dalam,
D0439,penyelidikan,
D0439,pihak,
D0439,kepolisian,
D0440,Seorang,
D0440,anggota,
D0440,TNI,
D0440,AD,
D0440,yang,
D0440,berdinas,
D0440,di,
D0440,Korem,
D0440,161Wirasakti,
D0440,Kupang,
D0440,Pratu,
D0440,AP,
D0440,24,
D0440,ditikam,
D0440,oleh,
D0440,dua,
D0440,pemuda,
D0440,mabuk,
D0440,Peristiwa,
D0440,itu,
D0440,terjadi,
D0440,saat,
D0440,AP,
D0440,berkunjung,
D0440,ke,
D0440,kos,
D0440,kekasihnya,
D0440,di,
D0440,Jalan,
D0440,Tidar,
D0440,Kelurahan,
D0440,Oesapa,
D0440,Barat,
D0440,Kecamatan,
D0440,Kelapa,
D0440,Lima,
D0440,Kota,
D0440,Kupang,
D0440,NTT,
D0440,Rabu,
D0440,1112,
D0440,tengah,
D0440,malam,
D0440,Korban,
D0440,dikeroyok,
D0440,menggunakan,
D0440,tangan,
D0440,batu,
D0440,dan,
D0440,ditikam,
D0440,dengan,
D0440,gunting,
D0440,ungkap,
D0440,Kapolresta,
D0440,Kupang,
D0440,Kota,
D0440,Kombes,
D0440,Aldinan,
D0440,Manurung,
D0440,Kamis,
D0440,12122024,
D0440,malam,
D0440,Aldinan,
D0440,mengungkap,
D0440,para,
D0440,pelaku,
D0440,adalah,
D0440,A,
D0440,dan,
D0440,L,
D0440,Kejadian,
D0440,tersebut,
D0440,berawal,
D0440,saat,
D0440,Pratu,
D0440,AP,
D0440,bersama,
D0440,10,
D0440,orang,
D0440,temannya,
D0440,duduk,
D0440,di,
D0440,kos,
D0440,pacarnya,
D0440,yaitu,
D0440,Florida,
D0440,20,
D0440,SCROLL,
D0440,TO,
D0440,CONTINUE,
D0440,WITH,
D0440,CONTENT,
D0440,Tak,
D0440,lama,
D0440,kemudian,
D0440,Florida,
D0440,pamit,
D0440,ke,
D0440,kamarnya,
D0440,untuk,
D0440,tidur,
D0440,lantaran,
D0440,sedang,
D0440,sakit,
D0440,Sedangkan,
D0440,Pratu,
D0440,AP,
D0440,bersama,
D0440,10,
D0440,orang,
D0440,pemuda,
D0440,itu,
D0440,masih,
D0440,membakar,
D0440,ikan,
D0440,dan,
D0440,minum,
D0440,miras,
D0440,jenis,
D0440,sopi,
D0440,Sekitar,
D0440,pukul,
D0440,2300,
D0440,Wita,
D0440,Florida,
D0440,bangun,
D0440,dan,
D0440,menyuruh,
D0440,mereka,
D0440,untuk,
D0440,bubar,
D0440,karena,
D0440,sudah,
D0440,larut,
D0440,malam,
D0440,dan,
D0440,mengganggu,
D0440,penghuni,
D0440,kos,
D0440,lainnya,
D0440,Selanjutnya,
D0440,A,
D0440,dan,
D0440,L,
D0440,bersama,
D0440,sejumlah,
D0440,temannya,
D0440,pamit,
D0440,pulang,
D0440,Pratu,
D0440,AP,
D0440,kemudian,
D0440,langsung,
D0440,membuntuti,
D0440,mereka,
D0440,hingga,
D0440,terjadi,
D0440,kesalahpahaman,
D0440,yang,
D0440,berujung,
D0440,terjadinya,
D0440,keributan,
D0440,A,
D0440,dan,
D0440,L,
D0440,langsung,
D0440,mengeroyok,
D0440,Pratu,
D0440,AP,
D0440,secara,
D0440,berulang,
D0440,kali,
D0440,Akibatnya,
D0440,dia,
D0440,mengalami,
D0440,luka,
D0440,tusuk,
D0440,di,
D0440,bagian,
D0440,punggung,
D0440,dan,
D0440,luka,
D0440,robek,
D0440,di,
D0440,hidungnya,
D0440,Saat,
D0440,ini,
D0440,dia,
D0440,masih,
D0440,menjalani,
D0440,perawatan,
D0440,medis,
D0440,di,
D0440,Rumah,
D0440,Sakit,
D0440,Bhayangkara,
D0440,RSB,
D0440,Titus,
D0440,Uly,
D0440,Kupang,
D0440,Seusai,
D0440,kejadian,
D0440,itu,
D0440,A,
D0440,dan,
D0440,L,
D0440,langsung,
D0440,melarikan,
D0440,diri,
D0440,Hingga,
D0440,kini,
D0440,keduanya,
D0440,masih,
D0440,dalam,
D0440,pengejaran,
D0440,polisi,
D0440,Sebaiknya,
D0440,mereka,
D0440,segera,
D0440,menyerahkan,
D0440,diri,
D0440,tegas,
D0440,Aldinan,
D0441,Polres,
D0441,Dairi,
D0441,masih,
D0441,menyelidiki,
D0441,terkait,
D0441,tewasnya,
D0441,Roida,
D0441,Sagala,
D0441,52,
D0441,wanita,
D0441,yang,
D0441,ditemukan,
D0441,dengan,
D0441,kondisi,
D0441,kaki,
D0441,dan,
D0441,tangan,
D0441,terikat,
D0441,di,
D0441,rumahnya,
D0441,Sejauh,
D0441,ini,
D0441,ada,
D0441,lima,
D0441,saksi,
D0441,yang,
D0441,dimintai,
D0441,keterangan,
D0441,terkait,
D0441,peristiwa,
D0441,tersebut,
D0441,Kapolres,
D0441,Dairi,
D0441,AKBP,
D0441,Agus,
D0441,Bahari,
D0441,Parama,
D0441,Artha,
D0441,mengatakan,
D0441,pihaknya,
D0441,belum,
D0441,bisa,
D0441,menyimpulkan,
D0441,apakah,
D0441,kasus,
D0441,ini,
D0441,merupakan,
D0441,pembunuhan,
D0441,Saat,
D0441,ini,
D0441,kata,
D0441,Agus,
D0441,pihak,
D0441,kepolisian,
D0441,masih,
D0441,menunggu,
D0441,hasil,
D0441,autopsi,
D0441,dari,
D0441,RSUD,
D0441,Pakpak,
D0441,Bharat,
D0441,Kami,
D0441,masih,
D0441,menunggu,
D0441,laporan,
D0441,resmi,
D0441,hasil,
D0441,autopsi,
D0441,RSUD,
D0441,Pakpak,
D0441,Bharat,
D0441,kata,
D0441,Agus,
D0441,saat,
D0441,dikonfirmasi,
D0441,detikSumut,
D0441,Kamis,
D0441,12122024,
D0441,SCROLL,
D0441,TO,
D0441,CONTINUE,
D0441,WITH,
D0441,CONTENT,
D0441,Kasat,
D0441,Reskrim,
D0441,Polres,
D0441,Dairi,
D0441,AKBP,
D0441,Meetson,
D0441,Sitepu,
D0441,menyebut,
D0441,penyidik,
D0441,masih,
D0441,fokus,
D0441,untuk,
D0441,memeriksa,
D0441,saksisaksi,
D0441,Sejauh,
D0441,ini,
D0441,ada,
D0441,lima,
D0441,orang,
D0441,saksi,
D0441,yang,
D0441,telah,
D0441,diperiksa,
D0441,Penyidik,
D0441,masih,
D0441,memeriksa,
D0441,saksisaksi,
D0441,ada,
D0441,lima,
D0441,orang,
D0441,saksi,
D0441,katanya,
D0441,Meetson,
D0441,menyebut,
D0441,yang,
D0441,diperiksa,
D0441,itu,
D0441,di,
D0441,antaranya,
D0441,adalah,
D0441,tetangga,
D0441,korban,
D0441,Saksi,
D0441,masih,
D0441,seputar,
D0441,tetangga,
D0441,korban,
D0441,pungkasnya,
D0441,Sebelumnya,
D0441,diberitakan,
D0441,Roida,
D0441,Sagala,
D0441,ditemukan,
D0441,tewas,
D0441,di,
D0441,rumahnya,
D0441,dengan,
D0441,kondisi,
D0441,tangan,
D0441,dan,
D0441,kaki,
D0441,terikat,
D0441,AKBP,
D0441,Agus,
D0441,Bahari,
D0441,Parama,
D0441,Artha,
D0441,mengatakan,
D0441,korban,
D0441,ditemukan,
D0441,tewas,
D0441,di,
D0441,Dusun,
D0441,Barisan,
D0441,Tigor,
D0441,Desa,
D0441,Silumboyah,
D0441,Kecamatan,
D0441,Siempat,
D0441,Nempu,
D0441,Hulu,
D0441,Jumat,
D0441,612,
D0441,siang,
D0441,Penemuan,
D0441,jasad,
D0441,korban,
D0441,itu,
D0441,berawal,
D0441,saat,
D0441,tetangganya,
D0441,hendak,
D0441,mengajak,
D0441,korban,
D0441,makan,
D0441,Ditemukan,
D0441,tadi,
D0441,siang,
D0441,Tetangganya,
D0441,memanggil,
D0441,ke,
D0441,rumahnya,
D0441,ngajak,
D0441,makan,
D0441,siang,
D0441,ternyata,
D0441,nggak,
D0441,dijawab,
D0441,kata,
D0441,Agus,
D0441,saat,
D0441,dikonfirmasi,
D0441,detikSumut,
D0441,Jumat,
D0441,Merasa,
D0441,curiga,
D0441,tetangga,
D0441,korban,
D0441,itu,
D0441,mengajak,
D0441,warga,
D0441,lain,
D0441,untuk,
D0441,mengecek,
D0441,rumah,
D0441,korban,
D0441,Saat,
D0441,dicek,
D0441,korban,
D0441,ditemukan,
D0441,dalam,
D0441,kondisi,
D0441,kaki,
D0441,dan,
D0441,tangan,
D0441,yang,
D0441,terikat,
D0441,Selain,
D0441,itu,
D0441,mulut,
D0441,korban,
D0441,juga,
D0441,disumpal,
D0441,kain,
D0441,Peristiwa,
D0441,itu,
D0441,lalu,
D0441,dilaporkan,
D0441,ke,
D0441,pemerintah,
D0441,desa,
D0441,setempat,
D0441,hingga,
D0441,akhirnya,
D0441,diteruskan,
D0441,ke,
D0441,pihak,
D0441,kepolisian,
D0441,Usai,
D0441,menerima,
D0441,informasi,
D0441,itu,
D0441,petugas,
D0441,kepolisian,
D0441,langsung,
D0441,turun,
D0441,ke,
D0441,lokasi,
D0441,kejadian,
D0441,Ditemukan,
D0441,dalam,
D0441,kondisi,
D0441,terikat,
D0441,baik,
D0441,tangan,
D0441,kaki,
D0441,dan,
D0441,mulut,
D0441,diikat,
D0441,kain,
D0441,selendang,
D0441,gitu,
D0441,jelasnya,
D0441,Terkait,
D0441,informasi,
D0441,yang,
D0441,beredar,
D0441,bahwa,
D0441,korban,
D0441,diduga,
D0441,dirampok,
D0441,dan,
D0441,sejumlah,
D0441,barang,
D0441,berharganya,
D0441,hilang,
D0441,Agus,
D0441,menyebut,
D0441,pihaknya,
D0441,belum,
D0441,bisa,
D0441,memastikan,
D0441,hal,
D0441,itu,
D0441,Sejauh,
D0441,ini,
D0441,hal,
D0441,tersebut,
D0441,masih,
D0441,dalam,
D0441,penyelidikan,
D0441,pihak,
D0441,kepolisian,
D0442,Seorang,
D0442,pria,
D0442,asal,
D0442,Bandung,
D0442,Jawa,
D0442,Barat,
D0442,Deni,
D0442,Wahidin,
D0442,46,
D0442,ditusuk,
D0442,kenalannya,
D0442,sendiri,
D0442,di,
D0442,depan,
D0442,Monumen,
D0442,Bom,
D0442,Bali,
D0442,Jalan,
D0442,Legian,
D0442,Kuta,
D0442,Badung,
D0442,Dia,
D0442,ditusuk,
D0442,kenalannya,
D0442,sendiri,
D0442,bernama,
D0442,Dizon,
D0442,Kosat,
D0442,29,
D0442,pria,
D0442,asal,
D0442,Kota,
D0442,Kefamenanu,
D0442,Nusa,
D0442,Tenggara,
D0442,Timur,
D0442,NTT,
D0442,Kami,
D0442,telah,
D0442,mengamankan,
D0442,pelaku,
D0442,penusukan,
D0442,di,
D0442,depan,
D0442,Monumen,
D0442,Bom,
D0442,Bali,
D0442,kata,
D0442,Kepala,
D0442,Seksi,
D0442,Kasi,
D0442,Humas,
D0442,Polresta,
D0442,Denpasar,
D0442,AKP,
D0442,Ketut,
D0442,Sukadi,
D0442,dalam,
D0442,keterangannya,
D0442,Rabu,
D0442,11122024,
D0442,Sukadi,
D0442,mengatakan,
D0442,aksi,
D0442,penusukan,
D0442,berawal,
D0442,saat,
D0442,Deni,
D0442,datang,
D0442,ke,
D0442,tempat,
D0442,hiburan,
D0442,malam,
D0442,di,
D0442,dekat,
D0442,lokasi,
D0442,Minggu,
D0442,812,
D0442,dini,
D0442,hari,
D0442,sekitar,
D0442,pukul,
D0442,0300,
D0442,Wita,
D0442,Selesai,
D0442,berpesta,
D0442,miras,
D0442,dan,
D0442,dalam,
D0442,keadaan,
D0442,mabuk,
D0442,Deni,
D0442,melihat,
D0442,Dizon,
D0442,tak,
D0442,jauh,
D0442,dari,
D0442,tempat,
D0442,hiburan,
D0442,itu,
D0442,SCROLL,
D0442,TO,
D0442,CONTINUE,
D0442,WITH,
D0442,CONTENT,
D0442,Deni,
D0442,lalu,
D0442,menghampiri,
D0442,Dizon,
D0442,Mereka,
D0442,kemudian,
D0442,terlibat,
D0442,cekcok,
D0442,dan,
D0442,adu,
D0442,jotos,
D0442,Dizon,
D0442,lalu,
D0442,mengambil,
D0442,pisau,
D0442,di,
D0442,dalam,
D0442,jok,
D0442,motor,
D0442,dan,
D0442,menikam,
D0442,Deni,
D0442,dari,
D0442,belakang,
D0442,Deni,
D0442,harus,
D0442,dilarikan,
D0442,ke,
D0442,rumah,
D0442,sakit,
D0442,karena,
D0442,luka,
D0442,tusuk,
D0442,di,
D0442,pinggangnya,
D0442,Kemudian,
D0442,pelaku,
D0442,melarikan,
D0442,diri,
D0442,ke,
D0442,arah,
D0442,utara,
D0442,Jalan,
D0442,Legian,
D0442,dan,
D0442,beberapa,
D0442,saat,
D0442,kemudian,
D0442,berhasil,
D0442,diamankan,
D0442,polisi,
D0442,dari,
D0442,Polsek,
D0442,Kuta,
D0442,Saat,
D0442,sedang,
D0442,melakukan,
D0442,patroli,
D0442,kata,
D0442,Sukadi,
D0442,Sementara,
D0442,itu,
D0442,atas,
D0442,kejahatannya,
D0442,Dizon,
D0442,dijerat,
D0442,dengan,
D0442,pasal,
D0442,penganiayaan,
D0442,berat,
D0442,Dia,
D0442,terancam,
D0442,hukuman,
D0442,lima,
D0442,tahun,
D0442,penjara,
D0443,Seorang,
D0443,pria,
D0443,bernama,
D0443,Arianto,
D0443,Ginting,
D0443,32,
D0443,membobol,
D0443,salah,
D0443,satu,
D0443,sekolah,
D0443,di,
D0443,Kota,
D0443,Medan,
D0443,dan,
D0443,mencuri,
D0443,tiga,
D0443,laptop,
D0443,Uang,
D0443,hasil,
D0443,mencuri,
D0443,itu,
D0443,digunakan,
D0443,pelaku,
D0443,untuk,
D0443,membeli,
D0443,narkoba,
D0443,Kanit,
D0443,Reskrim,
D0443,Polsek,
D0443,Medan,
D0443,Barat,
D0443,Iptu,
D0443,Darman,
D0443,Lumban,
D0443,Raja,
D0443,mengatakan,
D0443,pencurian,
D0443,itu,
D0443,terjadi,
D0443,di,
D0443,SD,
D0443,Swasta,
D0443,IT,
D0443,Mawaddah,
D0443,Warohmah,
D0443,Jalan,
D0443,Karya,
D0443,Setuju,
D0443,Kecamatan,
D0443,Medan,
D0443,Barat,
D0443,Selasa,
D0443,2352023,
D0443,dini,
D0443,hari,
D0443,Lalu,
D0443,pelaku,
D0443,ditangkap,
D0443,pada,
D0443,Minggu,
D0443,8122024,
D0443,Laptop,
D0443,dijual,
D0443,kepada,
D0443,seseorang,
D0443,inisial,
D0443,B,
D0443,yang,
D0443,saat,
D0443,ini,
D0443,sedang,
D0443,dalam,
D0443,pencarian,
D0443,Uangnya,
D0443,digunakan,
D0443,untuk,
D0443,membeli,
D0443,narkoba,
D0443,serta,
D0443,makan,
D0443,minum,
D0443,seharihari,
D0443,kata,
D0443,Darman,
D0443,Rabu,
D0443,1112,
D0443,SCROLL,
D0443,TO,
D0443,CONTINUE,
D0443,WITH,
D0443,CONTENT,
D0443,Darman,
D0443,menyebut,
D0443,pencurian,
D0443,itu,
D0443,pertama,
D0443,kali,
D0443,diketahui,
D0443,oleh,
D0443,petugas,
D0443,kebersihan,
D0443,di,
D0443,sekolah,
D0443,tersebut,
D0443,Saat,
D0443,tiba,
D0443,di,
D0443,sekolah,
D0443,itu,
D0443,petugas,
D0443,itu,
D0443,melihat,
D0443,tiga,
D0443,laptop,
D0443,yang,
D0443,berada,
D0443,di,
D0443,ruangan,
D0443,pegawai,
D0443,telah,
D0443,hilang,
D0443,Atas,
D0443,kejadian,
D0443,itu,
D0443,pihak,
D0443,sekolah,
D0443,membuat,
D0443,laporan,
D0443,ke,
D0443,Polsek,
D0443,Medan,
D0443,Barat,
D0443,Petugas,
D0443,kepolisian,
D0443,yang,
D0443,menerima,
D0443,laporan,
D0443,itu,
D0443,lalu,
D0443,mencari,
D0443,pelaku,
D0443,dan,
D0443,menangkapnya,
D0443,di,
D0443,Jalan,
D0443,Karya,
D0443,Setuju,
D0443,Namun,
D0443,saat,
D0443,proses,
D0443,pengembangan,
D0443,pelaku,
D0443,berupaya,
D0443,melarikan,
D0443,diri,
D0443,hingga,
D0443,terpaksa,
D0443,ditembak,
D0443,oleh,
D0443,petugas,
D0443,kepolisian,
D0443,di,
D0443,bagian,
D0443,kaki,
D0443,Tim,
D0443,segera,
D0443,turun,
D0443,dan,
D0443,menangkap,
D0443,pelaku,
D0443,serta,
D0443,ditemukan,
D0443,barang,
D0443,bukti,
D0443,satu,
D0443,unit,
D0443,laptop,
D0443,dari,
D0443,rumah,
D0443,pelaku,
D0443,Pada,
D0443,saat,
D0443,petugas,
D0443,melakukan,
D0443,pengembangan,
D0443,pelaku,
D0443,berusaha,
D0443,melarikan,
D0443,diri,
D0443,dan,
D0443,melawan,
D0443,petugas,
D0443,sehingga,
D0443,dilakukan,
D0443,tindakan,
D0443,tegas,
D0443,dan,
D0443,terukur,
D0443,jelasnya,
D0443,Berdasarkan,
D0443,hasil,
D0443,pemeriksaan,
D0443,kata,
D0443,Darman,
D0443,pelaku,
D0443,sudah,
D0443,empat,
D0443,kali,
D0443,masuk,
D0443,penjara,
D0443,karena,
D0443,kasus,
D0443,pencurian,
D0443,Pencurian,
D0443,tersebut,
D0443,terjadi,
D0443,pada,
D0443,2014,
D0443,2016,
D0443,2017,
D0443,dan,
D0443,2020,
D0443,Pelaku,
D0443,merupakan,
D0443,residivis,
D0443,dan,
D0443,sudah,
D0443,empat,
D0443,kali,
D0443,masuk,
D0443,penjara,
D0443,atas,
D0443,kasus,
D0443,pencurian,
D0443,pungkasnya,
D0444,Seorang,
D0444,pria,
D0444,lanjut,
D0444,usia,
D0444,lansia,
D0444,berinisial,
D0444,U,
D0444,74,
D0444,di,
D0444,Kota,
D0444,Solok,
D0444,Sumatera,
D0444,Barat,
D0444,Sumbar,
D0444,dibekuk,
D0444,polisi,
D0444,usai,
D0444,mencabuli,
D0444,seorang,
D0444,wanita,
D0444,keterbelakangan,
D0444,mental,
D0444,berinisial,
D0444,J,
D0444,40,
D0444,Saat,
D0444,dibekuk,
D0444,pelaku,
D0444,tidak,
D0444,melakukan,
D0444,perlawanan,
D0444,Benar,
D0444,terjadi,
D0444,pencabulan,
D0444,kepada,
D0444,seorang,
D0444,perempuan,
D0444,keterbelakangan,
D0444,mental,
D0444,di,
D0444,Kota,
D0444,Solok,
D0444,Pelaku,
D0444,berinisial,
D0444,U,
D0444,dan,
D0444,berumur,
D0444,74,
D0444,tahun,
D0444,Saat,
D0444,kita,
D0444,amankan,
D0444,tidak,
D0444,ada,
D0444,perlawanan,
D0444,dari,
D0444,yang,
D0444,bersangkutan,
D0444,kata,
D0444,Kasat,
D0444,Reskrim,
D0444,Polres,
D0444,Solok,
D0444,Kota,
D0444,Iptu,
D0444,Nanang,
D0444,Saputra,
D0444,kepada,
D0444,detikSumut,
D0444,Rabu,
D0444,11122024,
D0444,Nanang,
D0444,menjelaskan,
D0444,pelaku,
D0444,dan,
D0444,korban,
D0444,merupakan,
D0444,tetangga,
D0444,Sementara,
D0444,aksi,
D0444,bejat,
D0444,U,
D0444,dilakukan,
D0444,di,
D0444,sebuah,
D0444,rumah,
D0444,kosong,
D0444,di,
D0444,sekitar,
D0444,rumah,
D0444,pelaku,
D0444,dan,
D0444,korban,
D0444,SCROLL,
D0444,TO,
D0444,CONTINUE,
D0444,WITH,
D0444,CONTENT,
D0444,Keduanya,
D0444,merupakan,
D0444,tetangga,
D0444,Sementara,
D0444,pencabulan,
D0444,itu,
D0444,dilakukan,
D0444,pelaku,
D0444,di,
D0444,sebuah,
D0444,rumah,
D0444,kosong,
D0444,di,
D0444,sekitar,
D0444,rumah,
D0444,mereka,
D0444,Sementara,
D0444,modus,
D0444,U,
D0444,ini,
D0444,memanggil,
D0444,korban,
D0444,masuk,
D0444,ke,
D0444,rumah,
D0444,kosong,
D0444,itu,
D0444,Setelah,
D0444,korban,
D0444,masuk,
D0444,aksi,
D0444,cabul,
D0444,itu,
D0444,dilakukan,
D0444,pelaku,
D0444,jelasnya,
D0444,Sementara,
D0444,saat,
D0444,melancarkan,
D0444,aksi,
D0444,pencabulan,
D0444,itu,
D0444,tetangga,
D0444,korban,
D0444,memergoki,
D0444,aksi,
D0444,tak,
D0444,terpuji,
D0444,U,
D0444,Keluarga,
D0444,korban,
D0444,yang,
D0444,menerima,
D0444,informasi,
D0444,pencabulan,
D0444,itu,
D0444,juga,
D0444,langsung,
D0444,melaporkan,
D0444,aksi,
D0444,pelaku,
D0444,ke,
D0444,polisi,
D0444,Aksi,
D0444,pelaku,
D0444,dilakukan,
D0444,pada,
D0444,hari,
D0444,Minggu,
D0444,812,
D0444,kemarin,
D0444,Sementara,
D0444,pencabulan,
D0444,itu,
D0444,diketahui,
D0444,setelah,
D0444,tetangga,
D0444,korban,
D0444,mendapati,
D0444,aksi,
D0444,pelaku,
D0444,Mendengar,
D0444,informasi,
D0444,itu,
D0444,pihak,
D0444,keluarga,
D0444,melaporkan,
D0444,ke,
D0444,pada,
D0444,kami,
D0444,ungkapnya,
D0444,Nanang,
D0444,menambahkan,
D0444,U,
D0444,saat,
D0444,ini,
D0444,sudah,
D0444,ditahan,
D0444,di,
D0444,Mapolres,
D0444,Solok,
D0444,Kota,
D0444,Sementara,
D0444,pihak,
D0444,kepolisian,
D0444,juga,
D0444,masih,
D0444,menunggu,
D0444,hasil,
D0444,visum,
D0444,korban,
D0444,Pelaku,
D0444,sudah,
D0444,kita,
D0444,tahan,
D0444,di,
D0444,Polres,
D0444,saat,
D0444,ini,
D0444,masih,
D0444,dalam,
D0444,pemeriksaan,
D0444,Untuk,
D0444,pemeriksaan,
D0444,awal,
D0444,pelaku,
D0444,mengakui,
D0444,baru,
D0444,melakukan,
D0444,aksi,
D0444,ini,
D0444,satu,
D0444,kali,
D0444,ini,
D0444,Namun,
D0444,kita,
D0444,masih,
D0444,menunggu,
D0444,hasil,
D0444,visum,
D0444,korban,
D0444,untuk,
D0444,mencocokkan,
D0444,keterangan,
D0444,pelaku,
D0444,bebernya,
D0444,Atas,
D0444,perbuatannya,
D0444,U,
D0444,terancam,
D0444,Pasal,
D0444,290,
D0444,KUHP,
D0444,tentang,
D0444,perbuatan,
D0444,cabul,
D0444,terhadap,
D0444,orang,
D0444,yang,
D0444,tidak,
D0444,berdaya,
D0444,atau,
D0444,sedang,
D0444,dalam,
D0444,keadaan,
D0444,tidak,
D0444,sadar,
D0444,dengan,
D0444,ancaman,
D0444,12,
D0444,tahun,
D0444,kurungan,
D0444,Pelaku,
D0444,kita,
D0444,kenakan,
D0444,Pasal,
D0444,290,
D0444,KUHP,
D0444,Ancamannya,
D0444,12,
D0444,tahun,
D0444,kurungan,
D0444,tutupnya,
D0445,Polisi,
D0445,menangkap,
D0445,Rudi,
D0445,Sihaloho,
D0445,41,
D0445,pelaku,
D0445,penikaman,
D0445,tiga,
D0445,bocah,
D0445,di,
D0445,Kabupaten,
D0445,Deli,
D0445,Serdang,
D0445,hingga,
D0445,membuat,
D0445,dua,
D0445,di,
D0445,antaranya,
D0445,tewas,
D0445,Pelaku,
D0445,terancam,
D0445,15,
D0445,tahun,
D0445,penjara,
D0445,Kasat,
D0445,Reskrim,
D0445,Polrestabes,
D0445,Medan,
D0445,Kompol,
D0445,Jama,
D0445,Kita,
D0445,Purba,
D0445,mengatakan,
D0445,pelaku,
D0445,dijerat,
D0445,Pasal,
D0445,338,
D0445,KUHPidana,
D0445,Ancaman,
D0445,hukumannya,
D0445,maksimal,
D0445,15,
D0445,tahun,
D0445,penjara,
D0445,Sementara,
D0445,dijerat,
D0445,Pasal,
D0445,338,
D0445,ancaman,
D0445,maksimal,
D0445,15,
D0445,tahun,
D0445,kata,
D0445,Jama,
D0445,saat,
D0445,konferensi,
D0445,pers,
D0445,Selasa,
D0445,10122024,
D0445,SCROLL,
D0445,TO,
D0445,CONTINUE,
D0445,WITH,
D0445,CONTENT,
D0445,Jama,
D0445,mengatakan,
D0445,pembunuhan,
D0445,itu,
D0445,tidak,
D0445,direncanakan,
D0445,oleh,
D0445,pelaku,
D0445,melainkan,
D0445,spontan,
D0445,karena,
D0445,kesal,
D0445,diejek,
D0445,oleh,
D0445,korban,
D0445,Meski,
D0445,begitu,
D0445,penyidik,
D0445,masih,
D0445,mendalami,
D0445,hal,
D0445,tersebut,
D0445,Tidak,
D0445,direncanakan,
D0445,spontan,
D0445,tapi,
D0445,kita,
D0445,akan,
D0445,pendalaman,
D0445,lagi,
D0445,jelasnya,
D0445,Perwira,
D0445,menengah,
D0445,polri,
D0445,itu,
D0445,menjelaskan,
D0445,bahwa,
D0445,pelaku,
D0445,nekat,
D0445,menikam,
D0445,para,
D0445,korban,
D0445,karena,
D0445,kesal,
D0445,Sebab,
D0445,pelaku,
D0445,telah,
D0445,hampir,
D0445,setahun,
D0445,diejek,
D0445,oleh,
D0445,korban,
D0445,Lalu,
D0445,pada,
D0445,saat,
D0445,kejadian,
D0445,emosi,
D0445,pelaku,
D0445,tidak,
D0445,terkontrol,
D0445,hingga,
D0445,akhirnya,
D0445,menikam,
D0445,para,
D0445,korban,
D0445,Satu,
D0445,versi,
D0445,yang,
D0445,kami,
D0445,temukan,
D0445,adalah,
D0445,bahwa,
D0445,beliau,
D0445,ini,
D0445,sudah,
D0445,hampir,
D0445,satu,
D0445,tahun,
D0445,diejek,
D0445,diejek,
D0445,orang,
D0445,gila,
D0445,Kemudian,
D0445,terakhir,
D0445,kali,
D0445,pada,
D0445,hari,
D0445,Senin,
D0445,beliau,
D0445,melihat,
D0445,orang,
D0445,yang,
D0445,mengejek,
D0445,sambil,
D0445,berkata,
D0445,kudiskudis,
D0445,sehingga,
D0445,entah,
D0445,kenapa,
D0445,pada,
D0445,hari,
D0445,itu,
D0445,sebelum,
D0445,kejadian,
D0445,beliau,
D0445,terpancing,
D0445,emosinya,
D0445,ujarnya,
D0445,Untuk,
D0445,diketahui,
D0445,peristiwa,
D0445,itu,
D0445,terjadi,
D0445,di,
D0445,Gang,
D0445,Dahlia,
D0445,Desa,
D0445,Bandar,
D0445,Khalipah,
D0445,Kecamatan,
D0445,Percut,
D0445,Sei,
D0445,Tuan,
D0445,Senin,
D0445,912,
D0445,Ketiga,
D0445,korban,
D0445,adalah,
D0445,N,
D0445,7,
D0445,O,
D0445,4,
D0445,dan,
D0445,D,
D0445,15,
D0445,Ketiganya,
D0445,diketahui,
D0445,merupakan,
D0445,kakak,
D0445,beradik,
D0445,Hingga,
D0445,hari,
D0445,ini,
D0445,dua,
D0445,dari,
D0445,ketiga,
D0445,bocah,
D0445,tersebut,
D0445,dilaporkan,
D0445,meninggal,
D0445,dunia,
D0445,Dua,
D0445,korban,
D0445,yang,
D0445,tewas,
D0445,itu,
D0445,adalah,
D0445,D,
D0445,dan,
D0445,O,
D0445,Sampai,
D0445,hari,
D0445,ini,
D0445,dari,
D0445,tiga,
D0445,korban,
D0445,sudah,
D0445,dua,
D0445,yang,
D0445,meninggal,
D0445,dunia,
D0445,satu,
D0445,lagi,
D0445,masih,
D0445,dalam,
D0445,perawatan,
D0445,intensif,
D0445,Jadi,
D0445,kita,
D0445,samasama,
D0445,berdoa,
D0445,semoga,
D0445,yang,
D0445,ketiga,
D0445,ini,
D0445,bisa,
D0445,diselamatkan,
D0445,kata,
D0445,Kapolsek,
D0445,Medan,
D0445,Tembung,
D0445,Kompol,
D0445,Jhonson,
D0445,Sitompul,
D0446,Seorang,
D0446,pria,
D0446,di,
D0446,Deli,
D0446,Serdang,
D0446,Sumatera,
D0446,Utara,
D0446,Sumut,
D0446,Rudi,
D0446,Sihaloho,
D0446,41,
D0446,menikam,
D0446,tiga,
D0446,bocah,
D0446,tetangganya,
D0446,yang,
D0446,mengakibatkan,
D0446,dua,
D0446,di,
D0446,antaranya,
D0446,tewas,
D0446,Polisi,
D0446,menyebut,
D0446,penikaman,
D0446,itu,
D0446,dipicu,
D0446,karena,
D0446,kesal,
D0446,sering,
D0446,diejek,
D0446,Kasat,
D0446,Reskrim,
D0446,Polrestabes,
D0446,Medan,
D0446,Kompol,
D0446,Jama,
D0446,Kita,
D0446,Purba,
D0446,menjelaskan,
D0446,bahwa,
D0446,pelaku,
D0446,telah,
D0446,hampir,
D0446,setahun,
D0446,diejek,
D0446,oleh,
D0446,korban,
D0446,Lalu,
D0446,pada,
D0446,saat,
D0446,kejadian,
D0446,emosi,
D0446,pelaku,
D0446,tidak,
D0446,terkontrol,
D0446,hingga,
D0446,akhirnya,
D0446,menikam,
D0446,para,
D0446,korban,
D0446,Satu,
D0446,versi,
D0446,yang,
D0446,kami,
D0446,temukan,
D0446,adalah,
D0446,bahwa,
D0446,beliau,
D0446,ini,
D0446,sudah,
D0446,hampir,
D0446,satu,
D0446,tahun,
D0446,diejek,
D0446,diejek,
D0446,orang,
D0446,gila,
D0446,Kemudian,
D0446,terakhir,
D0446,kali,
D0446,pada,
D0446,hari,
D0446,Senin,
D0446,beliau,
D0446,melihat,
D0446,orang,
D0446,yang,
D0446,mengejek,
D0446,sambil,
D0446,berkata,
D0446,kudiskudis,
D0446,sehingga,
D0446,entah,
D0446,kenapa,
D0446,pada,
D0446,hari,
D0446,itu,
D0446,sebelum,
D0446,kejadian,
D0446,beliau,
D0446,terpancing,
D0446,emosinya,
D0446,ujar,
D0446,Jama,
D0446,saat,
D0446,konferensi,
D0446,pers,
D0446,Selasa,
D0446,10122024,
D0446,SCROLL,
D0446,TO,
D0446,CONTINUE,
D0446,WITH,
D0446,CONTENT,
D0446,Jama,
D0446,menyebut,
D0446,pada,
D0446,saat,
D0446,kejadian,
D0446,itu,
D0446,pelaku,
D0446,kesal,
D0446,dan,
D0446,mengambil,
D0446,pisau,
D0446,Setelah,
D0446,itu,
D0446,pelaku,
D0446,menikam,
D0446,para,
D0446,korban,
D0446,yang,
D0446,tengah,
D0446,berada,
D0446,di,
D0446,depan,
D0446,rumah,
D0446,Sekitar,
D0446,pukul,
D0446,setengah,
D0446,10,
D0446,pagi,
D0446,beliau,
D0446,mengambil,
D0446,pisau,
D0446,dapur,
D0446,Saat,
D0446,itu,
D0446,korban,
D0446,berada,
D0446,di,
D0446,depan,
D0446,rumahnya,
D0446,Maaf,
D0446,ini,
D0446,anakanak,
D0446,jadi,
D0446,tidak,
D0446,kami,
D0446,sampaikan,
D0446,secara,
D0446,rinci,
D0446,tetapi,
D0446,yang,
D0446,jelas,
D0446,terjadilah,
D0446,penikaman,
D0446,jelasnya,
D0446,Untuk,
D0446,diketahui,
D0446,peristiwa,
D0446,itu,
D0446,terjadi,
D0446,di,
D0446,Gang,
D0446,Dahlia,
D0446,Desa,
D0446,Bandar,
D0446,Khalipah,
D0446,Kecamatan,
D0446,Percut,
D0446,Sei,
D0446,Tuan,
D0446,Senin,
D0446,912,
D0446,Ketiga,
D0446,korban,
D0446,adalah,
D0446,N,
D0446,7,
D0446,O,
D0446,4,
D0446,dan,
D0446,D,
D0446,15,
D0446,Ketiganya,
D0446,diketahui,
D0446,merupakan,
D0446,kakak,
D0446,beradik,
D0446,Hingga,
D0446,hari,
D0446,ini,
D0446,dua,
D0446,dari,
D0446,ketiga,
D0446,bocah,
D0446,tersebut,
D0446,dilaporkan,
D0446,meninggal,
D0446,dunia,
D0446,Sampai,
D0446,hari,
D0446,ini,
D0446,dari,
D0446,tiga,
D0446,korban,
D0446,sudah,
D0446,dua,
D0446,yang,
D0446,meninggal,
D0446,dunia,
D0446,satu,
D0446,lagi,
D0446,masih,
D0446,dalam,
D0446,perawatan,
D0446,intensif,
D0446,Jadi,
D0446,kita,
D0446,samasama,
D0446,berdoa,
D0446,semoga,
D0446,yang,
D0446,ketiga,
D0446,ini,
D0446,bisa,
D0446,diselamatkan,
D0446,kata,
D0446,Kapolsek,
D0446,Medan,
D0446,Tembung,
D0446,Kompol,
D0446,Jhonson,
D0446,Sitompul,
D0446,Dua,
D0446,korban,
D0446,yang,
D0446,tewas,
D0446,itu,
D0446,adalah,
D0446,D,
D0446,15,
D0446,dan,
D0446,O,
D0446,4,
D0446,Jhonson,
D0446,menyebut,
D0446,informasi,
D0446,tewasnya,
D0446,D,
D0446,itu,
D0446,diterima,
D0446,oleh,
D0446,pihaknya,
D0446,kemarin,
D0446,sore,
D0446,sedangkan,
D0446,untuk,
D0446,korban,
D0446,O,
D0446,pada,
D0446,tadi,
D0446,pagi,
D0446,Kemarin,
D0446,sore,
D0446,kita,
D0446,mendapatkan,
D0446,informasi,
D0446,salah,
D0446,satu,
D0446,dari,
D0446,tiga,
D0446,anak,
D0446,ini,
D0446,yang,
D0446,paling,
D0446,kecil,
D0446,usia,
D0446,dua,
D0446,tahun,
D0446,inisial,
D0446,DS,
D0446,itu,
D0446,tidak,
D0446,bisa,
D0446,tertolong,
D0446,lagi,
D0446,sehingga,
D0446,meninggal,
D0446,dunia,
D0446,Tadi,
D0446,pagi,
D0446,kita,
D0446,mendapatkan,
D0446,informasi,
D0446,bahwasanya,
D0446,korban,
D0446,yang,
D0446,nomor,
D0446,dua,
D0446,abangnya,
D0446,yang,
D0446,meninggal,
D0446,pertama,
D0446,tidak,
D0446,tertolong,
D0446,lagi,
D0446,dan,
D0446,meninggal,
D0446,dunia,
D0446,di,
D0446,rumah,
D0446,sakit,
D0446,jelasnya,
D0446,Paman,
D0446,korban,
D0446,bernama,
D0446,Yoko,
D0446,mengatakan,
D0446,bahwa,
D0446,saat,
D0446,kejadian,
D0446,orang,
D0446,tua,
D0446,korban,
D0446,tengah,
D0446,bekerja,
D0446,Lalu,
D0446,ketiga,
D0446,korban,
D0446,ditinggal,
D0446,di,
D0446,rumah,
D0446,tersebut,
D0446,Mamanya,
D0446,kerja,
D0446,perawat,
D0446,bapaknya,
D0446,Grab,
D0446,mobil,
D0446,biasanya,
D0446,dikunci,
D0446,orang,
D0446,itu,
D0446,mungkin,
D0446,ntah,
D0446,beli,
D0446,jajan,
D0446,atau,
D0446,apa,
D0446,terbuka,
D0446,kunci,
D0446,itu,
D0446,Pas,
D0446,saya,
D0446,telepon,
D0446,sudah,
D0446,kejadian,
D0446,katanya,
D0446,ada,
D0446,tetangganya,
D0446,yang,
D0446,tusuk,
D0446,anaknya,
D0446,kata,
D0446,Yoko,
D0447,Tiga,
D0447,bocah,
D0447,di,
D0447,Kabupaten,
D0447,Deli,
D0447,Serdang,
D0447,Sumatera,
D0447,Utara,
D0447,Sumut,
D0447,ditikam,
D0447,tetangganya,
D0447,Rudi,
D0447,Sihaloho,
D0447,41,
D0447,Dua,
D0447,dari,
D0447,ketiga,
D0447,bocah,
D0447,tersebut,
D0447,dilaporkan,
D0447,meninggal,
D0447,dunia,
D0447,Sampai,
D0447,hari,
D0447,ini,
D0447,dari,
D0447,tiga,
D0447,korban,
D0447,sudah,
D0447,dua,
D0447,yang,
D0447,meninggal,
D0447,dunia,
D0447,satu,
D0447,lagi,
D0447,masih,
D0447,dalam,
D0447,perawatan,
D0447,intensif,
D0447,Jadi,
D0447,kita,
D0447,samasama,
D0447,berdoa,
D0447,semoga,
D0447,yang,
D0447,ketiga,
D0447,ini,
D0447,bisa,
D0447,diselamatkan,
D0447,kata,
D0447,Kapolsek,
D0447,Medan,
D0447,Tembung,
D0447,Kompol,
D0447,Jhonson,
D0447,Sitompul,
D0447,Selasa,
D0447,10122024,
D0447,Dua,
D0447,korban,
D0447,yang,
D0447,tewas,
D0447,itu,
D0447,adalah,
D0447,D,
D0447,15,
D0447,dan,
D0447,O,
D0447,4,
D0447,Jhonson,
D0447,menyebut,
D0447,informasi,
D0447,tewasnya,
D0447,D,
D0447,itu,
D0447,diterima,
D0447,oleh,
D0447,pihaknya,
D0447,kemarin,
D0447,sore,
D0447,sedangkan,
D0447,untuk,
D0447,korban,
D0447,O,
D0447,pada,
D0447,tadi,
D0447,pagi,
D0447,SCROLL,
D0447,TO,
D0447,CONTINUE,
D0447,WITH,
D0447,CONTENT,
D0447,Kemarin,
D0447,sore,
D0447,kita,
D0447,mendapatkan,
D0447,informasi,
D0447,salah,
D0447,satu,
D0447,dari,
D0447,tiga,
D0447,anak,
D0447,ini,
D0447,yang,
D0447,paling,
D0447,kecil,
D0447,usia,
D0447,dua,
D0447,tahun,
D0447,inisial,
D0447,DS,
D0447,itu,
D0447,tidak,
D0447,bisa,
D0447,tertolong,
D0447,lagi,
D0447,sehingga,
D0447,meninggal,
D0447,dunia,
D0447,Tadi,
D0447,pagi,
D0447,kita,
D0447,mendapatkan,
D0447,informasi,
D0447,bahwasanya,
D0447,korban,
D0447,yang,
D0447,nomor,
D0447,dua,
D0447,abangnya,
D0447,yang,
D0447,meninggal,
D0447,pertama,
D0447,tidak,
D0447,tertolong,
D0447,lagi,
D0447,dan,
D0447,meninggal,
D0447,dunia,
D0447,di,
D0447,rumah,
D0447,sakit,
D0447,jelasnya,
D0447,Untuk,
D0447,diketahui,
D0447,peristiwa,
D0447,itu,
D0447,terjadi,
D0447,di,
D0447,Gang,
D0447,Dahlia,
D0447,Desa,
D0447,Bandar,
D0447,Khalipah,
D0447,Kecamatan,
D0447,Percut,
D0447,Sei,
D0447,Tuan,
D0447,Senin,
D0447,912,
D0447,Ketiga,
D0447,korban,
D0447,adalah,
D0447,N,
D0447,7,
D0447,O,
D0447,4,
D0447,dan,
D0447,D,
D0447,15,
D0447,Ketiganya,
D0447,diketahui,
D0447,merupakan,
D0447,kakak,
D0447,beradik,
D0447,Paman,
D0447,korban,
D0447,bernama,
D0447,Yoko,
D0447,mengatakan,
D0447,bahwa,
D0447,saat,
D0447,kejadian,
D0447,orang,
D0447,tua,
D0447,korban,
D0447,tengah,
D0447,bekerja,
D0447,Lalu,
D0447,ketiga,
D0447,korban,
D0447,ditinggal,
D0447,di,
D0447,rumah,
D0447,tersebut,
D0447,Mamanya,
D0447,kerja,
D0447,perawat,
D0447,bapaknya,
D0447,Grab,
D0447,mobil,
D0447,biasanya,
D0447,dikunci,
D0447,orang,
D0447,itu,
D0447,mungkin,
D0447,ntah,
D0447,beli,
D0447,jajan,
D0447,atau,
D0447,apa,
D0447,terbuka,
D0447,kunci,
D0447,itu,
D0447,Pas,
D0447,saya,
D0447,telepon,
D0447,sudah,
D0447,kejadian,
D0447,katanya,
D0447,ada,
D0447,tetangganya,
D0447,yang,
D0447,tusuk,
D0447,anaknya,
D0447,kata,
D0447,Yoko,
D0447,Dia,
D0447,tidak,
D0447,mengetahui,
D0447,pasti,
D0447,motif,
D0447,penikaman,
D0447,ini,
D0447,Namun,
D0447,berdasarkan,
D0447,informasi,
D0447,yang,
D0447,diterimanya,
D0447,pelaku,
D0447,ini,
D0447,memiliki,
D0447,gangguan,
D0447,mental,
D0447,dan,
D0447,sering,
D0447,diejek,
D0447,oleh,
D0447,para,
D0447,korban,
D0447,Nggak,
D0447,tahu,
D0447,katanya,
D0447,memang,
D0447,ada,
D0447,kurangkurangnya,
D0447,tetangga,
D0447,ini,
D0447,pelaku,
D0447,Katanya,
D0447,sering,
D0447,diejekejek,
D0447,sama,
D0447,anakanak,
D0447,ini,
D0447,sebut,
D0447,Yoko,
D0447,Sepengetahuannya,
D0447,pelaku,
D0447,menyerahkan,
D0447,diri,
D0447,ke,
D0447,pihak,
D0447,kepolisian,
D0447,Pelaku,
D0447,datang,
D0447,dengan,
D0447,menaiki,
D0447,sepeda,
D0447,Pelaku,
D0447,menyerahkan,
D0447,diri,
D0447,naik,
D0447,sepeda,
D0447,dia,
D0447,pungkasnya,
D0448,Seorang,
D0448,pria,
D0448,di,
D0448,Kepulauan,
D0448,Meranti,
D0448,bernama,
D0448,Arif,
D0448,Indra,
D0448,19,
D0448,menggorok,
D0448,teman,
D0448,kencan,
D0448,yang,
D0448,dipesan,
D0448,lewat,
D0448,aplikasi,
D0448,MiChat,
D0448,WI,
D0448,20,
D0448,Aksi,
D0448,nekat,
D0448,itu,
D0448,dilakukan,
D0448,karena,
D0448,Arif,
D0448,kesal,
D0448,transfer,
D0448,Rp,
D0448,400,
D0448,ribu,
D0448,tetapi,
D0448,akun,
D0448,justru,
D0448,diblokir,
D0448,Kapolres,
D0448,Kepulauan,
D0448,Meranti,
D0448,AKBP,
D0448,Kurnia,
D0448,mengatakan,
D0448,kasus,
D0448,terungkap,
D0448,pada,
D0448,saat,
D0448,petugas,
D0448,penjaga,
D0448,kos,
D0448,akan,
D0448,membersihkan,
D0448,kamar,
D0448,Saat,
D0448,pintu,
D0448,dibuka,
D0448,terlihat,
D0448,seorang,
D0448,wanita,
D0448,tergeletak,
D0448,bersimbah,
D0448,darah,
D0448,Saat,
D0448,buka,
D0448,pintu,
D0448,penjaga,
D0448,kos,
D0448,melihat,
D0448,ada,
D0448,mayat,
D0448,wanita,
D0448,dalam,
D0448,posisi,
D0448,tergeletak,
D0448,dan,
D0448,bersimbah,
D0448,darah,
D0448,di,
D0448,dalam,
D0448,kamar,
D0448,Kondisi,
D0448,luka,
D0448,bagian,
D0448,leher,
D0448,kiri,
D0448,kata,
D0448,Kurnia,
D0448,Selasa,
D0448,10122024,
D0448,SCROLL,
D0448,TO,
D0448,CONTINUE,
D0448,WITH,
D0448,CONTENT,
D0448,Luka,
D0448,yang,
D0448,ditemukan,
D0448,akibat,
D0448,dari,
D0448,benda,
D0448,tajam,
D0448,atau,
D0448,pisau,
D0448,cutter,
D0448,Setelah,
D0448,melihat,
D0448,hal,
D0448,tersebut,
D0448,petugas,
D0448,bernama,
D0448,Eni,
D0448,Mustikawati,
D0448,itu,
D0448,langsung,
D0448,memberitahu,
D0448,kepada,
D0448,pemilik,
D0448,kos,
D0448,Selanjutnya,
D0448,pemilik,
D0448,kos,
D0448,menghubungi,
D0448,RT,
D0448,dan,
D0448,dilaporkan,
D0448,ke,
D0448,kepolisian,
D0448,Kepolisian,
D0448,yang,
D0448,mendapat,
D0448,laporan,
D0448,langsung,
D0448,datang,
D0448,untuk,
D0448,mengevakuasi,
D0448,korban,
D0448,dan,
D0448,mencari,
D0448,barang,
D0448,bukti,
D0448,di,
D0448,lokasi,
D0448,Ada,
D0448,luka,
D0448,di,
D0448,leher,
D0448,bekas,
D0448,benda,
D0448,tajam,
D0448,Kita,
D0448,kumpulkan,
D0448,saksisaksi,
D0448,dan,
D0448,informasi,
D0448,dari,
D0448,lokasi,
D0448,kata,
D0448,Kurnia,
D0448,Kasat,
D0448,Reskrim,
D0448,Polres,
D0448,Kepulauan,
D0448,Meranti,
D0448,Iptu,
D0448,Yohn,
D0448,Mabel,
D0448,mengatakan,
D0448,kasus,
D0448,itu,
D0448,berawal,
D0448,saat,
D0448,pelaku,
D0448,memesan,
D0448,wanita,
D0448,di,
D0448,aplikasi,
D0448,MiChat,
D0448,untuk,
D0448,kencan,
D0448,Namun,
D0448,ia,
D0448,justru,
D0448,diblokir,
D0448,Kejadian,
D0448,itu,
D0448,yang,
D0448,kami,
D0448,dapat,
D0448,keterangan,
D0448,pelaku,
D0448,awalnya,
D0448,mereka,
D0448,ada,
D0448,komunikasi,
D0448,melalui,
D0448,MiChat,
D0448,untuk,
D0448,berhubungan,
D0448,badan,
D0448,Setelah,
D0448,komunikasi,
D0448,pelaku,
D0448,ada,
D0448,transfer,
D0448,Rp,
D0448,250,
D0448,dan,
D0448,150,
D0448,ribu,
D0448,2,
D0448,kali,
D0448,transfer,
D0448,katanya,
D0448,Setelah,
D0448,itu,
D0448,akun,
D0448,pelaku,
D0448,justru,
D0448,diblokir,
D0448,oleh,
D0448,korban,
D0448,Selanjutnya,
D0448,pelaku,
D0448,buat,
D0448,akun,
D0448,baru,
D0448,dan,
D0448,melakukan,
D0448,pencarian,
D0448,akun,
D0448,yang,
D0448,sama,
D0448,pada,
D0448,Sabtu,
D0448,712,
D0448,Pelaku,
D0448,komunikasi,
D0448,lagi,
D0448,tapi,
D0448,dia,
D0448,tidak,
D0448,mau,
D0448,sistem,
D0448,transfer,
D0448,dan,
D0448,minta,
D0448,ketemu,
D0448,Akhirnya,
D0448,mereka,
D0448,bertemu,
D0448,di,
D0448,koskosan,
D0448,dan,
D0448,setelah,
D0448,ketemu,
D0448,di,
D0448,kamar,
D0448,niat,
D0448,pelaku,
D0448,mau,
D0448,uangnya,
D0448,kembali,
D0448,kata,
D0448,Mabel,
D0448,Selengkapnya,
D0448,di,
D0448,Halaman,
D0448,Berikutnya,
D0448,Bahkan,
D0448,pelaku,
D0448,Arif,
D0448,telah,
D0448,membawa,
D0448,pisau,
D0448,cutter,
D0448,yang,
D0448,disembunyikan,
D0448,di,
D0448,balik,
D0448,televisi,
D0448,Pelaku,
D0448,berencana,
D0448,mengambil,
D0448,Hp,
D0448,korban,
D0448,karena,
D0448,tak,
D0448,terima,
D0448,uangnya,
D0448,sudah,
D0448,hilang,
D0448,Rp,
D0448,400,
D0448,ribu,
D0448,Setelah,
D0448,sampai,
D0448,kamar,
D0448,kos,
D0448,pelaku,
D0448,sempat,
D0448,belikan,
D0448,makan,
D0448,karena,
D0448,korban,
D0448,bilang,
D0448,lapar,
D0448,selesai,
D0448,makan,
D0448,si,
D0448,pria,
D0448,udah,
D0448,tidak,
D0448,pakai,
D0448,baju,
D0448,dan,
D0448,korban,
D0448,baringbaring,
D0448,di,
D0448,atas,
D0448,kasur,
D0448,Saat,
D0448,tertidur,
D0448,itulah,
D0448,pelaku,
D0448,mau,
D0448,ambil,
D0448,Hp,
D0448,dan,
D0448,bawa,
D0448,lari,
D0448,tapi,
D0448,korban,
D0448,bangun,
D0448,dan,
D0448,terjadi,
D0448,perlawanan,
D0448,dan,
D0448,disayat,
D0448,lehernya,
D0448,kata,
D0448,Kasat,
D0448,Setelah,
D0448,korban,
D0448,berlumuran,
D0448,darah,
D0448,pelaku,
D0448,meninggalkan,
D0448,lokasi,
D0448,hingga,
D0448,akhirnya,
D0448,ditangkap,
D0448,di,
D0448,Selat,
D0448,Panjang,
D0448,dan,
D0448,ditemukan,
D0448,Hp,
D0448,korban,
D0448,Pelaku,
D0448,juga,
D0448,mengakui,
D0448,sebagai,
D0448,pembunuh,
D0448,korban,
D0448,Korban,
D0448,ini,
D0448,punya,
D0448,anak,
D0448,umur,
D0448,3,
D0448,tahun,
D0448,motif,
D0448,ekonomilah,
D0448,buka,
D0448,jasa,
D0448,open,
D0448,BO,
D0448,Informasi,
D0448,suaminya,
D0448,terlibat,
D0448,kasus,
D0448,narkoba,
D0448,katanya,
D0449,Tiga,
D0449,bocah,
D0449,bersaudara,
D0449,di,
D0449,Kabupaten,
D0449,Deli,
D0449,Serdang,
D0449,Sumatera,
D0449,Utara,
D0449,Sumut,
D0449,bersimbah,
D0449,darah,
D0449,setelah,
D0449,ditikam,
D0449,oleh,
D0449,tetangganya,
D0449,Rudi,
D0449,Sihaloho,
D0449,41,
D0449,Peristiwa,
D0449,itu,
D0449,terjadi,
D0449,di,
D0449,Gang,
D0449,Dahlia,
D0449,Desa,
D0449,Bandar,
D0449,Khalipah,
D0449,Kecamatan,
D0449,Percut,
D0449,Sei,
D0449,Tuan,
D0449,Senin,
D0449,9122024,
D0449,Ketiga,
D0449,korban,
D0449,berinisial,
D0449,N,
D0449,7,
D0449,O,
D0449,4,
D0449,dan,
D0449,D,
D0449,15,
D0449,Yoko,
D0449,paman,
D0449,korban,
D0449,mengungkapkan,
D0449,ketiga,
D0449,bocah,
D0449,malang,
D0449,itu,
D0449,ditusuk,
D0449,saat,
D0449,tak,
D0449,ada,
D0449,siapasiapa,
D0449,yang,
D0449,menjaga,
D0449,mereka,
D0449,Sebab,
D0449,kedua,
D0449,orang,
D0449,tua,
D0449,mereka,
D0449,bekerja,
D0449,Mamanya,
D0449,kerja,
D0449,perawat,
D0449,bapaknya,
D0449,Grab,
D0449,mobil,
D0449,biasanya,
D0449,dikunci,
D0449,Mungkin,
D0449,ntah,
D0449,beli,
D0449,jajan,
D0449,atau,
D0449,apa,
D0449,terbuka,
D0449,kunci,
D0449,itu,
D0449,Pas,
D0449,saya,
D0449,telepon,
D0449,sudah,
D0449,kejadian,
D0449,katanya,
D0449,ada,
D0449,tetangganya,
D0449,yang,
D0449,tusuk,
D0449,anaknya,
D0449,kata,
D0449,Yoko,
D0449,Selasa,
D0449,10122024,
D0449,dikutip,
D0449,dari,
D0449,detikSumut,
D0449,SCROLL,
D0449,TO,
D0449,CONTINUE,
D0449,WITH,
D0449,CONTENT,
D0449,Yoko,
D0449,menyebut,
D0449,korban,
D0449,D,
D0449,tewas,
D0449,dalam,
D0449,peristiwa,
D0449,itu,
D0449,D,
D0449,ditikam,
D0449,hingga,
D0449,ususnya,
D0449,terburai,
D0449,Yang,
D0449,meninggal,
D0449,ada,
D0449,yang,
D0449,sampai,
D0449,keluar,
D0449,ususnya,
D0449,ujarnya,
D0449,Dia,
D0449,tidak,
D0449,mengetahui,
D0449,pasti,
D0449,motif,
D0449,penikaman,
D0449,ini,
D0449,Namun,
D0449,berdasarkan,
D0449,informasi,
D0449,yang,
D0449,diterima,
D0449,pelaku,
D0449,memiliki,
D0449,gangguan,
D0449,mental,
D0449,Nggak,
D0449,tahu,
D0449,katanya,
D0449,memang,
D0449,ada,
D0449,kurangkurangnya,
D0449,tetangga,
D0449,ini,
D0449,pelaku,
D0449,Katanya,
D0449,sering,
D0449,diejekejek,
D0449,sama,
D0449,anakanak,
D0449,ini,
D0449,sebut,
D0449,Yoko,
D0449,Dia,
D0449,mengungkapkan,
D0449,setelah,
D0449,menikam,
D0449,bocahbocah,
D0449,tersebut,
D0449,pelaku,
D0449,menyerahkan,
D0449,diri,
D0449,ke,
D0449,polisi,
D0449,Pelaku,
D0449,menyerahkan,
D0449,diri,
D0449,naik,
D0449,sepeda,
D0449,dia,
D0449,pungkas,
D0449,Yoko,
D0449,Kasat,
D0449,Reskrim,
D0449,Polrestabes,
D0449,Medan,
D0449,Kompol,
D0449,Jama,
D0449,Kita,
D0449,Purba,
D0449,mengatakan,
D0449,peristiwa,
D0449,itu,
D0449,terjadi,
D0449,sekitar,
D0449,pukul,
D0449,1000,
D0449,WIB,
D0449,Polisi,
D0449,telah,
D0449,turun,
D0449,ke,
D0449,lokasi,
D0449,untuk,
D0449,olah,
D0449,TKP,
D0449,Kami,
D0449,ke,
D0449,TKP,
D0449,sekira,
D0449,jam,
D0449,1100,
D0449,WIB,
D0449,kejadiannya,
D0449,sepertinya,
D0449,jam,
D0449,10an,
D0449,kata,
D0449,Jama,
D0449,Jama,
D0449,mengungkapkan,
D0449,para,
D0449,korban,
D0449,sempat,
D0449,dibawa,
D0449,ke,
D0449,RS,
D0449,Mitra,
D0449,Medika,
D0449,Tembung,
D0449,Namun,
D0449,setelah,
D0449,itu,
D0449,dilarikan,
D0449,ke,
D0449,RS,
D0449,Murni,
D0449,Teguh,
D0449,Perwira,
D0449,menengah,
D0449,Polri,
D0449,itu,
D0449,belum,
D0449,bisa,
D0449,memastikan,
D0449,kondisi,
D0449,ketiga,
D0449,korban,
D0449,Dia,
D0449,masih,
D0449,menunggu,
D0449,konfirmasi,
D0449,dari,
D0449,pihak,
D0449,rumah,
D0449,sakit,
D0449,Kami,
D0449,masih,
D0449,menunggu,
D0449,tigatiganya,
D0449,di,
D0449,Mitra,
D0449,Medika,
D0449,Tembung,
D0449,dibawa,
D0449,ke,
D0449,RS,
D0449,Murni,
D0449,Teguh,
D0449,masih,
D0449,ditangani,
D0449,tigatiganya,
D0449,jelasnya,
D0449,Jama,
D0449,juga,
D0449,memastikan,
D0449,pelaku,
D0449,sudah,
D0449,diamankan,
D0449,Pelaku,
D0449,sudah,
D0449,diamankan,
D0449,Mereka,
D0449,bertetanggaan,
D0449,berdekatan,
D0449,pungkasnya,
D0449,Artikel,
D0449,ini,
D0449,sudah,
D0449,tayang,
D0449,di,
D0449,detikSumut,
D0450,Sebanyak,
D0450,13,
D0450,mahasiswa,
D0450,Universitas,
D0450,Katolik,
D0450,Santo,
D0450,Thomas,
D0450,ditetapkan,
D0450,sebagai,
D0450,tersangka,
D0450,dalam,
D0450,kasus,
D0450,tawuran,
D0450,yang,
D0450,terjadi,
D0450,di,
D0450,kampus,
D0450,tersebut,
D0450,beberapa,
D0450,waktu,
D0450,lalu,
D0450,Polisi,
D0450,pun,
D0450,mengungkap,
D0450,awal,
D0450,mula,
D0450,penyebab,
D0450,tawuran,
D0450,antar,
D0450,mahasiswa,
D0450,tersebut,
D0450,ke13,
D0450,mahasiswa,
D0450,tersebut,
D0450,merupakan,
D0450,mahasiswa,
D0450,dari,
D0450,Fakultas,
D0450,Teknik,
D0450,dan,
D0450,Fakultas,
D0450,Pertanian,
D0450,Mereka,
D0450,ditangkap,
D0450,dan,
D0450,ditetapkan,
D0450,sebagai,
D0450,tersangka,
D0450,Ada,
D0450,13,
D0450,mahasiswa,
D0450,dari,
D0450,Fakultas,
D0450,Teknik,
D0450,dan,
D0450,Pertanian,
D0450,yang,
D0450,kita,
D0450,tangkap,
D0450,dan,
D0450,sekarang,
D0450,telah,
D0450,ditetapkan,
D0450,menjadi,
D0450,tersangka,
D0450,kata,
D0450,Kapolsek,
D0450,Sunggal,
D0450,Kompol,
D0450,Bambang,
D0450,G,
D0450,Hutabarat,
D0450,saat,
D0450,konferensi,
D0450,pers,
D0450,Senin,
D0450,9122024,
D0450,SCROLL,
D0450,TO,
D0450,CONTINUE,
D0450,WITH,
D0450,CONTENT,
D0450,Bambang,
D0450,mengatakan,
D0450,tawuran,
D0450,itu,
D0450,dipicu,
D0450,masalah,
D0450,sepele,
D0450,yaitu,
D0450,hanya,
D0450,karena,
D0450,terlibat,
D0450,saling,
D0450,lirik,
D0450,di,
D0450,salah,
D0450,satu,
D0450,rumah,
D0450,makan,
D0450,Aksi,
D0450,saling,
D0450,lirik,
D0450,itu,
D0450,kemudian,
D0450,memicu,
D0450,dendam,
D0450,antar,
D0450,mahasiswa,
D0450,beda,
D0450,fakultas,
D0450,tersebut,
D0450,Tawuran,
D0450,antara,
D0450,Fakultas,
D0450,Teknik,
D0450,dan,
D0450,Fakultas,
D0450,Pertanian,
D0450,Unika,
D0450,Medan,
D0450,disebabkan,
D0450,oleh,
D0450,faktor,
D0450,dendam,
D0450,lama,
D0450,yang,
D0450,bermula,
D0450,saling,
D0450,lirik,
D0450,saat,
D0450,berada,
D0450,di,
D0450,sebuah,
D0450,rumah,
D0450,makan,
D0450,ungkapnya,
D0450,Akibat,
D0450,aksi,
D0450,itu,
D0450,satu,
D0450,unit,
D0450,sepeda,
D0450,motor,
D0450,milik,
D0450,mahasiswa,
D0450,Fakultas,
D0450,Pertanian,
D0450,dibakar,
D0450,di,
D0450,sebuah,
D0450,warung,
D0450,di,
D0450,Jalan,
D0450,Setia,
D0450,Budi,
D0450,Medan,
D0450,Pembakaran,
D0450,motor,
D0450,tersebut,
D0450,kemudian,
D0450,membuat,
D0450,pecahnya,
D0450,tawuran,
D0450,antara,
D0450,Fakultas,
D0450,Teknik,
D0450,dan,
D0450,Fakultas,
D0450,Pertanian,
D0450,Tawuran,
D0450,antarmahasiswa,
D0450,tersebut,
D0450,juga,
D0450,menyebabkan,
D0450,warung,
D0450,warga,
D0450,di,
D0450,di,
D0450,Jalan,
D0450,Melati,
D0450,Raya,
D0450,rusak,
D0450,Aksi,
D0450,tersebut,
D0450,diwarnai,
D0450,pelemparan,
D0450,batu,
D0450,hingga,
D0450,bom,
D0450,molotov,
D0450,Barang,
D0450,bukti,
D0450,yang,
D0450,didapat,
D0450,di,
D0450,lokasi,
D0450,diantaranya,
D0450,adalah,
D0450,Batu,
D0450,besi,
D0450,petasan,
D0450,bom,
D0450,molotov,
D0450,celurit,
D0450,dan,
D0450,kayu,
D0450,jelasnya,
D0450,Atas,
D0450,perbuatannya,
D0450,para,
D0450,pelaku,
D0450,dijerat,
D0450,Pasal,
D0450,187,
D0450,Subs,
D0450,Pasal,
D0450,170,
D0450,Jo,
D0450,Pasal,
D0450,406,
D0450,Subs,
D0450,Pasal,
D0450,358,
D0450,KUHPidana,
D0450,dengan,
D0450,ancaman,
D0450,paling,
D0450,lama,
D0450,12,
D0450,tahun,
D0450,penjara,
D0450,Bambang,
D0450,turut,
D0450,mengingatkan,
D0450,mahasiswa,
D0450,untuk,
D0450,tidak,
D0450,melakukan,
D0450,aksi,
D0450,tawuran,
D0450,Kami,
D0450,mengimbau,
D0450,kepada,
D0450,mahasiswa,
D0450,di,
D0450,Kota,
D0450,Medan,
D0450,khususnya,
D0450,Universitas,
D0450,Katolik,
D0450,Medan,
D0450,atau,
D0450,Unika,
D0450,Medan,
D0450,untuk,
D0450,tidak,
D0450,terprovokasi,
D0450,atas,
D0450,peristiwa,
D0450,tawuran,
D0450,ini,
D0450,Polisi,
D0450,akan,
D0450,menindak,
D0450,tegas,
D0450,siapapun,
D0450,yang,
D0450,melakukan,
D0450,tindak,
D0450,kriminalitas,
D0450,di,
D0450,wilayah,
D0450,hukum,
D0450,Polrestabes,
D0450,Medan,
D0450,pungkasnya,
D0450,Sebelumnya,
D0450,diberitakan,
D0450,dua,
D0450,kelompok,
D0450,mahasiswa,
D0450,Unika,
D0450,Santo,
D0450,Thomas,
D0450,tersebut,
D0450,sudah,
D0450,beberapa,
D0450,kali,
D0450,terjadi,
D0450,Terbaru,
D0450,pada,
D0450,Rabu,
D0450,412,
D0450,malam,
D0450,Ada,
D0450,pertikaian,
D0450,antar,
D0450,kelompok,
D0450,dugaan,
D0450,kita,
D0450,ini,
D0450,kelompok,
D0450,mahasiswa,
D0450,dengan,
D0450,kelompok,
D0450,yang,
D0450,kita,
D0450,juga,
D0450,belum,
D0450,bisa,
D0450,mengidentifikasi,
D0450,tapi,
D0450,nanti,
D0450,kita,
D0450,telusuri,
D0450,mudah,
D0450,mudahan,
D0450,kita,
D0450,dapatkan,
D0450,datanya,
D0450,kata,
D0450,Kapolrestabes,
D0450,Medan,
D0450,Kombes,
D0450,Gidion,
D0450,Arif,
D0450,Setyawan,
D0450,Kamis,
D0450,1512,
D0450,Selain,
D0450,itu,
D0450,tawuran,
D0450,itu,
D0450,juga,
D0450,terjadi,
D0450,di,
D0450,Jalan,
D0450,Melati,
D0450,Raya,
D0450,Kamis,
D0450,512,
D0450,malam,
D0450,Para,
D0450,pelaku,
D0450,juga,
D0450,membawa,
D0450,petasan,
D0450,dan,
D0450,botol,
D0451,Polisi,
D0451,menangkap,
D0451,dan,
D0451,menetapkan,
D0451,13,
D0451,mahasiswa,
D0451,Universitas,
D0451,Katolik,
D0451,Santo,
D0451,Thomas,
D0451,sebagai,
D0451,tersangka,
D0451,buntut,
D0451,terjadinya,
D0451,tawuran,
D0451,beberapa,
D0451,waktu,
D0451,lalu,
D0451,Mereka,
D0451,merupakan,
D0451,mahasiswa,
D0451,dari,
D0451,Fakultas,
D0451,Teknik,
D0451,dan,
D0451,Fakultas,
D0451,Pertanian,
D0451,Ada,
D0451,13,
D0451,mahasiswa,
D0451,dari,
D0451,Fakultas,
D0451,Teknik,
D0451,dan,
D0451,Pertanian,
D0451,yang,
D0451,kita,
D0451,tangkap,
D0451,dan,
D0451,sekarang,
D0451,telah,
D0451,ditetapkan,
D0451,menjadi,
D0451,tersangka,
D0451,kata,
D0451,Kapolsek,
D0451,Sunggal,
D0451,Kompol,
D0451,Bambang,
D0451,G,
D0451,Hutabarat,
D0451,saat,
D0451,konferensi,
D0451,pers,
D0451,Senin,
D0451,9122024,
D0451,Bambang,
D0451,menyebut,
D0451,tawuran,
D0451,ini,
D0451,dipicu,
D0451,karena,
D0451,saling,
D0451,lirik,
D0451,saat,
D0451,berada,
D0451,di,
D0451,salah,
D0451,satu,
D0451,rumah,
D0451,makan,
D0451,Hal,
D0451,itu,
D0451,kemudian,
D0451,memicu,
D0451,dendam,
D0451,antarfakultas,
D0451,tersebut,
D0451,Tawuran,
D0451,antara,
D0451,Fakultas,
D0451,Teknik,
D0451,dan,
D0451,Fakultas,
D0451,Pertanian,
D0451,Unika,
D0451,Medan,
D0451,disebabkan,
D0451,oleh,
D0451,faktor,
D0451,dendam,
D0451,lama,
D0451,yang,
D0451,bermula,
D0451,saling,
D0451,lirik,
D0451,saat,
D0451,berada,
D0451,di,
D0451,sebuah,
D0451,rumah,
D0451,makan,
D0451,ungkapnya,
D0451,SCROLL,
D0451,TO,
D0451,CONTINUE,
D0451,WITH,
D0451,CONTENT,
D0451,Dari,
D0451,peristiwa,
D0451,tersebut,
D0451,terjadi,
D0451,tawuran,
D0451,yang,
D0451,berujung,
D0451,pada,
D0451,pembakaran,
D0451,motor,
D0451,salah,
D0451,satu,
D0451,mahasiswa,
D0451,Fakultas,
D0451,Pertanian,
D0451,di,
D0451,sebuah,
D0451,warung,
D0451,Jalan,
D0451,Setia,
D0451,Budi,
D0451,Pembakaran,
D0451,motor,
D0451,itu,
D0451,membuat,
D0451,tawuran,
D0451,antara,
D0451,Fakultas,
D0451,Teknik,
D0451,dan,
D0451,Fakultas,
D0451,Pertanian,
D0451,kembali,
D0451,pecah,
D0451,Tawuran,
D0451,ini,
D0451,juga,
D0451,mengakibatkan,
D0451,warung,
D0451,warga,
D0451,di,
D0451,Jalan,
D0451,Melati,
D0451,Raya,
D0451,rusak,
D0451,Barang,
D0451,bukti,
D0451,yang,
D0451,didapat,
D0451,di,
D0451,lokasi,
D0451,diantaranya,
D0451,adalah,
D0451,Batu,
D0451,besi,
D0451,petasan,
D0451,bom,
D0451,molotov,
D0451,celurit,
D0451,dan,
D0451,kayu,
D0451,jelasnya,
D0451,Atas,
D0451,perbuatannya,
D0451,para,
D0451,pelaku,
D0451,dijerat,
D0451,Pasal,
D0451,187,
D0451,Subs,
D0451,Pasal,
D0451,170,
D0451,Jo,
D0451,Pasal,
D0451,406,
D0451,Subs,
D0451,Pasal,
D0451,358,
D0451,KUHPidana,
D0451,dengan,
D0451,ancaman,
D0451,paling,
D0451,lama,
D0451,12,
D0451,tahun,
D0451,penjara,
D0451,Bambang,
D0451,turut,
D0451,mengingatkan,
D0451,mahasiswa,
D0451,untuk,
D0451,tidak,
D0451,melakukan,
D0451,aksi,
D0451,tawuran,
D0451,Kami,
D0451,mengimbau,
D0451,kepada,
D0451,mahasiswa,
D0451,di,
D0451,Kota,
D0451,Medan,
D0451,khususnya,
D0451,Universitas,
D0451,Katolik,
D0451,Medan,
D0451,atau,
D0451,Unika,
D0451,Medan,
D0451,untuk,
D0451,tidak,
D0451,terprovokasi,
D0451,atas,
D0451,peristiwa,
D0451,tawuran,
D0451,ini,
D0451,Polisi,
D0451,akan,
D0451,menindak,
D0451,tegas,
D0451,siapapun,
D0451,yang,
D0451,melakukan,
D0451,tindak,
D0451,kriminalitas,
D0451,di,
D0451,wilayah,
D0451,hukum,
D0451,Polrestabes,
D0451,Medan,
D0451,pungkasnya,
D0451,Sebelumnya,
D0451,diberitakan,
D0451,tawuran,
D0451,antarmahasiswa,
D0451,Unika,
D0451,ini,
D0451,beberapa,
D0451,kali,
D0451,terjadi,
D0451,salah,
D0451,satunya,
D0451,pada,
D0451,Rabu,
D0451,412,
D0451,malam,
D0451,Ada,
D0451,pertikaian,
D0451,antar,
D0451,kelompok,
D0451,dugaan,
D0451,kita,
D0451,ini,
D0451,kelompok,
D0451,mahasiswa,
D0451,dengan,
D0451,kelompok,
D0451,yang,
D0451,kita,
D0451,juga,
D0451,belum,
D0451,bisa,
D0451,mengidentifikasi,
D0451,tapi,
D0451,nanti,
D0451,kita,
D0451,telusuri,
D0451,mudah,
D0451,mudahan,
D0451,kita,
D0451,dapatkan,
D0451,datanya,
D0451,kata,
D0451,Kapolrestabes,
D0451,Medan,
D0451,Kombes,
D0451,Gidion,
D0451,Arif,
D0451,Setyawan,
D0451,Kamis,
D0451,1512,
D0451,Selain,
D0451,itu,
D0451,tawuran,
D0451,itu,
D0451,juga,
D0451,terjadi,
D0451,di,
D0451,Jalan,
D0451,Melati,
D0451,Raya,
D0451,Kamis,
D0451,512,
D0451,malam,
D0451,Para,
D0451,pelaku,
D0451,juga,
D0451,membawa,
D0451,petasan,
D0451,dan,
D0451,botol,
D0452,Aksi,
D0452,kekerasan,
D0452,kawanan,
D0452,geng,
D0452,motor,
D0452,terhadap,
D0452,warga,
D0452,kembali,
D0452,terjadi,
D0452,di,
D0452,Kota,
D0452,Tasikmalaya,
D0452,Seorang,
D0452,pengendara,
D0452,mengalami,
D0452,luka,
D0452,robek,
D0452,di,
D0452,bagian,
D0452,kepala,
D0452,akibat,
D0452,dihantam,
D0452,batu,
D0452,oleh,
D0452,kawanan,
D0452,geng,
D0452,motor,
D0452,Insiden,
D0452,itu,
D0452,dialami,
D0452,korban,
D0452,Fahmi,
D0452,Muhammad,
D0452,Azis,
D0452,29,
D0452,saat,
D0452,melintas,
D0452,di,
D0452,Jalan,
D0452,Letjen,
D0452,Mashudi,
D0452,Kelurahan,
D0452,Kersanegara,
D0452,Kecamatan,
D0452,Cibeureum,
D0452,Kota,
D0452,Tasikmalaya,
D0452,Sabtu,
D0452,712,
D0452,pukul,
D0452,0100,
D0452,WIB,
D0452,Aksi,
D0452,brutal,
D0452,geng,
D0452,motor,
D0452,ini,
D0452,terekam,
D0452,kamera,
D0452,CCTV,
D0452,yang,
D0452,ada,
D0452,di,
D0452,sekitar,
D0452,lokasi,
D0452,kejadian,
D0452,Dari,
D0452,rekaman,
D0452,CCTV,
D0452,terlihat,
D0452,beberapa,
D0452,pengendara,
D0452,sepeda,
D0452,motor,
D0452,berboncengan,
D0452,menganiaya,
D0452,korban,
D0452,SCROLL,
D0452,TO,
D0452,CONTINUE,
D0452,WITH,
D0452,CONTENT,
D0452,Saat,
D0452,itu,
D0452,korban,
D0452,Fahmi,
D0452,hendak,
D0452,pulang,
D0452,ke,
D0452,daerah,
D0452,Kampung,
D0452,Siluman,
D0452,Kecamatan,
D0452,Cibeureum,
D0452,Saat,
D0452,itu,
D0452,dia,
D0452,berboncengan,
D0452,dengan,
D0452,Azwan,
D0452,20,
D0452,temannya,
D0452,Tanpa,
D0452,alasan,
D0452,yang,
D0452,jelas,
D0452,dia,
D0452,langsung,
D0452,dipepet,
D0452,salah,
D0452,satu,
D0452,sepeda,
D0452,motor,
D0452,pelaku,
D0452,kemudian,
D0452,korban,
D0452,dipukul,
D0452,dengan,
D0452,batu,
D0452,tepat,
D0452,mengenai,
D0452,kepala,
D0452,bagian,
D0452,belakang,
D0452,korban,
D0452,Nah,
D0452,pas,
D0452,di,
D0452,TKP,
D0452,motor,
D0452,suami,
D0452,saya,
D0452,langsung,
D0452,dipepet,
D0452,oleh,
D0452,pelaku,
D0452,Awalnya,
D0452,dilempar,
D0452,pakai,
D0452,botol,
D0452,2,
D0452,tapi,
D0452,nggak,
D0452,kena,
D0452,Langsung,
D0452,pakai,
D0452,batu,
D0452,dan,
D0452,kena,
D0452,ke,
D0452,kepala,
D0452,belakang,
D0452,kata,
D0452,Elisa,
D0452,istri,
D0452,korban,
D0452,Senin,
D0452,9122024,
D0452,Sebelum,
D0452,kabur,
D0452,meninggalkan,
D0452,korban,
D0452,para,
D0452,pelaku,
D0452,sempat,
D0452,mengatakan,
D0452,dirinya,
D0452,adalah,
D0452,geng,
D0452,motor,
D0452,Sebelum,
D0452,kabur,
D0452,pelakunya,
D0452,bilang,
D0452,aing,
D0452,geng,
D0452,motor,
D0452,nggak,
D0452,tahu,
D0452,apa,
D0452,maksudnya,
D0452,ngomong,
D0452,gitu,
D0452,kata,
D0452,Elisa,
D0452,Sesaat,
D0452,pelaku,
D0452,kabur,
D0452,korban,
D0452,tak,
D0452,tinggal,
D0452,diam,
D0452,Dia,
D0452,langsung,
D0452,menghubungi,
D0452,temannya,
D0452,yang,
D0452,sedang,
D0452,nongkrong,
D0452,di,
D0452,warung,
D0452,kue,
D0452,surabi,
D0452,di,
D0452,Kampung,
D0452,Siluman,
D0452,Teman,
D0452,korban,
D0452,langsung,
D0452,melakukan,
D0452,pengadangan,
D0452,namun,
D0452,para,
D0452,pelaku,
D0452,berhasil,
D0452,kabur,
D0452,Hanya,
D0452,saja,
D0452,satu,
D0452,sepeda,
D0452,motor,
D0452,diduga,
D0452,milik,
D0452,pelaku,
D0452,berhasil,
D0452,dihentikan,
D0452,Kasat,
D0452,Reskrim,
D0452,Polres,
D0452,Tasikmalaya,
D0452,Kota,
D0452,AKP,
D0452,Herman,
D0452,Saputra,
D0452,membenarkan,
D0452,adanya,
D0452,kejadian,
D0452,itu,
D0452,Herman,
D0452,mengatakan,
D0452,polisi,
D0452,masih,
D0452,melakukan,
D0452,penyelidikan,
D0452,atas,
D0452,kasus,
D0452,tersebut,
D0452,Iya,
D0452,benar,
D0452,kami,
D0452,mendapatkan,
D0452,laporan,
D0452,satu,
D0452,orang,
D0452,pemotor,
D0452,dipukul,
D0452,batu,
D0452,oleh,
D0452,sekelompok,
D0452,pemotor,
D0452,lain,
D0452,saat,
D0452,akan,
D0452,pulang,
D0452,ke,
D0452,rumahnya,
D0452,kata,
D0452,Herman,
D0452,Dia,
D0452,mengatakan,
D0452,korban,
D0452,sempat,
D0452,memberitahukan,
D0452,kepada,
D0452,temannya,
D0452,untuk,
D0452,menyetop,
D0452,kendaraan,
D0452,para,
D0452,pelaku,
D0452,sehingga,
D0452,dapat,
D0452,diamankan,
D0452,satu,
D0452,unit,
D0452,sepeda,
D0452,motor,
D0452,jenis,
D0452,Honda,
D0452,Sonic,
D0452,warna,
D0452,hitam,
D0452,Satu,
D0452,unit,
D0452,motor,
D0452,diamankan,
D0452,diduga,
D0452,kendaraan,
D0452,pelaku,
D0452,yang,
D0452,memukul,
D0452,dengan,
D0452,batu,
D0452,sedangkan,
D0452,para,
D0452,pelaku,
D0452,melarikan,
D0452,diri,
D0452,kata,
D0452,Herman,
D0452,Herman,
D0452,mengatakan,
D0452,korban,
D0452,mengalami,
D0452,luka,
D0452,robek,
D0452,di,
D0452,kepala,
D0452,sehingga,
D0452,harus,
D0452,mendapatkan,
D0452,perawatan,
D0452,medis,
D0452,Korban,
D0452,luka,
D0452,robek,
D0452,di,
D0452,kepala,
D0452,belakang,
D0452,dapat,
D0452,satu,
D0452,jahitan,
D0452,kata,
D0452,Herman,
D0452,Herman,
D0452,mengatakan,
D0452,upaya,
D0452,penyelidikan,
D0452,sedang,
D0452,dilakukan,
D0452,termasuk,
D0452,melakukan,
D0452,pemeriksaan,
D0452,di,
D0452,lokasi,
D0452,kejadian,
D0452,dan,
D0452,meminta,
D0452,keterangan,
D0452,saksisaksi,
D0452,Sedang,
D0452,diselidiki,
D0452,sesaat,
D0452,setelah,
D0452,kejadian,
D0452,anggota,
D0452,sudah,
D0452,turun,
D0452,ke,
D0452,TKP,
D0452,kata,
D0452,Herman,
D0453,Seorang,
D0453,pria,
D0453,menyandera,
D0453,bocah,
D0453,berusia,
D0453,empat,
D0453,tahun,
D0453,di,
D0453,Desa,
D0453,Taba,
D0453,Kebun,
D0453,Kecamatan,
D0453,Saling,
D0453,Empat,
D0453,Lawang,
D0453,Sumatera,
D0453,Selatan,
D0453,Sumsel,
D0453,Saat,
D0453,beraksi,
D0453,pelaku,
D0453,menggunakan,
D0453,sebilah,
D0453,senjata,
D0453,tajam,
D0453,Melansir,
D0453,detikSumbagsel,
D0453,peristiwa,
D0453,tersebut,
D0453,terjadi,
D0453,pada,
D0453,hari,
D0453,Minggu,
D0453,Aksi,
D0453,tersebut,
D0453,berlangsung,
D0453,berlangsung,
D0453,selama,
D0453,hampir,
D0453,dua,
D0453,jam,
D0453,lamanya,
D0453,Dalam,
D0453,melakukan,
D0453,aksinya,
D0453,pelaku,
D0453,memegang,
D0453,sebilah,
D0453,senjata,
D0453,tajam,
D0453,jenis,
D0453,parang,
D0453,kecil,
D0453,Kemudian,
D0453,benda,
D0453,itu,
D0453,ditempelkan,
D0453,di,
D0453,leher,
D0453,korban,
D0453,hingga,
D0453,membuat,
D0453,korban,
D0453,ketakutan,
D0453,sampai,
D0453,berteriak,
D0453,histeris,
D0453,SCROLL,
D0453,TO,
D0453,CONTINUE,
D0453,WITH,
D0453,CONTENT,
D0453,Warga,
D0453,dan,
D0453,orang,
D0453,tua,
D0453,korban,
D0453,yang,
D0453,berada,
D0453,di,
D0453,lokasi,
D0453,tak,
D0453,berani,
D0453,mendekati,
D0453,pelaku,
D0453,Kemudian,
D0453,polisi,
D0453,datang,
D0453,Kanit,
D0453,Pidum,
D0453,Polres,
D0453,Empat,
D0453,Lawang,
D0453,Ipda,
D0453,Adin,
D0453,Riyanto,
D0453,membenarkan,
D0453,kejadian,
D0453,tersebut,
D0453,Dia,
D0453,mengatakan,
D0453,pelaku,
D0453,bernama,
D0453,Jefry,
D0453,dan,
D0453,korban,
D0453,bernama,
D0453,K,
D0453,4,
D0453,Penyekapan,
D0453,itu,
D0453,baru,
D0453,berakhir,
D0453,setelah,
D0453,pelaku,
D0453,yang,
D0453,merupakan,
D0453,warga,
D0453,Kota,
D0453,Jambi,
D0453,ini,
D0453,terpaksa,
D0453,kami,
D0453,berikan,
D0453,tindakan,
D0453,tegas,
D0453,dan,
D0453,terukur,
D0453,diarahkan,
D0453,ke,
D0453,kaki,
D0453,kanan,
D0453,pelaku,
D0453,yang,
D0453,membuatnya,
D0453,jatuh,
D0453,tersungkur,
D0453,dan,
D0453,membuat,
D0453,bocah,
D0453,berhasil,
D0453,diselamatkan,
D0453,tindakan,
D0453,itu,
D0453,dilakukan,
D0453,karena,
D0453,pelaku,
D0453,tidak,
D0453,mau,
D0453,menyerahkan,
D0453,korban,
D0453,dan,
D0453,petugas,
D0453,tidak,
D0453,ingin,
D0453,mengambil,
D0453,risiko,
D0453,kata,
D0453,Adin,
D0453,Senin,
D0453,9122024,
D0453,Adin,
D0453,membeberkan,
D0453,kronologi,
D0453,peristiwa,
D0453,yang,
D0453,terjadi,
D0453,pada,
D0453,pukul,
D0453,0900,
D0453,WIB,
D0453,di,
D0453,dalam,
D0453,sebuah,
D0453,pondok,
D0453,di,
D0453,kebun,
D0453,karet,
D0453,milik,
D0453,orang,
D0453,tua,
D0453,korban,
D0453,Peristiwa,
D0453,itu,
D0453,bermula,
D0453,sewaktu,
D0453,kedua,
D0453,orang,
D0453,tua,
D0453,korban,
D0453,yakni,
D0453,Ari,
D0453,Tri,
D0453,Sutowo,
D0453,27,
D0453,dan,
D0453,Dewi,
D0453,Permata,
D0453,22,
D0453,sedang,
D0453,bekerja,
D0453,menyadap,
D0453,karet,
D0453,di,
D0453,kebunnya,
D0453,yang,
D0453,berjarak,
D0453,sekitar,
D0453,dua,
D0453,kilometer,
D0453,dari,
D0453,pemukiman,
D0453,warga,
D0453,ini,
D0453,Saat,
D0453,itu,
D0453,K,
D0453,sedang,
D0453,bermain,
D0453,di,
D0453,dalam,
D0453,pondok,
D0453,yang,
D0453,ada,
D0453,di,
D0453,kebun,
D0453,tersebut,
D0453,namun,
D0453,tibatiba,
D0453,pelaku,
D0453,Jefry,
D0453,yang,
D0453,menenteng,
D0453,parang,
D0453,datang,
D0453,dan,
D0453,masuk,
D0453,ke,
D0453,dalam,
D0453,pondok,
D0453,diapun,
D0453,menggendong,
D0453,korban,
D0453,dan,
D0453,langsung,
D0453,menyandera,
D0453,bocah,
D0453,kecil,
D0453,tersebut,
D0453,katanya,
D0453,Adin,
D0453,lalu,
D0453,mengungkap,
D0453,dugaan,
D0453,motif,
D0453,penyanderaan,
D0453,ini,
D0453,Awalnya,
D0453,pelaku,
D0453,meminta,
D0453,tolong,
D0453,dengan,
D0453,orang,
D0453,tua,
D0453,lorban,
D0453,untuk,
D0453,mengantar,
D0453,ke,
D0453,Palembang,
D0453,Namun,
D0453,orang,
D0453,tua,
D0453,korban,
D0453,tidak,
D0453,mengindahkannya,
D0453,Kemudian,
D0453,pelaku,
D0453,menyekap,
D0453,menyandera,
D0453,anak,
D0453,korban,
D0453,Pelaku,
D0453,hanya,
D0453,meminta,
D0453,mobil,
D0453,untuk,
D0453,diantar,
D0453,ke,
D0453,Palembang,
D0453,Dia,
D0453,bilang,
D0453,ingin,
D0453,pulang,
D0453,tapi,
D0453,tidak,
D0453,punya,
D0453,uang,
D0453,atau,
D0453,harta,
D0453,lain,
D0453,jelasnya,
D0453,Saat,
D0453,ini,
D0453,pelaku,
D0453,dibawa,
D0453,ke,
D0453,Polres,
D0453,Empat,
D0453,Lawang,
D0453,untuk,
D0453,dilakukan,
D0453,pemeriksaan,
D0453,lebih,
D0453,lanjut,
D0453,Lihat,
D0453,juga,
D0453,Video,
D0453,Sopir,
D0453,Truk,
D0453,yang,
D0453,Lindas,
D0453,Bocah,
D0453,di,
D0453,Tangerang,
D0453,Ternyata,
D0453,Positif,
D0453,Sabu,
D0453,GambasVideo,
D0453,20detik,
D0454,Seorang,
D0454,pria,
D0454,bernama,
D0454,Riswandi,
D0454,43,
D0454,menikam,
D0454,pekerja,
D0454,warung,
D0454,kopi,
D0454,bernama,
D0454,Anwar,
D0454,34,
D0454,di,
D0454,Kota,
D0454,Medan,
D0454,Sumatera,
D0454,Utara,
D0454,Sumut,
D0454,Pelaku,
D0454,mengaku,
D0454,nekat,
D0454,menikam,
D0454,karena,
D0454,sakit,
D0454,hati,
D0454,merasa,
D0454,korban,
D0454,akan,
D0454,membunuh,
D0454,keluarganya,
D0454,Kanit,
D0454,Reskrim,
D0454,Polsek,
D0454,Medan,
D0454,Area,
D0454,Iptu,
D0454,Poltak,
D0454,Tambunan,
D0454,mengatakan,
D0454,peristiwa,
D0454,itu,
D0454,terjadi,
D0454,di,
D0454,warung,
D0454,TST,
D0454,Pak,
D0454,Haji,
D0454,di,
D0454,Jalan,
D0454,Puri,
D0454,Kecamatan,
D0454,Medan,
D0454,Area,
D0454,Sabtu,
D0454,7122024,
D0454,sekira,
D0454,pukul,
D0454,0300,
D0454,WIB,
D0454,Saat,
D0454,itu,
D0454,korban,
D0454,tengah,
D0454,bekerja,
D0454,di,
D0454,warung,
D0454,tersebut,
D0454,Korban,
D0454,yang,
D0454,sedang,
D0454,bekerja,
D0454,didatangi,
D0454,pelaku,
D0454,Tanpa,
D0454,ngomong,
D0454,pelaku,
D0454,langsung,
D0454,melakukan,
D0454,penikaman,
D0454,terhadap,
D0454,korban,
D0454,menggunakan,
D0454,sebuah,
D0454,pisau,
D0454,yang,
D0454,disiapkan,
D0454,pelaku,
D0454,hingga,
D0454,korban,
D0454,terjatuh,
D0454,bersimbah,
D0454,darah,
D0454,kata,
D0454,Poltak,
D0454,Senin,
D0454,912,
D0454,SCROLL,
D0454,TO,
D0454,CONTINUE,
D0454,WITH,
D0454,CONTENT,
D0454,Poltak,
D0454,menyebut,
D0454,setelah,
D0454,melakukan,
D0454,aksi,
D0454,tersebut,
D0454,pelaku,
D0454,langsung,
D0454,pergi,
D0454,melarikan,
D0454,diri,
D0454,Akibat,
D0454,kejadian,
D0454,itu,
D0454,korban,
D0454,mengalami,
D0454,sejumlah,
D0454,tikaman,
D0454,di,
D0454,punggung,
D0454,dan,
D0454,di,
D0454,dekat,
D0454,telinga,
D0454,Pihak,
D0454,kepolisian,
D0454,yang,
D0454,menerima,
D0454,informasi,
D0454,kejadian,
D0454,itu,
D0454,lalu,
D0454,mencari,
D0454,pelaku,
D0454,dan,
D0454,mengamankannya,
D0454,pada,
D0454,hari,
D0454,yang,
D0454,sama,
D0454,sekira,
D0454,pukul,
D0454,2100,
D0454,WIB,
D0454,di,
D0454,lokasi,
D0454,kejadian,
D0454,Saat,
D0454,anggota,
D0454,opsnal,
D0454,kembali,
D0454,ke,
D0454,TKP,
D0454,anggota,
D0454,melihat,
D0454,tersangka,
D0454,berada,
D0454,di,
D0454,seputaran,
D0454,kedai,
D0454,TST,
D0454,Pak,
D0454,Haji,
D0454,Dengan,
D0454,dibantu,
D0454,oleh,
D0454,warga,
D0454,setempat,
D0454,tersangka,
D0454,dapat,
D0454,diamankan,
D0454,jelasnya,
D0454,Saat,
D0454,ini,
D0454,kata,
D0454,Poltak,
D0454,pelaku,
D0454,telah,
D0454,diamankan,
D0454,di,
D0454,Polsek,
D0454,Medan,
D0454,Area,
D0454,Berdasarkan,
D0454,pengakuan,
D0454,pelaku,
D0454,motifnya,
D0454,menikam,
D0454,korban,
D0454,karena,
D0454,merasa,
D0454,korban,
D0454,akan,
D0454,membunuh,
D0454,keluarganya,
D0454,Pengakuan,
D0454,pelaku,
D0454,karena,
D0454,sakit,
D0454,hati,
D0454,kepada,
D0454,korban,
D0454,karena,
D0454,korban,
D0454,ingin,
D0454,membunuh,
D0454,seluruh,
D0454,keluarga,
D0454,tersangka,
D0454,kata,
D0454,Poltak,
D0454,Namun,
D0454,Poltak,
D0454,menyebut,
D0454,motif,
D0454,pelaku,
D0454,tersebut,
D0454,belum,
D0454,bisa,
D0454,dipastikan,
D0454,Dia,
D0454,mengatakan,
D0454,pihaknya,
D0454,masih,
D0454,menyelidikinya,
D0454,Poltak,
D0454,mengatakan,
D0454,keluarga,
D0454,korban,
D0454,juga,
D0454,telah,
D0454,membuat,
D0454,laporan,
D0454,atas,
D0454,kejadian,
D0454,itu,
D0454,Si,
D0454,korban,
D0454,kan,
D0454,kerja,
D0454,di,
D0454,situ,
D0454,si,
D0454,pelaku,
D0454,rumahnya,
D0454,dekat,
D0454,situ,
D0454,juga,
D0454,sering,
D0454,ketemuketemu,
D0454,di,
D0454,situ,
D0454,Korban,
D0454,orang,
D0454,baikbaiknya,
D0454,Jadi,
D0454,belum,
D0454,bisa,
D0454,dipastikan,
D0454,memang,
D0454,benar,
D0454,ada,
D0454,atau,
D0454,tidak,
D0454,ancaman,
D0454,itu,
D0454,pungkasnya,
D0455,Polisi,
D0455,menangkap,
D0455,tiga,
D0455,perangkat,
D0455,desa,
D0455,Sah,
D0455,Raja,
D0455,Kecamatan,
D0455,Pante,
D0455,Bidari,
D0455,Aceh,
D0455,Timur,
D0455,karena,
D0455,diduga,
D0455,terlibat,
D0455,dalam,
D0455,pemburuan,
D0455,hingga,
D0455,penjualan,
D0455,kulit,
D0455,harimau,
D0455,dan,
D0455,beruang,
D0455,madu,
D0455,Ketiganya,
D0455,yakni,
D0455,R,
D0455,26,
D0455,Z,
D0455,35,
D0455,dan,
D0455,I,
D0455,36,
D0455,Polisi,
D0455,pun,
D0455,mengungkap,
D0455,peran,
D0455,masingmasing,
D0455,tersangka,
D0455,Tiga,
D0455,tersangka,
D0455,tersebut,
D0455,diciduk,
D0455,saat,
D0455,membawa,
D0455,bagian,
D0455,tubuh,
D0455,satwa,
D0455,dilindungi,
D0455,tersebut,
D0455,di,
D0455,area,
D0455,Parkiran,
D0455,Masjid,
D0455,Raya,
D0455,Pase,
D0455,Kota,
D0455,Panton,
D0455,Labu,
D0455,Tanah,
D0455,Jambo,
D0455,Aye,
D0455,Aceh,
D0455,Utara,
D0455,Senin,
D0455,2611,
D0455,malam,
D0455,Ketiganya,
D0455,merupakan,
D0455,bendahara,
D0455,sekdes,
D0455,dan,
D0455,kepala,
D0455,dusun,
D0455,di,
D0455,desa,
D0455,tempat,
D0455,tinggal,
D0455,mereka,
D0455,Dalam,
D0455,penangkapan,
D0455,diamankan,
D0455,barang,
D0455,bukti,
D0455,satu,
D0455,lembar,
D0455,kulit,
D0455,harimau,
D0455,dan,
D0455,tulang,
D0455,belulangnya,
D0455,serta,
D0455,satu,
D0455,lembar,
D0455,kulit,
D0455,beruang,
D0455,madu,
D0455,yang,
D0455,dibungkus,
D0455,dalam,
D0455,karung,
D0455,kata,
D0455,Kasat,
D0455,Reskrim,
D0455,Polres,
D0455,Aceh,
D0455,Utara,
D0455,AKP,
D0455,Novrizaldi,
D0455,kepada,
D0455,wartawan,
D0455,Sabtu,
D0455,7122024,
D0455,SCROLL,
D0455,TO,
D0455,CONTINUE,
D0455,WITH,
D0455,CONTENT,
D0455,Tersangka,
D0455,R,
D0455,berperan,
D0455,menjerat,
D0455,harimau,
D0455,dan,
D0455,beruang,
D0455,tersebut,
D0455,di,
D0455,hutan,
D0455,kawasan,
D0455,Langkahan,
D0455,Aceh,
D0455,Utara,
D0455,R,
D0455,ditangkap,
D0455,saat,
D0455,membawa,
D0455,kulit,
D0455,satwa,
D0455,tersebut,
D0455,menggunakan,
D0455,motor,
D0455,bersama,
D0455,tersangka,
D0455,Z,
D0455,Tersangka,
D0455,I,
D0455,berperan,
D0455,mencari,
D0455,pembeli,
D0455,kulit,
D0455,dan,
D0455,bagian,
D0455,tubuh,
D0455,hewan,
D0455,langka,
D0455,tersebut,
D0455,Polisi,
D0455,pun,
D0455,masih,
D0455,mendalami,
D0455,kasus,
D0455,tersebut,
D0455,termasuk,
D0455,soal,
D0455,kemungkinan,
D0455,bagian,
D0455,tubuh,
D0455,satwa,
D0455,yang,
D0455,telah,
D0455,dijual,
D0455,Kini,
D0455,ketiganya,
D0455,ditahan,
D0455,di,
D0455,sel,
D0455,Polres,
D0455,Aceh,
D0455,Utara,
D0455,Mereka,
D0455,dijerat,
D0455,dengan,
D0455,pasal,
D0455,berlapis,
D0455,Atas,
D0455,perbuatannya,
D0455,itu,
D0455,ketiga,
D0455,tersangka,
D0455,dijerat,
D0455,dengan,
D0455,Pasal,
D0455,40,
D0455,Ayat,
D0455,2,
D0455,juncto,
D0455,Pasal,
D0455,21,
D0455,Ayat,
D0455,2,
D0455,UndangUndang,
D0455,UU,
D0455,RI,
D0455,Nomor,
D0455,5,
D0455,tahun,
D0455,1990,
D0455,tentang,
D0455,Konservasi,
D0455,Sumber,
D0455,Daya,
D0455,Alam,
D0455,Hayati,
D0455,dan,
D0455,Ekosistemnya,
D0455,juncto,
D0455,Pasal,
D0455,55,
D0455,Pasal,
D0455,56,
D0455,KUHPidana,
D0455,ujar,
D0455,Novrizaldi,
D0456,Polrestabes,
D0456,Medan,
D0456,menangkap,
D0456,seorang,
D0456,oknum,
D0456,ASN,
D0456,Kejaksaan,
D0456,Negeri,
D0456,Lubuk,
D0456,Pakam,
D0456,Ronald,
D0456,Fransius,
D0456,Situmorang,
D0456,45,
D0456,karena,
D0456,menggelapkan,
D0456,20,
D0456,mobil,
D0456,bersama,
D0456,seorang,
D0456,wanita,
D0456,bernama,
D0456,Wasty,
D0456,Sinaga,
D0456,44,
D0456,Ini,
D0456,tampang,
D0456,kedua,
D0456,pelaku,
D0456,tersebut,
D0456,Kanit,
D0456,Reskrim,
D0456,Polsek,
D0456,Medan,
D0456,Tembung,
D0456,AKP,
D0456,Japri,
D0456,Simamora,
D0456,mengatakan,
D0456,para,
D0456,pelaku,
D0456,telah,
D0456,ditetapkan,
D0456,menjadi,
D0456,tersangka,
D0456,Keduanya,
D0456,terancam,
D0456,hukuman,
D0456,empat,
D0456,tahun,
D0456,penjara,
D0456,Kedua,
D0456,tersangka,
D0456,dijerat,
D0456,Pasal,
D0456,378,
D0456,dan,
D0456,atau,
D0456,Pasal,
D0456,372,
D0456,KUHPidana,
D0456,dengan,
D0456,ancaman,
D0456,hukuman,
D0456,empat,
D0456,tahun,
D0456,penjara,
D0456,kata,
D0456,Japri,
D0456,Minggu,
D0456,8122024,
D0456,SCROLL,
D0456,TO,
D0456,CONTINUE,
D0456,WITH,
D0456,CONTENT,
D0456,Sebelumnya,
D0456,Kapolrestabes,
D0456,Medan,
D0456,Kombes,
D0456,Gidion,
D0456,Arif,
D0456,Setyawan,
D0456,mengatakan,
D0456,bahwa,
D0456,pelaku,
D0456,Ronald,
D0456,ini,
D0456,adalah,
D0456,seorang,
D0456,ASN,
D0456,di,
D0456,Kejari,
D0456,Lubuk,
D0456,Pakam,
D0456,Pelakunya,
D0456,ada,
D0456,dua,
D0456,orang,
D0456,satunya,
D0456,inisial,
D0456,R,
D0456,ini,
D0456,kebetulan,
D0456,PNS,
D0456,aktif,
D0456,dari,
D0456,Kejaksaan,
D0456,Negeri,
D0456,Lubuk,
D0456,Pakam,
D0456,Jadi,
D0456,dari,
D0456,LP,
D0456,ada,
D0456,20,
D0456,kendaraan,
D0456,yang,
D0456,digelapkan,
D0456,yang,
D0456,sekarang,
D0456,tersita,
D0456,itu,
D0456,enam,
D0456,mobil,
D0456,kata,
D0456,Gidion,
D0456,saat,
D0456,konferensi,
D0456,pers,
D0456,di,
D0456,Polsek,
D0456,Medan,
D0456,Tembung,
D0456,Sabtu,
D0456,712,
D0456,malam,
D0456,Gidion,
D0456,kemudian,
D0456,membongkar,
D0456,modus,
D0456,yang,
D0456,dilakukan,
D0456,oleh,
D0456,kedua,
D0456,pelaku,
D0456,Menurutnya,
D0456,kedua,
D0456,pelaku,
D0456,menyewa,
D0456,mobil,
D0456,rental,
D0456,dari,
D0456,korban,
D0456,dan,
D0456,merental,
D0456,mobil,
D0456,tersebut,
D0456,dalam,
D0456,kurun,
D0456,waktu,
D0456,tertentu,
D0456,Namun,
D0456,ternyata,
D0456,mobil,
D0456,tersebut,
D0456,dijual,
D0456,atau,
D0456,digadaikan,
D0456,para,
D0456,pelaku,
D0456,Varian,
D0456,harga,
D0456,mobil,
D0456,yang,
D0456,digadaikan,
D0456,oleh,
D0456,pelaku,
D0456,mulai,
D0456,dari,
D0456,harga,
D0456,Rp,
D0456,30,
D0456,jutaan,
D0456,Perannya,
D0456,yaitu,
D0456,perempuan,
D0456,ini,
D0456,menyewa,
D0456,kemudian,
D0456,yang,
D0456,lakilaki,
D0456,ini,
D0456,atas,
D0456,nama,
D0456,R,
D0456,yang,
D0456,membawa,
D0456,kendaraan,
D0456,itu,
D0456,menggadaikan,
D0456,Harganya,
D0456,ada,
D0456,yang,
D0456,Rp,
D0456,30,
D0456,jutaan,
D0456,bervariasi,
D0456,ya,
D0456,jelasnya,
D0456,Sementara,
D0456,itu,
D0456,sisa,
D0456,14,
D0456,dari,
D0456,20,
D0456,mobil,
D0456,yang,
D0456,digelapkan,
D0456,oleh,
D0456,pelaku,
D0456,saat,
D0456,ini,
D0456,masih,
D0456,dalam,
D0456,pencarian,
D0456,lantaran,
D0456,sudah,
D0456,digadaikan,
D0456,Terkait,
D0456,hal,
D0456,ini,
D0456,Gidion,
D0456,mengingatkan,
D0456,kepada,
D0456,pemilik,
D0456,rental,
D0456,dan,
D0456,juga,
D0456,penerima,
D0456,gadai,
D0456,untuk,
D0456,lebih,
D0456,waspada,
D0456,dan,
D0456,berhatihati,
D0457,Tindakan,
D0457,seorang,
D0457,pria,
D0457,berinisial,
D0457,FA,
D0457,sungguh,
D0457,bikin,
D0457,gelenggeleng,
D0457,kepala,
D0457,Bagaimana,
D0457,tidak,
D0457,dia,
D0457,nekat,
D0457,melakukan,
D0457,onani,
D0457,di,
D0457,salah,
D0457,satu,
D0457,pusat,
D0457,perbelanjaan,
D0457,di,
D0457,Kota,
D0457,Bandung,
D0457,Jawa,
D0457,Barat,
D0457,Jabar,
D0457,hingga,
D0457,membuatnya,
D0457,kini,
D0457,harus,
D0457,mendekam,
D0457,di,
D0457,penjara,
D0457,Semuanya,
D0457,bermula,
D0457,ketika,
D0457,FA,
D0457,sedang,
D0457,ikut,
D0457,mengantre,
D0457,di,
D0457,pusat,
D0457,perbelanjaan,
D0457,pada,
D0457,Minggu,
D0457,1122024,
D0457,Tadinya,
D0457,aksi,
D0457,menjijikan,
D0457,pria,
D0457,bertubuh,
D0457,gempal,
D0457,dan,
D0457,sudah,
D0457,beristri,
D0457,ini,
D0457,sama,
D0457,sekali,
D0457,tidak,
D0457,diketahui,
D0457,korbannya,
D0457,saat,
D0457,kejadian,
D0457,Namun,
D0457,korban,
D0457,merasa,
D0457,curiga,
D0457,karena,
D0457,ada,
D0457,cairan,
D0457,putih,
D0457,yang,
D0457,tercecer,
D0457,di,
D0457,tangannya,
D0457,Setelah,
D0457,diberi,
D0457,tahu,
D0457,pengunjung,
D0457,lain,
D0457,cairan,
D0457,itu,
D0457,memang,
D0457,sperma,
D0457,dari,
D0457,aksi,
D0457,onani,
D0457,si,
D0457,pelaku,
D0457,ini,
D0457,SCROLL,
D0457,TO,
D0457,CONTINUE,
D0457,WITH,
D0457,CONTENT,
D0457,Kami,
D0457,merilis,
D0457,kasus,
D0457,yang,
D0457,cukup,
D0457,unik,
D0457,yaitu,
D0457,perilaku,
D0457,tindakan,
D0457,seksual,
D0457,atau,
D0457,pornografi,
D0457,atau,
D0457,lebih,
D0457,tepatnya,
D0457,eksibisionism,
D0457,yaitu,
D0457,memamerkan,
D0457,alat,
D0457,kelamin,
D0457,di,
D0457,tempat,
D0457,umum,
D0457,dan,
D0457,melakukan,
D0457,tindakan,
D0457,asusila,
D0457,di,
D0457,depan,
D0457,perempuan,
D0457,kata,
D0457,Kapolrestabes,
D0457,Bandung,
D0457,Kombes,
D0457,Pol,
D0457,Budi,
D0457,Sartono,
D0457,di,
D0457,Mapolrestabes,
D0457,Bandung,
D0457,Jumat,
D0457,6122024,
D0457,FA,
D0457,turut,
D0457,dihadirkan,
D0457,dalam,
D0457,rilis,
D0457,kasus,
D0457,di,
D0457,Mapolrestabes,
D0457,Bandung,
D0457,Dia,
D0457,sudah,
D0457,mengenakan,
D0457,pakaian,
D0457,tahanan,
D0457,berwarna,
D0457,oranye,
D0457,dengan,
D0457,posisi,
D0457,tangan,
D0457,terborgol,
D0457,Jadi,
D0457,secara,
D0457,jelasnya,
D0457,kami,
D0457,gambarkan,
D0457,pada,
D0457,hari,
D0457,Minggu,
D0457,ada,
D0457,pelapor,
D0457,perempuan,
D0457,pada,
D0457,saat,
D0457,korban,
D0457,mengantre,
D0457,di,
D0457,kasir,
D0457,toko,
D0457,ada,
D0457,saksi,
D0457,yang,
D0457,mengetahui,
D0457,kepada,
D0457,korban,
D0457,bahwa,
D0457,di,
D0457,tangannya,
D0457,ada,
D0457,cairan,
D0457,air,
D0457,mani,
D0457,setelah,
D0457,dilihat,
D0457,dicek,
D0457,diambil,
D0457,pakai,
D0457,tisu,
D0457,Ternyata,
D0457,itu,
D0457,benar,
D0457,adalah,
D0457,cairan,
D0457,yang,
D0457,diduga,
D0457,sperma,
D0457,ataupun,
D0457,air,
D0457,mani,
D0457,ungkapnya,
D0457,Aksi,
D0457,ekshibisionis,
D0457,yang,
D0457,FA,
D0457,lakukan,
D0457,baru,
D0457,ketahuan,
D0457,setelah,
D0457,korban,
D0457,mengecek,
D0457,CCTV,
D0457,Dari,
D0457,tayangan,
D0457,yang,
D0457,diputar,
D0457,ulang,
D0457,kemudian,
D0457,terlihat,
D0457,saat,
D0457,FA,
D0457,onani,
D0457,di,
D0457,belakang,
D0457,korban,
D0457,saat,
D0457,mereka,
D0457,mengantre,
D0457,untuk,
D0457,melakukan,
D0457,pembayaran,
D0457,Kemudian,
D0457,pelapor,
D0457,bersama,
D0457,saksi,
D0457,langsung,
D0457,melakukan,
D0457,pengecekan,
D0457,kepada,
D0457,CCTV,
D0457,Dari,
D0457,hasil,
D0457,rekaman,
D0457,CCTV,
D0457,bisa,
D0457,dilihat,
D0457,bahwa,
D0457,pelaku,
D0457,mendekati,
D0457,korban,
D0457,dari,
D0457,belakang,
D0457,jadi,
D0457,pelapor,
D0457,tidak,
D0457,melihat,
D0457,dan,
D0457,melakukan,
D0457,onani,
D0457,Di,
D0457,kasir,
D0457,tersebut,
D0457,mengeluarkan,
D0457,alat,
D0457,kelamin,
D0457,dan,
D0457,sampai,
D0457,dengan,
D0457,mengeluarkan,
D0457,cairan,
D0457,jelasnya,
D0457,Berbekal,
D0457,rekaman,
D0457,CCTV,
D0457,kemudian,
D0457,korban,
D0457,melapor,
D0457,ke,
D0457,Polrestabes,
D0457,Bandung,
D0457,dan,
D0457,dari,
D0457,hasil,
D0457,pengecekan,
D0457,CCTV,
D0457,bisa,
D0457,teridentifikasi,
D0457,bahwa,
D0457,yang,
D0457,melakukan,
D0457,adalah,
D0457,pelaku,
D0457,atas,
D0457,inisial,
D0457,FA,
D0457,domisili,
D0457,di,
D0457,Bandung,
D0457,dan,
D0457,setelah,
D0457,kita,
D0457,melakukan,
D0457,pemeriksaan,
D0457,yang,
D0457,bersangkutan,
D0457,berdasarkan,
D0457,hasil,
D0457,keterangan,
D0457,saksi,
D0457,CCTV,
D0457,dan,
D0457,melalui,
D0457,persyaratan,
D0457,pemerintah,
D0457,mengakui,
D0457,tuturnya,
D0457,Setelah,
D0457,menerima,
D0457,laporan,
D0457,FA,
D0457,kemudian,
D0457,diciduk,
D0457,tanpa,
D0457,perlawanan,
D0457,di,
D0457,rumahnya,
D0457,Di,
D0457,hadapan,
D0457,kepolisian,
D0457,FA,
D0457,berdalih,
D0457,bahwa,
D0457,dia,
D0457,hilap,
D0457,saat,
D0457,beronani,
D0457,di,
D0457,depan,
D0457,korbannya,
D0457,Berapa,
D0457,kali,
D0457,melakukan,
D0457,aksi,
D0457,eksibisionis,
D0457,baru,
D0457,sekali,
D0457,kata,
D0457,Budi,
D0457,Ya,
D0457,kata,
D0457,FA,
D0457,singkat,
D0457,Apakah,
D0457,dari,
D0457,dulu,
D0457,ingin,
D0457,melakukan,
D0457,hal,
D0457,seperti,
D0457,ini,
D0457,tanya,
D0457,Budi,
D0457,kembali,
D0457,FA,
D0457,tak,
D0457,banyak,
D0457,bicara,
D0457,dia,
D0457,hanya,
D0457,menggelenggelengkan,
D0457,kepala,
D0457,Maaf,
D0457,khilaf,
D0457,ujar,
D0457,FA,
D0457,pasrah,
D0457,FA,
D0457,kini,
D0457,terancam,
D0457,dijerat,
D0457,Pasal,
D0457,5,
D0457,Undangundang,
D0457,Nomor,
D0457,12,
D0457,Tahun,
D0457,2002,
D0457,tentang,
D0457,Tidak,
D0457,Pidana,
D0457,Kekerasan,
D0457,Seksual,
D0457,Jo,
D0457,Pasal,
D0457,36,
D0457,Undangundang,
D0457,Nomor,
D0457,44,
D0457,Tahun,
D0457,2008,
D0457,tentang,
D0457,mempertontonkan,
D0457,diri,
D0457,atau,
D0457,orang,
D0457,lain,
D0457,dalam,
D0457,pertunjukan,
D0457,atau,
D0457,di,
D0457,mengumumbar,
D0457,menggambarkan,
D0457,ketelanjangan,
D0457,eksploitasi,
D0457,sosial,
D0457,persenggamaan,
D0457,dan,
D0457,permohonan,
D0457,pornografi,
D0457,Ancaman,
D0457,hukuman,
D0457,10,
D0457,tahun,
D0457,kurungan,
D0457,penjara,
D0457,Tonton,
D0457,juga,
D0457,Video,
D0457,Warga,
D0457,Klaten,
D0457,Demo,
D0457,Tuntut,
D0457,Kades,
D0457,Diduga,
D0457,Mesum,
D0457,untuk,
D0457,Mundur,
D0457,GambasVideo,
D0457,20detik,
D0458,Dua,
D0458,pria,
D0458,mencuri,
D0458,sepeda,
D0458,motor,
D0458,seorang,
D0458,pekerja,
D0458,restoran,
D0458,di,
D0458,parkiran,
D0458,salah,
D0458,satu,
D0458,mal,
D0458,di,
D0458,Kota,
D0458,Medan,
D0458,Sumatera,
D0458,Utara,
D0458,Sumut,
D0458,Saat,
D0458,ini,
D0458,pihak,
D0458,kepolisian,
D0458,telah,
D0458,menangkap,
D0458,satu,
D0458,pelaku,
D0458,dan,
D0458,menembaknya,
D0458,karena,
D0458,berupaya,
D0458,melarikan,
D0458,diri,
D0458,Kapolsek,
D0458,Medan,
D0458,Baru,
D0458,Kompol,
D0458,Yayang,
D0458,Rizki,
D0458,Pratama,
D0458,mengatakan,
D0458,peristiwa,
D0458,itu,
D0458,terjadi,
D0458,parkiran,
D0458,Plaza,
D0458,Medan,
D0458,Fair,
D0458,Jalan,
D0458,Gatot,
D0458,Subroto,
D0458,Kecamatan,
D0458,Medan,
D0458,Petisah,
D0458,Rabu,
D0458,12112024,
D0458,siang,
D0458,Lalu,
D0458,pelaku,
D0458,ditangkap,
D0458,Rabu,
D0458,412,
D0458,Korbannya,
D0458,bernama,
D0458,Hayim,
D0458,selaku,
D0458,tukang,
D0458,masak,
D0458,di,
D0458,restoran,
D0458,mal,
D0458,tersebut,
D0458,kata,
D0458,Yayang,
D0458,Jumat,
D0458,612,
D0458,SCROLL,
D0458,TO,
D0458,CONTINUE,
D0458,WITH,
D0458,CONTENT,
D0458,Yayang,
D0458,menjelaskan,
D0458,bahwa,
D0458,satu,
D0458,dari,
D0458,dua,
D0458,pelaku,
D0458,telah,
D0458,ditangkap,
D0458,Pelaku,
D0458,bernama,
D0458,Hairy,
D0458,Fadli,
D0458,Rambe,
D0458,38,
D0458,Pelaku,
D0458,melakukan,
D0458,pencurian,
D0458,dengan,
D0458,dengan,
D0458,satu,
D0458,orang,
D0458,temannya,
D0458,atas,
D0458,nama,
D0458,Rinal,
D0458,yang,
D0458,masih,
D0458,DPO,
D0458,jelasnya,
D0458,Kanit,
D0458,Reskrim,
D0458,Polsek,
D0458,Medan,
D0458,Baru,
D0458,Iptu,
D0458,Dian,
D0458,Simangunsong,
D0458,menyebut,
D0458,kejadian,
D0458,itu,
D0458,berawal,
D0458,saat,
D0458,korban,
D0458,memarkirkan,
D0458,sepeda,
D0458,motornya,
D0458,di,
D0458,parkiran,
D0458,mal,
D0458,tersebut,
D0458,Setelah,
D0458,itu,
D0458,korban,
D0458,masuk,
D0458,ke,
D0458,dalam,
D0458,mal,
D0458,dan,
D0458,bekerja,
D0458,di,
D0458,salah,
D0458,satu,
D0458,restoran,
D0458,Lalu,
D0458,saat,
D0458,hendak,
D0458,pulang,
D0458,sekira,
D0458,pukul,
D0458,2300,
D0458,WIB,
D0458,korban,
D0458,melihat,
D0458,sepeda,
D0458,motornya,
D0458,telah,
D0458,hilang,
D0458,Korban,
D0458,pun,
D0458,langsung,
D0458,melaporkannya,
D0458,ke,
D0458,satpam,
D0458,mal,
D0458,Setelah,
D0458,dicek,
D0458,di,
D0458,CCTV,
D0458,terlihat,
D0458,bahwa,
D0458,kedua,
D0458,pelaku,
D0458,datang,
D0458,dengan,
D0458,menaiki,
D0458,sepeda,
D0458,motor,
D0458,dan,
D0458,mencuri,
D0458,motor,
D0458,korban,
D0458,Di,
D0458,CCTV,
D0458,terlihat,
D0458,pada,
D0458,pukul,
D0458,1300,
D0458,WIB,
D0458,ada,
D0458,dua,
D0458,lakilaki,
D0458,dengan,
D0458,mengendarai,
D0458,sepeda,
D0458,motor,
D0458,masuk,
D0458,ke,
D0458,dalam,
D0458,parkiran,
D0458,mal,
D0458,dan,
D0458,merusak,
D0458,kunci,
D0458,sepeda,
D0458,motor,
D0458,korban,
D0458,kata,
D0458,Dian,
D0458,Setelah,
D0458,itu,
D0458,para,
D0458,pelaku,
D0458,membawa,
D0458,kabur,
D0458,motor,
D0458,tersebut,
D0458,Saat,
D0458,pemeriksaan,
D0458,karcis,
D0458,parkir,
D0458,kedua,
D0458,pelaku,
D0458,mengelabui,
D0458,petugas,
D0458,dengan,
D0458,keluar,
D0458,secara,
D0458,bersamaan,
D0458,Sebab,
D0458,sepeda,
D0458,motor,
D0458,korban,
D0458,yang,
D0458,dicuri,
D0458,pelaku,
D0458,tersebut,
D0458,tidak,
D0458,memiliki,
D0458,karcis,
D0458,Jadi,
D0458,pas,
D0458,pemeriksaan,
D0458,itu,
D0458,motor,
D0458,korban,
D0458,kan,
D0458,nggak,
D0458,ada,
D0458,karcisnya,
D0458,Jadi,
D0458,kedua,
D0458,pelaku,
D0458,ini,
D0458,keluar,
D0458,secara,
D0458,bersamaan,
D0458,pas,
D0458,plang,
D0458,parkirnya,
D0458,terangkat,
D0458,sebutnya,
D0458,Atas,
D0458,kejadian,
D0458,itu,
D0458,korban,
D0458,membuat,
D0458,laporan,
D0458,ke,
D0458,Polsek,
D0458,Medan,
D0458,Baru,
D0458,Pihak,
D0458,kepolisian,
D0458,lalu,
D0458,menyelidiki,
D0458,kasus,
D0458,tersebut,
D0458,hingga,
D0458,akhirnya,
D0458,menangkap,
D0458,salah,
D0458,satu,
D0458,pelaku,
D0458,sekira,
D0458,pukul,
D0458,2300,
D0458,WIB,
D0458,di,
D0458,Jalan,
D0458,Gatot,
D0458,Subroto,
D0458,Berdasarkan,
D0458,pengakuan,
D0458,pelaku,
D0458,dirinya,
D0458,juga,
D0458,sudah,
D0458,beberapa,
D0458,kali,
D0458,mencuri,
D0458,motor,
D0458,sebelumnya,
D0458,Di,
D0458,antaranya,
D0458,di,
D0458,parkiran,
D0458,mal,
D0458,Sun,
D0458,Plaza,
D0458,parkiran,
D0458,Plaza,
D0458,Medan,
D0458,Fair,
D0458,dan,
D0458,di,
D0458,ruko,
D0458,belakang,
D0458,mal,
D0458,Centre,
D0458,Point,
D0458,Pelaku,
D0458,melakukan,
D0458,pencurian,
D0458,di,
D0458,berbagai,
D0458,tempat,
D0458,Selanjutnya,
D0458,pada,
D0458,saat,
D0458,dilakukan,
D0458,pengembangan,
D0458,untuk,
D0458,mencari,
D0458,barang,
D0458,bukti,
D0458,pelaku,
D0458,melakukan,
D0458,perlawanan,
D0458,dan,
D0458,melarikan,
D0458,diri,
D0458,Ketika,
D0458,diberi,
D0458,tembakan,
D0458,peringatan,
D0458,pelaku,
D0458,tidak,
D0458,mengindahkan,
D0458,selanjutnya,
D0458,petugas,
D0458,melakukan,
D0458,tindakan,
D0458,tegas,
D0458,dan,
D0458,terukur,
D0458,dan,
D0458,berhasil,
D0458,melumpuhkan,
D0458,pelaku,
D0458,jelasnya,
D0458,Berdasarkan,
D0458,pengakuan,
D0458,pelaku,
D0458,dirinya,
D0458,mendapat,
D0458,jatah,
D0458,Rp,
D0458,500,
D0458,ribu,
D0458,dari,
D0458,hasil,
D0458,penjualan,
D0458,setiap,
D0458,sepeda,
D0458,motor,
D0458,yang,
D0458,dicuri,
D0458,para,
D0458,pelaku,
D0458,Uang,
D0458,tersebut,
D0458,digunakan,
D0458,pelaku,
D0458,untuk,
D0458,memenuhi,
D0458,kebutuhannya,
D0458,seharihari,
D0458,Pelaku,
D0458,mendapat,
D0458,keuntungan,
D0458,dari,
D0458,hasil,
D0458,penjualan,
D0458,sebesar,
D0458,Rp,
D0458,500,
D0458,ribu,
D0458,per,
D0458,unit,
D0458,ranmor,
D0458,hasil,
D0458,curian,
D0458,Uang,
D0458,nya,
D0458,di,
D0458,pergunakan,
D0458,untuk,
D0458,kebutuhan,
D0458,seharihari,
D0458,Hasil,
D0458,cek,
D0458,urine,
D0458,pelaku,
D0458,positif,
D0458,narkoba,
D0458,pungkasnya,
D0459,Seorang,
D0459,pria,
D0459,bernama,
D0459,M,
D0459,Diki,
D0459,Haryanto,
D0459,32,
D0459,ditangkap,
D0459,karena,
D0459,membunuh,
D0459,istrinya,
D0459,dan,
D0459,membacok,
D0459,mertuanya,
D0459,di,
D0459,Kabupaten,
D0459,Serdang,
D0459,Bedagai,
D0459,Sergai,
D0459,Sumatera,
D0459,Utara,
D0459,Sumut,
D0459,Sebelum,
D0459,diamankan,
D0459,polisi,
D0459,pelaku,
D0459,sempat,
D0459,dihajar,
D0459,warga,
D0459,hingga,
D0459,babak,
D0459,belur,
D0459,Kasat,
D0459,Reskrim,
D0459,Polres,
D0459,Sergai,
D0459,AKP,
D0459,Donny,
D0459,P,
D0459,Simatupang,
D0459,mengatakan,
D0459,bahwa,
D0459,ada,
D0459,warga,
D0459,yang,
D0459,sempat,
D0459,melihat,
D0459,pembacokan,
D0459,yang,
D0459,dilakukan,
D0459,pelaku,
D0459,Sontak,
D0459,warga,
D0459,itu,
D0459,berteriak,
D0459,hingga,
D0459,mengundang,
D0459,perhatian,
D0459,warga,
D0459,lain,
D0459,Datang,
D0459,ibu,
D0459,saksi,
D0459,ini,
D0459,didengarnya,
D0459,dia,
D0459,sempat,
D0459,juga,
D0459,menyaksikan,
D0459,pembacokan,
D0459,di,
D0459,ruang,
D0459,tengah,
D0459,itu,
D0459,kata,
D0459,Donny,
D0459,saat,
D0459,dikonfirmasi,
D0459,detikSumut,
D0459,Jumat,
D0459,6122024,
D0459,SCROLL,
D0459,TO,
D0459,CONTINUE,
D0459,WITH,
D0459,CONTENT,
D0459,Warga,
D0459,pun,
D0459,mengamankan,
D0459,pelaku,
D0459,dan,
D0459,menghajarnya,
D0459,hingga,
D0459,babak,
D0459,belur,
D0459,Setelah,
D0459,itu,
D0459,peristiwa,
D0459,itu,
D0459,dilaporkan,
D0459,ke,
D0459,Bhabinkamtibmas,
D0459,setempat,
D0459,Karena,
D0459,sudah,
D0459,teriak,
D0459,saksi,
D0459,jadi,
D0459,massa,
D0459,banyak,
D0459,diamankan,
D0459,warga,
D0459,makanya,
D0459,babak,
D0459,belur,
D0459,Lalu,
D0459,dilaporkan,
D0459,ke,
D0459,Bhabinkamtibmas,
D0459,babin,
D0459,lapor,
D0459,ke,
D0459,reskrim,
D0459,sebutnya,
D0459,Donny,
D0459,menyebut,
D0459,peristiwa,
D0459,itu,
D0459,terjadi,
D0459,di,
D0459,Dusun,
D0459,I,
D0459,Desa,
D0459,Dolok,
D0459,Masango,
D0459,Kecamatan,
D0459,Bintang,
D0459,Bayu,
D0459,Rabu,
D0459,412,
D0459,sore,
D0459,Korban,
D0459,Lisa,
D0459,Putri,
D0459,31,
D0459,adalah,
D0459,istri,
D0459,pelaku,
D0459,sedangkan,
D0459,korban,
D0459,Suyanti,
D0459,50,
D0459,merupakan,
D0459,mertua,
D0459,pelaku,
D0459,Tersangka,
D0459,membacok,
D0459,kedua,
D0459,korban,
D0459,menggunakan,
D0459,parang,
D0459,Kami,
D0459,turut,
D0459,mengamankan,
D0459,barang,
D0459,bukti,
D0459,parang,
D0459,ukuran,
D0459,60,
D0459,cm,
D0459,serta,
D0459,pakaian,
D0459,korban,
D0459,jelas,
D0459,Donny,
D0459,Kamis,
D0459,512,
D0459,Mantan,
D0459,Kasat,
D0459,Reskrim,
D0459,Polres,
D0459,Sibolga,
D0459,itu,
D0459,menjelaskan,
D0459,peristiwa,
D0459,itu,
D0459,berawal,
D0459,saat,
D0459,korban,
D0459,Lisa,
D0459,kabur,
D0459,dari,
D0459,rumahnya,
D0459,usai,
D0459,mengetahui,
D0459,pelaku,
D0459,berselingkuh,
D0459,Lisa,
D0459,pulang,
D0459,ke,
D0459,rumah,
D0459,orang,
D0459,tuanya,
D0459,di,
D0459,Dusun,
D0459,I,
D0459,Desa,
D0459,Dolok,
D0459,Masango,
D0459,Donny,
D0459,menyebut,
D0459,korban,
D0459,sudah,
D0459,15,
D0459,hari,
D0459,berada,
D0459,di,
D0459,rumahnya,
D0459,ibunya,
D0459,itu,
D0459,Lalu,
D0459,pada,
D0459,saat,
D0459,kejadian,
D0459,pelaku,
D0459,mendatangi,
D0459,rumah,
D0459,mertuanya,
D0459,itu,
D0459,dan,
D0459,meminta,
D0459,untuk,
D0459,bertemu,
D0459,dengan,
D0459,istrinya,
D0459,Namun,
D0459,korban,
D0459,Suyanti,
D0459,tidak,
D0459,memberikan,
D0459,izin,
D0459,Alhasil,
D0459,pelaku,
D0459,marah,
D0459,dan,
D0459,mengambil,
D0459,parang,
D0459,yang,
D0459,berada,
D0459,di,
D0459,rumah,
D0459,tersebut,
D0459,Setelah,
D0459,itu,
D0459,pelaku,
D0459,mengejar,
D0459,istrinya,
D0459,yang,
D0459,saat,
D0459,itu,
D0459,baru,
D0459,selesai,
D0459,salat,
D0459,di,
D0459,kamar,
D0459,Istrinya,
D0459,di,
D0459,kamar,
D0459,itu,
D0459,baru,
D0459,siap,
D0459,salat,
D0459,ditebasnya,
D0459,dibacoknya,
D0459,di,
D0459,punggung,
D0459,di,
D0459,badan,
D0459,di,
D0459,kepala,
D0459,ujarnya,
D0459,Saat,
D0459,itu,
D0459,korban,
D0459,Suyanti,
D0459,pun,
D0459,mencoba,
D0459,menghentikan,
D0459,aksi,
D0459,pelaku,
D0459,Namun,
D0459,pelaku,
D0459,malah,
D0459,kesal,
D0459,dan,
D0459,membacok,
D0459,mertuanya,
D0459,itu,
D0459,Melihat,
D0459,hal,
D0459,itu,
D0459,korban,
D0459,Lisa,
D0459,berlari,
D0459,ke,
D0459,ruang,
D0459,tengah,
D0459,Namun,
D0459,sayangnya,
D0459,pelaku,
D0459,kembali,
D0459,membacok,
D0459,korban,
D0459,di,
D0459,bagian,
D0459,perut,
D0459,Akibat,
D0459,kejadian,
D0459,itu,
D0459,korban,
D0459,Lisa,
D0459,mengalami,
D0459,sejumlah,
D0459,luka,
D0459,di,
D0459,tubuhnya,
D0459,Bahkan,
D0459,bagian,
D0459,pergelangan,
D0459,tangan,
D0459,korban,
D0459,hampir,
D0459,putus,
D0459,Dalam,
D0459,peristiwa,
D0459,itu,
D0459,korban,
D0459,Lisa,
D0459,dilaporkan,
D0459,tewas,
D0459,sementara,
D0459,korban,
D0459,Suyanti,
D0459,mengalami,
D0459,luka,
D0459,berat,
D0459,dan,
D0459,tengah,
D0459,menjalani,
D0459,perawatan,
D0459,di,
D0459,RS,
D0459,Sri,
D0459,Pamela,
D0459,Tebing,
D0459,Tinggi,
D0459,Motifnya,
D0459,dendam,
D0459,dan,
D0459,sakit,
D0459,hati,
D0459,karena,
D0459,tidak,
D0459,boleh,
D0459,bertemu,
D0459,dengan,
D0459,istri,
D0459,pelaku,
D0459,Jadi,
D0459,si,
D0459,tersangka,
D0459,ini,
D0459,selingkuh,
D0459,istrinya,
D0459,kabur,
D0459,kata,
D0459,Donny,
D0460,Artis,
D0460,cantik,
D0460,Hana,
D0460,Hanifah,
D0460,HH,
D0460,diperiksa,
D0460,penyidik,
D0460,Polda,
D0460,Riau,
D0460,sebagai,
D0460,saksi,
D0460,di,
D0460,kasus,
D0460,SPPD,
D0460,fiktif,
D0460,DPRD,
D0460,Riau,
D0460,Hana,
D0460,Hanifah,
D0460,diperiksa,
D0460,karena,
D0460,menerima,
D0460,aliran,
D0460,dana,
D0460,SPPD,
D0460,fiktif,
D0460,hingga,
D0460,ratusan,
D0460,juta,
D0460,rupiah,
D0460,Kabid,
D0460,Humas,
D0460,Polda,
D0460,Riau,
D0460,Kombes,
D0460,Anom,
D0460,Karabianto,
D0460,mengatakan,
D0460,aliran,
D0460,dana,
D0460,masuk,
D0460,ke,
D0460,Hana,
D0460,Hanifah,
D0460,diduga,
D0460,tidak,
D0460,hahya,
D0460,sekali,
D0460,saja,
D0460,Penyidik,
D0460,menemukan,
D0460,ada,
D0460,beberapa,
D0460,kali,
D0460,transfer,
D0460,dengan,
D0460,nominal,
D0460,berbeda,
D0460,ke,
D0460,rekening,
D0460,Hana,
D0460,Hanifah,
D0460,Total,
D0460,dana,
D0460,mengalir,
D0460,ke,
D0460,Hana,
D0460,Hanifah,
D0460,ada,
D0460,ratusan,
D0460,juta,
D0460,rupiah,
D0460,Tapi,
D0460,masih,
D0460,dikonfirmasi,
D0460,karena,
D0460,sampai,
D0460,saat,
D0460,ini,
D0460,ada,
D0460,yang,
D0460,belum,
D0460,bisa,
D0460,terkonfirmasi,
D0460,dan,
D0460,akan,
D0460,dijadwalkan,
D0460,lagi,
D0460,ke,
D0460,saksi,
D0460,tersebut,
D0460,Aliran,
D0460,dana,
D0460,ada,
D0460,beberapa,
D0460,kali,
D0460,yang,
D0460,masuk,
D0460,Artinya,
D0460,tidak,
D0460,hanya,
D0460,sekali,
D0460,ke,
D0460,saksi,
D0460,ini,
D0460,dan,
D0460,kita,
D0460,masih,
D0460,dalami,
D0460,terus,
D0460,kata,
D0460,Anom,
D0460,Kamis,
D0460,5122024,
D0460,SCROLL,
D0460,TO,
D0460,CONTINUE,
D0460,WITH,
D0460,CONTENT,
D0460,Dijelaskan,
D0460,Kombes,
D0460,Anom,
D0460,Hana,
D0460,Hanifah,
D0460,masih,
D0460,berstatus,
D0460,saksi,
D0460,di,
D0460,kasus,
D0460,SPPD,
D0460,fiktif,
D0460,HH,
D0460,diperiksa,
D0460,sebagai,
D0460,saksi,
D0460,dalam,
D0460,perkara,
D0460,kasus,
D0460,SPPD,
D0460,fiktif,
D0460,di,
D0460,Sekwan,
D0460,DPRD,
D0460,Riau,
D0460,Ini,
D0460,ada,
D0460,dugaan,
D0460,aliran,
D0460,dana,
D0460,dari,
D0460,kasus,
D0460,tersebut,
D0460,yang,
D0460,mengalir,
D0460,kepada,
D0460,saksi,
D0460,ini,
D0460,katanya,
D0460,Diketahui,
D0460,Hana,
D0460,Hanifah,
D0460,diperiksa,
D0460,terkait,
D0460,kasus,
D0460,SPPD,
D0460,fiktif,
D0460,selama,
D0460,9,
D0460,jam,
D0460,di,
D0460,ruang,
D0460,Subdit,
D0460,Tipidkor,
D0460,Ditreskrimsus,
D0460,Polda,
D0460,Riau,
D0460,Usai,
D0460,menjalani,
D0460,pemeriksaan,
D0460,Hana,
D0460,meninggalkan,
D0460,wartawan,
D0460,yang,
D0460,telah,
D0460,menunggu,
D0460,di,
D0460,ruang,
D0460,tunggu,
D0460,lantai,
D0460,3,
D0460,Mapolda,
D0460,Riau,
D0460,pukul,
D0460,1957,
D0460,WIB,
D0460,Hana,
D0460,Hanifah,
D0460,keluar,
D0460,dari,
D0460,ruang,
D0460,pemeriksaan,
D0460,sambil,
D0460,berlari,
D0460,kencang,
D0460,menuju,
D0460,lift,
D0460,yang,
D0460,berada,
D0460,di,
D0460,sisi,
D0460,kiri,
D0460,Mapolda,
D0460,Riau,
D0460,Melihat,
D0460,Hana,
D0460,berlari,
D0460,awak,
D0460,media,
D0460,langsung,
D0460,mengejar,
D0460,dan,
D0460,menanyakan,
D0460,perihal,
D0460,diperiksa,
D0460,penyidik,
D0460,Termasuk,
D0460,soal,
D0460,keterlibatan,
D0460,dalam,
D0460,kasus,
D0460,SPPD,
D0460,fiktif,
D0460,di,
D0460,Sekretariat,
D0460,DPRD,
D0460,Riau,
D0460,Untuk,
D0460,kelanjutannya,
D0460,nanti,
D0460,aja,
D0460,tanya,
D0460,sama,
D0460,penyidik,
D0460,ya,
D0460,ujar,
D0460,Hana,
D0460,Hanifah,
D0460,di,
D0460,Mapolda,
D0460,Riau,
D0461,Polisi,
D0461,menangkap,
D0461,satu,
D0461,dari,
D0461,empat,
D0461,komplotan,
D0461,maling,
D0461,sepeda,
D0461,motor,
D0461,yang,
D0461,kerap,
D0461,beraksi,
D0461,di,
D0461,Kota,
D0461,Medan,
D0461,Sumatera,
D0461,Utara,
D0461,Sumut,
D0461,Saat,
D0461,ini,
D0461,masih,
D0461,ada,
D0461,tiga,
D0461,pelaku,
D0461,yang,
D0461,diburu,
D0461,Kapolrestabes,
D0461,Medan,
D0461,Kombes,
D0461,Gidion,
D0461,Arif,
D0461,Setyawan,
D0461,menjelaskan,
D0461,bahwa,
D0461,para,
D0461,pelaku,
D0461,ini,
D0461,telah,
D0461,beraksi,
D0461,di,
D0461,delapan,
D0461,lokasi,
D0461,Adapun,
D0461,pelaku,
D0461,yang,
D0461,telah,
D0461,ditangkap,
D0461,adalah,
D0461,PP,
D0461,37,
D0461,Salah,
D0461,satu,
D0461,tersangka,
D0461,berinisial,
D0461,PP,
D0461,sementara,
D0461,kelompoknya,
D0461,empat,
D0461,orang,
D0461,yang,
D0461,tiga,
D0461,masih,
D0461,dalam,
D0461,pencarian,
D0461,PP,
D0461,ini,
D0461,melakukan,
D0461,tindak,
D0461,pidana,
D0461,pencurian,
D0461,sepeda,
D0461,motor,
D0461,sudah,
D0461,delapan,
D0461,TKP,
D0461,dan,
D0461,teridentifikasi,
D0461,CCTV,
D0461,ada,
D0461,lima,
D0461,TKP,
D0461,kata,
D0461,Gidion,
D0461,saat,
D0461,konferensi,
D0461,pers,
D0461,di,
D0461,depan,
D0461,salah,
D0461,satu,
D0461,salon,
D0461,di,
D0461,Jalan,
D0461,Melati,
D0461,Raya,
D0461,Kecamatan,
D0461,Medan,
D0461,Selayang,
D0461,Kamis,
D0461,5122024,
D0461,SCROLL,
D0461,TO,
D0461,CONTINUE,
D0461,WITH,
D0461,CONTENT,
D0461,Gidion,
D0461,menjelaskan,
D0461,bahwa,
D0461,salon,
D0461,ini,
D0461,adalah,
D0461,salah,
D0461,satu,
D0461,lokasi,
D0461,para,
D0461,pelaku,
D0461,beraksi,
D0461,Namun,
D0461,di,
D0461,salon,
D0461,ini,
D0461,aksi,
D0461,pelaku,
D0461,berhasil,
D0461,digagalkan,
D0461,pekerja,
D0461,di,
D0461,salon,
D0461,tersebut,
D0461,Aksi,
D0461,ini,
D0461,juga,
D0461,sempat,
D0461,viral,
D0461,di,
D0461,media,
D0461,sosial,
D0461,Di,
D0461,tempat,
D0461,ini,
D0461,dulu,
D0461,pernah,
D0461,saya,
D0461,sampaikan,
D0461,bahwa,
D0461,adalah,
D0461,TKP,
D0461,percobaan,
D0461,pencurian,
D0461,sepeda,
D0461,motor,
D0461,Kemudian,
D0461,secara,
D0461,heroik,
D0461,Kak,
D0461,Ruth,
D0461,ini,
D0461,bisa,
D0461,menggagalkan,
D0461,dengan,
D0461,cara,
D0461,menerkam,
D0461,menerjang,
D0461,kemudian,
D0461,menarik,
D0461,pelaku,
D0461,tapi,
D0461,pelaku,
D0461,kabur,
D0461,dan,
D0461,betul,
D0461,faktanya,
D0461,pelaku,
D0461,yang,
D0461,melakukan,
D0461,empat,
D0461,orang,
D0461,ada,
D0461,rekannya,
D0461,bagi,
D0461,tugas,
D0461,jelasnya,
D0461,Mantan,
D0461,Kapolres,
D0461,Jakarta,
D0461,Utara,
D0461,itu,
D0461,mengatakan,
D0461,salah,
D0461,satu,
D0461,aksi,
D0461,itu,
D0461,juga,
D0461,dilakukan,
D0461,para,
D0461,pelaku,
D0461,di,
D0461,Jalan,
D0461,Bunga,
D0461,Baldu,
D0461,Kecamatan,
D0461,Medan,
D0461,Selayang,
D0461,pada,
D0461,Senin,
D0461,87,
D0461,Saat,
D0461,itu,
D0461,korban,
D0461,memarkirkan,
D0461,sepeda,
D0461,motornya,
D0461,di,
D0461,samping,
D0461,kamar,
D0461,kos,
D0461,dan,
D0461,ditutup,
D0461,menggunakan,
D0461,terpal,
D0461,Lalu,
D0461,sekira,
D0461,pukul,
D0461,0400,
D0461,WIB,
D0461,korban,
D0461,dibangunkan,
D0461,oleh,
D0461,pemilik,
D0461,kos,
D0461,dan,
D0461,mengatakan,
D0461,bahwa,
D0461,sepeda,
D0461,motor,
D0461,korban,
D0461,telah,
D0461,hilang,
D0461,Atas,
D0461,kejadian,
D0461,itu,
D0461,korban,
D0461,membuat,
D0461,laporan,
D0461,ke,
D0461,Polsek,
D0461,Sunggal,
D0461,Pihak,
D0461,kepolisian,
D0461,pun,
D0461,menyelidiki,
D0461,kasus,
D0461,tersebut,
D0461,dan,
D0461,menangkap,
D0461,salah,
D0461,satu,
D0461,pelaku,
D0461,pada,
D0461,Sabtu,
D0461,3011,
D0461,di,
D0461,Jalan,
D0461,Jermal,
D0461,XV,
D0461,Tim,
D0461,melakukan,
D0461,penangkapan,
D0461,kepada,
D0461,pelaku,
D0461,Saat,
D0461,pengembangan,
D0461,untuk,
D0461,mencari,
D0461,barang,
D0461,bukti,
D0461,pelaku,
D0461,melakukan,
D0461,perlawanan,
D0461,dan,
D0461,berupaya,
D0461,melarikan,
D0461,diri,
D0461,sehingga,
D0461,petugas,
D0461,melakukan,
D0461,tindakan,
D0461,tegas,
D0461,dan,
D0461,terukur,
D0461,pungkasnya,
D0462,Sekelompok,
D0462,orang,
D0462,terlibat,
D0462,tawuran,
D0462,di,
D0462,Jalan,
D0462,Melati,
D0462,Raya,
D0462,Kecamatan,
D0462,Medan,
D0462,Selayang,
D0462,Kota,
D0462,Medan,
D0462,malam,
D0462,ini,
D0462,Ada,
D0462,banyak,
D0462,serpihan,
D0462,kaca,
D0462,yang,
D0462,berceceran,
D0462,di,
D0462,sepanjang,
D0462,jalan,
D0462,Melati,
D0462,Raya,
D0462,Pantauan,
D0462,detikSumut,
D0462,di,
D0462,lokasi,
D0462,Kamis,
D0462,5122024,
D0462,peristiwa,
D0462,terjadi,
D0462,sekira,
D0462,pukul,
D0462,1900,
D0462,WIB,
D0462,Ada,
D0462,puluhan,
D0462,orang,
D0462,yang,
D0462,terlibat,
D0462,tawuran,
D0462,itu,
D0462,Beberapa,
D0462,dari,
D0462,mereka,
D0462,ada,
D0462,yang,
D0462,berjalan,
D0462,ada,
D0462,juga,
D0462,membawa,
D0462,sepeda,
D0462,motor,
D0462,Ada,
D0462,sekitar,
D0462,lima,
D0462,kali,
D0462,terdengar,
D0462,bunyi,
D0462,letusan,
D0462,kembang,
D0462,api,
D0462,Mereka,
D0462,juga,
D0462,membawa,
D0462,sejumlah,
D0462,kayu,
D0462,SCROLL,
D0462,TO,
D0462,CONTINUE,
D0462,WITH,
D0462,CONTENT,
D0462,Kapolsek,
D0462,Sunggal,
D0462,Kompol,
D0462,Bambang,
D0462,G,
D0462,Hutabarat,
D0462,mengatakan,
D0462,informasi,
D0462,soal,
D0462,tawuran,
D0462,itu,
D0462,diterima,
D0462,pihaknya,
D0462,dari,
D0462,masyarakat,
D0462,sekira,
D0462,pukul,
D0462,1900,
D0462,WIB,
D0462,Usai,
D0462,menerima,
D0462,informasi,
D0462,itu,
D0462,pihak,
D0462,kepolisian,
D0462,langsung,
D0462,turun,
D0462,ke,
D0462,lokasi,
D0462,Namun,
D0462,setibanya,
D0462,di,
D0462,lokasi,
D0462,pihak,
D0462,yang,
D0462,melakukan,
D0462,tawuran,
D0462,itu,
D0462,sudah,
D0462,tidak,
D0462,berada,
D0462,di,
D0462,tempat,
D0462,tersebut,
D0462,Kita,
D0462,mendapatkan,
D0462,laporan,
D0462,dari,
D0462,masyarakat,
D0462,sekira,
D0462,pukul,
D0462,1900,
D0462,WIB,
D0462,ada,
D0462,di,
D0462,Melati,
D0462,Raya,
D0462,terjadi,
D0462,tawuran,
D0462,Kami,
D0462,sampai,
D0462,di,
D0462,sini,
D0462,situasi,
D0462,sudah,
D0462,kondusif,
D0462,orang,
D0462,yang,
D0462,melakukan,
D0462,tawuran,
D0462,sudah,
D0462,enggak,
D0462,ada,
D0462,lagi,
D0462,kata,
D0462,Bambang,
D0462,saat,
D0462,diwawancarai,
D0462,di,
D0462,lokasi,
D0462,Bambang,
D0462,mengaku,
D0462,pihaknya,
D0462,belum,
D0462,mengetahui,
D0462,pasti,
D0462,kronologi,
D0462,dan,
D0462,kelompok,
D0462,mana,
D0462,yang,
D0462,terlibat,
D0462,tawuran,
D0462,itu,
D0462,Dia,
D0462,mengatakan,
D0462,pihak,
D0462,kepolisian,
D0462,masih,
D0462,menyelidikinya,
D0462,Kita,
D0462,belum,
D0462,tahu,
D0462,kejadian,
D0462,persisnya,
D0462,seperti,
D0462,apa,
D0462,siapa,
D0462,yang,
D0462,melaksanakan,
D0462,tawuran,
D0462,ini,
D0462,kita,
D0462,lagi,
D0462,penyelidikan,
D0462,ujarnya,
D0462,Selain,
D0462,itu,
D0462,Bambang,
D0462,menyebut,
D0462,pihaknya,
D0462,juga,
D0462,masih,
D0462,menyelidiki,
D0462,apakah,
D0462,kejadian,
D0462,berkaitan,
D0462,dengan,
D0462,tawuran,
D0462,di,
D0462,Universitas,
D0462,Katolik,
D0462,Santo,
D0462,Thomas,
D0462,yang,
D0462,terjadi,
D0462,tadi,
D0462,malam,
D0462,Perwira,
D0462,menengah,
D0462,Polri,
D0462,itu,
D0462,menyebut,
D0462,pihaknya,
D0462,turut,
D0462,mengamankan,
D0462,sejumlah,
D0462,barang,
D0462,bukti,
D0462,seperti,
D0462,kayu,
D0462,dari,
D0462,lokasi,
D0462,kejadian,
D0462,Kayu,
D0462,itu,
D0462,ditemukan,
D0462,petugas,
D0462,terletak,
D0462,di,
D0462,lokasi,
D0462,Kayu,
D0462,ini,
D0462,kita,
D0462,amankan,
D0462,dari,
D0462,TKP,
D0462,tergeletak,
D0462,pungkasnya,
D0463,Pangdam,
D0463,IBB,
D0463,Mayjen,
D0463,Rio,
D0463,Firdianto,
D0463,akan,
D0463,membantu,
D0463,polisi,
D0463,mengatasi,
D0463,persoalan,
D0463,begal,
D0463,yang,
D0463,marak,
D0463,Dia,
D0463,berencana,
D0463,menerjunkan,
D0463,prajurit,
D0463,TNI,
D0463,ke,
D0463,lapangan,
D0463,untuk,
D0463,berpatroli,
D0463,Saya,
D0463,punya,
D0463,program,
D0463,untuk,
D0463,membantu,
D0463,Kepolisian,
D0463,Republik,
D0463,Indonesia,
D0463,khususnya,
D0463,Polda,
D0463,Sumut,
D0463,dalam,
D0463,rangka,
D0463,mengantisipasi,
D0463,begal,
D0463,ujarnya,
D0463,Rabu,
D0463,4122024,
D0463,Hal,
D0463,itu,
D0463,disampaikannya,
D0463,usai,
D0463,Marsono,
D0463,48,
D0463,salah,
D0463,satu,
D0463,prajurit,
D0463,TNI,
D0463,menjadi,
D0463,korban,
D0463,begal,
D0463,usai,
D0463,berdinas,
D0463,Menurutnya,
D0463,banyak,
D0463,sepeda,
D0463,motor,
D0463,yang,
D0463,dimiliki,
D0463,oleh,
D0463,satuan,
D0463,TNI,
D0463,di,
D0463,Sumut,
D0463,Aset,
D0463,tersebut,
D0463,bisa,
D0463,dimanfaatkan,
D0463,untuk,
D0463,membantu,
D0463,polisi,
D0463,patroli,
D0463,di,
D0463,lapangan,
D0463,SCROLL,
D0463,TO,
D0463,CONTINUE,
D0463,WITH,
D0463,CONTENT,
D0463,Kami,
D0463,punya,
D0463,cukup,
D0463,banyak,
D0463,motor,
D0463,di,
D0463,tiap,
D0463,satuan,
D0463,di,
D0463,Kodim,
D0463,di,
D0463,Batalion,
D0463,akan,
D0463,kita,
D0463,manfaatkan,
D0463,untuk,
D0463,patroli,
D0463,membantu,
D0463,Polri,
D0463,mencegah,
D0463,dan,
D0463,menanggulangi,
D0463,begal,
D0463,yang,
D0463,cukup,
D0463,marak,
D0463,di,
D0463,wilayah,
D0463,Sumatera,
D0463,Utara,
D0463,tutupnya,
D0463,Sebelumnya,
D0463,diberitakan,
D0463,Marsono,
D0463,48,
D0463,dibegal,
D0463,di,
D0463,sekitar,
D0463,Kodam,
D0463,IBukit,
D0463,Barisan,
D0463,Kota,
D0463,Medan,
D0463,Polisi,
D0463,telah,
D0463,menangkap,
D0463,4,
D0463,tersangka,
D0463,dan,
D0463,memburu,
D0463,2,
D0463,tersangka,
D0463,lainnyaDimana,
D0463,dalam,
D0463,perkara,
D0463,ini,
D0463,sebagai,
D0463,korban,
D0463,adalah,
D0463,saudara,
D0463,Marsono,
D0463,48,
D0463,pekerjaan,
D0463,anggota,
D0463,TNI,
D0463,kata,
D0463,Kapolsek,
D0463,Sunggal,
D0463,Kompol,
D0463,Bambang,
D0463,G,
D0463,Hutabarat,
D0463,Selasa,
D0463,312,
D0463,Bambang,
D0463,menjelaskan,
D0463,jika,
D0463,peristiwa,
D0463,pembegalan,
D0463,itu,
D0463,terjadi,
D0463,pada,
D0463,Kamis,
D0463,269,
D0463,sekitar,
D0463,pukul,
D0463,0445,
D0463,WIB,
D0463,Saat,
D0463,itu,
D0463,Marsono,
D0463,disebut,
D0463,sedang,
D0463,menuju,
D0463,Kodam,
D0463,IBukit,
D0463,Barisan,
D0463,usai,
D0463,menjalankan,
D0463,tugasnya,
D0463,Pada,
D0463,hari,
D0463,Kamis,
D0463,tanggal,
D0463,26,
D0463,September,
D0463,2024,
D0463,sekitar,
D0463,pukul,
D0463,0445,
D0463,WIB,
D0463,korban,
D0463,yang,
D0463,merupakan,
D0463,anggota,
D0463,TNI,
D0463,yang,
D0463,bertugas,
D0463,di,
D0463,Kodam,
D0463,saat,
D0463,itu,
D0463,sedang,
D0463,menjalankan,
D0463,tugasnya,
D0463,dan,
D0463,hendak,
D0463,kembali,
D0463,ke,
D0463,Kodam,
D0463,dan,
D0463,melintasi,
D0463,Jalan,
D0463,Gatot,
D0463,Subroto,
D0463,perempatan,
D0463,Manhattan,
D0463,menuju,
D0463,Binjai,
D0463,jelasnya,
D0463,Saat,
D0463,tiba,
D0463,di,
D0463,sekitar,
D0463,Kodam,
D0463,di,
D0463,Jalan,
D0463,Gatot,
D0463,Subroto,
D0463,Marsono,
D0463,dipepet,
D0463,oleh,
D0463,beberapa,
D0463,orang,
D0463,menggunakan,
D0463,senjata,
D0463,tajam,
D0463,Marsono,
D0463,kemudian,
D0463,ditendang,
D0463,hingga,
D0463,terjatuh,
D0463,dari,
D0463,sepeda,
D0463,motornya,
D0463,dan,
D0463,lari,
D0463,menyelamatkan,
D0463,diri,
D0463,Korban,
D0463,dipepet,
D0463,oleh,
D0463,para,
D0463,pelaku,
D0463,yang,
D0463,terdiri,
D0463,dari,
D0463,beberapa,
D0463,unit,
D0463,sepeda,
D0463,motor,
D0463,dengan,
D0463,menendang,
D0463,korban,
D0463,sehingga,
D0463,korban,
D0463,terjatuh,
D0463,karena,
D0463,melihat,
D0463,para,
D0463,pelaku,
D0463,membawa,
D0463,sajam,
D0463,akhirnya,
D0463,korban,
D0463,memilih,
D0463,menyelamatkan,
D0463,diri,
D0463,meninggalkan,
D0463,sepeda,
D0463,motornya,
D0463,dan,
D0463,dibawa,
D0463,kabur,
D0463,ujarnya,
D0464,Anggota,
D0464,TNI,
D0464,inisial,
D0464,Marsono,
D0464,48,
D0464,dibegal,
D0464,di,
D0464,sekitar,
D0464,Kodam,
D0464,IBukit,
D0464,Barisan,
D0464,Kota,
D0464,Medan,
D0464,Pangdam,
D0464,IBukit,
D0464,Barisan,
D0464,Mayjen,
D0464,TNI,
D0464,Rio,
D0464,Firdianto,
D0464,pun,
D0464,buka,
D0464,suara,
D0464,terkait,
D0464,peristiwa,
D0464,itu,
D0464,Rio,
D0464,Firdianto,
D0464,mengatakan,
D0464,jika,
D0464,dirinya,
D0464,mempunyai,
D0464,program,
D0464,untuk,
D0464,membantu,
D0464,kepolisian,
D0464,mengantisipasi,
D0464,begal,
D0464,Rio,
D0464,sendiri,
D0464,baru,
D0464,resmi,
D0464,menjadi,
D0464,Pangdam,
D0464,IBukit,
D0464,Barisan,
D0464,kemarin,
D0464,Saya,
D0464,punya,
D0464,program,
D0464,untuk,
D0464,membantu,
D0464,Kepolisian,
D0464,Republik,
D0464,Indonesia,
D0464,khususnya,
D0464,Polda,
D0464,Sumut,
D0464,dalam,
D0464,rangka,
D0464,mengantisipasi,
D0464,begal,
D0464,kata,
D0464,Mayjen,
D0464,TNI,
D0464,Rio,
D0464,Firdianto,
D0464,Rabu,
D0464,4122024,
D0464,SCROLL,
D0464,TO,
D0464,CONTINUE,
D0464,WITH,
D0464,CONTENT,
D0464,Menurutnya,
D0464,banyak,
D0464,sepeda,
D0464,motor,
D0464,yang,
D0464,dimiliki,
D0464,oleh,
D0464,satuan,
D0464,TNI,
D0464,di,
D0464,Sumut,
D0464,Nantinya,
D0464,pihaknya,
D0464,bakal,
D0464,bekerjasama,
D0464,dengan,
D0464,Polda,
D0464,Sumut,
D0464,untuk,
D0464,mengantisipasi,
D0464,maraknya,
D0464,begal,
D0464,di,
D0464,Sumut,
D0464,Kami,
D0464,punya,
D0464,cukup,
D0464,banyak,
D0464,motor,
D0464,di,
D0464,tiap,
D0464,satuan,
D0464,di,
D0464,Kodim,
D0464,di,
D0464,Batalion,
D0464,akan,
D0464,kita,
D0464,manfaatkan,
D0464,untuk,
D0464,patroli,
D0464,membantu,
D0464,Polri,
D0464,mencegah,
D0464,dan,
D0464,menanggulangi,
D0464,begal,
D0464,yang,
D0464,cukup,
D0464,marak,
D0464,di,
D0464,wilayah,
D0464,Sumatera,
D0464,Utara,
D0464,tutupnya,
D0464,Sebelumnya,
D0464,diberitakan,
D0464,anggota,
D0464,TNI,
D0464,inisial,
D0464,Marsono,
D0464,48,
D0464,dibegal,
D0464,di,
D0464,sekitar,
D0464,Kodam,
D0464,IBukit,
D0464,Barisan,
D0464,Kota,
D0464,Medan,
D0464,Polisi,
D0464,telah,
D0464,menangkap,
D0464,4,
D0464,tersangka,
D0464,dan,
D0464,memburu,
D0464,2,
D0464,tersangka,
D0464,lainnya,
D0464,Dimana,
D0464,dalam,
D0464,perkara,
D0464,ini,
D0464,sebagai,
D0464,korban,
D0464,adalah,
D0464,saudara,
D0464,Marsono,
D0464,48,
D0464,pekerjaan,
D0464,anggota,
D0464,TNI,
D0464,kata,
D0464,Kapolsek,
D0464,Sunggal,
D0464,Kompol,
D0464,Bambang,
D0464,G,
D0464,Hutabarat,
D0464,Selasa,
D0464,312,
D0464,Bambang,
D0464,menjelaskan,
D0464,jika,
D0464,peristiwa,
D0464,pembegalan,
D0464,itu,
D0464,terjadi,
D0464,pada,
D0464,Kamis,
D0464,269,
D0464,sekitar,
D0464,pukul,
D0464,0445,
D0464,WIB,
D0464,Saat,
D0464,itu,
D0464,Marsono,
D0464,disebut,
D0464,sedang,
D0464,menuju,
D0464,Kodam,
D0464,IBukit,
D0464,Barisan,
D0464,usai,
D0464,menjalankan,
D0464,tugasnya,
D0464,Pada,
D0464,hari,
D0464,Kamis,
D0464,tanggal,
D0464,26,
D0464,September,
D0464,2024,
D0464,sekitar,
D0464,pukul,
D0464,0445,
D0464,WIB,
D0464,korban,
D0464,yang,
D0464,merupakan,
D0464,anggota,
D0464,TNI,
D0464,yang,
D0464,bertugas,
D0464,di,
D0464,Kodam,
D0464,saat,
D0464,itu,
D0464,sedang,
D0464,menjalankan,
D0464,tugasnya,
D0464,dan,
D0464,hendak,
D0464,kembali,
D0464,ke,
D0464,Kodam,
D0464,dan,
D0464,melintasi,
D0464,Jalan,
D0464,Gatot,
D0464,Subroto,
D0464,perempatan,
D0464,Manhattan,
D0464,menuju,
D0464,Binjai,
D0464,jelasnya,
D0464,Baca,
D0464,selengkapnya,
D0464,di,
D0464,halaman,
D0464,berikut,
D0464,Saat,
D0464,tiba,
D0464,di,
D0464,sekitar,
D0464,Kodam,
D0464,di,
D0464,Jalan,
D0464,Gatot,
D0464,Subroto,
D0464,Marsono,
D0464,dipepet,
D0464,oleh,
D0464,beberapa,
D0464,orang,
D0464,menggunakan,
D0464,senjata,
D0464,tajam,
D0464,Marsono,
D0464,kemudian,
D0464,ditendang,
D0464,hingga,
D0464,terjatuh,
D0464,dari,
D0464,sepeda,
D0464,motornya,
D0464,dan,
D0464,lari,
D0464,menyelamatkan,
D0464,diri,
D0464,Korban,
D0464,dipepet,
D0464,oleh,
D0464,para,
D0464,pelaku,
D0464,yang,
D0464,terdiri,
D0464,dari,
D0464,beberapa,
D0464,unit,
D0464,sepeda,
D0464,motor,
D0464,dengan,
D0464,menendang,
D0464,korban,
D0464,sehingga,
D0464,korban,
D0464,terjatuh,
D0464,karena,
D0464,melihat,
D0464,para,
D0464,pelaku,
D0464,membawa,
D0464,sajam,
D0464,akhirnya,
D0464,korban,
D0464,memilih,
D0464,menyelamatkan,
D0464,diri,
D0464,meninggalkan,
D0464,sepeda,
D0464,motornya,
D0464,dan,
D0464,dibawa,
D0464,kabur,
D0464,ujarnya,
D0464,Unit,
D0464,Reskrim,
D0464,Polsek,
D0464,Sunggal,
D0464,kemudian,
D0464,melakukan,
D0464,penyelidikan,
D0464,usai,
D0464,Marsono,
D0464,membuat,
D0464,laporan,
D0464,Polisi,
D0464,akhirnya,
D0464,menangkap,
D0464,3,
D0464,pelaku,
D0464,terlebih,
D0464,dahulu,
D0464,yang,
D0464,masih,
D0464,di,
D0464,bawah,
D0464,umur,
D0464,Tersangka,
D0464,dalam,
D0464,perkara,
D0464,ini,
D0464,ada,
D0464,4,
D0464,orang,
D0464,yang,
D0464,mana,
D0464,3,
D0464,orang,
D0464,sebelumnya,
D0464,sudah,
D0464,kita,
D0464,lakukan,
D0464,pengungkapan,
D0464,dengan,
D0464,status,
D0464,anak,
D0464,di,
D0464,bawah,
D0464,umur,
D0464,ucapnya,
D0464,Pada,
D0464,1,
D0464,Desember,
D0464,2024,
D0464,polisi,
D0464,kembali,
D0464,menangkap,
D0464,1,
D0464,pelaku,
D0464,bernama,
D0464,Arkan,
D0464,alias,
D0464,Atok,
D0464,Arkan,
D0464,disebut,
D0464,sebagai,
D0464,otak,
D0464,pelaku,
D0464,sekaligus,
D0464,pimpinan,
D0464,kelompok,
D0464,Kemudian,
D0464,yang,
D0464,terakhir,
D0464,ini,
D0464,berhasil,
D0464,kita,
D0464,amankan,
D0464,kita,
D0464,tangkap,
D0464,atas,
D0464,nama,
D0464,Arkan,
D0464,alias,
D0464,Atok,
D0464,18,
D0464,beliau,
D0464,ini,
D0464,sebagai,
D0464,otak,
D0464,pelakunya,
D0464,pimpinan,
D0464,dari,
D0464,kelompok,
D0464,ini,
D0464,ujarnya,
D0464,Selain,
D0464,keempat,
D0464,pelaku,
D0464,masih,
D0464,ada,
D0464,2,
D0464,pelaku,
D0464,lagi,
D0464,yang,
D0464,belum,
D0464,berhasil,
D0464,ditangkap,
D0464,Namun,
D0464,identitas,
D0464,pelaku,
D0464,disebut,
D0464,sudah,
D0464,diketahui,
D0464,Ada,
D0464,2,
D0464,tersangka,
D0464,lagi,
D0464,identitasnya,
D0464,semua,
D0464,sudah,
D0464,jelas,
D0464,tinggal,
D0464,menunggu,
D0464,waktu,
D0464,saja,
D0464,ungkapnya,
D0464,Berdasarkan,
D0464,keterangan,
D0464,saat,
D0464,pemeriksaan,
D0464,kelompok,
D0464,yang,
D0464,dipimpin,
D0464,Atok,
D0464,ini,
D0464,telah,
D0464,melakukan,
D0464,aksi,
D0464,begal,
D0464,sebanyak,
D0464,9,
D0464,kali,
D0464,di,
D0464,wilayah,
D0464,hukum,
D0464,Polsek,
D0464,Sunggal,
D0464,Dalam,
D0464,aksinya,
D0464,mereka,
D0464,menggunakan,
D0464,senjata,
D0464,tajam,
D0464,Dari,
D0464,hasil,
D0464,pemeriksaan,
D0464,yang,
D0464,dilakukan,
D0464,oleh,
D0464,anggota,
D0464,kita,
D0464,ada,
D0464,9,
D0464,TKP,
D0464,yang,
D0464,ada,
D0464,di,
D0464,wilayah,
D0464,hukum,
D0464,kita,
D0464,yang,
D0464,mereka,
D0464,lakukan,
D0464,dengan,
D0464,tindak,
D0464,pidana,
D0464,yang,
D0464,sama,
D0464,dengan,
D0464,modus,
D0464,mengancam,
D0464,korban,
D0464,dengan,
D0464,sajam,
D0464,dan,
D0464,mengambil,
D0464,sepeda,
D0464,motornya,
D0464,tutupnya,
D0465,Kawanan,
D0465,geng,
D0465,motor,
D0465,yang,
D0465,melakukan,
D0465,pembacokan,
D0465,terhadap,
D0465,Muhamad,
D0465,Taufik,
D0465,27,
D0465,di,
D0465,Jalan,
D0465,Mayor,
D0465,SL,
D0465,Tobing,
D0465,Kelurahan,
D0465,Sambongpari,
D0465,Kecamatan,
D0465,Mangkubumi,
D0465,Kota,
D0465,Tasikmalaya,
D0465,Minggu,
D0465,17112024,
D0465,lalu,
D0465,sudah,
D0465,berhasil,
D0465,ditangkap,
D0465,aparat,
D0465,Polres,
D0465,Tasikmalaya,
D0465,Kota,
D0465,Sebanyak,
D0465,5,
D0465,orang,
D0465,tersangka,
D0465,diamankan,
D0465,atas,
D0465,aksi,
D0465,brutal,
D0465,tanpa,
D0465,alasan,
D0465,yang,
D0465,jelas,
D0465,itu,
D0465,Empat,
D0465,orang,
D0465,di,
D0465,antaranya,
D0465,adalah,
D0465,anak,
D0465,di,
D0465,bawah,
D0465,umur,
D0465,Satu,
D0465,tersangka,
D0465,dewasa,
D0465,itu,
D0465,adalah,
D0465,pria,
D0465,inisial,
D0465,NSP,
D0465,19,
D0465,warga,
D0465,Kelurahan,
D0465,Gunung,
D0465,Gede,
D0465,Kecamatan,
D0465,Kawalu,
D0465,Sementara,
D0465,empat,
D0465,tersangka,
D0465,di,
D0465,bawah,
D0465,umur,
D0465,terdiri,
D0465,dari,
D0465,inisial,
D0465,DW,
D0465,remaja,
D0465,16,
D0465,tahun,
D0465,warga,
D0465,Kecamatan,
D0465,Kawalu,
D0465,Kota,
D0465,Tasikmalaya,
D0465,DW,
D0465,adalah,
D0465,remaja,
D0465,putus,
D0465,sekolah,
D0465,dia,
D0465,tak,
D0465,tamat,
D0465,SMP,
D0465,SCROLL,
D0465,TO,
D0465,CONTINUE,
D0465,WITH,
D0465,CONTENT,
D0465,Kedua,
D0465,remaja,
D0465,pria,
D0465,inisial,
D0465,RRP,
D0465,15,
D0465,warga,
D0465,Kecamatan,
D0465,Sukarame,
D0465,Kabupaten,
D0465,Tasikmalaya,
D0465,RRP,
D0465,juga,
D0465,anak,
D0465,putus,
D0465,sekolah,
D0465,saat,
D0465,duduk,
D0465,di,
D0465,kelas,
D0465,2,
D0465,MTS,
D0465,Ketiga,
D0465,inisial,
D0465,FM,
D0465,usia,
D0465,17,
D0465,tahun,
D0465,warga,
D0465,Kecamatan,
D0465,Kawalu,
D0465,Kota,
D0465,Tasikmalaya,
D0465,Dia,
D0465,baru,
D0465,lulus,
D0465,pendidikan,
D0465,Paket,
D0465,C,
D0465,Keempat,
D0465,inisial,
D0465,RW,
D0465,usia,
D0465,16,
D0465,tahun,
D0465,warga,
D0465,Kecamatan,
D0465,Kawalu,
D0465,Kota,
D0465,Tasikmalaya,
D0465,Anak,
D0465,ini,
D0465,juga,
D0465,putus,
D0465,sekolah,
D0465,saat,
D0465,di,
D0465,bangku,
D0465,kelas,
D0465,1,
D0465,SMK,
D0465,Berdasarkan,
D0465,hasil,
D0465,penyelidikan,
D0465,aparat,
D0465,Satreskrim,
D0465,Polres,
D0465,Tasikmalaya,
D0465,Kota,
D0465,sebelum,
D0465,melakukan,
D0465,aksi,
D0465,brutal,
D0465,menyerang,
D0465,pengendara,
D0465,lain,
D0465,secara,
D0465,acak,
D0465,para,
D0465,pelaku,
D0465,menggelar,
D0465,pesta,
D0465,miras,
D0465,di,
D0465,rumah,
D0465,RW,
D0465,Para,
D0465,tersangka,
D0465,secara,
D0465,berkelompok,
D0465,dengan,
D0465,menggunakan,
D0465,4,
D0465,unit,
D0465,sepeda,
D0465,motor,
D0465,berangkat,
D0465,dari,
D0465,rumah,
D0465,tersangka,
D0465,inisial,
D0465,RW,
D0465,dengan,
D0465,tujuan,
D0465,untuk,
D0465,mencari,
D0465,kelompok,
D0465,motor,
D0465,yang,
D0465,sebelumnya,
D0465,telah,
D0465,menyerang,
D0465,teman,
D0465,dari,
D0465,para,
D0465,tersangka,
D0465,tersebut,
D0465,kata,
D0465,Kapolres,
D0465,Tasikmalaya,
D0465,Kota,
D0465,AKBP,
D0465,Joko,
D0465,Sulistiono,
D0465,Selasa,
D0465,3122024,
D0465,Total,
D0465,rombongan,
D0465,konvoi,
D0465,yang,
D0465,dimulai,
D0465,Minggu,
D0465,17112024,
D0465,pukul,
D0465,0030,
D0465,WIB,
D0465,ini,
D0465,ada,
D0465,7,
D0465,orang,
D0465,dengan,
D0465,menumpang,
D0465,4,
D0465,sepeda,
D0465,motor,
D0465,namun,
D0465,yang,
D0465,melakukan,
D0465,tindak,
D0465,pidana,
D0465,dan,
D0465,ditangkap,
D0465,5,
D0465,orang,
D0465,Tujuan,
D0465,kawanan,
D0465,ini,
D0465,adalah,
D0465,mencari,
D0465,kelompok,
D0465,lain,
D0465,yang,
D0465,sebelumnya,
D0465,pernah,
D0465,menyerang,
D0465,mereka,
D0465,Tak,
D0465,heran,
D0465,sejak,
D0465,awal,
D0465,mereka,
D0465,sudah,
D0465,membawa,
D0465,celurit,
D0465,dan,
D0465,tongkat,
D0465,baseball,
D0465,Ruas,
D0465,jalan,
D0465,yang,
D0465,dilintasi,
D0465,oleh,
D0465,kawanan,
D0465,begundal,
D0465,ini,
D0465,adalah,
D0465,Jalan,
D0465,Raya,
D0465,Perintis,
D0465,Kemerdekaan,
D0465,Jalan,
D0465,Padayungan,
D0465,Jalan,
D0465,HZ,
D0465,Mustofa,
D0465,balik,
D0465,lagi,
D0465,ke,
D0465,arah,
D0465,Padayungan,
D0465,lalu,
D0465,ke,
D0465,Jalan,
D0465,SLTobing,
D0465,Sekitar,
D0465,pukul,
D0465,0130,
D0465,WIB,
D0465,kawanan,
D0465,ini,
D0465,melintas,
D0465,di,
D0465,TKP,
D0465,Jalan,
D0465,Wijaya,
D0465,Praja,
D0465,jalan,
D0465,yang,
D0465,terhubung,
D0465,ke,
D0465,Jalan,
D0465,SL,
D0465,Tobing,
D0465,Di,
D0465,TKP,
D0465,ada,
D0465,seseorang,
D0465,yaitu,
D0465,salah,
D0465,satu,
D0465,dari,
D0465,korban,
D0465,berteriak,
D0465,woy,
D0465,setelah,
D0465,itu,
D0465,para,
D0465,tersangka,
D0465,memutar,
D0465,arah,
D0465,sepeda,
D0465,motor,
D0465,mengejar,
D0465,seseorang,
D0465,tersebut,
D0465,kata,
D0465,Joko,
D0465,Di,
D0465,sinilah,
D0465,kebrutalan,
D0465,kawanan,
D0465,geng,
D0465,motor,
D0465,ini,
D0465,terjadi,
D0465,Tersangka,
D0465,DW,
D0465,yang,
D0465,menghunus,
D0465,celurit,
D0465,langsung,
D0465,turun,
D0465,dan,
D0465,mengejar,
D0465,korban,
D0465,Tersangka,
D0465,RRP,
D0465,juga,
D0465,turun,
D0465,menenteng,
D0465,tongkat,
D0465,baseball,
D0465,diikuti,
D0465,oleh,
D0465,kawannya,
D0465,yang,
D0465,lain,
D0465,Hasil,
D0465,penyelidikan,
D0465,polisi,
D0465,mengungkapkan,
D0465,peran,
D0465,dari,
D0465,kelima,
D0465,tersangka,
D0465,tersebut,
D0465,dimana,
D0465,tersangka,
D0465,NSP,
D0465,memukul,
D0465,korban,
D0465,dengan,
D0465,tangan,
D0465,kosong,
D0465,mengenai,
D0465,pundak,
D0465,bagian,
D0465,kiri,
D0465,korban,
D0465,Taufik,
D0465,Tersangka,
D0465,DW,
D0465,membacok,
D0465,Taufik,
D0465,dari,
D0465,arah,
D0465,belakang,
D0465,dengan,
D0465,celurit,
D0465,yang,
D0465,mengenai,
D0465,bagian,
D0465,punggung,
D0465,korban,
D0465,sebanyak,
D0465,kirakira,
D0465,2,
D0465,sampai,
D0465,3,
D0465,kali,
D0465,bacokan,
D0465,Tersangka,
D0465,RRP,
D0465,memukul,
D0465,korban,
D0465,Aji,
D0465,dengan,
D0465,menggunakan,
D0465,stik,
D0465,baseball,
D0465,dan,
D0465,mengenai,
D0465,bagian,
D0465,kepala,
D0465,Beruntung,
D0465,Aji,
D0465,saat,
D0465,itu,
D0465,mengenakan,
D0465,helm,
D0465,Tersangka,
D0465,FM,
D0465,memukul,
D0465,dengan,
D0465,tangan,
D0465,kosong,
D0465,kepada,
D0465,korban,
D0465,Aji,
D0465,Tersangka,
D0465,RW,
D0465,melakukan,
D0465,kekerasan,
D0465,secara,
D0465,fisik,
D0465,dengan,
D0465,cara,
D0465,melemparkan,
D0465,batu,
D0465,dan,
D0465,mengenai,
D0465,korban,
D0465,Setelah,
D0465,melakukan,
D0465,aksinya,
D0465,para,
D0465,tersangka,
D0465,melarikan,
D0465,diri,
D0465,ke,
D0465,arah,
D0465,bunderan,
D0465,Mangkubumi,
D0465,lalu,
D0465,membubarkan,
D0465,diri,
D0465,dan,
D0465,pulang,
D0465,ke,
D0465,rumah,
D0465,masingmasing,
D0465,kata,
D0465,Joko,
D0465,Atas,
D0465,perbuatannya,
D0465,para,
D0465,tersangka,
D0465,akan,
D0465,dojerat,
D0465,dengan,
D0465,pasal,
D0465,penganiayaan,
D0465,dan,
D0465,pengeroyokan,
D0465,Para,
D0465,tersangka,
D0465,akan,
D0465,dijerat,
D0465,dengan,
D0465,pasal,
D0465,170,
D0465,dan,
D0465,atau,
D0465,pasal,
D0465,351,
D0465,KUHPidana,
D0465,ancaman,
D0465,9,
D0465,tahun,
D0465,penjara,
D0465,kata,
D0465,Joko,
D0465,Kasat,
D0465,Reskrim,
D0465,Polres,
D0465,Tasikmalaya,
D0465,Kota,
D0465,AKP,
D0465,Herman,
D0465,Saputra,
D0465,menambahkan,
D0465,kelima,
D0465,tersangka,
D0465,saat,
D0465,ini,
D0465,sudah,
D0465,ditahan,
D0465,Ditahan,
D0465,semua,
D0465,yang,
D0465,di,
D0465,bawah,
D0465,umur,
D0465,juga,
D0465,tetap,
D0465,ditahan,
D0465,kata,
D0465,Herman,
D0465,Herman,
D0465,mengatakan,
D0465,aksi,
D0465,brutal,
D0465,anakanak,
D0465,remaja,
D0465,ini,
D0465,membuat,
D0465,orang,
D0465,tuanya,
D0465,kaget,
D0465,Mereka,
D0465,tak,
D0465,mengira,
D0465,anaknya,
D0465,bisa,
D0465,sebengis,
D0465,itu,
D0465,Orang,
D0465,tuanya,
D0465,semua,
D0465,kaget,
D0465,karena,
D0465,saat,
D0465,di,
D0465,rumah,
D0465,mereka,
D0465,katanya,
D0465,baik,
D0465,nggak,
D0465,banyak,
D0465,tingkah,
D0465,tapi,
D0465,ternyata,
D0465,di,
D0465,luar,
D0465,rumah,
D0465,bisa,
D0465,sadis,
D0465,kata,
D0465,Herman,
D0465,Herman,
D0465,mengimbau,
D0465,agar,
D0465,para,
D0465,orang,
D0465,tua,
D0465,lebih,
D0465,waspada,
D0465,terhadap,
D0465,pergaulan,
D0465,anaknya,
D0465,Salah,
D0465,satunya,
D0465,dengan,
D0465,tidak,
D0465,membiarkan,
D0465,anak,
D0465,remaja,
D0465,keluyuran,
D0465,hingga,
D0465,larut,
D0465,malam,
D0465,Jangan,
D0465,biarkan,
D0465,keluar,
D0465,larut,
D0465,malam,
D0465,kemudian,
D0465,awasi,
D0465,juga,
D0465,alasan,
D0465,menginap,
D0465,di,
D0465,rumah,
D0465,teman,
D0465,Karena,
D0465,jika,
D0465,dibiarkan,
D0465,risikonya,
D0465,adalah,
D0465,menjadi,
D0465,korban,
D0465,atau,
D0465,menjadi,
D0465,pelaku,
D0465,kata,
D0465,Herman,
D0466,Marsono,
D0466,48,
D0466,personel,
D0466,TNI,
D0466,di,
D0466,Kodam,
D0466,IBB,
D0466,menjadi,
D0466,korban,
D0466,pembegalan,
D0466,Korban,
D0466,dibegal,
D0466,tidak,
D0466,jauh,
D0466,dari,
D0466,tempatnya,
D0466,bekerja,
D0466,Kodam,
D0466,IBB,
D0466,yang,
D0466,ada,
D0466,di,
D0466,Jalan,
D0466,Gatot,
D0466,Subroto,
D0466,Medan,
D0466,Kapolsek,
D0466,Sunggal,
D0466,Kompol,
D0466,Bambang,
D0466,G,
D0466,Hutabarat,
D0466,menceritakan,
D0466,detikdetik,
D0466,peristiwa,
D0466,tersebut,
D0466,Korban,
D0466,dibegal,
D0466,ketika,
D0466,dalam,
D0466,perjalanan,
D0466,menuju,
D0466,Kodam,
D0466,IBB,
D0466,seusai,
D0466,menjalankan,
D0466,tugas,
D0466,Pada,
D0466,hari,
D0466,Kamis,
D0466,tanggal,
D0466,26,
D0466,September,
D0466,2024,
D0466,sekitar,
D0466,pukul,
D0466,0445,
D0466,WIB,
D0466,korban,
D0466,yang,
D0466,merupakan,
D0466,anggota,
D0466,TNI,
D0466,yang,
D0466,bertugas,
D0466,di,
D0466,Kodam,
D0466,saat,
D0466,itu,
D0466,sedang,
D0466,menjalankan,
D0466,tugasnya,
D0466,dan,
D0466,hendak,
D0466,kembali,
D0466,ke,
D0466,Kodam,
D0466,dan,
D0466,melintasi,
D0466,Jalan,
D0466,Gatot,
D0466,Subroto,
D0466,perempatan,
D0466,Manhattan,
D0466,menuju,
D0466,Binjai,
D0466,jelasnya,
D0466,Selasa,
D0466,3122024,
D0466,SCROLL,
D0466,TO,
D0466,CONTINUE,
D0466,WITH,
D0466,CONTENT,
D0466,Saat,
D0466,tiba,
D0466,di,
D0466,sekitar,
D0466,Kodam,
D0466,di,
D0466,Jalan,
D0466,Gatot,
D0466,Subroto,
D0466,Marsono,
D0466,dipepet,
D0466,oleh,
D0466,beberapa,
D0466,orang,
D0466,menggunakan,
D0466,senjata,
D0466,tajam,
D0466,Marsono,
D0466,kemudian,
D0466,ditendang,
D0466,hingga,
D0466,terjatuh,
D0466,dari,
D0466,sepeda,
D0466,motornya,
D0466,dan,
D0466,lari,
D0466,menyelamatkan,
D0466,diri,
D0466,Korban,
D0466,dipepet,
D0466,oleh,
D0466,para,
D0466,pelaku,
D0466,yang,
D0466,terdiri,
D0466,dari,
D0466,beberapa,
D0466,unit,
D0466,sepeda,
D0466,motor,
D0466,dengan,
D0466,menendang,
D0466,korban,
D0466,sehingga,
D0466,korban,
D0466,terjatuh,
D0466,karena,
D0466,melihat,
D0466,para,
D0466,pelaku,
D0466,membawa,
D0466,sajam,
D0466,akhirnya,
D0466,korban,
D0466,memilih,
D0466,menyelamatkan,
D0466,diri,
D0466,meninggalkan,
D0466,sepeda,
D0466,motornya,
D0466,dan,
D0466,dibawa,
D0466,kabur,
D0466,ujarnya,
D0466,Tidak,
D0466,lama,
D0466,kemudian,
D0466,korban,
D0466,membuat,
D0466,laporan,
D0466,ke,
D0466,Polsek,
D0466,Sunggal,
D0466,Setelah,
D0466,melakukan,
D0466,penyelidikan,
D0466,polisi,
D0466,menangkap,
D0466,3,
D0466,pelaku,
D0466,terlebih,
D0466,dahulu,
D0466,yang,
D0466,masih,
D0466,di,
D0466,bawah,
D0466,umur,
D0466,Tersangka,
D0466,dalam,
D0466,perkara,
D0466,ini,
D0466,ada,
D0466,4,
D0466,orang,
D0466,yang,
D0466,mana,
D0466,3,
D0466,orang,
D0466,sebelumnya,
D0466,sudah,
D0466,kita,
D0466,lakukan,
D0466,pengungkapan,
D0466,dengan,
D0466,status,
D0466,anak,
D0466,di,
D0466,bawah,
D0466,umur,
D0466,ucapnya,
D0466,Pada,
D0466,1,
D0466,Desember,
D0466,2024,
D0466,polisi,
D0466,kembali,
D0466,menangkap,
D0466,1,
D0466,pelaku,
D0466,bernama,
D0466,Arkan,
D0466,alias,
D0466,Atok,
D0466,Arkan,
D0466,disebut,
D0466,sebagai,
D0466,otak,
D0466,pelaku,
D0466,sekaligus,
D0466,pimpinan,
D0466,kelompok,
D0466,Kemudian,
D0466,yang,
D0466,terakhir,
D0466,ini,
D0466,berhasil,
D0466,kita,
D0466,amankan,
D0466,kita,
D0466,tangkap,
D0466,atas,
D0466,nama,
D0466,Arkan,
D0466,alias,
D0466,Atok,
D0466,18,
D0466,beliau,
D0466,ini,
D0466,sebagai,
D0466,otak,
D0466,pelakunya,
D0466,pimpinan,
D0466,dari,
D0466,kelompok,
D0466,ini,
D0466,ujarnya,
D0466,Polisi,
D0466,Buru,
D0466,2,
D0466,Pelaku,
D0466,Lain,
D0466,Baca,
D0466,Halaman,
D0466,Berikutnya,
D0466,Selain,
D0466,keempat,
D0466,pelaku,
D0466,masih,
D0466,ada,
D0466,2,
D0466,pelaku,
D0466,lagi,
D0466,yang,
D0466,belum,
D0466,berhasil,
D0466,ditangkap,
D0466,Namun,
D0466,identitas,
D0466,pelaku,
D0466,disebut,
D0466,sudah,
D0466,diketahui,
D0466,Ada,
D0466,2,
D0466,tersangka,
D0466,lagi,
D0466,identitasnya,
D0466,semua,
D0466,sudah,
D0466,jelas,
D0466,tinggal,
D0466,menunggu,
D0466,waktu,
D0466,saja,
D0466,ungkapnya,
D0466,Berdasarkan,
D0466,keterangan,
D0466,saat,
D0466,pemeriksaan,
D0466,kelompok,
D0466,yang,
D0466,dipimpin,
D0466,Atok,
D0466,ini,
D0466,telah,
D0466,melakukan,
D0466,aksi,
D0466,begal,
D0466,sebanyak,
D0466,9,
D0466,kali,
D0466,di,
D0466,wilayah,
D0466,hukum,
D0466,Polsek,
D0466,Sunggal,
D0466,Dalam,
D0466,aksinya,
D0466,mereka,
D0466,menggunakan,
D0466,senjata,
D0466,tajam,
D0466,Dari,
D0466,hasil,
D0466,pemeriksaan,
D0466,yang,
D0466,dilakukan,
D0466,oleh,
D0466,anggota,
D0466,kita,
D0466,ada,
D0466,9,
D0466,TKP,
D0466,yang,
D0466,ada,
D0466,di,
D0466,wilayah,
D0466,hukum,
D0466,kita,
D0466,yang,
D0466,mereka,
D0466,lakukan,
D0466,dengan,
D0466,tindak,
D0466,pidana,
D0466,yang,
D0466,sama,
D0466,dengan,
D0466,modus,
D0466,mengancam,
D0466,korban,
D0466,dengan,
D0466,sajam,
D0466,dan,
D0466,mengambil,
D0466,sepeda,
D0466,motornya,
D0466,tutupnya,
D0467,Anggota,
D0467,TNI,
D0467,inisial,
D0467,Marsono,
D0467,48,
D0467,dibegal,
D0467,di,
D0467,sekitar,
D0467,Kodam,
D0467,IBukit,
D0467,Barisan,
D0467,Kota,
D0467,Medan,
D0467,Polisi,
D0467,telah,
D0467,menangkap,
D0467,4,
D0467,tersangka,
D0467,dan,
D0467,memburu,
D0467,2,
D0467,tersangka,
D0467,lainnya,
D0467,Dimana,
D0467,dalam,
D0467,perkara,
D0467,ini,
D0467,sebagai,
D0467,korban,
D0467,adalah,
D0467,saudara,
D0467,Marsono,
D0467,48,
D0467,pekerjaan,
D0467,anggota,
D0467,TNI,
D0467,kata,
D0467,Kapolsek,
D0467,Sunggal,
D0467,Kompol,
D0467,Bambang,
D0467,G,
D0467,Hutabarat,
D0467,Selasa,
D0467,3122024,
D0467,Bambang,
D0467,menjelaskan,
D0467,jika,
D0467,peristiwa,
D0467,pembegalan,
D0467,itu,
D0467,terjadi,
D0467,pada,
D0467,Kamis,
D0467,269,
D0467,sekitar,
D0467,pukul,
D0467,0445,
D0467,WIB,
D0467,Saat,
D0467,itu,
D0467,Marsono,
D0467,disebut,
D0467,sedang,
D0467,menuju,
D0467,Kodam,
D0467,IBukit,
D0467,Barisan,
D0467,usai,
D0467,menjalankan,
D0467,tugasnya,
D0467,SCROLL,
D0467,TO,
D0467,CONTINUE,
D0467,WITH,
D0467,CONTENT,
D0467,Pada,
D0467,hari,
D0467,Kamis,
D0467,tanggal,
D0467,26,
D0467,September,
D0467,2024,
D0467,sekitar,
D0467,pukul,
D0467,0445,
D0467,WIB,
D0467,korban,
D0467,yang,
D0467,merupakan,
D0467,anggota,
D0467,TNI,
D0467,yang,
D0467,bertugas,
D0467,di,
D0467,Kodam,
D0467,saat,
D0467,itu,
D0467,sedang,
D0467,menjalankan,
D0467,tugasnya,
D0467,dan,
D0467,hendak,
D0467,kembali,
D0467,ke,
D0467,Kodam,
D0467,dan,
D0467,melintasi,
D0467,Jalan,
D0467,Gatot,
D0467,Subroto,
D0467,perempatan,
D0467,Manhattan,
D0467,menuju,
D0467,Binjai,
D0467,jelasnya,
D0467,Saat,
D0467,tiba,
D0467,di,
D0467,sekitar,
D0467,Kodam,
D0467,di,
D0467,Jalan,
D0467,Gatot,
D0467,Subroto,
D0467,Marsono,
D0467,dipepet,
D0467,oleh,
D0467,beberapa,
D0467,orang,
D0467,menggunakan,
D0467,senjata,
D0467,tajam,
D0467,Marsono,
D0467,kemudian,
D0467,ditendang,
D0467,hingga,
D0467,terjatuh,
D0467,dari,
D0467,sepeda,
D0467,motornya,
D0467,dan,
D0467,lari,
D0467,menyelamatkan,
D0467,diri,
D0467,Korban,
D0467,dipepet,
D0467,oleh,
D0467,para,
D0467,pelaku,
D0467,yang,
D0467,terdiri,
D0467,dari,
D0467,beberapa,
D0467,unit,
D0467,sepeda,
D0467,motor,
D0467,dengan,
D0467,menendang,
D0467,korban,
D0467,sehingga,
D0467,korban,
D0467,terjatuh,
D0467,karena,
D0467,melihat,
D0467,para,
D0467,pelaku,
D0467,membawa,
D0467,sajam,
D0467,akhirnya,
D0467,korban,
D0467,memilih,
D0467,menyelamatkan,
D0467,diri,
D0467,meninggalkan,
D0467,sepeda,
D0467,motornya,
D0467,dan,
D0467,dibawa,
D0467,kabur,
D0467,ujarnya,
D0467,Unit,
D0467,Reskrim,
D0467,Polsek,
D0467,Sunggal,
D0467,kemudian,
D0467,melakukan,
D0467,penyelidikan,
D0467,usai,
D0467,Marsono,
D0467,membuat,
D0467,laporan,
D0467,Polisi,
D0467,akhirnya,
D0467,menangkap,
D0467,3,
D0467,pelaku,
D0467,terlebih,
D0467,dahulu,
D0467,yang,
D0467,masih,
D0467,di,
D0467,bawah,
D0467,umur,
D0467,Tersangka,
D0467,dalam,
D0467,perkara,
D0467,ini,
D0467,ada,
D0467,4,
D0467,orang,
D0467,yang,
D0467,mana,
D0467,3,
D0467,orang,
D0467,sebelumnya,
D0467,sudah,
D0467,kita,
D0467,lakukan,
D0467,pengungkapan,
D0467,dengan,
D0467,status,
D0467,anak,
D0467,di,
D0467,bawah,
D0467,umur,
D0467,ucapnya,
D0467,Pada,
D0467,1,
D0467,Desember,
D0467,2024,
D0467,polisi,
D0467,kembali,
D0467,menangkap,
D0467,1,
D0467,pelaku,
D0467,bernama,
D0467,Arkan,
D0467,alias,
D0467,Atok,
D0467,Arkan,
D0467,disebut,
D0467,sebagai,
D0467,otak,
D0467,pelaku,
D0467,sekaligus,
D0467,pimpinan,
D0467,kelompok,
D0467,Kemudian,
D0467,yang,
D0467,terakhir,
D0467,ini,
D0467,berhasil,
D0467,kita,
D0467,amankan,
D0467,kita,
D0467,tangkap,
D0467,atas,
D0467,nama,
D0467,Arkan,
D0467,alias,
D0467,Atok,
D0467,18,
D0467,beliau,
D0467,ini,
D0467,sebagai,
D0467,otak,
D0467,pelakunya,
D0467,pimpinan,
D0467,dari,
D0467,kelompok,
D0467,ini,
D0467,ujarnya,
D0467,Selain,
D0467,keempat,
D0467,pelaku,
D0467,masih,
D0467,ada,
D0467,2,
D0467,pelaku,
D0467,lagi,
D0467,yang,
D0467,belum,
D0467,berhasil,
D0467,ditangkap,
D0467,Namun,
D0467,identitas,
D0467,pelaku,
D0467,disebut,
D0467,sudah,
D0467,diketahui,
D0467,Ada,
D0467,2,
D0467,tersangka,
D0467,lagi,
D0467,identitasnya,
D0467,semua,
D0467,sudah,
D0467,jelas,
D0467,tinggal,
D0467,menunggu,
D0467,waktu,
D0467,saja,
D0467,ungkapnya,
D0467,Berdasarkan,
D0467,keterangan,
D0467,saat,
D0467,pemeriksaan,
D0467,kelompok,
D0467,yang,
D0467,dipimpin,
D0467,Atok,
D0467,ini,
D0467,telah,
D0467,melakukan,
D0467,aksi,
D0467,begal,
D0467,sebanyak,
D0467,9,
D0467,kali,
D0467,di,
D0467,wilayah,
D0467,hukum,
D0467,Polsek,
D0467,Sunggal,
D0467,Dalam,
D0467,aksinya,
D0467,mereka,
D0467,menggunakan,
D0467,senjata,
D0467,tajam,
D0467,Dari,
D0467,hasil,
D0467,pemeriksaan,
D0467,yang,
D0467,dilakukan,
D0467,oleh,
D0467,anggota,
D0467,kita,
D0467,ada,
D0467,9,
D0467,TKP,
D0467,yang,
D0467,ada,
D0467,di,
D0467,wilayah,
D0467,hukum,
D0467,kita,
D0467,yang,
D0467,mereka,
D0467,lakukan,
D0467,dengan,
D0467,tindak,
D0467,pidana,
D0467,yang,
D0467,sama,
D0467,dengan,
D0467,modus,
D0467,mengancam,
D0467,korban,
D0467,dengan,
D0467,sajam,
D0467,dan,
D0467,mengambil,
D0467,sepeda,
D0467,motornya,
D0467,tutupnya,
D0468,Pria,
D0468,bernama,
D0468,Saida,
D0468,32,
D0468,menjadi,
D0468,korban,
D0468,penikaman,
D0468,menggunakan,
D0468,badik,
D0468,oleh,
D0468,tetangganya,
D0468,berinisial,
D0468,AR,
D0468,30,
D0468,di,
D0468,Kabupaten,
D0468,Polewali,
D0468,Mandar,
D0468,Polman,
D0468,Sulawesi,
D0468,Barat,
D0468,Sulbar,
D0468,Pelaku,
D0468,mengaku,
D0468,berhalusinasi,
D0468,saat,
D0468,menikam,
D0468,korban,
D0468,Menurut,
D0468,pelaku,
D0468,pada,
D0468,saat,
D0468,ke,
D0468,rumah,
D0468,korban,
D0468,dan,
D0468,menikamnya,
D0468,dia,
D0468,berhalusinasi,
D0468,kata,
D0468,Kanit,
D0468,Resum,
D0468,Sat,
D0468,Reskrim,
D0468,Polres,
D0468,Polman,
D0468,Iptu,
D0468,Iwan,
D0468,Rusmana,
D0468,kepada,
D0468,wartawan,
D0468,Senin,
D0468,2122024,
D0468,Insiden,
D0468,tersebut,
D0468,terjadi,
D0468,di,
D0468,Dusun,
D0468,Tappina,
D0468,Desa,
D0468,Mirring,
D0468,Kecamatan,
D0468,Binuang,
D0468,Selasa,
D0468,212,
D0468,sekira,
D0468,pukul,
D0468,0630,
D0468,Wita,
D0468,Kini,
D0468,korban,
D0468,jalani,
D0468,perawatan,
D0468,intensif,
D0468,di,
D0468,Rumah,
D0468,Sakit,
D0468,RS,
D0468,Hajja,
D0468,Andi,
D0468,Depu,
D0468,Polewali,
D0468,SCROLL,
D0468,TO,
D0468,CONTINUE,
D0468,WITH,
D0468,CONTENT,
D0468,Korban,
D0468,mengalami,
D0468,luka,
D0468,di,
D0468,punggung,
D0468,Saat,
D0468,ini,
D0468,jalani,
D0468,perawatan,
D0468,di,
D0468,rumah,
D0468,sakit,
D0468,dan,
D0468,menunggu,
D0468,jadwal,
D0468,operasi,
D0468,ungkap,
D0468,Iwan,
D0468,Iwan,
D0468,mengatakan,
D0468,penikaman,
D0468,bermula,
D0468,saat,
D0468,pelaku,
D0468,mendatangi,
D0468,rumah,
D0468,korban,
D0468,Korban,
D0468,yang,
D0468,keluar,
D0468,dari,
D0468,kamar,
D0468,tibatiba,
D0468,diserang,
D0468,oleh,
D0468,pelaku,
D0468,Pada,
D0468,saat,
D0468,korban,
D0468,keluar,
D0468,dari,
D0468,kamar,
D0468,pelaku,
D0468,pun,
D0468,langsung,
D0468,mencabut,
D0468,badiknya,
D0468,dan,
D0468,menikam,
D0468,korban,
D0468,namun,
D0468,korban,
D0468,menghindar,
D0468,Kemudian,
D0468,korban,
D0468,memeluk,
D0468,pelaku,
D0468,dan,
D0468,pada,
D0468,saat,
D0468,korban,
D0468,memeluk,
D0468,pelaku,
D0468,langsung,
D0468,menikam,
D0468,korban,
D0468,di,
D0468,punggungnya,
D0468,paparnya,
D0468,Iwan,
D0468,mengatakan,
D0468,saksi,
D0468,di,
D0468,lokasi,
D0468,kejadian,
D0468,lalu,
D0468,berteriak,
D0468,meminta,
D0468,pertolongan,
D0468,Warga,
D0468,yang,
D0468,berdatangan,
D0468,lalu,
D0468,mengamankan,
D0468,pelaku,
D0468,dan,
D0468,membawa,
D0468,korban,
D0468,ke,
D0468,rumah,
D0468,sakit,
D0468,Mertua,
D0468,korban,
D0468,lalu,
D0468,memanggil,
D0468,tetangga,
D0468,untuk,
D0468,memberi,
D0468,pertolongan,
D0468,termasuk,
D0468,mengamankan,
D0468,pelaku,
D0468,tuturnya,
D0468,Menurut,
D0468,Iwan,
D0468,pelaku,
D0468,dan,
D0468,barang,
D0468,bukti,
D0468,badik,
D0468,yang,
D0468,dipakai,
D0468,menikam,
D0468,korban,
D0468,telah,
D0468,diamankan,
D0468,di,
D0468,Polres,
D0468,Polman,
D0468,Dari,
D0468,hasil,
D0468,pemeriksaan,
D0468,sementara,
D0468,pelaku,
D0468,diduga,
D0468,orang,
D0468,dalam,
D0468,gangguan,
D0468,jiwa,
D0468,ODGJ,
D0468,yang,
D0468,kabur,
D0468,dari,
D0468,rumah,
D0468,sakit,
D0468,saat,
D0468,menjalani,
D0468,perawatan,
D0468,Antara,
D0468,pelaku,
D0468,dan,
D0468,korban,
D0468,saling,
D0468,bertetangga,
D0468,dan,
D0468,mereka,
D0468,tidak,
D0468,ada,
D0468,dendam,
D0468,pribadi,
D0468,Pelaku,
D0468,adalah,
D0468,pengidap,
D0468,gangguan,
D0468,jiwa,
D0468,Saat,
D0468,perawatan,
D0468,di,
D0468,rumah,
D0468,sakit,
D0468,pelaku,
D0468,melarikan,
D0468,diri,
D0468,pungkas,
D0468,Iwan,
D0469,Seorang,
D0469,pria,
D0469,berinisial,
D0469,IQ19,
D0469,di,
D0469,Kecamatan,
D0469,Sekupang,
D0469,Batam,
D0469,Kepulauan,
D0469,Riau,
D0469,Kepri,
D0469,dibekuk,
D0469,polisi,
D0469,karena,
D0469,menikam,
D0469,rekan,
D0469,kerjanya,
D0469,Penikaman,
D0469,tersebut,
D0469,terjadi,
D0469,karena,
D0469,sebatang,
D0469,rokok,
D0469,Pelaku,
D0469,penikaman,
D0469,rekan,
D0469,kerja,
D0469,berinisial,
D0469,IQ,
D0469,telah,
D0469,diamankan,
D0469,pada,
D0469,Jumat,
D0469,2911,
D0469,Pelaku,
D0469,diamankan,
D0469,di,
D0469,kosnya,
D0469,kata,
D0469,Kapolsek,
D0469,Sekupang,
D0469,Kompol,
D0469,Benhur,
D0469,Gultom,
D0469,Senin,
D0469,22024,
D0469,Benhur,
D0469,menerangkan,
D0469,kasus,
D0469,penikaman,
D0469,itu,
D0469,terjadi,
D0469,pada,
D0469,Jumat,
D0469,2911,
D0469,Peristiwa,
D0469,penikaman,
D0469,itu,
D0469,dipicu,
D0469,oleh,
D0469,sebatang,
D0469,rokok,
D0469,SCROLL,
D0469,TO,
D0469,CONTINUE,
D0469,WITH,
D0469,CONTENT,
D0469,Dari,
D0469,pemeriksaan,
D0469,saksi,
D0469,korban,
D0469,dan,
D0469,pelaku,
D0469,Peristiwa,
D0469,ini,
D0469,dipicu,
D0469,oleh,
D0469,perselisihan,
D0469,akibat,
D0469,sebatang,
D0469,rokok,
D0469,ujarnya,
D0469,Benhur,
D0469,menyebut,
D0469,pertengkaran,
D0469,pelaku,
D0469,dan,
D0469,korban,
D0469,bermula,
D0469,pertama,
D0469,kali,
D0469,terjadi,
D0469,pada,
D0469,Kamis,
D0469,2811,
D0469,Saat,
D0469,itu,
D0469,korban,
D0469,meminta,
D0469,sebatang,
D0469,rokok,
D0469,tapi,
D0469,tak,
D0469,diberikan,
D0469,oleh,
D0469,pelaku,
D0469,Korban,
D0469,meminta,
D0469,rokok,
D0469,tapi,
D0469,pelaku,
D0469,tidak,
D0469,memberikannya,
D0469,Dari,
D0469,situ,
D0469,mereka,
D0469,bertengkar,
D0469,sambil,
D0469,membawa,
D0469,senjata,
D0469,tajam,
D0469,tapi,
D0469,sempat,
D0469,dilerai,
D0469,dan,
D0469,disuruh,
D0469,pulang,
D0469,ujarnya,
D0469,Rupanya,
D0469,pertengkaran,
D0469,keduanya,
D0469,masih,
D0469,terjadi,
D0469,kembali,
D0469,pada,
D0469,keesokan,
D0469,harinya,
D0469,Pertengkaran,
D0469,keduanya,
D0469,itu,
D0469,tak,
D0469,bisa,
D0469,dilerai,
D0469,oleh,
D0469,para,
D0469,pekerja,
D0469,lain,
D0469,Akibatnya,
D0469,korban,
D0469,mengalami,
D0469,beberapa,
D0469,tusukan,
D0469,pisau,
D0469,Sekitar,
D0469,pukul,
D0469,0940,
D0469,WIB,
D0469,saksi,
D0469,melihat,
D0469,korban,
D0469,dan,
D0469,pelaku,
D0469,berkelahi,
D0469,menggunakan,
D0469,pisau,
D0469,Saksi,
D0469,berusaha,
D0469,melerai,
D0469,tapi,
D0469,korban,
D0469,sudah,
D0469,bersimbah,
D0469,darah,
D0469,Korban,
D0469,kemudian,
D0469,langsung,
D0469,dievakuasi,
D0469,ke,
D0469,Puskesmas,
D0469,Sekupang,
D0469,ujarnya,
D0469,Pelaku,
D0469,IQ,
D0469,usai,
D0469,menikam,
D0469,korban,
D0469,langsung,
D0469,melarikan,
D0469,diri,
D0469,dan,
D0469,bersembunyi,
D0469,di,
D0469,koskosannya,
D0469,yang,
D0469,berada,
D0469,di,
D0469,kawasan,
D0469,Tiban,
D0469,2,
D0469,Saat,
D0469,diamankan,
D0469,pelaku,
D0469,mengakui,
D0469,perbuatannya,
D0469,Pelaku,
D0469,sudah,
D0469,mengakui,
D0469,perbuatannya,
D0469,dan,
D0469,saat,
D0469,ini,
D0469,telah,
D0469,kami,
D0469,tahan,
D0469,Pelaku,
D0469,ini,
D0469,sudah,
D0469,ditetapkan,
D0469,tersangka,
D0469,penganiayaan,
D0469,berat,
D0469,ujar,
D0469,Untuk,
D0469,korban,
D0469,sendiri,
D0469,saat,
D0469,ini,
D0469,masih,
D0469,menjalani,
D0469,perawatan,
D0469,intensif,
D0469,di,
D0469,rumah,
D0469,sakit,
D0469,Beberapa,
D0469,bagian,
D0469,tubuhnya,
D0469,diketahui,
D0469,mengalami,
D0469,luka,
D0469,tusuk,
D0469,Dari,
D0469,tangan,
D0469,pelaku,
D0469,Kami,
D0469,mengamankan,
D0469,barang,
D0469,bukti,
D0469,berupa,
D0469,pisau,
D0469,yang,
D0469,digunakan,
D0469,pelaku,
D0469,untuk,
D0469,menikam,
D0469,korban,
D0469,ujarnya,
D0470,MAS,
D0470,14,
D0470,menusuk,
D0470,tiga,
D0470,anggota,
D0470,keluarganya,
D0470,Dua,
D0470,di,
D0470,antaranya,
D0470,yakni,
D0470,ayah,
D0470,dan,
D0470,nenek,
D0470,tewas,
D0470,Sementara,
D0470,sang,
D0470,ibu,
D0470,berhasil,
D0470,selamat,
D0470,dan,
D0470,meminta,
D0470,pertolongan,
D0470,ke,
D0470,tetangga,
D0470,Peristiwa,
D0470,terjadi,
D0470,di,
D0470,kawasan,
D0470,Cilandak,
D0470,Jakarta,
D0470,Selatan,
D0470,pada,
D0470,Sabtu,
D0470,3011,
D0470,pukul,
D0470,0100,
D0470,WIB,
D0470,Dilansir,
D0470,detikNews,
D0470,sang,
D0470,ibu,
D0470,berinisial,
D0470,AP,
D0470,40,
D0470,mengalami,
D0470,luka,
D0470,tusuk,
D0470,di,
D0470,pundak,
D0470,Tangan,
D0470,dan,
D0470,pakaiannya,
D0470,berlumuran,
D0470,darah,
D0470,ketika,
D0470,bertemu,
D0470,dengan,
D0470,tetangga,
D0470,berinisial,
D0470,F,
D0470,Pelaku,
D0470,sempat,
D0470,berusaha,
D0470,mengejar,
D0470,ibunya,
D0470,Ibunya,
D0470,keluar,
D0470,dari,
D0470,rumah,
D0470,loncat,
D0470,pagar,
D0470,manjat,
D0470,anaknya,
D0470,ngejar,
D0470,sambil,
D0470,bawa,
D0470,pisau,
D0470,Ibunya,
D0470,loncat,
D0470,karena,
D0470,pagarnya,
D0470,digembok,
D0470,Anaknya,
D0470,ngejar,
D0470,tapi,
D0470,mungkin,
D0470,karena,
D0470,darahnya,
D0470,berceceran,
D0470,di,
D0470,situ,
D0470,dikira,
D0470,udah,
D0470,meninggal,
D0470,ungkap,
D0470,pengurus,
D0470,RW,
D0470,bernama,
D0470,Irwan,
D0470,Sabtu,
D0470,30112024,
D0470,SCROLL,
D0470,TO,
D0470,CONTINUE,
D0470,WITH,
D0470,CONTENT,
D0470,Dari,
D0470,CCTV,
D0470,MAS,
D0470,terekam,
D0470,berjalan,
D0470,menjauhi,
D0470,rumah,
D0470,setelah,
D0470,itu,
D0470,Dia,
D0470,sempat,
D0470,bertemu,
D0470,satpam,
D0470,yang,
D0470,menegurnya,
D0470,karena,
D0470,berjalanjalan,
D0470,ke,
D0470,taman,
D0470,malammalam,
D0470,Pertama,
D0470,kali,
D0470,lihat,
D0470,itu,
D0470,satpam,
D0470,Pak,
D0470,Tomi,
D0470,yang,
D0470,negur,
D0470,itu,
D0470,Di,
D0470,CCTV,
D0470,kelihatan,
D0470,dia,
D0470,jalan,
D0470,di,
D0470,taman,
D0470,Jalan,
D0470,aja,
D0470,dia,
D0470,lanjut,
D0470,Irwan,
D0470,Satpam,
D0470,itu,
D0470,kaget,
D0470,melihat,
D0470,tangan,
D0470,MAS,
D0470,berlumuran,
D0470,darah,
D0470,Diketahui,
D0470,MAS,
D0470,mengenakan,
D0470,dua,
D0470,lapis,
D0470,pakaian,
D0470,diduga,
D0470,untuk,
D0470,menutupi,
D0470,darah,
D0470,di,
D0470,baju,
D0470,Merasa,
D0470,ada,
D0470,yang,
D0470,janggal,
D0470,satpam,
D0470,memanggilnya,
D0470,dan,
D0470,pelaku,
D0470,bergegas,
D0470,lari,
D0470,Dia,
D0470,ini,
D0470,pakai,
D0470,baju,
D0470,dua,
D0470,kayaknya,
D0470,untuk,
D0470,nutupin,
D0470,darah,
D0470,di,
D0470,celananya,
D0470,Tapi,
D0470,sekuriti,
D0470,kan,
D0470,lihat,
D0470,di,
D0470,lengannya,
D0470,ada,
D0470,darah,
D0470,Heh,
D0470,kamu,
D0470,berhenti,
D0470,langsung,
D0470,lari,
D0470,dia,
D0470,sekitar,
D0470,300,
D0470,meter,
D0470,jelasnya,
D0470,Sementara,
D0470,di,
D0470,depan,
D0470,rumah,
D0470,AP,
D0470,masih,
D0470,ditemani,
D0470,F,
D0470,hingga,
D0470,sekuriti,
D0470,datang,
D0470,untuk,
D0470,mengecek,
D0470,Ternyata,
D0470,di,
D0470,dalam,
D0470,rumah,
D0470,ayah,
D0470,pelaku,
D0470,inisial,
D0470,APW,
D0470,40,
D0470,dan,
D0470,nenek,
D0470,pelaku,
D0470,inisial,
D0470,RM,
D0470,69,
D0470,sudah,
D0470,tak,
D0470,bernyawa,
D0470,Petugas,
D0470,keamanan,
D0470,pun,
D0470,melapor,
D0470,ke,
D0470,polisi,
D0470,serta,
D0470,mengamankan,
D0470,MAS,
D0470,yang,
D0470,berusaha,
D0470,kabur,
D0470,MAS,
D0470,digelandang,
D0470,ke,
D0470,Polsek,
D0470,Cilandak,
D0470,sementara,
D0470,ibunya,
D0470,dilarikan,
D0470,ke,
D0470,RSUD,
D0470,Fatmawati,
D0471,Seorang,
D0471,remaja,
D0471,di,
D0471,Kabupaten,
D0471,Deli,
D0471,Serdang,
D0471,Sumatera,
D0471,Utara,
D0471,Sumut,
D0471,FA,
D0471,17,
D0471,tega,
D0471,menikam,
D0471,ibunya,
D0471,sendiri,
D0471,Sukarsih,
D0471,54,
D0471,Ada,
D0471,sebanyak,
D0471,12,
D0471,tikaman,
D0471,yang,
D0471,dialami,
D0471,korban,
D0471,Kasat,
D0471,Reskrim,
D0471,Polresta,
D0471,Deli,
D0471,Serdang,
D0471,Kompol,
D0471,Rizki,
D0471,Akbar,
D0471,mengatakan,
D0471,peristiwa,
D0471,itu,
D0471,terjadi,
D0471,di,
D0471,Jalan,
D0471,Pendidikan,
D0471,Dusun,
D0471,V,
D0471,Desa,
D0471,Kotasan,
D0471,Kecamatan,
D0471,Galang,
D0471,Senin,
D0471,25112024,
D0471,sekira,
D0471,pukul,
D0471,2000,
D0471,WIB,
D0471,Korban,
D0471,ditikam,
D0471,di,
D0471,bagian,
D0471,punggung,
D0471,dan,
D0471,perut,
D0471,Korban,
D0471,adalah,
D0471,ibu,
D0471,kandung,
D0471,tersangka,
D0471,Tersangka,
D0471,melakukan,
D0471,penusukan,
D0471,terhadap,
D0471,korban,
D0471,sebanyak,
D0471,12,
D0471,kali,
D0471,yang,
D0471,mana,
D0471,11,
D0471,kali,
D0471,ke,
D0471,bagian,
D0471,punggung,
D0471,dan,
D0471,satu,
D0471,kali,
D0471,ke,
D0471,perut,
D0471,korban,
D0471,kata,
D0471,Rizki,
D0471,Sabtu,
D0471,3011,
D0471,SCROLL,
D0471,TO,
D0471,CONTINUE,
D0471,WITH,
D0471,CONTENT,
D0471,Rizki,
D0471,menyebut,
D0471,kejadian,
D0471,itu,
D0471,diketahui,
D0471,usai,
D0471,suami,
D0471,korban,
D0471,pulang,
D0471,salat,
D0471,dari,
D0471,masjid,
D0471,Saat,
D0471,itu,
D0471,suami,
D0471,korban,
D0471,melihat,
D0471,kondisi,
D0471,rumah,
D0471,mereka,
D0471,telah,
D0471,gelap,
D0471,Pada,
D0471,saat,
D0471,yang,
D0471,bersamaan,
D0471,terdengar,
D0471,suara,
D0471,teriakan,
D0471,korban,
D0471,meminta,
D0471,tolong,
D0471,Ketika,
D0471,sampai,
D0471,di,
D0471,dalam,
D0471,dilihat,
D0471,korban,
D0471,berada,
D0471,dalam,
D0471,kamar,
D0471,mandi,
D0471,dengan,
D0471,kondisi,
D0471,sudah,
D0471,berlumuran,
D0471,darah,
D0471,dan,
D0471,melihat,
D0471,luka,
D0471,di,
D0471,punggung,
D0471,korban,
D0471,jelasnya,
D0471,Atas,
D0471,kejadian,
D0471,itu,
D0471,suami,
D0471,korban,
D0471,membuat,
D0471,laporan,
D0471,ke,
D0471,Polresta,
D0471,Deli,
D0471,Serdang,
D0471,Pihak,
D0471,kepolisian,
D0471,pun,
D0471,menyelidiki,
D0471,kasus,
D0471,itu,
D0471,Lalu,
D0471,pada,
D0471,Kamis,
D0471,2811,
D0471,Unit,
D0471,PPA,
D0471,Polresta,
D0471,Deli,
D0471,Serdang,
D0471,mendapatkan,
D0471,informasi,
D0471,bahwa,
D0471,pelaku,
D0471,berada,
D0471,di,
D0471,Kecamatan,
D0471,Lueng,
D0471,Bata,
D0471,Kota,
D0471,Banda,
D0471,Aceh,
D0471,Usai,
D0471,mendapatkan,
D0471,informasi,
D0471,itu,
D0471,pihak,
D0471,kepolisian,
D0471,menuju,
D0471,lokasi,
D0471,dan,
D0471,menangkap,
D0471,pelaku,
D0471,bersama,
D0471,dengan,
D0471,petugas,
D0471,Polsek,
D0471,Lueng,
D0471,Bata,
D0471,di,
D0471,Desa,
D0471,Batoh,
D0471,Kecamatan,
D0471,Lueng,
D0471,Bata,
D0471,Jumat,
D0471,2911,
D0471,pagi,
D0471,Lalu,
D0471,kita,
D0471,bawa,
D0471,tersangka,
D0471,tersebut,
D0471,ke,
D0471,Satreskrim,
D0471,Polresta,
D0471,Deli,
D0471,Serdang,
D0471,guna,
D0471,dimintai,
D0471,keterangan,
D0471,oleh,
D0471,penyidik,
D0471,Tersangka,
D0471,menerangkan,
D0471,bahwa,
D0471,melakukan,
D0471,penusukan,
D0471,tersebut,
D0471,menggunakan,
D0471,sebilah,
D0471,pisau,
D0471,stainless,
D0471,steel,
D0471,kata,
D0471,Rizki,
D0472,Nasib,
D0472,apes,
D0472,menimpa,
D0472,perampok,
D0472,mobil,
D0472,di,
D0472,Pasuruan,
D0472,Mobil,
D0472,jarahan,
D0472,yang,
D0472,berhasil,
D0472,dirampas,
D0472,terperosok,
D0472,parit,
D0472,saat,
D0472,kabur,
D0472,Panik,
D0472,Ia,
D0472,pun,
D0472,kabur,
D0472,meninggalkan,
D0472,mobil,
D0472,tersebut,
D0472,Korban,
D0472,merupakan,
D0472,pengemudi,
D0472,taksi,
D0472,online,
D0472,terduga,
D0472,pelaku,
D0472,ini,
D0472,pemesannya,
D0472,kata,
D0472,Plt,
D0472,Kasi,
D0472,Humas,
D0472,Polres,
D0472,Pasuruan,
D0472,Kota,
D0472,Aipda,
D0472,M,
D0472,Junaidi,
D0472,Sabtu,
D0472,30112024,
D0472,Peristiwa,
D0472,bermula,
D0472,saat,
D0472,korban,
D0472,Maulana,
D0472,Habibi,
D0472,45,
D0472,warga,
D0472,Jalan,
D0472,RA,
D0472,Kartini,
D0472,Kelurahan,
D0472,Bangilan,
D0472,Panggungrejo,
D0472,Kota,
D0472,Pasuruan,
D0472,menerima,
D0472,pesanan,
D0472,pada,
D0472,Kamis,
D0472,28112024,
D0472,pukul,
D0472,0200,
D0472,WIB,
D0472,Pemesan,
D0472,minta,
D0472,dijemput,
D0472,di,
D0472,Kelurahan,
D0472,Gentong,
D0472,Gadingrejo,
D0472,Kota,
D0472,Pasuruan,
D0472,dengan,
D0472,tujuan,
D0472,di,
D0472,Balai,
D0472,Desa,
D0472,Legowok,
D0472,Pohjentrek,
D0472,Kabupaten,
D0472,Pasuruan,
D0472,SCROLL,
D0472,TO,
D0472,CONTINUE,
D0472,WITH,
D0472,CONTENT,
D0472,Korban,
D0472,berangkat,
D0472,dari,
D0472,rumah,
D0472,dengan,
D0472,menggunakan,
D0472,mobil,
D0472,Daihatsu,
D0472,Sigra,
D0472,warna,
D0472,putih,
D0472,nopol,
D0472,N1659XM,
D0472,menuju,
D0472,titik,
D0472,jemput,
D0472,Setelah,
D0472,sampai,
D0472,di,
D0472,tempat,
D0472,titik,
D0472,jemput,
D0472,pelaku,
D0472,menaiki,
D0472,kendaraan,
D0472,kemudian,
D0472,korban,
D0472,mengantar,
D0472,sesuai,
D0472,aplikasi,
D0472,Sesampainya,
D0472,di,
D0472,seputaran,
D0472,Desa,
D0472,Legowok,
D0472,pelaku,
D0472,mengeluarkan,
D0472,pisau,
D0472,dan,
D0472,menodongkan,
D0472,ke,
D0472,korban,
D0472,Sambil,
D0472,mengatakan,
D0472,ojok,
D0472,ngelawan,
D0472,tak,
D0472,pateni,
D0472,koen,
D0472,jangan,
D0472,melawan,
D0472,aku,
D0472,bunuh,
D0472,kamu,
D0472,Korban,
D0472,ketakutan,
D0472,dan,
D0472,menghentikan,
D0472,kendaraannya,
D0472,lalu,
D0472,turun,
D0472,dari,
D0472,mobil,
D0472,Pelaku,
D0472,mengayunkan,
D0472,pisau,
D0472,ke,
D0472,arah,
D0472,korban,
D0472,mengenahi,
D0472,jari,
D0472,telunjuk,
D0472,tangan,
D0472,kiri,
D0472,korban,
D0472,terang,
D0472,Junaidi,
D0472,Pelaku,
D0472,lalu,
D0472,membawa,
D0472,kabur,
D0472,mobil,
D0472,korban,
D0472,Apes,
D0472,saat,
D0472,kabur,
D0472,mobil,
D0472,terperosok,
D0472,ke,
D0472,parit,
D0472,pinggir,
D0472,jalan,
D0472,tidak,
D0472,jauh,
D0472,dari,
D0472,tempat,
D0472,kejadian,
D0472,Karena,
D0472,panik,
D0472,pelaku,
D0472,meninggalkan,
D0472,mobil,
D0472,tersebu,
D0472,Korban,
D0472,melaporkan,
D0472,ke,
D0472,Polres,
D0472,Pasuruan,
D0472,Kota,
D0472,Ia,
D0472,mengalami,
D0472,luka,
D0472,pada,
D0472,jari,
D0472,telunjuk,
D0472,tangan,
D0472,kiri,
D0472,dan,
D0472,kendaraan,
D0472,milik,
D0472,pelapor,
D0472,mengalami,
D0472,kerusakan,
D0472,jelas,
D0472,Junaidi,
D0472,Saat,
D0472,ini,
D0472,polisi,
D0472,masih,
D0472,melakukan,
D0472,penyelidikan,
D0472,kasus,
D0472,perampokan,
D0472,gagal,
D0472,ini,
D0473,Seorang,
D0473,remaja,
D0473,lakilaki,
D0473,inisial,
D0473,MAS,
D0473,14,
D0473,di,
D0473,Jakarta,
D0473,Selatan,
D0473,nekat,
D0473,menusuk,
D0473,anggota,
D0473,keluarganya,
D0473,Mulai,
D0473,dari,
D0473,ibu,
D0473,ayah,
D0473,hingga,
D0473,nenek,
D0473,Sang,
D0473,ayah,
D0473,dan,
D0473,nenek,
D0473,tewas,
D0473,sementara,
D0473,ibunya,
D0473,mengalami,
D0473,luka,
D0473,berat,
D0473,Dilansir,
D0473,detikNews,
D0473,peristiwa,
D0473,terjadi,
D0473,di,
D0473,rumah,
D0473,mereka,
D0473,di,
D0473,kawasan,
D0473,Lebak,
D0473,Bulus,
D0473,Jakarta,
D0473,Selatan,
D0473,pada,
D0473,Sabtu,
D0473,3011,
D0473,pukul,
D0473,0100,
D0473,WIB,
D0473,Kabid,
D0473,Humas,
D0473,Polda,
D0473,Metro,
D0473,Jaya,
D0473,Kombes,
D0473,Ade,
D0473,Ary,
D0473,Syam,
D0473,Indradi,
D0473,mengatakan,
D0473,awalnya,
D0473,seorang,
D0473,tetangga,
D0473,dan,
D0473,sekuriti,
D0473,perumahan,
D0473,menemukan,
D0473,salah,
D0473,satu,
D0473,korban,
D0473,berlumuran,
D0473,darah,
D0473,Sekuriti,
D0473,bernama,
D0473,Agus,
D0473,Purnomo,
D0473,mendengar,
D0473,informasi,
D0473,telah,
D0473,terjadi,
D0473,pembacokan,
D0473,di,
D0473,depan,
D0473,salah,
D0473,satu,
D0473,rumah,
D0473,Kemudian,
D0473,dia,
D0473,mendatangi,
D0473,lokasi,
D0473,dan,
D0473,bertemu,
D0473,dengan,
D0473,Saudara,
D0473,F,
D0473,yang,
D0473,merupakan,
D0473,warga,
D0473,setempat,
D0473,jelas,
D0473,Ade,
D0473,Ary,
D0473,Sabtu,
D0473,30112024,
D0473,SCROLL,
D0473,TO,
D0473,CONTINUE,
D0473,WITH,
D0473,CONTENT,
D0473,Saksi,
D0473,F,
D0473,tersebut,
D0473,sedang,
D0473,bersama,
D0473,AP,
D0473,40,
D0473,ibu,
D0473,pelaku,
D0473,AP,
D0473,dalam,
D0473,kondisi,
D0473,berlumuran,
D0473,darah,
D0473,di,
D0473,tangan,
D0473,dan,
D0473,pakaiannya,
D0473,Sekuriti,
D0473,tersebut,
D0473,kemudian,
D0473,memanggil,
D0473,rekanrekannya,
D0473,yang,
D0473,lain,
D0473,melalui,
D0473,handy,
D0473,talkie,
D0473,HT,
D0473,Mereka,
D0473,lantas,
D0473,melaporkan,
D0473,kejadian,
D0473,tersebut,
D0473,ke,
D0473,polisi,
D0473,Personel,
D0473,Polres,
D0473,Cilandak,
D0473,bergegas,
D0473,ke,
D0473,lokasi,
D0473,Anggota,
D0473,Polsek,
D0473,Cilandak,
D0473,telah,
D0473,mendatangi,
D0473,TKP,
D0473,dan,
D0473,mengamankan,
D0473,pelaku,
D0473,lanjutnya,
D0473,Pelaku,
D0473,diketahui,
D0473,sempat,
D0473,berusaha,
D0473,kabur,
D0473,saat,
D0473,hendak,
D0473,diamankan,
D0473,Sekuriti,
D0473,mengamankan,
D0473,pelaku,
D0473,lebih,
D0473,dulu,
D0473,ke,
D0473,pos,
D0473,satpam,
D0473,baru,
D0473,kemudian,
D0473,polisi,
D0473,menggiringnya,
D0473,ke,
D0473,Polsek,
D0473,Cilandak,
D0473,Sementara,
D0473,di,
D0473,rumah,
D0473,polisi,
D0473,mendapati,
D0473,ayah,
D0473,dan,
D0473,nenek,
D0473,tewas,
D0473,sedangkan,
D0473,ibu,
D0473,luka,
D0473,berat,
D0473,Kini,
D0473,polisi,
D0473,masih,
D0473,mendalami,
D0473,motif,
D0473,dan,
D0473,kronologi,
D0473,kejadian,
D0473,Korban,
D0473,perempuan,
D0473,inisial,
D0473,RM,
D0473,69,
D0473,dan,
D0473,lakilaki,
D0473,inisial,
D0473,APW,
D0473,40,
D0473,meninggal,
D0473,dunia,
D0473,Sementara,
D0473,korban,
D0473,inisial,
D0473,AP,
D0473,40,
D0473,mengalami,
D0473,luka,
D0473,Korban,
D0473,ibu,
D0473,dibawa,
D0473,ke,
D0473,RS,
D0473,Fatmawati,
D0473,jelas,
D0473,Ade,
D0473,Ary,
D0474,Peristiwa,
D0474,pembacokan,
D0474,terjadi,
D0474,di,
D0474,Bandung,
D0474,Jawa,
D0474,Barat,
D0474,Korban,
D0474,seorang,
D0474,pedagang,
D0474,es,
D0474,doger,
D0474,Rahmat,
D0474,Murdani,
D0474,42,
D0474,yang,
D0474,dibacok,
D0474,pria,
D0474,karena,
D0474,tak,
D0474,diberi,
D0474,es,
D0474,gratis,
D0474,Peristiwa,
D0474,itu,
D0474,terjadi,
D0474,di,
D0474,Jalan,
D0474,Pertigaan,
D0474,Cibiru,
D0474,Raya,
D0474,Kampung,
D0474,Cibangkonol,
D0474,Desa,
D0474,Cibiru,
D0474,Wetan,
D0474,Kecamatan,
D0474,Cileunyi,
D0474,Kamis,
D0474,28112024,
D0474,Akibatnya,
D0474,korban,
D0474,mengalami,
D0474,luka,
D0474,di,
D0474,bagian,
D0474,pinggang,
D0474,sebelah,
D0474,kiri,
D0474,Adapun,
D0474,motif,
D0474,pelaku,
D0474,berani,
D0474,melakukan,
D0474,perbuatan,
D0474,tersebut,
D0474,karena,
D0474,pelaku,
D0474,marah,
D0474,Setelah,
D0474,korban,
D0474,menolak,
D0474,permintaan,
D0474,pelaku,
D0474,untuk,
D0474,memberinya,
D0474,sebungkus,
D0474,es,
D0474,doger,
D0474,gratis,
D0474,ujar,
D0474,Kapolsek,
D0474,Cileunyi,
D0474,Kompol,
D0474,Rizal,
D0474,Adam,
D0474,dilansir,
D0474,detikJabar,
D0474,Jumat,
D0474,29112024,
D0474,SCROLL,
D0474,TO,
D0474,CONTINUE,
D0474,WITH,
D0474,CONTENT,
D0474,Rizal,
D0474,menyebut,
D0474,pelaku,
D0474,bernama,
D0474,Feri,
D0474,Andriansyah,
D0474,Ia,
D0474,sempat,
D0474,berpurapura,
D0474,membeli,
D0474,es,
D0474,doger,
D0474,kepada,
D0474,korban,
D0474,Namun,
D0474,setelah,
D0474,korban,
D0474,membungkus,
D0474,pesanan,
D0474,pelaku,
D0474,pelaku,
D0474,mengambil,
D0474,golok,
D0474,di,
D0474,rumahnya,
D0474,untuk,
D0474,mengancam,
D0474,korban,
D0474,Ketika,
D0474,korban,
D0474,membungkus,
D0474,es,
D0474,doger,
D0474,pesanan,
D0474,pelaku,
D0474,rupanya,
D0474,pelaku,
D0474,pulang,
D0474,dulu,
D0474,ke,
D0474,rumah,
D0474,mengambil,
D0474,sebilah,
D0474,golok,
D0474,yang,
D0474,dipergunakan,
D0474,untuk,
D0474,menganiaya,
D0474,korban,
D0474,katanya,
D0474,Tak,
D0474,cuma,
D0474,membacok,
D0474,korban,
D0474,gerobak,
D0474,es,
D0474,doger,
D0474,korban,
D0474,juga,
D0474,dirusak,
D0474,oleh,
D0474,pelaku,
D0474,dengan,
D0474,membabibuta,
D0474,Pelaku,
D0474,langsung,
D0474,membacok,
D0474,korban,
D0474,ke,
D0474,arah,
D0474,bagian,
D0474,pinggang,
D0474,sebelah,
D0474,kiri,
D0474,menggunakan,
D0474,senjata,
D0474,tajam,
D0474,jenis,
D0474,golok,
D0474,dan,
D0474,melakukan,
D0474,pengrusakan,
D0474,terhadap,
D0474,gerobak,
D0474,es,
D0474,Doger,
D0474,milik,
D0474,korban,
D0474,jelasnya,
D0474,Rizal,
D0474,mengatakan,
D0474,korban,
D0474,langsung,
D0474,dibawa,
D0474,ke,
D0474,Rumah,
D0474,Sakit,
D0474,Al,
D0474,Islam,
D0474,Kota,
D0474,Bandung,
D0474,Korban,
D0474,dibawa,
D0474,ke,
D0474,RS,
D0474,AlIslam,
D0474,Bandung,
D0474,untuk,
D0474,dilakukan,
D0474,pengobatan,
D0474,dan,
D0474,perawatan,
D0474,Sedangkan,
D0474,gerobak,
D0474,Es,
D0474,Doger,
D0474,korban,
D0474,rusak,
D0474,tidak,
D0474,dapat,
D0474,dipakai,
D0474,ucapnya,
D0474,Usai,
D0474,melakukan,
D0474,aksinya,
D0474,pelaku,
D0474,langsung,
D0474,kabur,
D0474,Kini,
D0474,polisi,
D0474,pun,
D0474,masih,
D0474,memburu,
D0474,pelaku,
D0474,Feri,
D0474,Andriansyah,
D0474,Baca,
D0474,artikel,
D0474,detikjabar,
D0474,Pedagang,
D0474,Es,
D0474,Doger,
D0474,di,
D0474,Bandung,
D0474,Dibacok,
D0474,gegara,
D0474,Tolak,
D0474,Beri,
D0474,Gratisan,
D0474,selengkapnya,
D0474,httpswwwdetikcomjabarhukumdankriminald7662434pedagangesdogerdibandungdibacokgegaratolakberigratisan,
D0474,Download,
D0474,Apps,
D0474,Detikcom,
D0474,Sekarang,
D0474,httpsappsdetikcomdetik,
D0475,Remaja,
D0475,lakilaki,
D0475,dikeroyok,
D0475,sejumlah,
D0475,orang,
D0475,di,
D0475,teras,
D0475,sebuah,
D0475,masjid,
D0475,di,
D0475,Lamongan,
D0475,Pemuda,
D0475,itu,
D0475,mengalami,
D0475,sejumlah,
D0475,luka,
D0475,bacok,
D0475,karena,
D0475,beberapa,
D0475,dari,
D0475,pengeroyok,
D0475,itu,
D0475,membawa,
D0475,celurit,
D0475,Kasi,
D0475,Humas,
D0475,Polres,
D0475,Lamongan,
D0475,Ipda,
D0475,M,
D0475,Hamzaid,
D0475,mengungkapkan,
D0475,peristiwa,
D0475,ini,
D0475,terjadi,
D0475,pada,
D0475,Minggu,
D0475,1011,
D0475,pukul,
D0475,0130,
D0475,WIB,
D0475,di,
D0475,teras,
D0475,masjid,
D0475,Dusun,
D0475,Cuping,
D0475,Desa,
D0475,Madulegi,
D0475,Kecamatan,
D0475,Sukodadi,
D0475,Korbannya,
D0475,bernama,
D0475,M,
D0475,Aditya,
D0475,Yusuf,
D0475,17,
D0475,seorang,
D0475,pelajar,
D0475,asal,
D0475,Dusun,
D0475,Kepoh,
D0475,Desa,
D0475,Sidogembul,
D0475,Kecamatan,
D0475,Sukodadi,
D0475,SCROLL,
D0475,TO,
D0475,CONTINUE,
D0475,WITH,
D0475,CONTENT,
D0475,Akibat,
D0475,kejadian,
D0475,ini,
D0475,korban,
D0475,mengalami,
D0475,luka,
D0475,di,
D0475,tubuhnya,
D0475,kata,
D0475,Kasi,
D0475,Humas,
D0475,Polres,
D0475,Lamongan,
D0475,Ipda,
D0475,M,
D0475,Hamzaid,
D0475,kepada,
D0475,wartawan,
D0475,Senin,
D0475,25112024,
D0475,Setelah,
D0475,melakukan,
D0475,penyelidikan,
D0475,polisi,
D0475,berhasil,
D0475,mengamankan,
D0475,seorang,
D0475,pelaku,
D0475,pada,
D0475,Senin,
D0475,25112024,
D0475,Polisi,
D0475,berhasil,
D0475,menangkapnya,
D0475,meski,
D0475,yang,
D0475,bersangkutan,
D0475,sempat,
D0475,mencoba,
D0475,melarikan,
D0475,diri,
D0475,Salah,
D0475,seorang,
D0475,pelaku,
D0475,pembacokan,
D0475,ini,
D0475,berhasil,
D0475,diamankan,
D0475,oleh,
D0475,petugas,
D0475,kepolisian,
D0475,dari,
D0475,Polsek,
D0475,Karanggeneng,
D0475,Pelaku,
D0475,dengan,
D0475,inisial,
D0475,TNA,
D0475,18,
D0475,warga,
D0475,Kecamatan,
D0475,Karanggeneng,
D0475,diduga,
D0475,menggunakan,
D0475,sebilah,
D0475,celurit,
D0475,untuk,
D0475,membacok,
D0475,korban,
D0475,Kasus,
D0475,ini,
D0475,terungkap,
D0475,setelah,
D0475,Kanit,
D0475,Reskrim,
D0475,Polsek,
D0475,Karanggeneng,
D0475,Aiptu,
D0475,Budianto,
D0475,bersama,
D0475,timnya,
D0475,menerima,
D0475,informasi,
D0475,bahwa,
D0475,pelaku,
D0475,berada,
D0475,di,
D0475,rumahnya,
D0475,ujarnya,
D0475,Menindaklanjuti,
D0475,informasi,
D0475,ini,
D0475,petugas,
D0475,mendatangi,
D0475,lokasi,
D0475,rumah,
D0475,pelaku,
D0475,Pada,
D0475,saat,
D0475,itu,
D0475,rumah,
D0475,terkunci,
D0475,rapat,
D0475,dan,
D0475,kosong,
D0475,Setelah,
D0475,melakukan,
D0475,pengintaian,
D0475,pelaku,
D0475,terlihat,
D0475,berusaha,
D0475,melarikan,
D0475,diri,
D0475,melalui,
D0475,area,
D0475,persawahan,
D0475,hingga,
D0475,pengejaran,
D0475,pun,
D0475,dilakukan,
D0475,dan,
D0475,akhirnya,
D0475,pelaku,
D0475,berhasil,
D0475,diamankan,
D0475,Dalam,
D0475,interogasi,
D0475,awal,
D0475,pelaku,
D0475,mengakui,
D0475,bahwa,
D0475,ia,
D0475,melakukan,
D0475,pembacokan,
D0475,menggunakan,
D0475,celurit,
D0475,tandasnya,
D0475,Selain,
D0475,mengamankan,
D0475,pelaku,
D0475,tandas,
D0475,Hamzaid,
D0475,petugas,
D0475,juga,
D0475,mengamankan,
D0475,barang,
D0475,bukti,
D0475,berupa,
D0475,celurit,
D0475,yang,
D0475,digunakan,
D0475,dalam,
D0475,kejadian,
D0475,tersebut,
D0475,Kini,
D0475,pelaku,
D0475,dan,
D0475,barang,
D0475,bukti,
D0475,telah,
D0475,diamankan,
D0475,Polres,
D0475,Lamongan,
D0475,untuk,
D0475,proses,
D0475,hukum,
D0475,lebih,
D0475,lanjut,
D0475,Pelaku,
D0475,akan,
D0475,diproses,
D0475,secara,
D0475,tegas,
D0475,sesuai,
D0475,hukum,
D0475,yang,
D0475,berlaku,
D0475,tegasnya,
D0475,Hamzaid,
D0475,kembali,
D0475,mengingatkan,
D0475,warga,
D0475,masyarakat,
D0475,untuk,
D0475,menjaga,
D0475,keamanan,
D0475,lingkungan,
D0475,masingmasing,
D0475,dan,
D0475,melaporkan,
D0475,jika,
D0475,mengetahui,
D0475,adanya,
D0475,tindak,
D0475,kriminalitas,
D0475,Kami,
D0475,mengimbau,
D0475,masyarakat,
D0475,untuk,
D0475,menjaga,
D0475,keamanan,
D0475,lingkungan,
D0475,dan,
D0475,melaporkan,
D0475,segera,
D0475,jika,
D0475,mengetahui,
D0475,adanya,
D0475,tindakan,
D0475,kriminal,
D0475,agar,
D0475,situasi,
D0475,di,
D0475,Lamongan,
D0475,selalu,
D0475,aman,
D0475,kondusif,
D0475,pungkasnya,
D0476,Dua,
D0476,maling,
D0476,menyekap,
D0476,dan,
D0476,merampok,
D0476,pasangan,
D0476,suami,
D0476,istri,
D0476,pasutri,
D0476,pemilik,
D0476,toko,
D0476,sembako,
D0476,di,
D0476,Kabupaten,
D0476,Labuhanbatu,
D0476,Sumatera,
D0476,Utara,
D0476,Sumut,
D0476,Para,
D0476,pelaku,
D0476,melancarkan,
D0476,aksinya,
D0476,dengan,
D0476,berpurapura,
D0476,ingin,
D0476,membeli,
D0476,di,
D0476,toko,
D0476,korban,
D0476,Kanit,
D0476,Reskrim,
D0476,Polsek,
D0476,Bilah,
D0476,Hulu,
D0476,Ipda,
D0476,Andi,
D0476,Pasaribu,
D0476,mengatakan,
D0476,peristiwa,
D0476,itu,
D0476,terjadi,
D0476,di,
D0476,Jalan,
D0476,Jenderal,
D0476,Sudirman,
D0476,Desa,
D0476,Perbaungan,
D0476,Kecamatan,
D0476,Bilah,
D0476,Hulu,
D0476,Senin,
D0476,18112024,
D0476,sekira,
D0476,pukul,
D0476,1530,
D0476,WIB,
D0476,Adapun,
D0476,korban,
D0476,adalah,
D0476,Pang,
D0476,Tjong,
D0476,Sok,
D0476,Alias,
D0476,Suadi,
D0476,80,
D0476,Saat,
D0476,itu,
D0476,korban,
D0476,sedang,
D0476,berada,
D0476,di,
D0476,rumah,
D0476,sekaligus,
D0476,tokonya,
D0476,ketika,
D0476,dua,
D0476,pelaku,
D0476,datang,
D0476,menyamar,
D0476,sebagai,
D0476,pembeli,
D0476,kata,
D0476,Andi,
D0476,Minggu,
D0476,2411,
D0476,SCROLL,
D0476,TO,
D0476,CONTINUE,
D0476,WITH,
D0476,CONTENT,
D0476,Andi,
D0476,menyebut,
D0476,para,
D0476,pelaku,
D0476,datang,
D0476,dengan,
D0476,berpurapura,
D0476,menawar,
D0476,beras,
D0476,sebanyak,
D0476,30,
D0476,kg,
D0476,Lalu,
D0476,saat,
D0476,situasi,
D0476,sepi,
D0476,salah,
D0476,satu,
D0476,pelaku,
D0476,langsung,
D0476,memiting,
D0476,korban,
D0476,hingga,
D0476,terjatuh,
D0476,ke,
D0476,lantai,
D0476,Selain,
D0476,itu,
D0476,pelaku,
D0476,juga,
D0476,menyumpal,
D0476,mulut,
D0476,korban,
D0476,menggunakan,
D0476,kain,
D0476,Sementara,
D0476,satu,
D0476,pelaku,
D0476,lagi,
D0476,naik,
D0476,ke,
D0476,lantai,
D0476,dua,
D0476,dan,
D0476,menyekap,
D0476,istri,
D0476,korban,
D0476,Kemudian,
D0476,pelaku,
D0476,mengambil,
D0476,uang,
D0476,sebanyak,
D0476,Rp,
D0476,6,
D0476,juta,
D0476,dari,
D0476,istri,
D0476,korban,
D0476,Mereka,
D0476,berhasil,
D0476,mengambil,
D0476,uang,
D0476,tunai,
D0476,sebesar,
D0476,Rp,
D0476,6,
D0476,juta,
D0476,dari,
D0476,saku,
D0476,istri,
D0476,korban,
D0476,sebelum,
D0476,melarikan,
D0476,diri,
D0476,dengan,
D0476,membawa,
D0476,kardus,
D0476,berisi,
D0476,air,
D0476,mineral,
D0476,seolaholah,
D0476,sebagai,
D0476,pembeli,
D0476,jelasnya,
D0476,Atas,
D0476,kejadian,
D0476,itu,
D0476,korban,
D0476,membuat,
D0476,laporan,
D0476,ke,
D0476,Polsek,
D0476,Bilah,
D0476,Hulu,
D0476,Pihak,
D0476,kepolisian,
D0476,pun,
D0476,menyelidiki,
D0476,laporan,
D0476,itu,
D0476,hingga,
D0476,menangkap,
D0476,salah,
D0476,satu,
D0476,pelaku,
D0476,inisial,
D0476,AL,
D0476,alias,
D0476,Toni,
D0476,33,
D0476,di,
D0476,Kecamatan,
D0476,Kotapinang,
D0476,Kabupaten,
D0476,Labuhanbatu,
D0476,Selatan,
D0476,Labusel,
D0476,Kamis,
D0476,2111,
D0476,Sesampainya,
D0476,di,
D0476,lokasi,
D0476,tim,
D0476,melakukan,
D0476,penggerebekan,
D0476,dan,
D0476,berhasil,
D0476,mengamankan,
D0476,pelaku,
D0476,AL,
D0476,Dalam,
D0476,interogasi,
D0476,singkat,
D0476,pelaku,
D0476,mengakui,
D0476,perbuatannya,
D0476,bersama,
D0476,seorang,
D0476,rekannya,
D0476,berinisial,
D0476,S,
D0476,yang,
D0476,saat,
D0476,ini,
D0476,masih,
D0476,dalam,
D0476,pencarian,
D0476,pungkasnya,
D0477,Seorang,
D0477,wanita,
D0477,bernama,
D0477,Suci,
D0477,27,
D0477,disekap,
D0477,dua,
D0477,maling,
D0477,di,
D0477,rumahnya,
D0477,di,
D0477,Kabupaten,
D0477,Serdang,
D0477,Bedagai,
D0477,Sergai,
D0477,Sumatera,
D0477,Utara,
D0477,Sumut,
D0477,Para,
D0477,pelaku,
D0477,juga,
D0477,mencekik,
D0477,korban,
D0477,dan,
D0477,mengikat,
D0477,tangannya,
D0477,Kasi,
D0477,Humas,
D0477,Polres,
D0477,Tebing,
D0477,Tinggi,
D0477,Iptu,
D0477,Mulyono,
D0477,mengatakan,
D0477,peristiwa,
D0477,itu,
D0477,terjadi,
D0477,di,
D0477,Dusun,
D0477,VIII,
D0477,Desa,
D0477,Paya,
D0477,Pinang,
D0477,Kecamatan,
D0477,Tebing,
D0477,Syahbandar,
D0477,Kamis,
D0477,21112024,
D0477,sekira,
D0477,pukul,
D0477,1000,
D0477,WIB,
D0477,Saat,
D0477,kejadian,
D0477,korban,
D0477,tengah,
D0477,tidur,
D0477,sendirian,
D0477,di,
D0477,ruang,
D0477,keluarga,
D0477,Seketika,
D0477,dua,
D0477,orang,
D0477,pelaku,
D0477,masuk,
D0477,ke,
D0477,dalam,
D0477,rumah,
D0477,lalu,
D0477,menyekap,
D0477,menutup,
D0477,mulut,
D0477,korban,
D0477,dan,
D0477,mencekik,
D0477,korban,
D0477,sembari,
D0477,mengambil,
D0477,paksa,
D0477,cincin,
D0477,emas,
D0477,dari,
D0477,jari,
D0477,tangan,
D0477,korban,
D0477,kata,
D0477,Mulyono,
D0477,Minggu,
D0477,2411,
D0477,SCROLL,
D0477,TO,
D0477,CONTINUE,
D0477,WITH,
D0477,CONTENT,
D0477,Setelah,
D0477,merampas,
D0477,emas,
D0477,korban,
D0477,kedua,
D0477,pelaku,
D0477,menutup,
D0477,mata,
D0477,mulut,
D0477,dan,
D0477,mengikat,
D0477,tangan,
D0477,korban,
D0477,menggunakan,
D0477,lakban,
D0477,Lalu,
D0477,kedua,
D0477,pelaku,
D0477,pergi,
D0477,melarikan,
D0477,diri,
D0477,Selang,
D0477,beberapa,
D0477,waktu,
D0477,korban,
D0477,akhirnya,
D0477,bisa,
D0477,melepaskan,
D0477,ikatan,
D0477,di,
D0477,tangannya,
D0477,Kemudian,
D0477,korban,
D0477,menghubungi,
D0477,suaminya,
D0477,yang,
D0477,saat,
D0477,itu,
D0477,tengah,
D0477,bekerja,
D0477,Dengan,
D0477,didampingi,
D0477,suaminya,
D0477,korban,
D0477,mendatangi,
D0477,Polsek,
D0477,Tebing,
D0477,Tinggi,
D0477,untuk,
D0477,melaporkan,
D0477,kejadian,
D0477,yang,
D0477,menimpa,
D0477,dirinya,
D0477,sebutnya,
D0477,Pihak,
D0477,kepolisian,
D0477,pun,
D0477,menyelidiki,
D0477,laporan,
D0477,itu,
D0477,dan,
D0477,menangkap,
D0477,satu,
D0477,dari,
D0477,dua,
D0477,pelaku,
D0477,bersama,
D0477,Dani,
D0477,40,
D0477,Pelaku,
D0477,ditangkap,
D0477,di,
D0477,rumahnya,
D0477,di,
D0477,Dusun,
D0477,X,
D0477,Desa,
D0477,Paya,
D0477,Pinang,
D0477,Sabtu,
D0477,2311,
D0477,Saat,
D0477,akan,
D0477,diamankan,
D0477,pelaku,
D0477,sempat,
D0477,berupaya,
D0477,melarikan,
D0477,diri,
D0477,Beruntung,
D0477,petugas,
D0477,kepolisian,
D0477,dengan,
D0477,cepat,
D0477,menangkap,
D0477,pelaku,
D0477,Menurut,
D0477,pengakuan,
D0477,pelaku,
D0477,dirinya,
D0477,beraksi,
D0477,bersama,
D0477,seorang,
D0477,rekannya,
D0477,yang,
D0477,saat,
D0477,ini,
D0477,masih,
D0477,dalam,
D0477,pencarian,
D0477,pihak,
D0477,kepolisian,
D0477,jelasnya,
D0477,Berdasarkan,
D0477,pengakuan,
D0477,pelaku,
D0477,mereka,
D0477,masuk,
D0477,ke,
D0477,rumah,
D0477,tersebut,
D0477,dengan,
D0477,merusak,
D0477,paksa,
D0477,pintu,
D0477,belakang,
D0477,Motif,
D0477,para,
D0477,pelaku,
D0477,mencuri,
D0477,karena,
D0477,kebutuhan,
D0477,ekonomi,
D0477,Pelaku,
D0477,masuk,
D0477,ke,
D0477,dalam,
D0477,ruang,
D0477,keluarga,
D0477,melalui,
D0477,kamar,
D0477,mandi,
D0477,rumah,
D0477,yang,
D0477,berada,
D0477,di,
D0477,belakang,
D0477,dengan,
D0477,membuka,
D0477,paksa,
D0477,pintu,
D0477,rumah,
D0477,menggunakan,
D0477,tembilang,
D0477,Motif,
D0477,pelaku,
D0477,melakukan,
D0477,pencurian,
D0477,karena,
D0477,faktor,
D0477,ekonomi,
D0477,sebab,
D0477,pelaku,
D0477,sudah,
D0477,lama,
D0477,tidak,
D0477,bekerja,
D0477,pungkasnya,
D0478,Remaja,
D0478,bernama,
D0478,Ade,
D0478,Oktari,
D0478,Syahfitri,
D0478,18,
D0478,diculik,
D0478,sejumlah,
D0478,orang,
D0478,bersenjata,
D0478,api,
D0478,saat,
D0478,tengah,
D0478,berada,
D0478,di,
D0478,rumahnya,
D0478,di,
D0478,Kabupaten,
D0478,Labuhanbatu,
D0478,Utara,
D0478,Labura,
D0478,Sumatera,
D0478,Utara,
D0478,Sumut,
D0478,Penculikan,
D0478,itu,
D0478,diduga,
D0478,karena,
D0478,utang,
D0478,bisnis,
D0478,narkoba,
D0478,abang,
D0478,korban,
D0478,sebanyak,
D0478,Rp,
D0478,400,
D0478,juta,
D0478,Setelah,
D0478,diculik,
D0478,korban,
D0478,ditemukan,
D0478,pihak,
D0478,kepolisian,
D0478,di,
D0478,daerah,
D0478,Sumatera,
D0478,Barat,
D0478,Sumbar,
D0478,Berikut,
D0478,kronologi,
D0478,lengkap,
D0478,penculikan,
D0478,itu,
D0478,Kasat,
D0478,Reskrim,
D0478,Polres,
D0478,Labuhanbatu,
D0478,AKP,
D0478,Teuku,
D0478,Rivanda,
D0478,Ikhsan,
D0478,mengatakan,
D0478,peristiwa,
D0478,itu,
D0478,terjadi,
D0478,di,
D0478,rumah,
D0478,korban,
D0478,di,
D0478,Jalan,
D0478,Pandawa,
D0478,Lingkungan,
D0478,IV,
D0478,Wonosari,
D0478,Kecamatan,
D0478,Kualuh,
D0478,Hulu,
D0478,Minggu,
D0478,17112024,
D0478,Saat,
D0478,kejadian,
D0478,korban,
D0478,tengah,
D0478,sendiri,
D0478,di,
D0478,rumah,
D0478,tersebut,
D0478,SCROLL,
D0478,TO,
D0478,CONTINUE,
D0478,WITH,
D0478,CONTENT,
D0478,Lalu,
D0478,tibatiba,
D0478,ada,
D0478,sejumlah,
D0478,orang,
D0478,datang,
D0478,dan,
D0478,langsung,
D0478,masuk,
D0478,ke,
D0478,rumah,
D0478,tersebut,
D0478,untuk,
D0478,menculik,
D0478,korban,
D0478,Setelah,
D0478,itu,
D0478,korban,
D0478,dimasukkan,
D0478,ke,
D0478,dalam,
D0478,mobil,
D0478,yang,
D0478,dikemudikan,
D0478,para,
D0478,pelaku,
D0478,Jadi,
D0478,anak,
D0478,ini,
D0478,tibatiba,
D0478,didatangi,
D0478,sama,
D0478,satu,
D0478,mobil,
D0478,dan,
D0478,satu,
D0478,sepeda,
D0478,motor,
D0478,orangnya,
D0478,langsung,
D0478,masuk,
D0478,ke,
D0478,dalam,
D0478,rumah,
D0478,karena,
D0478,pada,
D0478,saat,
D0478,itu,
D0478,cuman,
D0478,anak,
D0478,itu,
D0478,sendiri,
D0478,di,
D0478,rumah,
D0478,Jadi,
D0478,langsung,
D0478,ditarik,
D0478,dipaksa,
D0478,masuk,
D0478,ke,
D0478,dalam,
D0478,mobil,
D0478,kata,
D0478,Rivanda,
D0478,Kamis,
D0478,2111,
D0478,Penculikan,
D0478,itu,
D0478,sempat,
D0478,dilihat,
D0478,oleh,
D0478,warga,
D0478,sekitar,
D0478,Namun,
D0478,warga,
D0478,tidak,
D0478,sempat,
D0478,untuk,
D0478,menyelamatkan,
D0478,korban,
D0478,Kemudian,
D0478,warga,
D0478,langsung,
D0478,menghubungi,
D0478,keluarga,
D0478,korban,
D0478,Setelah,
D0478,itu,
D0478,keluarga,
D0478,korban,
D0478,mencari,
D0478,keberadaan,
D0478,korban,
D0478,tetapi,
D0478,tidak,
D0478,kunjung,
D0478,ditemukan,
D0478,Pada,
D0478,akhirnya,
D0478,peristiwa,
D0478,itu,
D0478,dilaporkan,
D0478,ke,
D0478,Polsek,
D0478,Kualuh,
D0478,Hulu,
D0478,Pihak,
D0478,kepolisian,
D0478,yang,
D0478,menerima,
D0478,laporan,
D0478,itu,
D0478,lalu,
D0478,mencari,
D0478,keberadaan,
D0478,korban,
D0478,dan,
D0478,menemukannya,
D0478,di,
D0478,Provinsi,
D0478,Sumatera,
D0478,Barat,
D0478,Sumbar,
D0478,Rabu,
D0478,2011,
D0478,Mantan,
D0478,Kasat,
D0478,Reskrim,
D0478,Polres,
D0478,Tanjungbalai,
D0478,itu,
D0478,menyebut,
D0478,pelaku,
D0478,yang,
D0478,menculik,
D0478,korban,
D0478,itu,
D0478,terdiri,
D0478,dari,
D0478,lakilaki,
D0478,dan,
D0478,perempuan,
D0478,Sebelum,
D0478,ditemukan,
D0478,korban,
D0478,sempat,
D0478,dibawa,
D0478,para,
D0478,pelaku,
D0478,ke,
D0478,Provinsi,
D0478,Riau,
D0478,Saat,
D0478,penculikan,
D0478,itu,
D0478,para,
D0478,pelaku,
D0478,juga,
D0478,menodongkan,
D0478,senjata,
D0478,api,
D0478,ke,
D0478,korban,
D0478,Selain,
D0478,itu,
D0478,para,
D0478,pelaku,
D0478,meminta,
D0478,uang,
D0478,tebusan,
D0478,sebanyak,
D0478,Rp,
D0478,400,
D0478,juta,
D0478,Ya,
D0478,ditodong,
D0478,sementara,
D0478,kita,
D0478,duga,
D0478,senpi,
D0478,sempat,
D0478,dibawa,
D0478,ke,
D0478,Riau,
D0478,dulu,
D0478,Kemudian,
D0478,kita,
D0478,lakukan,
D0478,pengejaran,
D0478,sampai,
D0478,kita,
D0478,kita,
D0478,temukan,
D0478,korban,
D0478,di,
D0478,Sumbar,
D0478,Dimintai,
D0478,tebusan,
D0478,Rp,
D0478,400,
D0478,juta,
D0478,jelasnya,
D0478,Rivanda,
D0478,mengatakan,
D0478,motif,
D0478,penculikan,
D0478,itu,
D0478,berkaitan,
D0478,dengan,
D0478,bisnis,
D0478,narkoba,
D0478,yang,
D0478,dijalankan,
D0478,oleh,
D0478,abang,
D0478,korban,
D0478,Uang,
D0478,tebusan,
D0478,sebesar,
D0478,Rp,
D0478,400,
D0478,juta,
D0478,yang,
D0478,awalnya,
D0478,diminta,
D0478,oleh,
D0478,para,
D0478,pelaku,
D0478,itu,
D0478,diduga,
D0478,merupakan,
D0478,uang,
D0478,transaksi,
D0478,narkoba,
D0478,yang,
D0478,belum,
D0478,dibayarkan,
D0478,abang,
D0478,korban,
D0478,kepada,
D0478,para,
D0478,pelaku,
D0478,Saat,
D0478,ini,
D0478,ada,
D0478,tiga,
D0478,pelaku,
D0478,utama,
D0478,dalam,
D0478,kasus,
D0478,tersebut,
D0478,yang,
D0478,masih,
D0478,dalam,
D0478,pengejaran,
D0478,pihak,
D0478,kepolisian,
D0478,Iya,
D0478,diduga,
D0478,abangnya,
D0478,Itu,
D0478,keterangan,
D0478,pelaku,
D0478,katanya,
D0478,abangnya,
D0478,korban,
D0478,punya,
D0478,utang,
D0478,dengan,
D0478,para,
D0478,pelaku,
D0478,ya,
D0478,terkait,
D0478,bisnis,
D0478,itulah,
D0478,kirakira,
D0478,Iya,
D0478,sindikat,
D0478,narkoba,
D0478,ujarnya,
D0478,Kasi,
D0478,Humas,
D0478,Polres,
D0478,Labuhanbatu,
D0478,AKP,
D0478,Syafrudin,
D0478,memerinci,
D0478,ada,
D0478,tiga,
D0478,pelaku,
D0478,yang,
D0478,ditangkap,
D0478,terkait,
D0478,kasus,
D0478,itu,
D0478,Ketiganya,
D0478,yakni,
D0478,Raja,
D0478,Inal,
D0478,Siregar,
D0478,28,
D0478,Purba,
D0478,Tua,
D0478,Siregar,
D0478,34,
D0478,dan,
D0478,Selvi,
D0478,Hasibuan,
D0478,25,
D0478,Ketiga,
D0478,pelaku,
D0478,ini,
D0478,masih,
D0478,satu,
D0478,keluarga,
D0478,Purba,
D0478,merupakan,
D0478,abang,
D0478,kandung,
D0478,Raja,
D0478,sedangkan,
D0478,Selvi,
D0478,adalah,
D0478,istri,
D0478,Raja,
D0478,Ketiganya,
D0478,merupakan,
D0478,warga,
D0478,Provinsi,
D0478,Riau,
D0478,PTS,
D0478,merupakan,
D0478,abang,
D0478,kandung,
D0478,dari,
D0478,RIS,
D0478,dan,
D0478,STH,
D0478,adalah,
D0478,istri,
D0478,dari,
D0478,pada,
D0478,RIS,
D0478,jelasnya,
D0478,Kabid,
D0478,Humas,
D0478,Polda,
D0478,Sumut,
D0478,Kombes,
D0478,Hadi,
D0478,Wahyudi,
D0478,mengatakan,
D0478,pelaku,
D0478,Raja,
D0478,dan,
D0478,Purba,
D0478,ditembak,
D0478,saat,
D0478,hendak,
D0478,menangkap,
D0478,kedua,
D0478,pelaku,
D0478,dari,
D0478,salah,
D0478,satu,
D0478,penginapan,
D0478,di,
D0478,Kabupaten,
D0478,Pasaman,
D0478,Sumatera,
D0478,Barat,
D0478,Sumbar,
D0478,Pasalnya,
D0478,keduanya,
D0478,berupaya,
D0478,menembak,
D0478,petugas,
D0478,kepolisian,
D0478,Selain,
D0478,menangkap,
D0478,para,
D0478,pelaku,
D0478,petugas,
D0478,kepolisian,
D0478,juga,
D0478,mengamankan,
D0478,senjata,
D0478,jenis,
D0478,revolver,
D0478,dan,
D0478,air,
D0478,gun,
D0478,Penangkapan,
D0478,berlangsung,
D0478,di,
D0478,sebuah,
D0478,penginapan,
D0478,di,
D0478,mana,
D0478,dua,
D0478,tersangka,
D0478,mencoba,
D0478,melawan,
D0478,dengan,
D0478,menembak,
D0478,ke,
D0478,arah,
D0478,polisi,
D0478,Demi,
D0478,keselamatan,
D0478,petugas,
D0478,dan,
D0478,korban,
D0478,terpaksa,
D0478,polisi,
D0478,mengambil,
D0478,tindakan,
D0478,tegas,
D0478,dengan,
D0478,melumpuhkan,
D0478,dua,
D0478,pelaku,
D0478,sedangkan,
D0478,seorang,
D0478,pelaku,
D0478,lainnya,
D0478,menyerahkan,
D0478,diri,
D0478,kata,
D0478,Hadi,
D0478,Jumat,
D0478,2211,
D0479,Kabag,
D0479,Ops,
D0479,AKP,
D0479,Dadang,
D0479,Iskandar,
D0479,ternyata,
D0479,berniat,
D0479,menembak,
D0479,Kapolres,
D0479,Solok,
D0479,Selatan,
D0479,AKBP,
D0479,Arief,
D0479,Mukti,
D0479,Tujuh,
D0479,peluru,
D0479,dilepaskan,
D0479,tersangka,
D0479,ke,
D0479,rumah,
D0479,dinas,
D0479,kapolres,
D0479,Dilansir,
D0479,dari,
D0479,detikSumut,
D0479,Minggu,
D0479,24112024,
D0479,aksi,
D0479,brutal,
D0479,itu,
D0479,dilakukan,
D0479,AKP,
D0479,Dadang,
D0479,setelah,
D0479,menembak,
D0479,Kasat,
D0479,Reskrim,
D0479,Polres,
D0479,Solok,
D0479,Selatan,
D0479,AKP,
D0479,Ryanto,
D0479,Ulil,
D0479,Anshar,
D0479,hingga,
D0479,tewas,
D0479,Berdasarkan,
D0479,olah,
D0479,TKP,
D0479,lokasi,
D0479,penembakan,
D0479,memang,
D0479,betul,
D0479,ada,
D0479,penembakan,
D0479,ke,
D0479,rumah,
D0479,Kapolres,
D0479,Kami,
D0479,temukan,
D0479,proyektil,
D0479,dan,
D0479,selongsong,
D0479,di,
D0479,sana,
D0479,Enam,
D0479,selongsong,
D0479,kami,
D0479,temukan,
D0479,di,
D0479,sekitar,
D0479,rumah,
D0479,dinas,
D0479,Kapolres,
D0479,jelas,
D0479,Dirreskrimum,
D0479,Polda,
D0479,Sumbar,
D0479,Kombes,
D0479,Andry,
D0479,Kurniawan,
D0479,SCROLL,
D0479,TO,
D0479,CONTINUE,
D0479,WITH,
D0479,CONTENT,
D0479,Ia,
D0479,menjelaskan,
D0479,Kapolres,
D0479,sedang,
D0479,berada,
D0479,di,
D0479,dalam,
D0479,rumah,
D0479,saat,
D0479,tembakan,
D0479,demi,
D0479,tembakan,
D0479,itu,
D0479,terjadi,
D0479,Pak,
D0479,Kapolres,
D0479,ada,
D0479,di,
D0479,dalam,
D0479,rumah,
D0479,Apakah,
D0479,tujuannya,
D0479,memang,
D0479,menghabisi,
D0479,Kapolres,
D0479,Itu,
D0479,yang,
D0479,sedang,
D0479,kami,
D0479,lakukan,
D0479,pendalaman,
D0479,terhadap,
D0479,tersangka,
D0479,Namun,
D0479,dari,
D0479,hasil,
D0479,olah,
D0479,TKP,
D0479,penembakan,
D0479,memang,
D0479,satu,
D0479,arah,
D0479,jelasnya,
D0479,Kombes,
D0479,Andry,
D0479,merinci,
D0479,pihaknya,
D0479,menemukan,
D0479,enam,
D0479,selongsong,
D0479,peluru,
D0479,di,
D0479,sekitar,
D0479,rumah,
D0479,Kapolres,
D0479,namun,
D0479,lubang,
D0479,ada,
D0479,tujuh,
D0479,Hanya,
D0479,enam,
D0479,di,
D0479,sekitar,
D0479,rumah,
D0479,Kapolres,
D0479,Tapi,
D0479,lubangnya,
D0479,ada,
D0479,tujuh,
D0479,Kalau,
D0479,kami,
D0479,melihat,
D0479,jumlah,
D0479,lubang,
D0479,ada,
D0479,sembilan,
D0479,semuanya,
D0479,Dua,
D0479,di,
D0479,tubuh,
D0479,korban,
D0479,tujuh,
D0479,di,
D0479,rumah,
D0479,dinas,
D0479,Selongsong,
D0479,yang,
D0479,kami,
D0479,temukan,
D0479,ada,
D0479,enam,
D0479,di,
D0479,rumah,
D0479,Sedangkan,
D0479,proyektil,
D0479,ada,
D0479,dua,
D0479,di,
D0479,tubuh,
D0479,korban,
D0479,di,
D0479,rumah,
D0479,Pak,
D0479,Kapolres,
D0479,ada,
D0479,lima,
D0479,Satu,
D0479,sudah,
D0479,berupa,
D0479,serpihan,
D0479,yang,
D0479,empat,
D0479,masih,
D0479,utuh,
D0479,katanya,
D0479,Ia,
D0479,menjelaskan,
D0479,tersangka,
D0479,berniat,
D0479,menghabisi,
D0479,Kapolres,
D0479,setelah,
D0479,mengeksekusi,
D0479,Kasat,
D0479,Reskrim,
D0479,Dadang,
D0479,datang,
D0479,ke,
D0479,rumah,
D0479,dinas,
D0479,Kapolres,
D0479,Solok,
D0479,Selatan,
D0479,yang,
D0479,jaraknya,
D0479,sekitar,
D0479,20,
D0479,meter,
D0479,Kami,
D0479,masih,
D0479,mendalami,
D0479,Kami,
D0479,temukan,
D0479,proyektil,
D0479,memang,
D0479,di,
D0479,dalam,
D0479,rumah,
D0479,Jadi,
D0479,setelah,
D0479,mengeksekusi,
D0479,Kasat,
D0479,Reksrim,
D0479,tersangka,
D0479,mendatangi,
D0479,rumah,
D0479,Kapolres,
D0479,yang,
D0479,jaraknya,
D0479,sekitar,
D0479,20,
D0479,meter,
D0479,dari,
D0479,lokasi,
D0479,penembakan,
D0479,pertama,
D0479,jelasnya,
D0479,lagi,
D0479,Artikel,
D0479,ini,
D0479,telah,
D0479,tayang,
D0479,di,
D0479,detikSumut,
D0479,Baca,
D0479,selengkapnya,
D0479,di,
D0479,sini,
D0480,Sepanjang,
D0480,minggu,
D0480,ini,
D0480,berbagai,
D0480,peristiwa,
D0480,menarik,
D0480,telah,
D0480,mengisi,
D0480,ruang,
D0480,pemberitaan,
D0480,di,
D0480,Bali,
D0480,mulai,
D0480,dari,
D0480,perkembangan,
D0480,politik,
D0480,ekonomi,
D0480,kriminal,
D0480,hingga,
D0480,kejadiankejadian,
D0480,yang,
D0480,mengguncang,
D0480,masyarakat,
D0480,Ada,
D0480,kabar,
D0480,terkait,
D0480,vonis,
D0480,ringan,
D0480,terhadap,
D0480,Sukojin,
D0480,pemilik,
D0480,gudang,
D0480,LPG,
D0480,ilegal,
D0480,di,
D0480,Denpasar,
D0480,yang,
D0480,menewaskan,
D0480,18,
D0480,orang,
D0480,Ada,
D0480,juga,
D0480,penemuan,
D0480,laboratorium,
D0480,rahasia,
D0480,yang,
D0480,digunakan,
D0480,untuk,
D0480,memproduksi,
D0480,narkoba,
D0480,Kemudian,
D0480,Bali,
D0480,dinilai,
D0480,sudah,
D0480,tak,
D0480,aman,
D0480,dikunjungi,
D0480,wisatawan,
D0480,pada,
D0480,tahun,
D0480,depan,
D0480,berdasarkan,
D0480,survei,
D0480,Fodors,
D0480,Kabar,
D0480,tersebut,
D0480,kami,
D0480,rangkum,
D0480,dengan,
D0480,berita,
D0480,lain,
D0480,dari,
D0480,Bali,
D0480,yang,
D0480,populer,
D0480,dalam,
D0480,sepekan,
D0480,terakhir,
D0480,melalui,
D0480,rubrik,
D0480,Bali,
D0480,Sepekan,
D0480,Berikut,
D0480,rangkumannya,
D0480,SCROLL,
D0480,TO,
D0480,CONTINUE,
D0480,WITH,
D0480,CONTENT,
D0480,Pemilik,
D0480,gudang,
D0480,LPG,
D0480,di,
D0480,Denpasar,
D0480,Bali,
D0480,Sukojin,
D0480,hanya,
D0480,divonis,
D0480,14,
D0480,bulan,
D0480,atau,
D0480,setahun,
D0480,dua,
D0480,bulan,
D0480,penjara,
D0480,Padahal,
D0480,pria,
D0480,berusia,
D0480,51,
D0480,tahun,
D0480,itu,
D0480,dituding,
D0480,lalai,
D0480,sehingga,
D0480,mengakibatkan,
D0480,gudang,
D0480,gas,
D0480,itu,
D0480,meledak,
D0480,pada,
D0480,Minggu,
D0480,962024,
D0480,dan,
D0480,mengakibatkan,
D0480,18,
D0480,orang,
D0480,tewas,
D0480,Mengadili,
D0480,menyatakan,
D0480,terdakwa,
D0480,terbukti,
D0480,secara,
D0480,sah,
D0480,dan,
D0480,bersalah,
D0480,melakukan,
D0480,tindak,
D0480,pidana,
D0480,usaha,
D0480,hilir,
D0480,tanpa,
D0480,izin,
D0480,Perbuatan,
D0480,terdakwa,
D0480,menimbulkan,
D0480,jatuh,
D0480,korban,
D0480,kata,
D0480,Hakim,
D0480,Ketua,
D0480,Heriyanti,
D0480,saat,
D0480,persidangan,
D0480,di,
D0480,Pengadilan,
D0480,Negeri,
D0480,Denpasar,
D0480,Kamis,
D0480,21112024,
D0480,Menjatuhkan,
D0480,pidana,
D0480,dengan,
D0480,pidana,
D0480,penjara,
D0480,satu,
D0480,tahun,
D0480,dua,
D0480,bulan,
D0480,imbuhnya,
D0480,Heriyanti,
D0480,menjerat,
D0480,Sukojin,
D0480,dengan,
D0480,dakwaan,
D0480,kesatu,
D0480,alternatif,
D0480,yakni,
D0480,Pasal,
D0480,53,
D0480,UndangUndang,
D0480,Nomor,
D0480,22,
D0480,Tahun,
D0480,2001,
D0480,tentang,
D0480,Minyak,
D0480,dan,
D0480,Gas,
D0480,Bumi,
D0480,UU,
D0480,Migas,
D0480,yang,
D0480,diubah,
D0480,ke,
D0480,Pasal,
D0480,40,
D0480,UndangUndang,
D0480,Nomor,
D0480,6,
D0480,Tahun,
D0480,2023,
D0480,tentang,
D0480,Peraturan,
D0480,Pemerintah,
D0480,Pengganti,
D0480,UndangUndang,
D0480,Perppu,
D0480,Nomor,
D0480,2,
D0480,Tahun,
D0480,2022,
D0480,tentang,
D0480,Cipta,
D0480,Kerja,
D0480,Vonis,
D0480,majelis,
D0480,hakim,
D0480,lebih,
D0480,ringan,
D0480,dari,
D0480,tuntutan,
D0480,jaksa,
D0480,yang,
D0480,menuntut,
D0480,hukuman,
D0480,18,
D0480,bulan,
D0480,penjara,
D0480,terhadap,
D0480,Sukojin,
D0480,Adapun,
D0480,pertimbangan,
D0480,dari,
D0480,pasal,
D0480,itu,
D0480,Sukojin,
D0480,dianggap,
D0480,sah,
D0480,dan,
D0480,terbukti,
D0480,membuka,
D0480,usaha,
D0480,tanpa,
D0480,izin,
D0480,komersial,
D0480,Sukojin,
D0480,merupakan,
D0480,pemilik,
D0480,usaha,
D0480,CV,
D0480,Bintang,
D0480,Bagus,
D0480,Perkasa,
D0480,yang,
D0480,mengoperasikan,
D0480,gudang,
D0480,LPG,
D0480,di,
D0480,Jalan,
D0480,Cargo,
D0480,Taman,
D0480,I,
D0480,Denpasar,
D0480,Sukojin,
D0480,juga,
D0480,mengoperasikan,
D0480,usaha,
D0480,LPGnya,
D0480,tanpa,
D0480,izin,
D0480,alias,
D0480,ilegal,
D0480,Gudang,
D0480,LPG,
D0480,dan,
D0480,paralon,
D0480,itu,
D0480,meledak,
D0480,dan,
D0480,terbakar,
D0480,hebat,
D0480,pada,
D0480,Minggu,
D0480,962024,
D0480,pukul,
D0480,0610,
D0480,Wita,
D0480,Akibatnya,
D0480,18,
D0480,orang,
D0480,pekerja,
D0480,tewas,
D0480,Mereka,
D0480,tewas,
D0480,setelah,
D0480,beberapa,
D0480,hari,
D0480,menjalani,
D0480,perawatan,
D0480,di,
D0480,rumah,
D0480,sakit,
D0480,akibat,
D0480,menderita,
D0480,luka,
D0480,bakar,
D0480,30,
D0480,persen,
D0480,hingga,
D0480,70,
D0480,persen,
D0480,Polisi,
D0480,menggerebek,
D0480,sebuah,
D0480,vila,
D0480,di,
D0480,Jalan,
D0480,Cempaka,
D0480,Gading,
D0480,Ungasan,
D0480,Uluwatu,
D0480,Bali,
D0480,Vila,
D0480,itu,
D0480,digerebek,
D0480,polisi,
D0480,karena,
D0480,dijadikan,
D0480,laboatorium,
D0480,pembuatan,
D0480,alias,
D0480,produksi,
D0480,narkotika,
D0480,jenis,
D0480,hasis,
D0480,hashish,
D0480,dan,
D0480,pil,
D0480,ekstasi,
D0480,Pabrik,
D0480,narkoba,
D0480,itu,
D0480,sengaja,
D0480,beroperasi,
D0480,di,
D0480,tengah,
D0480,permukiman,
D0480,penduduk,
D0480,untuk,
D0480,menyamarkan,
D0480,kejahatan,
D0480,tersebut,
D0480,Kabareskrim,
D0480,Polri,
D0480,Komjen,
D0480,Wahyu,
D0480,Widada,
D0480,mengatakan,
D0480,baru,
D0480,kali,
D0480,pertama,
D0480,ada,
D0480,laboratorium,
D0480,narkoba,
D0480,yang,
D0480,memproduksi,
D0480,hasis,
D0480,di,
D0480,Indonesia,
D0480,Laboratorium,
D0480,serupa,
D0480,yang,
D0480,sudah,
D0480,digerebek,
D0480,di,
D0480,sejumlah,
D0480,daerah,
D0480,di,
D0480,Indonesia,
D0480,ratarata,
D0480,hanya,
D0480,memproduksi,
D0480,ganja,
D0480,sintetis,
D0480,Kami,
D0480,melakukan,
D0480,joint,
D0480,operation,
D0480,pengungkapan,
D0480,clandestine,
D0480,laboratory,
D0480,hasis,
D0480,pertama,
D0480,di,
D0480,Indonesia,
D0480,di,
D0480,daerah,
D0480,Uluwatu,
D0480,Bali,
D0480,kata,
D0480,Wahyu,
D0480,di,
D0480,lokasi,
D0480,Sabtu,
D0480,19112024,
D0480,Polisi,
D0480,menyita,
D0480,sejumlah,
D0480,peralatan,
D0480,laboratorium,
D0480,dan,
D0480,mesin,
D0480,produksi,
D0480,yang,
D0480,digunakan,
D0480,untuk,
D0480,mengolah,
D0480,hasis,
D0480,ganja,
D0480,dan,
D0480,pil,
D0480,happy,
D0480,five,
D0480,Ada,
D0480,juga,
D0480,bahan,
D0480,kimia,
D0480,dan,
D0480,lainnya,
D0480,yang,
D0480,digunakan,
D0480,untuk,
D0480,meracik,
D0480,hasis,
D0480,dan,
D0480,pil,
D0480,happy,
D0480,five,
D0480,hingga,
D0480,siap,
D0480,diedarkan,
D0480,Dari,
D0480,informasi,
D0480,pengiriman,
D0480,mesin,
D0480,cetak,
D0480,pods,
D0480,system,
D0480,dan,
D0480,precursor,
D0480,atau,
D0480,bahan,
D0480,kimia,
D0480,dapat,
D0480,diprediksi,
D0480,bahwa,
D0480,mesin,
D0480,tersebut,
D0480,digunakan,
D0480,untuk,
D0480,produksi,
D0480,besar,
D0480,kata,
D0480,Wahyu,
D0480,Empat,
D0480,orang,
D0480,ditangkap,
D0480,dalam,
D0480,penggerebekan,
D0480,itu,
D0480,Sementara,
D0480,empat,
D0480,lainnya,
D0480,masih,
D0480,diburu,
D0480,Polisi,
D0480,mengungkap,
D0480,bahan,
D0480,baku,
D0480,pembuatan,
D0480,narkoba,
D0480,di,
D0480,lab,
D0480,rahasia,
D0480,itu,
D0480,didatangkan,
D0480,dari,
D0480,China,
D0480,Dua,
D0480,bulan,
D0480,beroperasi,
D0480,di,
D0480,sana,
D0480,mereka,
D0480,bisa,
D0480,memproduksi,
D0480,hasis,
D0480,dan,
D0480,ekstasi,
D0480,hingga,
D0480,senilai,
D0480,Rp,
D0480,15,
D0480,triliun,
D0480,Narkoba,
D0480,itu,
D0480,rencananya,
D0480,dijual,
D0480,pada,
D0480,malam,
D0480,pergantian,
D0480,tahun,
D0480,di,
D0480,Bali,
D0480,Jawa,
D0480,dan,
D0480,ke,
D0480,luar,
D0480,negeri,
D0480,Baca,
D0480,selengkapnya,
D0480,di,
D0480,halaman,
D0480,selanjutnya,
D0480,Polisi,
D0480,menangkap,
D0480,seorang,
D0480,perempuan,
D0480,berinisial,
D0480,AK,
D0480,alias,
D0480,Ayu,
D0480,57,
D0480,asal,
D0480,Kecamatan,
D0480,Manggis,
D0480,Kabupaten,
D0480,Karangasem,
D0480,Ayu,
D0480,merupakan,
D0480,muncikari,
D0480,prostitusi,
D0480,berkedok,
D0480,spa,
D0480,di,
D0480,salah,
D0480,satu,
D0480,salon,
D0480,kecantikan,
D0480,di,
D0480,daerah,
D0480,itu,
D0480,Kapolres,
D0480,Karangasem,
D0480,AKBP,
D0480,I,
D0480,Nengah,
D0480,Sadiarta,
D0480,mengatakan,
D0480,pengungkapan,
D0480,kasus,
D0480,tersebut,
D0480,berawal,
D0480,dari,
D0480,informasi,
D0480,masyarakat,
D0480,yang,
D0480,merasa,
D0480,resah,
D0480,atas,
D0480,dugaan,
D0480,sebuah,
D0480,salon,
D0480,kecantikan,
D0480,menyediakan,
D0480,layanan,
D0480,prostitusi,
D0480,alias,
D0480,esekesek,
D0480,Satreskrim,
D0480,Karangasem,
D0480,kemudian,
D0480,melakukan,
D0480,penyelidikan,
D0480,Dari,
D0480,hasil,
D0480,penyelidikan,
D0480,kami,
D0480,berhasil,
D0480,mengamankan,
D0480,seorang,
D0480,muncikari,
D0480,berinisial,
D0480,AK,
D0480,Saat,
D0480,ini,
D0480,sudah,
D0480,ditetapkan,
D0480,sebagai,
D0480,tersangka,
D0480,kata,
D0480,Sadiarta,
D0480,dalam,
D0480,konferensi,
D0480,pers,
D0480,di,
D0480,Mapolres,
D0480,Karangasem,
D0480,Rabu,
D0480,20112024,
D0480,Sudiarta,
D0480,membeberkan,
D0480,modus,
D0480,yang,
D0480,dilakukan,
D0480,Ayu,
D0480,adalah,
D0480,menawarkan,
D0480,seorang,
D0480,perempuan,
D0480,berinisial,
D0480,ZA,
D0480,34,
D0480,di,
D0480,aplikasi,
D0480,MiChat,
D0480,Setelah,
D0480,mendapatkan,
D0480,pelanggan,
D0480,Ayu,
D0480,langsung,
D0480,melakukan,
D0480,transaksi,
D0480,Pelanggannya,
D0480,dari,
D0480,kalangan,
D0480,masyarakat,
D0480,umum,
D0480,tidak,
D0480,ada,
D0480,pejabat,
D0480,atau,
D0480,yang,
D0480,lainnya,
D0480,Muncikari,
D0480,ini,
D0480,mengaku,
D0480,mendapat,
D0480,keuntungan,
D0480,sebesar,
D0480,Rp,
D0480,75,
D0480,ribu,
D0480,dalam,
D0480,sekali,
D0480,transaksi,
D0480,ujar,
D0480,Sadiarta,
D0480,Dia,
D0480,memasang,
D0480,tarif,
D0480,Rp,
D0480,300,
D0480,ribu,
D0480,untuk,
D0480,sekali,
D0480,kencan,
D0480,Namun,
D0480,tarif,
D0480,itu,
D0480,masih,
D0480,bisa,
D0480,dinegosiasikan,
D0480,Ayu,
D0480,saat,
D0480,ini,
D0480,sudah,
D0480,ditetapkan,
D0480,tersangka,
D0480,oleh,
D0480,Satreskrim,
D0480,Polres,
D0480,Karangasem,
D0480,Bali,
D0480,masuk,
D0480,dalam,
D0480,daftar,
D0480,destinasi,
D0480,yang,
D0480,disarankan,
D0480,tidak,
D0480,dikunjungi,
D0480,turis,
D0480,asing,
D0480,pada,
D0480,2025,
D0480,oleh,
D0480,Fodors,
D0480,penerbit,
D0480,paduan,
D0480,perjalanan,
D0480,Amerika,
D0480,Serikat,
D0480,AS,
D0480,Alasannya,
D0480,karena,
D0480,Bali,
D0480,mengalami,
D0480,pariwisata,
D0480,yang,
D0480,berlebihan,
D0480,atau,
D0480,overtourism,
D0480,Pembangunan,
D0480,yang,
D0480,tidak,
D0480,terkendali,
D0480,dan,
D0480,didorong,
D0480,oleh,
D0480,pariwisata,
D0480,yang,
D0480,berlebihan,
D0480,telah,
D0480,melanggar,
D0480,habitat,
D0480,alami,
D0480,Bali,
D0480,mengikis,
D0480,warisan,
D0480,lingkungan,
D0480,dan,
D0480,budaya,
D0480,dan,
D0480,menciptakan,
D0480,kiamat,
D0480,plastik,
D0480,tulis,
D0480,Fodors,
D0480,dalam,
D0480,dalam,
D0480,artikel,
D0480,berjudul,
D0480,Fifteen,
D0480,Destinations,
D0480,to,
D0480,Reconsider,
D0480,in,
D0480,2025,
D0480,Ketua,
D0480,Perhimpunan,
D0480,Hotel,
D0480,dan,
D0480,Restoran,
D0480,Indonesia,
D0480,PHRI,
D0480,Bali,
D0480,Tjokorda,
D0480,Oka,
D0480,Artha,
D0480,Ardana,
D0480,Sukawati,
D0480,atau,
D0480,Cok,
D0480,Ace,
D0480,merespons,
D0480,terkait,
D0480,pemberitaan,
D0480,tersebut,
D0480,Ia,
D0480,membantah,
D0480,jika,
D0480,Bali,
D0480,oleh,
D0480,overtourism,
D0480,Cok,
D0480,Ace,
D0480,menilai,
D0480,Bali,
D0480,saat,
D0480,ini,
D0480,tidak,
D0480,overtourism,
D0480,tetapi,
D0480,hanya,
D0480,pengaturannya,
D0480,saja,
D0480,yang,
D0480,perlu,
D0480,dibenahi,
D0480,Bali,
D0480,sesungguhnya,
D0480,tidak,
D0480,overtourism,
D0480,dengan,
D0480,luas,
D0480,wilayah,
D0480,delapan,
D0480,kali,
D0480,luas,
D0480,Singapura,
D0480,dan,
D0480,wisatawan,
D0480,hanya,
D0480,seperenamnya,
D0480,saja,
D0480,tidak,
D0480,ada,
D0480,ujar,
D0480,Cok,
D0480,Ace,
D0480,kepada,
D0480,detikBali,
D0480,Jumat,
D0480,22112024,
D0480,Sesungguhnya,
D0480,dari,
D0480,luas,
D0480,wilayah,
D0480,masih,
D0480,belum,
D0480,dapat,
D0480,dikatakan,
D0480,overtourism,
D0480,hanya,
D0480,pengaturannya,
D0480,yang,
D0480,perlu,
D0480,ditingkatkan,
D0480,lanjutnya,
D0480,Mantan,
D0480,Wakil,
D0480,Gubernur,
D0480,Bali,
D0480,itu,
D0480,menjelaskan,
D0480,apa,
D0480,dasar,
D0480,dan,
D0480,tolok,
D0480,ukur,
D0480,Bali,
D0480,bisa,
D0480,disebut,
D0480,overtourism,
D0480,Menurutnya,
D0480,hingga,
D0480,saat,
D0480,ini,
D0480,belum,
D0480,pernah,
D0480,dibuat,
D0480,kajian,
D0480,carrying,
D0480,capacity,
D0480,atau,
D0480,data,
D0480,dukung,
D0480,kapasitas,
D0480,baik,
D0480,dari,
D0480,sisi,
D0480,alam,
D0480,manusia,
D0480,dan,
D0480,budaya,
D0480,Bali,
D0480,Dia,
D0480,menegaskan,
D0480,Bali,
D0480,selalu,
D0480,mendapatkan,
D0480,penghargaan,
D0480,sebagai,
D0480,destinasi,
D0480,pariwisata,
D0480,terbaik,
D0480,di,
D0480,dunia,
D0480,Ia,
D0480,menyayangkan,
D0480,ada,
D0480,artikelartikel,
D0480,yang,
D0480,tidak,
D0480,merekomendasikan,
D0480,wisatawan,
D0480,untuk,
D0480,berlibur,
D0480,ke,
D0480,Bali,
D0480,Pesisir,
D0480,Pantai,
D0480,Kuta,
D0480,hingga,
D0480,Seminyak,
D0480,di,
D0480,Kecamatan,
D0480,Kuta,
D0480,Kabupaten,
D0480,Badung,
D0480,Bali,
D0480,kini,
D0480,menghadapi,
D0480,ancaman,
D0480,abrasi,
D0480,serius,
D0480,Abrasi,
D0480,parah,
D0480,menggerus,
D0480,secara,
D0480,signifikan,
D0480,panjang,
D0480,bibir,
D0480,pantai,
D0480,ke,
D0480,daratan,
D0480,Puluhan,
D0480,meter,
D0480,bibir,
D0480,pantai,
D0480,sudah,
D0480,hilang,
D0480,sejak,
D0480,20,
D0480,tahun,
D0480,lalu,
D0480,Titik,
D0480,pesisir,
D0480,pantai,
D0480,yang,
D0480,paling,
D0480,jelas,
D0480,terkikis,
D0480,setelah,
D0480,dihantam,
D0480,gelombang,
D0480,dan,
D0480,arus,
D0480,pasang,
D0480,yang,
D0480,kuat,
D0480,terlihat,
D0480,di,
D0480,Pantai,
D0480,Kuta,
D0480,Dari,
D0480,pantauan,
D0480,detikBali,
D0480,Pantai,
D0480,Kuta,
D0480,kini,
D0480,hampir,
D0480,tidak,
D0480,memiliki,
D0480,bibir,
D0480,pantai,
D0480,yang,
D0480,luas,
D0480,seperti,
D0480,di,
D0480,Seminyak,
D0480,Kondisi,
D0480,ini,
D0480,terlihat,
D0480,dari,
D0480,selatan,
D0480,ke,
D0480,utara,
D0480,dimulai,
D0480,dari,
D0480,sekitar,
D0480,depan,
D0480,kantor,
D0480,Satgas,
D0480,Pantai,
D0480,Kuta,
D0480,sampai,
D0480,depan,
D0480,Mal,
D0480,Beachwalk,
D0480,Menurut,
D0480,Ketua,
D0480,Satgas,
D0480,Pantai,
D0480,Kuta,
D0480,I,
D0480,Wayan,
D0480,Sirna,
D0480,kondisi,
D0480,bibir,
D0480,pantai,
D0480,saat,
D0480,ini,
D0480,jauh,
D0480,berbeda,
D0480,dari,
D0480,kondisi,
D0480,Pantai,
D0480,Kuta,
D0480,hampir,
D0480,20,
D0480,tahun,
D0480,lalu,
D0480,Saat,
D0480,itu,
D0480,menurut,
D0480,dia,
D0480,panjang,
D0480,bibir,
D0480,pantai,
D0480,sampai,
D0480,ke,
D0480,daratan,
D0480,sangat,
D0480,jauh,
D0480,sekitar,
D0480,hampir,
D0480,30,
D0480,meter,
D0480,Sehingga,
D0480,Pantai,
D0480,Kuta,
D0480,menjadi,
D0480,favorit,
D0480,bagi,
D0480,turis,
D0480,mancanegara,
D0480,untuk,
D0480,berjemur,
D0480,maupun,
D0480,surfing,
D0480,Kalau,
D0480,saat,
D0480,ini,
D0480,cuma,
D0480,menyisakan,
D0480,sedikit,
D0480,bibir,
D0480,pantai,
D0480,Kalau,
D0480,masuk,
D0480,musim,
D0480,pasang,
D0480,air,
D0480,laut,
D0480,ya,
D0480,sudah,
D0480,air,
D0480,laut,
D0480,pasti,
D0480,naik,
D0480,cuma,
D0480,sisa,
D0480,sekitar,
D0480,2,
D0480,meter,
D0480,sampai,
D0480,pedestrian,
D0480,bahkan,
D0480,pernah,
D0480,air,
D0480,laut,
D0480,naik,
D0480,tutur,
D0480,Sirna,
D0480,Rabu,
D0480,20112024,
D0480,Sirna,
D0480,kerap,
D0480,mendapat,
D0480,keluhan,
D0480,dari,
D0480,sejumlah,
D0480,turis,
D0480,asing,
D0480,mengenai,
D0480,kondisi,
D0480,pantai,
D0480,yang,
D0480,semakin,
D0480,tidak,
D0480,menarik,
D0480,Selama,
D0480,bertahuntahun,
D0480,itu,
D0480,pemerintah,
D0480,juga,
D0480,sudah,
D0480,berupaya,
D0480,memasang,
D0480,pengaman,
D0480,di,
D0480,bibir,
D0480,pantai,
D0480,Air,
D0480,laut,
D0480,selalu,
D0480,naik,
D0480,ujar,
D0480,Sirna,
D0480,Bendesa,
D0480,Adat,
D0480,Kuta,
D0480,Komang,
D0480,Alit,
D0480,Ardana,
D0480,menyadari,
D0480,konservasi,
D0480,sangat,
D0480,dibutuhkan,
D0480,saat,
D0480,ini,
D0480,untuk,
D0480,mengamankan,
D0480,pantai,
D0480,dari,
D0480,ancaman,
D0480,abrasi,
D0480,Jika,
D0480,tidak,
D0480,segera,
D0480,ditangani,
D0480,wujud,
D0480,Pantai,
D0480,Kuta,
D0480,sebagai,
D0480,ikon,
D0480,pariwisata,
D0480,Bali,
D0480,akan,
D0480,hilang,
D0480,Kami,
D0480,sudah,
D0480,beberapa,
D0480,kali,
D0480,berkoordinasi,
D0480,dengan,
D0480,pemerintah,
D0480,termasuk,
D0480,Balai,
D0480,Wilayah,
D0480,Sungai,
D0480,Bali,
D0480,Penida,
D0480,agar,
D0480,ada,
D0480,tindakan,
D0480,cepat,
D0480,mengamankan,
D0480,Pantai,
D0480,Kuta,
D0480,Kita,
D0480,tahu,
D0480,semua,
D0480,kondisi,
D0480,seperti,
D0480,apa,
D0480,kata,
D0480,Alit,
D0480,Ardana,
D0481,Polres,
D0481,Bondowoso,
D0481,panen,
D0481,pelaku,
D0481,tindak,
D0481,kriminal,
D0481,terutama,
D0481,judi,
D0481,online,
D0481,selama,
D0481,sepekan,
D0481,terakhir,
D0481,Para,
D0481,pelaku,
D0481,judi,
D0481,tersebut,
D0481,langsung,
D0481,dijebloskan,
D0481,ke,
D0481,tahanan,
D0481,polres,
D0481,untuk,
D0481,menjalani,
D0481,proses,
D0481,lebih,
D0481,lanjut,
D0481,Dalam,
D0481,satu,
D0481,kasus,
D0481,judi,
D0481,online,
D0481,yang,
D0481,berhasil,
D0481,diungkap,
D0481,Polres,
D0481,Bondowoso,
D0481,ada,
D0481,sebanyak,
D0481,10,
D0481,orang,
D0481,pelaku,
D0481,yang,
D0481,ditangkap,
D0481,tangan,
D0481,saat,
D0481,melakukan,
D0481,aksi,
D0481,judi,
D0481,itu,
D0481,menggunakan,
D0481,ponsel,
D0481,masingmasing,
D0481,Dari,
D0481,tangan,
D0481,para,
D0481,pelaku,
D0481,judol,
D0481,itu,
D0481,polisi,
D0481,mengamankan,
D0481,sejumlah,
D0481,unit,
D0481,handphone,
D0481,serta,
D0481,sejumlah,
D0481,uang,
D0481,hasil,
D0481,judol,
D0481,Bentuk,
D0481,judol,
D0481,yang,
D0481,dilakukan,
D0481,para,
D0481,pelaku,
D0481,diketahui,
D0481,menggunakan,
D0481,beberapa,
D0481,aplikasi,
D0481,Di,
D0481,antaranya,
D0481,model,
D0481,pragmatik,
D0481,yakni,
D0481,penyedia,
D0481,permainan,
D0481,berbasis,
D0481,slot,
D0481,yang,
D0481,dimuat,
D0481,di,
D0481,situs,
D0481,judi,
D0481,online,
D0481,SCROLL,
D0481,TO,
D0481,CONTINUE,
D0481,WITH,
D0481,CONTENT,
D0481,Akibat,
D0481,perbuatan,
D0481,mereka,
D0481,para,
D0481,pelaku,
D0481,judi,
D0481,online,
D0481,ini,
D0481,terancam,
D0481,jeratan,
D0481,pasal,
D0481,45,
D0481,3,
D0481,jo,
D0481,pasal,
D0481,27,
D0481,ayat,
D0481,2,
D0481,UU,
D0481,No,
D0481,19,
D0481,Tahun,
D0481,2024,
D0481,perubahan,
D0481,atas,
D0481,UU,
D0481,No,
D0481,11,
D0481,tahun,
D0481,2008,
D0481,tentang,
D0481,ITE,
D0481,dan,
D0481,atau,
D0481,pasal,
D0481,303,
D0481,KUHP,
D0481,ayat,
D0481,1,
D0481,ke,
D0481,2E,
D0481,KUHPidana,
D0481,Bukan,
D0481,cuma,
D0481,itu,
D0481,saja,
D0481,Polres,
D0481,Bondowoso,
D0481,berhasil,
D0481,menangkap,
D0481,4,
D0481,pelaku,
D0481,peredaran,
D0481,sabu,
D0481,di,
D0481,Bondowoso,
D0481,Para,
D0481,pelaku,
D0481,diduga,
D0481,anggota,
D0481,jaringan,
D0481,peredaran,
D0481,antardaerah,
D0481,Dari,
D0481,4,
D0481,kasus,
D0481,dan,
D0481,4,
D0481,tersangka,
D0481,ini,
D0481,pelaku,
D0481,merupakan,
D0481,pengedar,
D0481,sekaligus,
D0481,pengguna,
D0481,narkotika,
D0481,jenis,
D0481,sabu,
D0481,Mereka,
D0481,diamankan,
D0481,dari,
D0481,beberapa,
D0481,titik,
D0481,di,
D0481,wilayah,
D0481,Bondowoso,
D0481,Pengakuan,
D0481,sementara,
D0481,para,
D0481,tersangka,
D0481,pengedar,
D0481,sekaligus,
D0481,pengguna,
D0481,itu,
D0481,mendapatkan,
D0481,barang,
D0481,haram,
D0481,itu,
D0481,dari,
D0481,beberapa,
D0481,pemasok,
D0481,yang,
D0481,berasal,
D0481,dari,
D0481,Jember,
D0481,dan,
D0481,Situbondo,
D0481,Para,
D0481,pelaku,
D0481,narkoba,
D0481,sudah,
D0481,ditahan,
D0481,untuk,
D0481,proses,
D0481,pengembangan,
D0481,papar,
D0481,Kapolres,
D0481,Bondowoso,
D0481,AKBP,
D0481,Lintar,
D0481,Mahardhono,
D0481,kepada,
D0481,detikJatim,
D0481,Sabtu,
D0481,23122024,
D0481,Pengungkapan,
D0481,sejumlah,
D0481,kasus,
D0481,itu,
D0481,kata,
D0481,Lintar,
D0481,merupakan,
D0481,upaya,
D0481,untuk,
D0481,mendukung,
D0481,Asta,
D0481,Cita,
D0481,Program,
D0481,100,
D0481,hari,
D0481,yang,
D0481,telah,
D0481,dicanangkan,
D0481,oleh,
D0481,Kapolri,
D0481,untuk,
D0481,mendukung,
D0481,program,
D0481,100,
D0481,hari,
D0481,PrabowoGibran,
D0481,Kami,
D0481,juga,
D0481,lebih,
D0481,intensif,
D0481,dan,
D0481,gencar,
D0481,melakukan,
D0481,langkah,
D0481,konkret,
D0481,untuk,
D0481,memberantas,
D0481,judol,
D0481,pungkas,
D0481,Lintar,
D0481,Mahardhono,
D0482,Ditreskrimum,
D0482,Polda,
D0482,Kepulauan,
D0482,Riau,
D0482,Kepri,
D0482,menggerebek,
D0482,dua,
D0482,kamar,
D0482,di,
D0482,Apartemen,
D0482,Aston,
D0482,Lubuk,
D0482,Baja,
D0482,Kota,
D0482,Batam,
D0482,diduga,
D0482,dijadikan,
D0482,tempat,
D0482,mengoperasikan,
D0482,judi,
D0482,online,
D0482,Polisi,
D0482,menyebut,
D0482,omzet,
D0482,dari,
D0482,aktivitas,
D0482,judi,
D0482,online,
D0482,yang,
D0482,digerebek,
D0482,itu,
D0482,mencapai,
D0482,Rp,
D0482,350,
D0482,juta,
D0482,perhari,
D0482,Kapolda,
D0482,Kepri,
D0482,Irjen,
D0482,Yan,
D0482,Fitri,
D0482,Halimansyah,
D0482,mengatakan,
D0482,aktivitas,
D0482,judi,
D0482,online,
D0482,yang,
D0482,dioperasikan,
D0482,dari,
D0482,dua,
D0482,kamar,
D0482,apartemen,
D0482,itu,
D0482,sudah,
D0482,berlangsung,
D0482,selama,
D0482,7,
D0482,bulan,
D0482,Ada,
D0482,3,
D0482,situs,
D0482,judi,
D0482,online,
D0482,yang,
D0482,dikelola,
D0482,di,
D0482,lokasi,
D0482,tersebut,
D0482,dengan,
D0482,member,
D0482,sudah,
D0482,mencapai,
D0482,58000,
D0482,Data,
D0482,pemain,
D0482,di,
D0482,tiga,
D0482,website,
D0482,yang,
D0482,dimiliki,
D0482,oleh,
D0482,pelaku,
D0482,bernama,
D0482,Chandra,
D0482,ini,
D0482,ada,
D0482,58,
D0482,ribu,
D0482,pemain,
D0482,kata,
D0482,Yan,
D0482,Fitri,
D0482,Jumat,
D0482,22112024,
D0482,SCROLL,
D0482,TO,
D0482,CONTINUE,
D0482,WITH,
D0482,CONTENT,
D0482,Yan,
D0482,Fitri,
D0482,menyebutkan,
D0482,dari,
D0482,pemeriksaan,
D0482,sementara,
D0482,tiga,
D0482,website,
D0482,yang,
D0482,dikelola,
D0482,pelaku,
D0482,Chandra,
D0482,ialah,
D0482,Hamsawin,
D0482,Forwin87,
D0482,dan,
D0482,Botakwin,
D0482,Aplikasi,
D0482,tersebut,
D0482,diketahui,
D0482,dibeli,
D0482,oleh,
D0482,pelaku,
D0482,Chandra,
D0482,dari,
D0482,Kamboja,
D0482,Mereka,
D0482,sudah,
D0482,membeli,
D0482,aplikasinya,
D0482,Jadi,
D0482,menggunakan,
D0482,aplikasi,
D0482,sendiri,
D0482,dengan,
D0482,fasilitas,
D0482,server,
D0482,dan,
D0482,mereka,
D0482,yang,
D0482,mengoperasikan,
D0482,sendiri,
D0482,ujarnya,
D0482,Dirreskrimum,
D0482,Polda,
D0482,Kepri,
D0482,Kombes,
D0482,Dony,
D0482,Alexander,
D0482,merincikan,
D0482,omzet,
D0482,dari,
D0482,tiga,
D0482,situs,
D0482,yang,
D0482,dikelola,
D0482,Chandra,
D0482,Dia,
D0482,menyebut,
D0482,ratarata,
D0482,omzet,
D0482,per,
D0482,hari,
D0482,mencapai,
D0482,Rp,
D0482,350,
D0482,juta,
D0482,Omzet,
D0482,per,
D0482,hari,
D0482,Rp,
D0482,350,
D0482,juta,
D0482,dan,
D0482,per,
D0482,bulan,
D0482,mencapai,
D0482,miliaran,
D0482,ujarnya,
D0482,Dony,
D0482,juga,
D0482,mengungkapkan,
D0482,penangkapan,
D0482,Chandra,
D0482,dan,
D0482,lokasi,
D0482,pengelolaan,
D0482,situs,
D0482,judi,
D0482,online,
D0482,itu,
D0482,bermula,
D0482,dari,
D0482,penangkapan,
D0482,marketing,
D0482,judi,
D0482,online,
D0482,oleh,
D0482,Polresta,
D0482,Barelang,
D0482,Jadi,
D0482,Chandra,
D0482,ini,
D0482,merupakan,
D0482,adik,
D0482,dari,
D0482,inisial,
D0482,A,
D0482,atau,
D0482,Anton,
D0482,yang,
D0482,ditangkap,
D0482,Satreskrim,
D0482,Polresta,
D0482,Barelang,
D0482,beberapa,
D0482,waktu,
D0482,lalu,
D0482,ujarnya,
D0482,Sebelumnya,
D0482,Ditreskrimum,
D0482,Polda,
D0482,Kepri,
D0482,menggerebek,
D0482,dua,
D0482,kamar,
D0482,di,
D0482,Apartemen,
D0482,Aston,
D0482,Lubuk,
D0482,Baja,
D0482,Batam,
D0482,yang,
D0482,diduga,
D0482,dijadikan,
D0482,tempat,
D0482,mengoperasikan,
D0482,situs,
D0482,judi,
D0482,online,
D0482,Dari,
D0482,penggerebekan,
D0482,polisi,
D0482,mengamankan,
D0482,11,
D0482,orang,
D0482,yang,
D0482,terdiri,
D0482,dari,
D0482,pemilik,
D0482,dan,
D0482,operator,
D0483,Miris,
D0483,seorang,
D0483,bocah,
D0483,berusia,
D0483,10,
D0483,tahun,
D0483,dianiaya,
D0483,empat,
D0483,orang,
D0483,dewasa,
D0483,karena,
D0483,dituduh,
D0483,mencuri,
D0483,uang,
D0483,Peristiwa,
D0483,itu,
D0483,terjadi,
D0483,di,
D0483,Kronjo,
D0483,Kabupaten,
D0483,Tangerang,
D0483,Polisi,
D0483,pun,
D0483,telah,
D0483,menangkap,
D0483,tiga,
D0483,dari,
D0483,empat,
D0483,pelaku,
D0483,penganiayaan,
D0483,terhadap,
D0483,anak,
D0483,di,
D0483,bawah,
D0483,umur,
D0483,tersebut,
D0483,Satu,
D0483,pelaku,
D0483,lainnya,
D0483,diburu,
D0483,Penganiayaan,
D0483,terhadap,
D0483,bocah,
D0483,berinisial,
D0483,M,
D0483,tersebut,
D0483,dilakukan,
D0483,pelaku,
D0483,di,
D0483,sebuah,
D0483,tempat,
D0483,penggilingan,
D0483,milik,
D0483,tersangka,
D0483,C,
D0483,di,
D0483,Desa,
D0483,Muncang,
D0483,Kecamatan,
D0483,Kronjo,
D0483,Kabupaten,
D0483,Tangerang,
D0483,Sabtu,
D0483,16112024,
D0483,SCROLL,
D0483,TO,
D0483,CONTINUE,
D0483,WITH,
D0483,CONTENT,
D0483,Aksi,
D0483,penganiayaan,
D0483,itu,
D0483,pun,
D0483,viral,
D0483,usai,
D0483,direkam,
D0483,dan,
D0483,disebarkan,
D0483,seseorang,
D0483,Tampak,
D0483,dalam,
D0483,video,
D0483,yang,
D0483,beredar,
D0483,tangan,
D0483,korban,
D0483,diikat,
D0483,dengan,
D0483,tali,
D0483,Korban,
D0483,juga,
D0483,disetrum,
D0483,disiram,
D0483,miras,
D0483,hingga,
D0483,dipukul,
D0483,pakai,
D0483,sandal,
D0483,Pelaku,
D0483,juga,
D0483,menarik,
D0483,dan,
D0483,membanting,
D0483,korban,
D0483,Dari,
D0483,hasil,
D0483,gelar,
D0483,perkara,
D0483,korban,
D0483,diketahui,
D0483,dituduh,
D0483,mencuri,
D0483,uang,
D0483,Rp,
D0483,700,
D0483,ribu,
D0483,Polisi,
D0483,pun,
D0483,meningkatkan,
D0483,status,
D0483,keempat,
D0483,pelaku,
D0483,sebagai,
D0483,tersangka,
D0483,Polresta,
D0483,Tangerang,
D0483,telah,
D0483,melakukan,
D0483,proses,
D0483,penyidikan,
D0483,secara,
D0483,komprehensif,
D0483,Penyidik,
D0483,sudah,
D0483,menetapkan,
D0483,empat,
D0483,orang,
D0483,tersangka,
D0483,atas,
D0483,kejadian,
D0483,tersebut,
D0483,Tiga,
D0483,pelaku,
D0483,sudah,
D0483,dilakukan,
D0483,penangkapan,
D0483,dan,
D0483,penahanan,
D0483,sementara,
D0483,satu,
D0483,pelaku,
D0483,yang,
D0483,masih,
D0483,DPO,
D0483,sedang,
D0483,dalam,
D0483,pengejaran,
D0483,kata,
D0483,Kapolresta,
D0483,Tangerang,
D0483,Kombes,
D0483,Baktiar,
D0483,Joko,
D0483,Mujiono,
D0483,dalam,
D0483,keterangannya,
D0483,dilansir,
D0483,detikNews,
D0483,Jumat,
D0483,2111,
D0483,Keempat,
D0483,tersangka,
D0483,yakni,
D0483,C,
D0483,60,
D0483,J,
D0483,24,
D0483,S,
D0483,22,
D0483,dan,
D0483,T,
D0483,Mereka,
D0483,dijerat,
D0483,dengan,
D0483,Pasal,
D0483,80,
D0483,UndangUndang,
D0483,RI,
D0483,Nomor,
D0483,17,
D0483,Tahun,
D0483,2016,
D0483,tentang,
D0483,Perubahan,
D0483,Kedua,
D0483,atas,
D0483,UndangUndang,
D0483,RI,
D0483,Nomor,
D0483,23,
D0483,Tahun,
D0483,2002,
D0483,tentang,
D0483,Perlindungan,
D0483,Anak,
D0483,danatau,
D0483,Pasal,
D0483,170,
D0483,KUHP,
D0483,Baru,
D0483,tersangka,
D0483,C,
D0483,J,
D0483,dan,
D0483,S,
D0483,yang,
D0483,ditangkap,
D0483,Sedangkan,
D0483,tersangka,
D0483,T,
D0483,saat,
D0483,ini,
D0483,masih,
D0483,buron,
D0483,Pada,
D0483,tanggal,
D0483,18,
D0483,November,
D0483,2024,
D0483,telah,
D0483,dilakukan,
D0483,penahanan,
D0483,terhadap,
D0483,Tersangka,
D0483,C,
D0483,J,
D0483,dan,
D0483,S,
D0483,dan,
D0483,dilakukan,
D0483,pemeriksaan,
D0483,kesehatan,
D0483,terhadap,
D0483,tersangka,
D0483,dalam,
D0483,keadaan,
D0483,sehat,
D0483,jasmani,
D0483,dan,
D0483,rohani,
D0483,ujar,
D0483,Kasat,
D0483,Reskrim,
D0483,Polresta,
D0483,Tangerang,
D0483,Kompol,
D0483,Arief,
D0483,Nazarudin,
D0483,Kasi,
D0483,Humas,
D0483,Polresta,
D0483,Tangerang,
D0483,Ipda,
D0483,Purbawa,
D0483,menjelaskan,
D0483,kronologi,
D0483,kejadian,
D0483,tersebut,
D0483,Awalnya,
D0483,tersangka,
D0483,C,
D0483,melihat,
D0483,korban,
D0483,masuk,
D0483,ke,
D0483,penggilingan,
D0483,padi,
D0483,dimana,
D0483,uang,
D0483,miliknya,
D0483,hilang,
D0483,Karena,
D0483,si,
D0483,pelaku,
D0483,C,
D0483,awalnya,
D0483,sempat,
D0483,melihat,
D0483,anak,
D0483,korban,
D0483,tersebut,
D0483,masuk,
D0483,ke,
D0483,penggilingan,
D0483,padi,
D0483,milik,
D0483,saudara,
D0483,C,
D0483,dan,
D0483,sempat,
D0483,menanyakan,
D0483,kepada,
D0483,temanteman,
D0483,korban,
D0483,yang,
D0483,habis,
D0483,ditraktir,
D0483,oleh,
D0483,korban,
D0483,kata,
D0483,Purbawa,
D0483,Kamis,
D0483,2111,
D0483,Dari,
D0483,hasil,
D0483,penyidikan,
D0483,polisi,
D0483,diketahui,
D0483,korban,
D0483,memang,
D0483,mengakui,
D0483,mencuri,
D0483,uang,
D0483,tersebut,
D0483,hingga,
D0483,akhirnya,
D0483,pelaku,
D0483,C,
D0483,menganiaya,
D0483,korban,
D0483,Berdasarkan,
D0483,hasil,
D0483,pemeriksaan,
D0483,dan,
D0483,penyidikan,
D0483,yang,
D0483,sudah,
D0483,dilakukan,
D0483,bahwa,
D0483,korban,
D0483,anak,
D0483,tersebut,
D0483,memang,
D0483,mengakui,
D0483,mencuri,
D0483,uang,
D0483,milik,
D0483,pelaku,
D0483,C,
D0483,hingga,
D0483,C,
D0483,melakukan,
D0483,perbuatan,
D0483,persekusi,
D0483,atau,
D0483,kekerasan,
D0483,terhadap,
D0483,anak,
D0483,korban,
D0483,tersebut,
D0483,tambahnya,
D0484,Polisi,
D0484,menangkap,
D0484,tiga,
D0484,komplotan,
D0484,bersenjata,
D0484,api,
D0484,yang,
D0484,menculik,
D0484,remaja,
D0484,di,
D0484,Kabupaten,
D0484,Labuhanbatu,
D0484,Utara,
D0484,Labura,
D0484,Sumatera,
D0484,Utara,
D0484,Sumut,
D0484,Ade,
D0484,Oktari,
D0484,Syahfitri,
D0484,18,
D0484,Dua,
D0484,dari,
D0484,ketiga,
D0484,pelaku,
D0484,ditembak,
D0484,karena,
D0484,berupaya,
D0484,menembak,
D0484,petugas,
D0484,kepolisian,
D0484,Kabid,
D0484,Humas,
D0484,Polda,
D0484,Sumut,
D0484,Kombes,
D0484,Hadi,
D0484,Wahyudi,
D0484,mengatakan,
D0484,penembakan,
D0484,itu,
D0484,dilakukan,
D0484,saat,
D0484,petugas,
D0484,kepolisian,
D0484,hendak,
D0484,menangkap,
D0484,kedua,
D0484,pelaku,
D0484,dari,
D0484,salah,
D0484,satu,
D0484,penginapan,
D0484,di,
D0484,Kabupaten,
D0484,Pasaman,
D0484,Sumatera,
D0484,Barat,
D0484,Sumbar,
D0484,Rabu,
D0484,20112024,
D0484,Keduanya,
D0484,yakni,
D0484,Raja,
D0484,Inal,
D0484,Siregar,
D0484,28,
D0484,dan,
D0484,Purba,
D0484,Tua,
D0484,Siregar,
D0484,34,
D0484,Penangkapan,
D0484,berlangsung,
D0484,di,
D0484,sebuah,
D0484,penginapan,
D0484,di,
D0484,mana,
D0484,dua,
D0484,tersangka,
D0484,mencoba,
D0484,melawan,
D0484,dengan,
D0484,menembak,
D0484,ke,
D0484,arah,
D0484,polisi,
D0484,Demi,
D0484,keselamatan,
D0484,petugas,
D0484,dan,
D0484,korban,
D0484,terpaksa,
D0484,polisi,
D0484,mengambil,
D0484,tindakan,
D0484,tegas,
D0484,dengan,
D0484,melumpuhkan,
D0484,dua,
D0484,pelaku,
D0484,sedangkan,
D0484,seorang,
D0484,pelaku,
D0484,lainnya,
D0484,menyerahkan,
D0484,diri,
D0484,kata,
D0484,Hadi,
D0484,Jumat,
D0484,2211,
D0484,SCROLL,
D0484,TO,
D0484,CONTINUE,
D0484,WITH,
D0484,CONTENT,
D0484,Selain,
D0484,menangkap,
D0484,para,
D0484,pelaku,
D0484,petugas,
D0484,kepolisian,
D0484,juga,
D0484,mengamankan,
D0484,dua,
D0484,senjata,
D0484,api,
D0484,jenis,
D0484,revolver,
D0484,dan,
D0484,air,
D0484,gun,
D0484,Hadi,
D0484,mengatakan,
D0484,ketiga,
D0484,pelaku,
D0484,saat,
D0484,ini,
D0484,telah,
D0484,ditahan,
D0484,di,
D0484,Polsek,
D0484,Kualuh,
D0484,Hulu,
D0484,Ketiganya,
D0484,dijerat,
D0484,pasal,
D0484,penculikan,
D0484,dan,
D0484,kepemilikan,
D0484,senjata,
D0484,api,
D0484,ilegal,
D0484,Dari,
D0484,penangkapan,
D0484,itu,
D0484,kami,
D0484,mengamankan,
D0484,sejumlah,
D0484,barang,
D0484,bukti,
D0484,meliputi,
D0484,satu,
D0484,mobil,
D0484,dua,
D0484,pucuk,
D0484,senjata,
D0484,api,
D0484,enam,
D0484,peluru,
D0484,revolver,
D0484,lima,
D0484,amunisi,
D0484,air,
D0484,gun,
D0484,serta,
D0484,ponsel,
D0484,Sementara,
D0484,itu,
D0484,tiga,
D0484,pelaku,
D0484,lain,
D0484,yang,
D0484,sudah,
D0484,teridentifikasi,
D0484,masih,
D0484,dalam,
D0484,pengejaran,
D0484,pungkasnya,
D0484,Sebelumnya,
D0484,diberitakan,
D0484,Ade,
D0484,diculik,
D0484,sejumlah,
D0484,orang,
D0484,bersenjata,
D0484,api,
D0484,saat,
D0484,tengah,
D0484,berada,
D0484,di,
D0484,rumahnya,
D0484,di,
D0484,Jalan,
D0484,Pandawa,
D0484,Lingkungan,
D0484,IV,
D0484,Wonosari,
D0484,Kecamatan,
D0484,Kualuh,
D0484,Hulu,
D0484,Minggu,
D0484,1711,
D0484,Saat,
D0484,kejadian,
D0484,korban,
D0484,tengah,
D0484,sendiri,
D0484,di,
D0484,rumah,
D0484,tersebut,
D0484,Jadi,
D0484,anak,
D0484,ini,
D0484,tibatiba,
D0484,didatangi,
D0484,sama,
D0484,satu,
D0484,mobil,
D0484,dan,
D0484,satu,
D0484,sepeda,
D0484,motor,
D0484,orangnya,
D0484,langsung,
D0484,masuk,
D0484,ke,
D0484,dalam,
D0484,rumah,
D0484,karena,
D0484,pada,
D0484,saat,
D0484,itu,
D0484,cuman,
D0484,anak,
D0484,itu,
D0484,sendiri,
D0484,di,
D0484,rumah,
D0484,Jadi,
D0484,langsung,
D0484,ditarik,
D0484,dipaksa,
D0484,masuk,
D0484,ke,
D0484,dalam,
D0484,mobil,
D0484,kata,
D0484,Kasat,
D0484,Reskrim,
D0484,Polres,
D0484,Labuhanbatu,
D0484,AKP,
D0484,Teuku,
D0484,Rivanda,
D0484,Kamis,
D0484,2111,
D0484,Pada,
D0484,akhirnya,
D0484,peristiwa,
D0484,itu,
D0484,dilaporkan,
D0484,ke,
D0484,Polsek,
D0484,Kualuh,
D0484,Hulu,
D0484,Pihak,
D0484,kepolisian,
D0484,yang,
D0484,menerima,
D0484,laporan,
D0484,itu,
D0484,lalu,
D0484,mencari,
D0484,keberadaan,
D0484,korban,
D0484,dan,
D0484,menemukannya,
D0484,di,
D0484,Provinsi,
D0484,Sumbar,
D0484,Rabu,
D0484,2011,
D0484,Saat,
D0484,proses,
D0484,penculikan,
D0484,itu,
D0484,kata,
D0484,Rivanda,
D0484,para,
D0484,pelaku,
D0484,juga,
D0484,menodongkan,
D0484,senjata,
D0484,api,
D0484,ke,
D0484,korban,
D0484,Selain,
D0484,itu,
D0484,para,
D0484,pelaku,
D0484,meminta,
D0484,uang,
D0484,tebusan,
D0484,sebanyak,
D0484,Rp,
D0484,400,
D0484,juta,
D0484,yang,
D0484,diduga,
D0484,merupakan,
D0484,utang,
D0484,abang,
D0484,korban,
D0484,yang,
D0484,terlibat,
D0484,sindikat,
D0484,narkoba,
D0484,Selain,
D0484,menangkap,
D0484,yakni,
D0484,Raja,
D0484,Inal,
D0484,Siregar,
D0484,dan,
D0484,Purba,
D0484,Tua,
D0484,Siregar,
D0484,polisi,
D0484,juga,
D0484,mengamankan,
D0484,istri,
D0484,Raja,
D0484,Inal,
D0484,Siregar,
D0484,bernama,
D0484,Selvi,
D0484,Tentu,
D0484,Hasibuan,
D0484,Purba,
D0484,Tua,
D0484,sendiri,
D0484,merupakan,
D0484,abang,
D0484,kandung,
D0484,Raja,
D0484,Inal,
D0485,Seorang,
D0485,pria,
D0485,di,
D0485,Kota,
D0485,Medan,
D0485,Sumatera,
D0485,Utara,
D0485,Sumut,
D0485,inisial,
D0485,FA,
D0485,33,
D0485,ditangkap,
D0485,karena,
D0485,mempromosikan,
D0485,judi,
D0485,online,
D0485,judol,
D0485,Pelaku,
D0485,mendapatkan,
D0485,upah,
D0485,Rp,
D0485,750,
D0485,ribu,
D0485,per,
D0485,bulan,
D0485,untuk,
D0485,mempromosikan,
D0485,judol,
D0485,itu,
D0485,Kabid,
D0485,Humas,
D0485,Polda,
D0485,Sumut,
D0485,Kombes,
D0485,Hadi,
D0485,Wahyudi,
D0485,mengatakan,
D0485,penangkapan,
D0485,itu,
D0485,berawal,
D0485,saat,
D0485,Direktorat,
D0485,Siber,
D0485,tengah,
D0485,patroli,
D0485,dunia,
D0485,maya,
D0485,Lalu,
D0485,petugas,
D0485,menemukan,
D0485,akun,
D0485,Instagram,
D0485,pelaku,
D0485,bernama,
D0485,maticliaranmedan,
D0485,mempromosikan,
D0485,judi,
D0485,online,
D0485,KARTEL,
D0485,69,
D0485,Dari,
D0485,hasil,
D0485,patroli,
D0485,dunia,
D0485,maya,
D0485,yang,
D0485,dilakukan,
D0485,itu,
D0485,polisi,
D0485,menangkap,
D0485,seorang,
D0485,FA,
D0485,warga,
D0485,Jalan,
D0485,Bunga,
D0485,Baldu,
D0485,Kecamatan,
D0485,Medan,
D0485,Selayang,
D0485,karena,
D0485,mengendorse,
D0485,situs,
D0485,judi,
D0485,online,
D0485,kata,
D0485,Hadi,
D0485,Jumat,
D0485,22112024,
D0485,SCROLL,
D0485,TO,
D0485,CONTINUE,
D0485,WITH,
D0485,CONTENT,
D0485,Usai,
D0485,melihat,
D0485,itu,
D0485,petugas,
D0485,kepolisian,
D0485,melakukan,
D0485,penyelidikan,
D0485,hingga,
D0485,pada,
D0485,akhirnya,
D0485,menangkap,
D0485,pelaku,
D0485,di,
D0485,rumahnya,
D0485,di,
D0485,Jalan,
D0485,Bunga,
D0485,Baldu,
D0485,Rabu,
D0485,2011,
D0485,Setelah,
D0485,ditangkap,
D0485,pelaku,
D0485,diboyong,
D0485,ke,
D0485,Polda,
D0485,Sumut,
D0485,untuk,
D0485,proses,
D0485,pemeriksaan,
D0485,lebih,
D0485,lanjut,
D0485,Berdasarkan,
D0485,pengakuan,
D0485,pelaku,
D0485,dirinya,
D0485,telah,
D0485,dua,
D0485,bulan,
D0485,mempromosikan,
D0485,judi,
D0485,online,
D0485,itu,
D0485,Setiap,
D0485,bulannya,
D0485,pelaku,
D0485,menerima,
D0485,upah,
D0485,Rp,
D0485,750,
D0485,ribu,
D0485,Yang,
D0485,bersangkutan,
D0485,baru,
D0485,dua,
D0485,bulan,
D0485,endorse,
D0485,dibayar,
D0485,Rp,
D0485,750,
D0485,ribu,
D0485,per,
D0485,bulan,
D0485,jelasnya,
D0485,Mantan,
D0485,Kapolres,
D0485,Biak,
D0485,Papua,
D0485,itu,
D0485,itu,
D0485,menyebut,
D0485,pelaku,
D0485,FA,
D0485,kini,
D0485,telah,
D0485,ditetapkan,
D0485,menjadi,
D0485,tersangka,
D0485,Pihak,
D0485,kepolisian,
D0485,juga,
D0485,menyita,
D0485,sejumlah,
D0485,barang,
D0485,bukti,
D0485,seperti,
D0485,handphone,
D0485,yang,
D0485,digunakan,
D0485,pelaku,
D0485,untuk,
D0485,mempromosikan,
D0485,judi,
D0485,online,
D0485,itu,
D0485,Berdasarkan,
D0485,gelar,
D0485,perkara,
D0485,yang,
D0485,dilakukan,
D0485,penyidik,
D0485,telah,
D0485,menetapkan,
D0485,FA,
D0485,sebagai,
D0485,tersangka,
D0485,pungkasnya,
D0486,Seorang,
D0486,remaja,
D0486,perempuan,
D0486,bernama,
D0486,Ade,
D0486,Oktari,
D0486,Syahfitri,
D0486,18,
D0486,diculik,
D0486,sejumlah,
D0486,orang,
D0486,yang,
D0486,membawa,
D0486,senjata,
D0486,api,
D0486,saat,
D0486,tengah,
D0486,berada,
D0486,di,
D0486,rumahnya,
D0486,di,
D0486,Kabupaten,
D0486,Labuhanbatu,
D0486,Utara,
D0486,Labura,
D0486,Sumatera,
D0486,Utara,
D0486,Sumut,
D0486,Para,
D0486,pelaku,
D0486,meminta,
D0486,uang,
D0486,tebusan,
D0486,sebanyak,
D0486,Rp,
D0486,400,
D0486,juta,
D0486,Kasat,
D0486,Reskrim,
D0486,Polres,
D0486,Labuhanbatu,
D0486,AKP,
D0486,Teuku,
D0486,Rivanda,
D0486,Ikhsan,
D0486,mengatakan,
D0486,peristiwa,
D0486,itu,
D0486,terjadi,
D0486,di,
D0486,Jalan,
D0486,Pandawa,
D0486,Lingkungan,
D0486,IV,
D0486,Wonosari,
D0486,Kecamatan,
D0486,Kualuh,
D0486,Hulu,
D0486,Minggu,
D0486,17112024,
D0486,Awalnya,
D0486,ada,
D0486,sejumlah,
D0486,orang,
D0486,yang,
D0486,tibatiba,
D0486,masuk,
D0486,ke,
D0486,rumah,
D0486,tersebut,
D0486,dan,
D0486,langsung,
D0486,menculik,
D0486,korban,
D0486,Jadi,
D0486,anak,
D0486,ini,
D0486,tibatiba,
D0486,didatangi,
D0486,sama,
D0486,satu,
D0486,mobil,
D0486,dan,
D0486,satu,
D0486,sepeda,
D0486,motor,
D0486,orangnya,
D0486,langsung,
D0486,masuk,
D0486,ke,
D0486,dalam,
D0486,rumah,
D0486,karena,
D0486,pada,
D0486,saat,
D0486,itu,
D0486,cuma,
D0486,anak,
D0486,itu,
D0486,sendiri,
D0486,di,
D0486,rumah,
D0486,Jadi,
D0486,langsung,
D0486,ditarik,
D0486,dipaksa,
D0486,masuk,
D0486,ke,
D0486,dalam,
D0486,mobil,
D0486,kata,
D0486,Rivanda,
D0486,Kamis,
D0486,2111,
D0486,SCROLL,
D0486,TO,
D0486,CONTINUE,
D0486,WITH,
D0486,CONTENT,
D0486,Warga,
D0486,yang,
D0486,melihat,
D0486,hal,
D0486,itu,
D0486,langsung,
D0486,menghubungi,
D0486,keluarga,
D0486,korban,
D0486,Setelah,
D0486,itu,
D0486,keluarga,
D0486,korban,
D0486,mencari,
D0486,keberadaan,
D0486,korban,
D0486,tetapi,
D0486,tidak,
D0486,kunjungan,
D0486,ditemukan,
D0486,Pada,
D0486,akhirnya,
D0486,peristiwa,
D0486,itu,
D0486,dilaporkan,
D0486,ke,
D0486,Polsek,
D0486,Kualuh,
D0486,Hulu,
D0486,Pihak,
D0486,kepolisian,
D0486,yang,
D0486,menerima,
D0486,laporan,
D0486,itu,
D0486,lalu,
D0486,mencari,
D0486,keberadaan,
D0486,korban,
D0486,dan,
D0486,menemukannya,
D0486,di,
D0486,Provinsi,
D0486,Sumatera,
D0486,Barat,
D0486,Sumbar,
D0486,Rabu,
D0486,2011,
D0486,Korban,
D0486,sudah,
D0486,berhasil,
D0486,kami,
D0486,selamatkan,
D0486,di,
D0486,wilayah,
D0486,Sumbar,
D0486,jelasnya,
D0486,Mantan,
D0486,Kasat,
D0486,Reskrim,
D0486,Polres,
D0486,Tanjungbalai,
D0486,itu,
D0486,menyebut,
D0486,pelaku,
D0486,yang,
D0486,menculik,
D0486,korban,
D0486,itu,
D0486,terdiri,
D0486,dari,
D0486,lakilaki,
D0486,dan,
D0486,perempuan,
D0486,Sebelum,
D0486,ditemukan,
D0486,korban,
D0486,sempat,
D0486,dibawa,
D0486,para,
D0486,pelaku,
D0486,ke,
D0486,Provinsi,
D0486,Riau,
D0486,Saat,
D0486,proses,
D0486,penculikan,
D0486,itu,
D0486,kata,
D0486,Rivanda,
D0486,para,
D0486,pelaku,
D0486,juga,
D0486,menodongkan,
D0486,senjata,
D0486,api,
D0486,ke,
D0486,korban,
D0486,Para,
D0486,pelaku,
D0486,meminta,
D0486,uang,
D0486,tebusan,
D0486,sebanyak,
D0486,Rp,
D0486,400,
D0486,juta,
D0486,Ya,
D0486,ditodong,
D0486,sementara,
D0486,kita,
D0486,duga,
D0486,senpi,
D0486,sempat,
D0486,dibawa,
D0486,ke,
D0486,Riau,
D0486,dulu,
D0486,Kemudian,
D0486,kita,
D0486,lakukan,
D0486,pengejaran,
D0486,sampai,
D0486,kita,
D0486,temukan,
D0486,korban,
D0486,di,
D0486,Sumbar,
D0486,Dimintai,
D0486,tebusan,
D0486,Rp,
D0486,400,
D0486,juta,
D0486,jelasnya,
D0486,Rivanda,
D0486,menyebut,
D0486,sudah,
D0486,ada,
D0486,beberapa,
D0486,pelaku,
D0486,yang,
D0486,mereka,
D0486,amankan,
D0486,Namun,
D0486,dia,
D0486,belum,
D0486,memerincinya,
D0486,Beberapa,
D0486,sudah,
D0486,diamankan,
D0486,Awalnya,
D0486,korban,
D0486,sama,
D0486,semua,
D0486,pelaku,
D0486,kemudian,
D0486,beberapa,
D0486,pelaku,
D0486,ada,
D0486,yang,
D0486,pisah,
D0486,ini,
D0486,makanya,
D0486,kita,
D0486,lakukan,
D0486,pengejaran,
D0486,jelasnya,
D0487,Seorang,
D0487,pria,
D0487,tewas,
D0487,diduga,
D0487,ditembak,
D0487,di,
D0487,salah,
D0487,satu,
D0487,loket,
D0487,listrik,
D0487,di,
D0487,Jalan,
D0487,Kopral,
D0487,Hanafia,
D0487,di,
D0487,Kelurahan,
D0487,Serasan,
D0487,Jaya,
D0487,Kabupaten,
D0487,Mushi,
D0487,Banyuasin,
D0487,Muba,
D0487,Sumatera,
D0487,Selatan,
D0487,Sumsel,
D0487,Atas,
D0487,kejadian,
D0487,tersebut,
D0487,polisi,
D0487,turun,
D0487,tangan,
D0487,dan,
D0487,langsung,
D0487,melakukan,
D0487,olah,
D0487,TKP,
D0487,Melansir,
D0487,detikSumbagsel,
D0487,peristiwa,
D0487,penembakan,
D0487,itu,
D0487,diketahui,
D0487,membuat,
D0487,heboh,
D0487,warga,
D0487,Kota,
D0487,Sekayu,
D0487,Kabupaten,
D0487,Musi,
D0487,Banyuasin,
D0487,pada,
D0487,Kamis,
D0487,21112024,
D0487,pagi,
D0487,Pasalnya,
D0487,korban,
D0487,tewas,
D0487,di,
D0487,tempat,
D0487,kejadian,
D0487,setelah,
D0487,ditembak,
D0487,orang,
D0487,tidak,
D0487,dikenal,
D0487,di,
D0487,bagian,
D0487,kepala,
D0487,Kapolres,
D0487,Musi,
D0487,Banyuasin,
D0487,Muba,
D0487,AKBP,
D0487,Listiyono,
D0487,Dwi,
D0487,Nugroho,
D0487,membenarkan,
D0487,peristiwa,
D0487,tersebut,
D0487,Dia,
D0487,mengatakan,
D0487,korban,
D0487,penembakan,
D0487,itu,
D0487,bernama,
D0487,Angga,
D0487,Maulina,
D0487,36,
D0487,warga,
D0487,Sekayu,
D0487,Muba,
D0487,SCROLL,
D0487,TO,
D0487,CONTINUE,
D0487,WITH,
D0487,CONTENT,
D0487,Ya,
D0487,benar,
D0487,ada,
D0487,kejadian,
D0487,tindak,
D0487,pidana,
D0487,pembunuhan,
D0487,dengan,
D0487,sengaja,
D0487,oleh,
D0487,orang,
D0487,tidak,
D0487,dikenal,
D0487,di,
D0487,toko,
D0487,listrik,
D0487,di,
D0487,Jalan,
D0487,Kopral,
D0487,Hanafiah,
D0487,Kelurahan,
D0487,Serasan,
D0487,Jaya,
D0487,Muba,
D0487,katanya,
D0487,Kamis,
D0487,21112024,
D0487,Listiyono,
D0487,menyebutkan,
D0487,korban,
D0487,tewas,
D0487,di,
D0487,tempat,
D0487,dengan,
D0487,luka,
D0487,tembak,
D0487,di,
D0487,bagian,
D0487,kepala,
D0487,Saat,
D0487,ini,
D0487,polisi,
D0487,sedang,
D0487,melakukan,
D0487,olah,
D0487,TKP,
D0487,di,
D0487,lokasi,
D0487,kejadian,
D0488,Kawanan,
D0488,begal,
D0488,bersenjata,
D0488,tajam,
D0488,merampas,
D0488,sepeda,
D0488,motor,
D0488,pelajar,
D0488,di,
D0488,Kabupaten,
D0488,Deli,
D0488,Serdang,
D0488,Sumatera,
D0488,Utara,
D0488,Sumut,
D0488,Satu,
D0488,dari,
D0488,dua,
D0488,pelaku,
D0488,tewas,
D0488,ditembak,
D0488,petugas,
D0488,kepolisian,
D0488,Kapolrestabes,
D0488,Medan,
D0488,Kombes,
D0488,Gidion,
D0488,Arif,
D0488,Setyawan,
D0488,mengatakan,
D0488,peristiwa,
D0488,itu,
D0488,terjadi,
D0488,di,
D0488,Desa,
D0488,Bandar,
D0488,Khalipah,
D0488,Kecamatan,
D0488,Percut,
D0488,Sei,
D0488,Tuan,
D0488,Selasa,
D0488,1362023,
D0488,malam,
D0488,Satu,
D0488,pelaku,
D0488,bernama,
D0488,Dedek,
D0488,Rudianto,
D0488,36,
D0488,sudah,
D0488,lebih,
D0488,dulu,
D0488,ditangkap,
D0488,dan,
D0488,tengah,
D0488,menjalani,
D0488,proses,
D0488,persidangan,
D0488,Sementara,
D0488,pelaku,
D0488,Budi,
D0488,Gompel,
D0488,30,
D0488,diamankan,
D0488,pagi,
D0488,tadi,
D0488,setelah,
D0488,satu,
D0488,tahun,
D0488,menjadi,
D0488,buronan,
D0488,pihak,
D0488,kepolisian,
D0488,SCROLL,
D0488,TO,
D0488,CONTINUE,
D0488,WITH,
D0488,CONTENT,
D0488,Saudara,
D0488,B,
D0488,adalah,
D0488,DPO,
D0488,Dia,
D0488,melakukan,
D0488,tindak,
D0488,pidana,
D0488,bersamasama,
D0488,dengan,
D0488,satu,
D0488,rekan,
D0488,lainnya,
D0488,DR,
D0488,yang,
D0488,terjadi,
D0488,pada,
D0488,13,
D0488,Juni,
D0488,2023,
D0488,Terhadap,
D0488,saudara,
D0488,DR,
D0488,sudah,
D0488,dalam,
D0488,proses,
D0488,persidangan,
D0488,untuk,
D0488,mendapat,
D0488,ketetapan,
D0488,hukum,
D0488,kata,
D0488,Gidion,
D0488,saat,
D0488,konferensi,
D0488,pers,
D0488,di,
D0488,RS,
D0488,Bhayangkara,
D0488,Medan,
D0488,Rabu,
D0488,20112024,
D0488,Gidion,
D0488,mengatakan,
D0488,kejadian,
D0488,itu,
D0488,berawal,
D0488,saat,
D0488,korban,
D0488,tengah,
D0488,melintas,
D0488,di,
D0488,lokasi,
D0488,kejadian,
D0488,Lalu,
D0488,kedua,
D0488,pelaku,
D0488,tibatiba,
D0488,memepet,
D0488,korban,
D0488,dan,
D0488,menyuruhnya,
D0488,untuk,
D0488,turun,
D0488,dari,
D0488,atas,
D0488,sepeda,
D0488,motor,
D0488,Pada,
D0488,saat,
D0488,itu,
D0488,kedua,
D0488,pelaku,
D0488,juga,
D0488,mengancam,
D0488,korban,
D0488,dengan,
D0488,menggunakan,
D0488,pisau,
D0488,Korban,
D0488,yang,
D0488,ketakutan,
D0488,langsung,
D0488,turun,
D0488,dari,
D0488,sepeda,
D0488,motornya,
D0488,Pada,
D0488,kejadian,
D0488,terakhir,
D0488,korbannya,
D0488,adalah,
D0488,pelajar,
D0488,dia,
D0488,mengendarai,
D0488,sepeda,
D0488,motornya,
D0488,jam,
D0488,2000,
D0488,WIB,
D0488,Kemudian,
D0488,disikat,
D0488,dari,
D0488,depan,
D0488,diancam,
D0488,dengan,
D0488,senjata,
D0488,tajam,
D0488,lalu,
D0488,diambil,
D0488,sepeda,
D0488,motornya,
D0488,sebutnya,
D0488,Mantan,
D0488,Kapolres,
D0488,Jakarta,
D0488,Utara,
D0488,itu,
D0488,mengatakan,
D0488,pelaku,
D0488,Budi,
D0488,Gompel,
D0488,ditangkap,
D0488,saat,
D0488,tengah,
D0488,mengendarai,
D0488,sepeda,
D0488,motor,
D0488,di,
D0488,Jalan,
D0488,Selamat,
D0488,Ketaren,
D0488,Kecamatan,
D0488,Percut,
D0488,Sei,
D0488,Tuan,
D0488,Namun,
D0488,saat,
D0488,itu,
D0488,pelaku,
D0488,berupaya,
D0488,melarikan,
D0488,diri,
D0488,Petugas,
D0488,kepolisian,
D0488,pun,
D0488,sempat,
D0488,mengeluarkan,
D0488,beberapa,
D0488,kali,
D0488,tembakan,
D0488,peringatan,
D0488,ke,
D0488,udara,
D0488,Kemudian,
D0488,saat,
D0488,ditangkap,
D0488,pelaku,
D0488,juga,
D0488,mengancam,
D0488,dan,
D0488,menodongkan,
D0488,pisau,
D0488,ke,
D0488,petugas,
D0488,Pada,
D0488,akhirnya,
D0488,petugas,
D0488,kepolisian,
D0488,menembak,
D0488,pelaku,
D0488,yang,
D0488,mengenai,
D0488,bagian,
D0488,dadanya,
D0488,Setelah,
D0488,itu,
D0488,petugas,
D0488,melarikan,
D0488,pelaku,
D0488,ke,
D0488,RS,
D0488,Bhayangkara,
D0488,Medan,
D0488,Namun,
D0488,nahas,
D0488,nyawa,
D0488,pelaku,
D0488,tidak,
D0488,tertolong,
D0488,Polrestabes,
D0488,Medan,
D0488,kembali,
D0488,melakukan,
D0488,tindakan,
D0488,tegas,
D0488,terukur,
D0488,yang,
D0488,mengakibatkan,
D0488,tersangka,
D0488,harus,
D0488,menghembuskan,
D0488,napasnya,
D0488,Hal,
D0488,ini,
D0488,terpaksa,
D0488,kita,
D0488,lakukan,
D0488,karena,
D0488,yang,
D0488,bersangkutan,
D0488,melakukan,
D0488,perlawanan,
D0488,dan,
D0488,yang,
D0488,bersangkutan,
D0488,sangat,
D0488,membahayakan,
D0488,jelasnya,
D0488,Perwira,
D0488,menengah,
D0488,Polri,
D0488,itu,
D0488,menyebut,
D0488,pelaku,
D0488,Budi,
D0488,ini,
D0488,adalah,
D0488,residivis,
D0488,Sebelumnya,
D0488,pelaku,
D0488,telah,
D0488,tiga,
D0488,kali,
D0488,divonis,
D0488,karena,
D0488,kasus,
D0488,pembegalan,
D0488,Yang,
D0488,bersangkutan,
D0488,juga,
D0488,merupakan,
D0488,residivis,
D0488,dari,
D0488,tiga,
D0488,kali,
D0488,peristiwa,
D0488,pidana,
D0488,Sebelumnya,
D0488,yaitu,
D0488,pada,
D0488,tahun,
D0488,2016,
D0488,vonis,
D0488,tiga,
D0488,tahun,
D0488,2019,
D0488,vonis,
D0488,tiga,
D0488,tahun,
D0488,2021,
D0488,vonis,
D0488,1,
D0488,tahun,
D0488,10,
D0488,bulan,
D0488,dengan,
D0488,modus,
D0488,yang,
D0488,sama,
D0488,pencurian,
D0488,dengan,
D0488,kekerasan,
D0488,obyeknya,
D0488,sepeda,
D0488,motor,
D0488,pungkasnya,
D0489,Buntut,
D0489,penyerangan,
D0489,rumah,
D0489,warga,
D0489,di,
D0489,Desa,
D0489,Bangun,
D0489,Sari,
D0489,Kecamatan,
D0489,Silau,
D0489,Laut,
D0489,Kabupaten,
D0489,Asahan,
D0489,Sumatera,
D0489,Utara,
D0489,oleh,
D0489,sekelompok,
D0489,remaja,
D0489,polisi,
D0489,bergerak,
D0489,menyisir,
D0489,komunitas,
D0489,remaja,
D0489,yang,
D0489,terafiliasi,
D0489,geng,
D0489,motor,
D0489,alias,
D0489,gemot,
D0489,Tiga,
D0489,kelompok,
D0489,geng,
D0489,motor,
D0489,remaja,
D0489,diamankan,
D0489,berikut,
D0489,senjata,
D0489,tajam,
D0489,mereka,
D0489,Sampai,
D0489,hari,
D0489,ini,
D0489,sedikitnya,
D0489,ada,
D0489,tiga,
D0489,kelompok,
D0489,geng,
D0489,motor,
D0489,yang,
D0489,sudah,
D0489,kita,
D0489,amankan,
D0489,dan,
D0489,didapat,
D0489,beberapa,
D0489,barang,
D0489,bukti,
D0489,senjata,
D0489,tajam,
D0489,berhasil,
D0489,disita,
D0489,kata,
D0489,Kapolres,
D0489,Asahan,
D0489,AKBP,
D0489,Afdhal,
D0489,Junaidi,
D0489,kepada,
D0489,wartawan,
D0489,Rabu,
D0489,20112024,
D0489,Seluruh,
D0489,anggota,
D0489,geng,
D0489,motor,
D0489,itu,
D0489,ratarata,
D0489,merupakan,
D0489,remaja,
D0489,yang,
D0489,masih,
D0489,di,
D0489,bawah,
D0489,umur,
D0489,berusia,
D0489,sekolah,
D0489,mulai,
D0489,dari,
D0489,SMP,
D0489,hingga,
D0489,SMA,
D0489,Pada,
D0489,waktu,
D0489,tertentu,
D0489,mereka,
D0489,biasanya,
D0489,berkonvoi,
D0489,dan,
D0489,tak,
D0489,jarang,
D0489,membawa,
D0489,senjata,
D0489,tajam,
D0489,SCROLL,
D0489,TO,
D0489,CONTINUE,
D0489,WITH,
D0489,CONTENT,
D0489,Senjata,
D0489,tajam,
D0489,yang,
D0489,kita,
D0489,amankan,
D0489,macammacam,
D0489,ada,
D0489,pedang,
D0489,parang,
D0489,golok,
D0489,panah,
D0489,beracun,
D0489,tongkat,
D0489,baseball,
D0489,adalagi,
D0489,sajam,
D0489,jenis,
D0489,parang,
D0489,pencabut,
D0489,nyawa,
D0489,yang,
D0489,memang,
D0489,sengaja,
D0489,dibuat,
D0489,oleh,
D0489,anakanak,
D0489,ini,
D0489,kata,
D0489,Afdhal,
D0489,Menurut,
D0489,Afdhal,
D0489,motif,
D0489,kelompok,
D0489,remaja,
D0489,ini,
D0489,membentuk,
D0489,geng,
D0489,motor,
D0489,biasanya,
D0489,untuk,
D0489,pencarian,
D0489,jati,
D0489,diri,
D0489,dan,
D0489,identitas,
D0489,Namun,
D0489,dalam,
D0489,aktivitasnya,
D0489,mereka,
D0489,rentan,
D0489,bergesekan,
D0489,dengan,
D0489,kelompok,
D0489,lain,
D0489,hanya,
D0489,gegara,
D0489,masalah,
D0489,sepele,
D0489,Masalah,
D0489,sepele,
D0489,antar,
D0489,kelompok,
D0489,ini,
D0489,bisa,
D0489,saling,
D0489,ribut,
D0489,Paling,
D0489,sering,
D0489,ejekejekan,
D0489,di,
D0489,sosial,
D0489,media,
D0489,lalu,
D0489,janjian,
D0489,untuk,
D0489,bertemu,
D0489,di,
D0489,satu,
D0489,tempat,
D0489,ujarnya,
D0489,Sebelumnya,
D0489,Polres,
D0489,Asahan,
D0489,telah,
D0489,menahan,
D0489,enam,
D0489,orang,
D0489,anggota,
D0489,geng,
D0489,motor,
D0489,di,
D0489,Asahan,
D0489,buntut,
D0489,dari,
D0489,pengrusakan,
D0489,rumah,
D0489,warga,
D0489,di,
D0489,Asahan,
D0489,Lima,
D0489,di,
D0489,antaranya,
D0489,merupakan,
D0489,anak,
D0489,di,
D0489,bawah,
D0489,umur,
D0489,dan,
D0489,berstatus,
D0489,pelajar,
D0489,dan,
D0489,seorang,
D0489,lagi,
D0489,mahasiswa,
D0489,Aksi,
D0489,penyerangan,
D0489,oleh,
D0489,anggota,
D0489,geng,
D0489,motor,
D0489,remaja,
D0489,ini,
D0489,terjadi,
D0489,pada,
D0489,hari,
D0489,Minggu,
D0489,17,
D0489,November,
D0489,2024,
D0489,dini,
D0489,hari,
D0489,lalu,
D0489,sekitar,
D0489,pukul,
D0489,0200,
D0489,WIB,
D0489,tepatnya,
D0489,di,
D0489,rumah,
D0489,Ibu,
D0489,Masniati,
D0489,Siregar,
D0489,di,
D0489,mana,
D0489,para,
D0489,pelaku,
D0489,ini,
D0489,ada,
D0489,menaruh,
D0489,dendam,
D0489,kepada,
D0489,anak,
D0489,si,
D0489,pemilik,
D0489,rumah,
D0489,kata,
D0489,Kapolres,
D0489,Asahan,
D0489,Para,
D0489,remaja,
D0489,tersebut,
D0489,melempari,
D0489,rumah,
D0489,korban,
D0489,menggunakan,
D0489,batu,
D0489,dan,
D0489,botol,
D0489,Akibatnya,
D0489,kaca,
D0489,rumah,
D0489,korban,
D0489,mengalami,
D0489,kerusakan,
D0490,Pemuda,
D0490,bernama,
D0490,Wildan,
D0490,24,
D0490,di,
D0490,Kabupaten,
D0490,Mandailing,
D0490,Natal,
D0490,Madina,
D0490,Sumatera,
D0490,Utara,
D0490,Sumut,
D0490,tega,
D0490,menghabisi,
D0490,nyawa,
D0490,ibu,
D0490,kandungnya,
D0490,sendiri,
D0490,bernama,
D0490,Rohani,
D0490,66,
D0490,Wildan,
D0490,melakukan,
D0490,aksi,
D0490,sadisnya,
D0490,itu,
D0490,hanya,
D0490,karena,
D0490,tidak,
D0490,diberi,
D0490,uang,
D0490,Pembunuhan,
D0490,tersebut,
D0490,terjadi,
D0490,di,
D0490,rumah,
D0490,korban,
D0490,dan,
D0490,pelaku,
D0490,di,
D0490,Desa,
D0490,Huraba,
D0490,II,
D0490,Kecamatan,
D0490,Siabu,
D0490,Senin,
D0490,18112024,
D0490,sekitar,
D0490,pukul,
D0490,0800,
D0490,WIB,
D0490,Kapolres,
D0490,Madina,
D0490,AKBP,
D0490,Arie,
D0490,Sofandi,
D0490,Paloh,
D0490,mengatakan,
D0490,peristiwa,
D0490,itu,
D0490,berawal,
D0490,ketika,
D0490,pelaku,
D0490,meminta,
D0490,uang,
D0490,kepada,
D0490,korban,
D0490,Namun,
D0490,korban,
D0490,mengaku,
D0490,tidak,
D0490,memiliki,
D0490,uang,
D0490,Alhasil,
D0490,pelaku,
D0490,emosi,
D0490,dan,
D0490,terjadi,
D0490,cekcok,
D0490,antara,
D0490,mereka,
D0490,SCROLL,
D0490,TO,
D0490,CONTINUE,
D0490,WITH,
D0490,CONTENT,
D0490,Pelaku,
D0490,emosi,
D0490,dan,
D0490,terjadi,
D0490,pertengkaran,
D0490,yang,
D0490,akhirnya,
D0490,pelaku,
D0490,mengambil,
D0490,parang,
D0490,dan,
D0490,mengayunkan,
D0490,sebilah,
D0490,parang,
D0490,ke,
D0490,arah,
D0490,leher,
D0490,korban,
D0490,bagian,
D0490,belakang,
D0490,kata,
D0490,Arie,
D0490,Selasa,
D0490,1911,
D0490,Korban,
D0490,pun,
D0490,terjatuh,
D0490,ke,
D0490,lantai,
D0490,dengan,
D0490,kondisi,
D0490,berlumuran,
D0490,darah,
D0490,Pihak,
D0490,kepolisian,
D0490,yang,
D0490,menerima,
D0490,informasi,
D0490,kejadian,
D0490,itu,
D0490,turun,
D0490,ke,
D0490,lokasi,
D0490,untuk,
D0490,mengamankan,
D0490,pelaku,
D0490,Kemudian,
D0490,pelaku,
D0490,diboyong,
D0490,ke,
D0490,kantor,
D0490,polisi,
D0490,sedangkan,
D0490,korban,
D0490,langsung,
D0490,dievakuasi,
D0490,ke,
D0490,RSUD,
D0490,Panyabungan,
D0490,Nahas,
D0490,korban,
D0490,dinyatakan,
D0490,meninggal,
D0490,dunia,
D0490,Dibantu,
D0490,dengan,
D0490,warga,
D0490,sekitar,
D0490,petugas,
D0490,mengamankan,
D0490,pelaku,
D0490,yang,
D0490,juga,
D0490,anak,
D0490,kandung,
D0490,korban,
D0490,sendiri,
D0490,ujarnya,
D0490,Selain,
D0490,menangkap,
D0490,pelaku,
D0490,polisi,
D0490,juga,
D0490,mengamankan,
D0490,parang,
D0490,yang,
D0490,dipakai,
D0490,pelaku,
D0490,untuk,
D0490,membacok,
D0490,korban,
D0490,Pihak,
D0490,kepolisian,
D0490,mengatakan,
D0490,motif,
D0490,pembunuhan,
D0490,itu,
D0490,karena,
D0490,pelaku,
D0490,kesal,
D0490,tak,
D0490,diberi,
D0490,uang,
D0490,oleh,
D0490,korban,
D0490,Pelaku,
D0490,meminta,
D0490,uang,
D0490,kepada,
D0490,korban,
D0490,tapi,
D0490,karena,
D0490,tidak,
D0490,ada,
D0490,uang,
D0490,korban,
D0490,pelaku,
D0490,emosi,
D0490,jelasnya,
D0490,Arie,
D0490,mengatakan,
D0490,berdasarkan,
D0490,pengakuan,
D0490,pelaku,
D0490,dia,
D0490,memang,
D0490,sering,
D0490,meminta,
D0490,uang,
D0490,kepada,
D0490,korban,
D0490,Uang,
D0490,itu,
D0490,biasanya,
D0490,digunakan,
D0490,pelaku,
D0490,untuk,
D0490,kehidupannya,
D0490,seharihari,
D0490,dan,
D0490,untuk,
D0490,membeli,
D0490,narkoba,
D0490,Pengakuan,
D0490,pelaku,
D0490,bahwa,
D0490,keseharian,
D0490,pelaku,
D0490,meminta,
D0490,uang,
D0490,kepada,
D0490,Korban,
D0490,untuk,
D0490,keperluan,
D0490,seharihari,
D0490,pelaku,
D0490,seperti,
D0490,membeli,
D0490,minum,
D0490,di,
D0490,warung,
D0490,dan,
D0490,membeli,
D0490,narkotika,
D0490,jelasnya,
D0490,Atas,
D0490,perbuatannya,
D0490,pelaku,
D0490,dijerat,
D0490,Pasal,
D0490,338,
D0490,Subs,
D0490,Pasal,
D0490,351,
D0490,Ayat,
D0490,3,
D0490,KUHPidana,
D0490,Ancaman,
D0490,hukuman,
D0490,15,
D0490,tahun,
D0490,penjara,
D0490,kata,
D0490,Arie,
D0491,Polisi,
D0491,mengungkap,
D0491,kasus,
D0491,pembegalan,
D0491,seorang,
D0491,warga,
D0491,Garut,
D0491,yang,
D0491,jadi,
D0491,perbincangan,
D0491,di,
D0491,media,
D0491,sosial,
D0491,karena,
D0491,pelakunya,
D0491,terlihat,
D0491,membawa,
D0491,senjata,
D0491,api,
D0491,laras,
D0491,panjang,
D0491,Dua,
D0491,pelaku,
D0491,diringkus,
D0491,satu,
D0491,di,
D0491,antaranya,
D0491,tewas,
D0491,karena,
D0491,melawan,
D0491,petugas,
D0491,Aksi,
D0491,pembegalan,
D0491,yang,
D0491,menimpa,
D0491,seorang,
D0491,warga,
D0491,Garut,
D0491,ini,
D0491,terjadi,
D0491,di,
D0491,kawasan,
D0491,Leuwigoong,
D0491,sekitar,
D0491,seminggu,
D0491,lalu,
D0491,dari,
D0491,hari,
D0491,ini,
D0491,Senin,
D0491,18112024,
D0491,Menurut,
D0491,Kapolres,
D0491,Garut,
D0491,AKBP,
D0491,M,
D0491,Fajar,
D0491,Gemilang,
D0491,dua,
D0491,orang,
D0491,pelaku,
D0491,beroperasi,
D0491,dengan,
D0491,cara,
D0491,mengendap,
D0491,di,
D0491,tempat,
D0491,sepi,
D0491,kemudian,
D0491,mengambil,
D0491,secara,
D0491,paksa,
D0491,motor,
D0491,milik,
D0491,korban,
D0491,yang,
D0491,sedang,
D0491,melintas,
D0491,di,
D0491,lokasi,
D0491,Berdasarkan,
D0491,keterangan,
D0491,korban,
D0491,dia,
D0491,ditodong,
D0491,senjata,
D0491,api,
D0491,laras,
D0491,panjang,
D0491,dan,
D0491,samurai,
D0491,oleh,
D0491,dua,
D0491,orang,
D0491,pelaku,
D0491,Karena,
D0491,ketakutan,
D0491,korban,
D0491,kemudian,
D0491,memberikan,
D0491,sepeda,
D0491,motor,
D0491,miliknya,
D0491,ucap,
D0491,Fajar,
D0491,SCROLL,
D0491,TO,
D0491,CONTINUE,
D0491,WITH,
D0491,CONTENT,
D0491,Pelaku,
D0491,kemudian,
D0491,berlalu,
D0491,meninggalkan,
D0491,korban,
D0491,Seorang,
D0491,pelaku,
D0491,pergi,
D0491,menggunakan,
D0491,motor,
D0491,curian,
D0491,satunya,
D0491,lagi,
D0491,bergegas,
D0491,menggunakan,
D0491,sebuah,
D0491,mobil,
D0491,minibus,
D0491,Korban,
D0491,kemudian,
D0491,melaporkan,
D0491,kejadian,
D0491,itu,
D0491,Polisi,
D0491,kemudian,
D0491,melakukan,
D0491,penyelidikan,
D0491,mendalam,
D0491,Semula,
D0491,kasus,
D0491,ini,
D0491,sempat,
D0491,buntu,
D0491,karena,
D0491,tidak,
D0491,adanya,
D0491,informasi,
D0491,dan,
D0491,petunjuk,
D0491,yang,
D0491,dimiliki,
D0491,selain,
D0491,keterangan,
D0491,korban,
D0491,Petunjuk,
D0491,kemudian,
D0491,muncul,
D0491,di,
D0491,kemudian,
D0491,hari,
D0491,Dua,
D0491,hari,
D0491,berselang,
D0491,setelah,
D0491,kejadian,
D0491,tepatnya,
D0491,pada,
D0491,13,
D0491,November,
D0491,2024,
D0491,CCTV,
D0491,warga,
D0491,menyorot,
D0491,aktivitas,
D0491,tak,
D0491,biasa,
D0491,dua,
D0491,pria,
D0491,tak,
D0491,dikenal,
D0491,di,
D0491,kawasan,
D0491,Kadungora,
D0491,Kedua,
D0491,pria,
D0491,itu,
D0491,mengendapngendap,
D0491,dengan,
D0491,menenteng,
D0491,masingmasing,
D0491,samurai,
D0491,dan,
D0491,sebuah,
D0491,benda,
D0491,yang,
D0491,terlihat,
D0491,menyerupai,
D0491,senjata,
D0491,api,
D0491,laras,
D0491,panjang,
D0491,Dari,
D0491,petunjuk,
D0491,itu,
D0491,polisi,
D0491,kemudian,
D0491,melacak,
D0491,dua,
D0491,sosok,
D0491,tersebut,
D0491,Munculah,
D0491,identitas,
D0491,dua,
D0491,orang,
D0491,pria,
D0491,masingmasing,
D0491,CS,
D0491,alias,
D0491,Kukuh,
D0491,40,
D0491,dan,
D0491,AR,
D0491,alias,
D0491,Dira,
D0491,23,
D0491,Keduanya,
D0491,adalah,
D0491,incaran,
D0491,petugas,
D0491,kepolisian,
D0491,di,
D0491,beberapa,
D0491,daerah,
D0491,di,
D0491,Pulau,
D0491,Jawa,
D0491,karena,
D0491,diduga,
D0491,terlibat,
D0491,dalam,
D0491,beragam,
D0491,kejadian,
D0491,pencurian,
D0491,dengan,
D0491,kekerasan,
D0491,Polisi,
D0491,kemudian,
D0491,memburunya,
D0491,Informasi,
D0491,diperoleh,
D0491,jika,
D0491,keduanya,
D0491,akan,
D0491,melakukan,
D0491,aksi,
D0491,pencurian,
D0491,di,
D0491,kawasan,
D0491,Garut,
D0491,Kota,
D0491,Polisi,
D0491,mengendus,
D0491,keduanya,
D0491,berada,
D0491,di,
D0491,sekitaran,
D0491,Pasar,
D0491,Mandalagiri,
D0491,Garut,
D0491,Kota,
D0491,Upaya,
D0491,penangkapan,
D0491,kemudian,
D0491,dilakukan,
D0491,Polisi,
D0491,bergerak,
D0491,hatihati,
D0491,karena,
D0491,kedua,
D0491,pelaku,
D0491,ini,
D0491,menguasai,
D0491,pistol,
D0491,yang,
D0491,diduga,
D0491,kuat,
D0491,merupakan,
D0491,senjata,
D0491,api,
D0491,rakitan,
D0491,Kecurigaan,
D0491,petugas,
D0491,itu,
D0491,kemudian,
D0491,terbukti,
D0491,Saat,
D0491,dilakukan,
D0491,penangkapan,
D0491,Kukuh,
D0491,mengancam,
D0491,petugas,
D0491,dengan,
D0491,pistol,
D0491,laras,
D0491,panjang,
D0491,yang,
D0491,dimilikinya,
D0491,Keduanya,
D0491,melawan,
D0491,Akhirnya,
D0491,petugas,
D0491,kami,
D0491,melakukan,
D0491,tindakan,
D0491,tegas,
D0491,dan,
D0491,terukur,
D0491,Tersangka,
D0491,CS,
D0491,alias,
D0491,Kukuh,
D0491,mengalami,
D0491,luka,
D0491,tembak,
D0491,katanya,
D0491,Kukuh,
D0491,tewas,
D0491,setelah,
D0491,sebelumnya,
D0491,sempat,
D0491,dilarikan,
D0491,ke,
D0491,rumah,
D0491,sakit,
D0491,untuk,
D0491,mendapatkan,
D0491,pertolongan,
D0491,Sedangkan,
D0491,Dira,
D0491,langsung,
D0491,diringkus,
D0491,petugas,
D0491,dan,
D0491,diinterogasi,
D0491,di,
D0491,Polres,
D0491,Garut,
D0491,Saat,
D0491,ini,
D0491,kami,
D0491,tengah,
D0491,memeriksa,
D0491,AR,
D0491,untuk,
D0491,mendalami,
D0491,serangkaian,
D0491,aksi,
D0491,mereka,
D0491,baik,
D0491,di,
D0491,Garut,
D0491,maupun,
D0491,di,
D0491,luar,
D0491,daerah,
D0491,ungkap,
D0491,Fajar,
D0491,Kukuh,
D0491,diketahui,
D0491,merupakan,
D0491,residivis,
D0491,dalam,
D0491,kasus,
D0491,pencurian,
D0491,dengan,
D0491,kekerasan,
D0491,Dia,
D0491,sudah,
D0491,keluarmasuk,
D0491,penjara,
D0491,6,
D0491,kali,
D0491,Saat,
D0491,melakukan,
D0491,aksinya,
D0491,di,
D0491,Garut,
D0491,Kukuh,
D0491,ternyata,
D0491,baru,
D0491,saja,
D0491,bebas,
D0491,bersyarat,
D0491,dari,
D0491,Lapas,
D0491,di,
D0491,Pekalongan,
D0491,Sedangkan,
D0491,partnernya,
D0491,melakukan,
D0491,aksi,
D0491,perampokan,
D0491,Dira,
D0491,merupakan,
D0491,pemuda,
D0491,sangar,
D0491,yang,
D0491,pernah,
D0491,dibui,
D0491,garagara,
D0491,melakukan,
D0491,penganiayaan,
D0491,yang,
D0491,mengakibatkan,
D0491,luka,
D0491,berat,
D0491,pada,
D0491,korbannya,
D0491,Aksi,
D0491,itu,
D0491,dilakukan,
D0491,Dira,
D0491,di,
D0491,kampung,
D0491,halamannya,
D0491,di,
D0491,Kadungora,
D0491,Garut,
D0491,Informasi,
D0491,yang,
D0491,diterima,
D0491,pihak,
D0491,Polres,
D0491,Garut,
D0491,Kukuh,
D0491,sempat,
D0491,melakukan,
D0491,aksi,
D0491,pencurian,
D0491,dengan,
D0491,kekerasan,
D0491,menggunakan,
D0491,senjata,
D0491,api,
D0491,laras,
D0491,panjang,
D0491,miliknya,
D0491,di,
D0491,Kabupaten,
D0491,Batang,
D0491,Jawa,
D0491,Tengah,
D0491,beberapa,
D0491,waktu,
D0491,lalu,
D0491,Senjata,
D0491,api,
D0491,laras,
D0491,panjang,
D0491,ini,
D0491,merupakan,
D0491,rakitan,
D0491,Sedang,
D0491,kami,
D0491,telusuri,
D0491,dari,
D0491,mana,
D0491,asalusulnya,
D0491,Terkait,
D0491,aksi,
D0491,para,
D0491,pelaku,
D0491,di,
D0491,daerah,
D0491,lain,
D0491,sedang,
D0491,kami,
D0491,dalami,
D0491,juga,
D0491,pungkas,
D0491,Fajar,
D0492,Polisi,
D0492,menangkap,
D0492,seorang,
D0492,mahasiswa,
D0492,berinisial,
D0492,MTA,
D0492,20,
D0492,yang,
D0492,diduga,
D0492,terlibat,
D0492,dalam,
D0492,kasus,
D0492,tabrak,
D0492,lari,
D0492,yang,
D0492,menewaskan,
D0492,seorang,
D0492,warga,
D0492,Ngaglik,
D0492,Sleman,
D0492,pada,
D0492,Kamis,
D0492,1411,
D0492,lalu,
D0492,Korban,
D0492,bernama,
D0492,Santoso,
D0492,45,
D0492,ditemukan,
D0492,tewas,
D0492,di,
D0492,pinggir,
D0492,Jalan,
D0492,Padjajaran,
D0492,atau,
D0492,Ring,
D0492,Road,
D0492,Utara,
D0492,Sleman,
D0492,Yogyakarta,
D0492,MTA,
D0492,yang,
D0492,merupakan,
D0492,sopir,
D0492,mobil,
D0492,Xpander,
D0492,yang,
D0492,terlibat,
D0492,kecelakaan,
D0492,diamankan,
D0492,oleh,
D0492,Tim,
D0492,Opsnal,
D0492,Jatanras,
D0492,Polda,
D0492,DIY,
D0492,di,
D0492,Bantul,
D0492,bersama,
D0492,seorang,
D0492,wanita,
D0492,berinisial,
D0492,N,
D0492,Berdasarkan,
D0492,hasil,
D0492,penyelidikan,
D0492,keduanya,
D0492,melakukan,
D0492,seks,
D0492,sambil,
D0492,berkendara,
D0492,Kapolresta,
D0492,Sleman,
D0492,Kombes,
D0492,Yuswanto,
D0492,Ardi,
D0492,menyebutkan,
D0492,bahwa,
D0492,kejadian,
D0492,ini,
D0492,berawal,
D0492,ketika,
D0492,MTA,
D0492,mengemudi,
D0492,dalam,
D0492,kondisi,
D0492,terpengaruh,
D0492,alkohol,
D0492,Selain,
D0492,itu,
D0492,MTA,
D0492,mengaku,
D0492,bahwa,
D0492,di,
D0492,dalam,
D0492,mobil,
D0492,N,
D0492,juga,
D0492,melakukan,
D0492,aktivitas,
D0492,seks,
D0492,oral,
D0492,saat,
D0492,ia,
D0492,menyetir,
D0492,SCROLL,
D0492,TO,
D0492,CONTINUE,
D0492,WITH,
D0492,CONTENT,
D0492,Saat,
D0492,itu,
D0492,kami,
D0492,habis,
D0492,minum,
D0492,alkohol,
D0492,lalu,
D0492,kami,
D0492,berputar,
D0492,balik,
D0492,ke,
D0492,arah,
D0492,flyover,
D0492,Sebelum,
D0492,flyover,
D0492,si,
D0492,N,
D0492,buka,
D0492,resleting,
D0492,saya,
D0492,kata,
D0492,MTA,
D0492,dilansir,
D0492,dari,
D0492,detikJogja,
D0492,Miggu,
D0492,17112024,
D0492,MTA,
D0492,juga,
D0492,mengaku,
D0492,tidak,
D0492,sadar,
D0492,telah,
D0492,menabrak,
D0492,korban,
D0492,Saya,
D0492,nggak,
D0492,sadar,
D0492,nabrak,
D0492,orang,
D0492,Di,
D0492,pikiran,
D0492,saya,
D0492,itu,
D0492,cuma,
D0492,nabrak,
D0492,tiang,
D0492,atau,
D0492,trotoar,
D0492,jelasnya,
D0492,Kapolresta,
D0492,Ardi,
D0492,menambahkan,
D0492,MTA,
D0492,dijerat,
D0492,dengan,
D0492,dua,
D0492,pasal,
D0492,dalam,
D0492,UndangUndang,
D0492,Lalu,
D0492,Lintas,
D0492,dan,
D0492,Angkutan,
D0492,Jalan,
D0492,Pasal,
D0492,310,
D0492,ayat,
D0492,4,
D0492,tentang,
D0492,kecelakaan,
D0492,yang,
D0492,mengakibatkan,
D0492,korban,
D0492,meninggal,
D0492,dunia,
D0492,serta,
D0492,Pasal,
D0492,312,
D0492,terkait,
D0492,tidak,
D0492,memberikan,
D0492,pertolongan,
D0492,kepada,
D0492,korban,
D0492,Selain,
D0492,itu,
D0492,kita,
D0492,juga,
D0492,akan,
D0492,menambahkan,
D0492,pasal,
D0492,berlapis,
D0492,terkait,
D0492,kelalaian,
D0492,dalam,
D0492,mengemudi,
D0492,yang,
D0492,menyebabkan,
D0492,kematian,
D0492,ujar,
D0492,Ardi,
D0492,Meski,
D0492,MTA,
D0492,dan,
D0492,N,
D0492,diamankan,
D0492,polisi,
D0492,hanya,
D0492,menetapkan,
D0492,MTA,
D0492,sebagai,
D0492,tersangka,
D0492,Sementara,
D0492,N,
D0492,saat,
D0492,ini,
D0492,berstatus,
D0492,sebagai,
D0492,saksi,
D0492,Dalam,
D0492,kasus,
D0492,ini,
D0492,yang,
D0492,menjadi,
D0492,subjek,
D0492,hukum,
D0492,adalah,
D0492,pengemudi,
D0492,dalam,
D0492,hal,
D0492,ini,
D0492,MTA,
D0492,yang,
D0492,berprofesi,
D0492,sebagai,
D0492,mahasiswa,
D0492,jelas,
D0492,Ardi,
D0492,Polisi,
D0492,masih,
D0492,terus,
D0492,melakukan,
D0492,penyelidikan,
D0492,lebih,
D0492,lanjut,
D0492,terkait,
D0492,kejadian,
D0492,tersebut,
D0492,Artikel,
D0492,ini,
D0492,telah,
D0492,tayang,
D0492,di,
D0492,detikJogja,
D0492,Baca,
D0492,selengkapnya,
D0492,di,
D0492,sini,
D0493,Dua,
D0493,orang,
D0493,residivis,
D0493,kasus,
D0493,pecah,
D0493,kaca,
D0493,berinisial,
D0493,RP,
D0493,41,
D0493,dan,
D0493,DA,
D0493,31,
D0493,yang,
D0493,beraksi,
D0493,di,
D0493,villa,
D0493,Pesona,
D0493,Asri,
D0493,Batam,
D0493,Kepulauan,
D0493,Riau,
D0493,Kepri,
D0493,ditangkap,
D0493,polisi,
D0493,Keduanya,
D0493,diamankan,
D0493,usai,
D0493,aksinya,
D0493,terpergok,
D0493,korban,
D0493,dan,
D0493,warga,
D0493,sekitar,
D0493,Jadi,
D0493,kedua,
D0493,pelaku,
D0493,pecah,
D0493,kaca,
D0493,ini,
D0493,tertangkap,
D0493,basah,
D0493,oleh,
D0493,korban,
D0493,mereka,
D0493,saat,
D0493,memecahkan,
D0493,kaca,
D0493,mobil,
D0493,Kemudian,
D0493,korban,
D0493,berteriak,
D0493,dan,
D0493,kedua,
D0493,pelaku,
D0493,langsung,
D0493,diamankan,
D0493,warga,
D0493,pada,
D0493,Jumat,
D0493,1511,
D0493,kata,
D0493,Kapolresta,
D0493,Barelang,
D0493,Kombes,
D0493,Heribertus,
D0493,Ompusunggu,
D0493,Jumat,
D0493,16112024,
D0493,Heribertus,
D0493,mengatakan,
D0493,saat,
D0493,kedua,
D0493,pelaku,
D0493,diamankan,
D0493,warga,
D0493,tim,
D0493,Satreskrim,
D0493,Polresta,
D0493,Barelang,
D0493,yang,
D0493,sedang,
D0493,patroli,
D0493,langsung,
D0493,mendatangi,
D0493,lokasi,
D0493,Keduanya,
D0493,kemudian,
D0493,langsung,
D0493,dibawa,
D0493,ke,
D0493,Polresta,
D0493,Barelang,
D0493,SCROLL,
D0493,TO,
D0493,CONTINUE,
D0493,WITH,
D0493,CONTENT,
D0493,Keduanya,
D0493,langsung,
D0493,diamankan,
D0493,oleh,
D0493,tim,
D0493,yang,
D0493,sedang,
D0493,berpatroli,
D0493,Kemudian,
D0493,mereka,
D0493,dibawa,
D0493,ke,
D0493,Polresta,
D0493,Barelang,
D0493,ujarnya,
D0493,Dari,
D0493,pemeriksaan,
D0493,polisi,
D0493,kedua,
D0493,pelaku,
D0493,mengaku,
D0493,telah,
D0493,mengikuti,
D0493,korban,
D0493,saat,
D0493,mengambil,
D0493,uang,
D0493,di,
D0493,Bank,
D0493,BCA,
D0493,Keduanya,
D0493,membuntuti,
D0493,mobil,
D0493,korban,
D0493,hingga,
D0493,ke,
D0493,lokasi,
D0493,kejadian,
D0493,Jadi,
D0493,para,
D0493,pelaku,
D0493,sudah,
D0493,mengikuti,
D0493,korban,
D0493,dari,
D0493,bank,
D0493,Keduanya,
D0493,melihat,
D0493,ada,
D0493,kesempatan,
D0493,saat,
D0493,korban,
D0493,memarkir,
D0493,mobil,
D0493,Saat,
D0493,memecahkan,
D0493,kaca,
D0493,mobil,
D0493,korban,
D0493,rupanya,
D0493,melihat,
D0493,itu,
D0493,Kedua,
D0493,belum,
D0493,sempat,
D0493,mengambil,
D0493,uang,
D0493,Rp,
D0493,28,
D0493,juta,
D0493,ujarnya,
D0493,Dari,
D0493,pemeriksaan,
D0493,polisi,
D0493,pelaku,
D0493,RP,
D0493,41,
D0493,dan,
D0493,DA,
D0493,31,
D0493,ternyata,
D0493,merupakan,
D0493,residivis,
D0493,kasus,
D0493,serupa,
D0493,Keduanya,
D0493,diketahui,
D0493,telah,
D0493,dua,
D0493,kali,
D0493,keluar,
D0493,masuk,
D0493,penjara,
D0493,Kedua,
D0493,pelaku,
D0493,ini,
D0493,residivis,
D0493,kasus,
D0493,serupa,
D0493,Dari,
D0493,hasil,
D0493,pemeriksaan,
D0493,sebulan,
D0493,terakhir,
D0493,sudah,
D0493,beraksi,
D0493,di,
D0493,tiga,
D0493,lokasi,
D0493,di,
D0493,Batam,
D0493,ujarnya,
D0493,Saat,
D0493,diamankan,
D0493,dan,
D0493,dilakukan,
D0493,pengembangan,
D0493,kedua,
D0493,pelaku,
D0493,ini,
D0493,terpaksa,
D0493,diberikan,
D0493,tegas,
D0493,dan,
D0493,terukur,
D0493,tambahnya,
D0493,Heribertus,
D0493,mengimbau,
D0493,kepada,
D0493,masyarakat,
D0493,agar,
D0493,selalu,
D0493,berhatihati,
D0493,jika,
D0493,membawa,
D0493,uang,
D0493,dalam,
D0493,jumlah,
D0493,banyak,
D0493,Ia,
D0493,meminta,
D0493,masyarakat,
D0493,tidak,
D0493,meninggalkan,
D0493,barang,
D0493,berharga,
D0493,di,
D0493,dalam,
D0493,mobil,
D0493,Jangan,
D0493,berikan,
D0493,kesempatan,
D0493,kepada,
D0493,pelaku,
D0493,kejahatan,
D0493,Tetap,
D0493,waspada,
D0493,dan,
D0493,jangan,
D0493,meninggalkan,
D0493,barang,
D0493,berharga,
D0493,saat,
D0493,memarkirkan,
D0493,mobil,
D0493,ujarnya,
D0494,Berbagai,
D0494,peristiwa,
D0494,dan,
D0494,kasus,
D0494,kriminal,
D0494,terjadi,
D0494,dalam,
D0494,sepekan,
D0494,terakhir,
D0494,di,
D0494,wilayah,
D0494,Sumatera,
D0494,Utara,
D0494,Sumut,
D0494,Mulai,
D0494,dari,
D0494,begal,
D0494,yang,
D0494,tewas,
D0494,ditembak,
D0494,hingga,
D0494,narapidana,
D0494,yang,
D0494,memperkosa,
D0494,pelajar,
D0494,saat,
D0494,pingsan,
D0494,Berikut,
D0494,detikSumut,
D0494,rangkum,
D0494,peristiwa,
D0494,dan,
D0494,kasus,
D0494,kriminal,
D0494,yang,
D0494,terjadi,
D0494,di,
D0494,Sumut,
D0494,1,
D0494,Ketua,
D0494,Begal,
D0494,Tewas,
D0494,Ditembak,
D0494,SCROLL,
D0494,TO,
D0494,CONTINUE,
D0494,WITH,
D0494,CONTENT,
D0494,Polrestabes,
D0494,Medan,
D0494,menangkap,
D0494,empat,
D0494,komplotan,
D0494,begal,
D0494,bersenjata,
D0494,tajam,
D0494,yang,
D0494,sudah,
D0494,beraksi,
D0494,di,
D0494,11,
D0494,lokasi,
D0494,di,
D0494,Kota,
D0494,Medan,
D0494,dan,
D0494,Kabupaten,
D0494,Deli,
D0494,Serdang,
D0494,Salah,
D0494,satu,
D0494,pelaku,
D0494,tewas,
D0494,ditembak,
D0494,karena,
D0494,berusaha,
D0494,merebut,
D0494,senjata,
D0494,api,
D0494,milik,
D0494,petugas,
D0494,kepolisian,
D0494,saat,
D0494,akan,
D0494,diamankan,
D0494,Semuanya,
D0494,ada,
D0494,11,
D0494,TKP,
D0494,tapi,
D0494,dari,
D0494,hasil,
D0494,penelusuran,
D0494,yang,
D0494,sudah,
D0494,membuat,
D0494,laporan,
D0494,polisi,
D0494,ada,
D0494,empat,
D0494,Dari,
D0494,11,
D0494,TKP,
D0494,tersebut,
D0494,dilakukan,
D0494,oleh,
D0494,empat,
D0494,tersangka,
D0494,satu,
D0494,kelompok,
D0494,masih,
D0494,ada,
D0494,pengembangan,
D0494,lagi,
D0494,kata,
D0494,Kapolrestabes,
D0494,Medan,
D0494,Kombes,
D0494,Gidion,
D0494,Arif,
D0494,Setyawan,
D0494,saat,
D0494,konferensi,
D0494,pers,
D0494,di,
D0494,RS,
D0494,Bhayangkara,
D0494,Medan,
D0494,Senin,
D0494,11112024,
D0494,Gidion,
D0494,menjelaskan,
D0494,keempat,
D0494,pelaku,
D0494,itu,
D0494,ditangkap,
D0494,Minggu,
D0494,1011,
D0494,malam,
D0494,Keempatnya,
D0494,yakni,
D0494,Muhammad,
D0494,Dimas,
D0494,23,
D0494,Yoga,
D0494,Ramadhan,
D0494,Syah,
D0494,24,
D0494,Nugraha,
D0494,Akbar,
D0494,Ginting,
D0494,dan,
D0494,Rifki,
D0494,Pratama,
D0494,Adapun,
D0494,pelaku,
D0494,yang,
D0494,tewas,
D0494,ditembak,
D0494,adalah,
D0494,Dimas,
D0494,selaku,
D0494,ketua,
D0494,komplotan,
D0494,tersebut,
D0494,Saat,
D0494,diamankan,
D0494,para,
D0494,pelaku,
D0494,sedang,
D0494,pesta,
D0494,narkoba,
D0494,di,
D0494,salah,
D0494,satu,
D0494,hotel,
D0494,di,
D0494,Kota,
D0494,Medan,
D0494,Para,
D0494,pelaku,
D0494,kerap,
D0494,beraksi,
D0494,di,
D0494,daerah,
D0494,Kecamatan,
D0494,Pancur,
D0494,Batu,
D0494,Kecamatan,
D0494,Kutalimbaru,
D0494,dan,
D0494,Kecamatan,
D0494,Deli,
D0494,Tua,
D0494,Terbaru,
D0494,pada,
D0494,4,
D0494,November,
D0494,2024,
D0494,para,
D0494,pelaku,
D0494,membegal,
D0494,seorang,
D0494,wanita,
D0494,berusia,
D0494,55,
D0494,tahun,
D0494,sambil,
D0494,mengacungkan,
D0494,senjata,
D0494,tajam,
D0494,ke,
D0494,korban,
D0494,Saat,
D0494,kejadian,
D0494,wanita,
D0494,tersebut,
D0494,hendak,
D0494,mencari,
D0494,nafkah,
D0494,untuk,
D0494,keluarganya,
D0494,2,
D0494,3,
D0494,Pria,
D0494,di,
D0494,Dairi,
D0494,Kepergok,
D0494,Warga,
D0494,Curi,
D0494,3,
D0494,Ton,
D0494,Besi,
D0494,Jembatan,
D0494,Senilai,
D0494,Rp,
D0494,176,
D0494,Juta,
D0494,Tiga,
D0494,pria,
D0494,kepergok,
D0494,warga,
D0494,tengah,
D0494,mencuri,
D0494,besi,
D0494,jembatan,
D0494,seberat,
D0494,tiga,
D0494,ton,
D0494,di,
D0494,Kabupaten,
D0494,Dairi,
D0494,Total,
D0494,kerugian,
D0494,akibat,
D0494,ulah,
D0494,pelaku,
D0494,itu,
D0494,senilai,
D0494,Rp,
D0494,176,
D0494,juta,
D0494,Kapolres,
D0494,Dairi,
D0494,AKBP,
D0494,Agus,
D0494,Bahari,
D0494,Parama,
D0494,Artha,
D0494,mengatakan,
D0494,pencurian,
D0494,itu,
D0494,terjadi,
D0494,di,
D0494,Desa,
D0494,Silalahi,
D0494,I,
D0494,Kecamatan,
D0494,Silalahisabungan,
D0494,Jumat,
D0494,811,
D0494,Ketiga,
D0494,pelaku,
D0494,ditangkap,
D0494,pada,
D0494,hari,
D0494,yang,
D0494,sama,
D0494,Ketiganya,
D0494,yakni,
D0494,Sabarudin,
D0494,26,
D0494,Asraman,
D0494,36,
D0494,dan,
D0494,M,
D0494,Yusuf,
D0494,26,
D0494,Ada,
D0494,total,
D0494,49,
D0494,potong,
D0494,besi,
D0494,seberat,
D0494,tiga,
D0494,ton,
D0494,yang,
D0494,dicuri,
D0494,para,
D0494,pelaku,
D0494,Para,
D0494,pelaku,
D0494,berhasil,
D0494,memotong,
D0494,besi,
D0494,tersebut,
D0494,sebanyak,
D0494,49,
D0494,potong,
D0494,dengan,
D0494,ukuran,
D0494,panjang,
D0494,mencapai,
D0494,tiga,
D0494,meter,
D0494,Akibat,
D0494,kejadian,
D0494,itu,
D0494,besi,
D0494,yang,
D0494,menjadi,
D0494,tanggung,
D0494,jawab,
D0494,PUPR,
D0494,Provinsi,
D0494,Sumut,
D0494,pun,
D0494,mengalami,
D0494,kerugian,
D0494,mencapai,
D0494,Rp,
D0494,176,
D0494,juta,
D0494,kata,
D0494,Agus,
D0494,Senin,
D0494,1111,
D0494,3,
D0494,Pencuri,
D0494,Motor,
D0494,di,
D0494,Warkop,
D0494,Ditembak,
D0494,Seorang,
D0494,pencuri,
D0494,sepeda,
D0494,motor,
D0494,di,
D0494,salah,
D0494,satu,
D0494,warkop,
D0494,di,
D0494,Kota,
D0494,Medan,
D0494,bernama,
D0494,Romi,
D0494,Pangihutan,
D0494,Marpaung,
D0494,31,
D0494,mencoba,
D0494,kabur,
D0494,dari,
D0494,polisi,
D0494,usai,
D0494,ditangkap,
D0494,Akibatnya,
D0494,pihak,
D0494,kepolisian,
D0494,menembak,
D0494,bagian,
D0494,kaki,
D0494,pelaku,
D0494,Kanit,
D0494,Reskrim,
D0494,Polsek,
D0494,Medan,
D0494,Baru,
D0494,Iptu,
D0494,Dian,
D0494,Simangunsong,
D0494,mengatakan,
D0494,pencurian,
D0494,itu,
D0494,terjadi,
D0494,di,
D0494,salah,
D0494,satu,
D0494,warkop,
D0494,yang,
D0494,ada,
D0494,di,
D0494,Jalan,
D0494,Wahid,
D0494,Hasyim,
D0494,Kecamatan,
D0494,Medan,
D0494,Petisah,
D0494,Minggu,
D0494,1011,
D0494,sekira,
D0494,pukul,
D0494,0130,
D0494,WIB,
D0494,Setelah,
D0494,dicek,
D0494,di,
D0494,CCTV,
D0494,diketahui,
D0494,bahwa,
D0494,sepeda,
D0494,motor,
D0494,korban,
D0494,telah,
D0494,dicuri,
D0494,Hasil,
D0494,olah,
D0494,TKP,
D0494,dan,
D0494,cek,
D0494,rekaman,
D0494,CCTV,
D0494,terlihat,
D0494,ada,
D0494,dua,
D0494,orang,
D0494,lakilaki,
D0494,mengendarai,
D0494,sepeda,
D0494,motor,
D0494,masuk,
D0494,ke,
D0494,areal,
D0494,parkiran,
D0494,sepeda,
D0494,motor,
D0494,kata,
D0494,Dian,
D0494,Selasa,
D0494,1211,
D0494,Kemudian,
D0494,salah,
D0494,satu,
D0494,pelaku,
D0494,turun,
D0494,dari,
D0494,sepeda,
D0494,motor,
D0494,dan,
D0494,langsung,
D0494,merusak,
D0494,stang,
D0494,motor,
D0494,korban,
D0494,menggunakan,
D0494,kunci,
D0494,T,
D0494,Setelah,
D0494,itu,
D0494,pelaku,
D0494,langsung,
D0494,membawa,
D0494,kabur,
D0494,motor,
D0494,tersebut,
D0494,Pihak,
D0494,kepolisian,
D0494,yang,
D0494,menerima,
D0494,laporan,
D0494,kejadian,
D0494,itu,
D0494,lalu,
D0494,menyelidiki,
D0494,kasus,
D0494,tersebut,
D0494,Selang,
D0494,beberapa,
D0494,jam,
D0494,setelah,
D0494,kejadian,
D0494,petugas,
D0494,menemukan,
D0494,pelaku,
D0494,berada,
D0494,di,
D0494,Jalan,
D0494,Binjai,
D0494,Kecamatan,
D0494,Medan,
D0494,Denai,
D0494,tengah,
D0494,mengendarai,
D0494,sepeda,
D0494,motor,
D0494,korban,
D0494,4,
D0494,Napi,
D0494,Kabur,
D0494,Perkosa,
D0494,Pelajar,
D0494,saat,
D0494,Pingsan,
D0494,Seorang,
D0494,narapidana,
D0494,bernama,
D0494,Abdul,
D0494,Rahman,
D0494,45,
D0494,yang,
D0494,diduga,
D0494,kabur,
D0494,dari,
D0494,lapas,
D0494,ditangkap,
D0494,karena,
D0494,memperkosa,
D0494,pelajar,
D0494,di,
D0494,Kabupaten,
D0494,Mandailing,
D0494,Natal,
D0494,Madina,
D0494,inisial,
D0494,NM,
D0494,16,
D0494,Aksi,
D0494,bejat,
D0494,itu,
D0494,dilakukan,
D0494,pelaku,
D0494,di,
D0494,kebun,
D0494,karet,
D0494,saat,
D0494,korban,
D0494,tengah,
D0494,pingsan,
D0494,usai,
D0494,dianiaya,
D0494,pelaku,
D0494,Kapolres,
D0494,Madina,
D0494,AKBP,
D0494,Arie,
D0494,Sofandi,
D0494,Paloh,
D0494,mengatakan,
D0494,peristiwa,
D0494,itu,
D0494,terjadi,
D0494,pada,
D0494,Minggu,
D0494,610,
D0494,Awalnya,
D0494,pelaku,
D0494,membawa,
D0494,korban,
D0494,ke,
D0494,perkebunan,
D0494,karet,
D0494,dan,
D0494,langsung,
D0494,berupaya,
D0494,memperkosanya,
D0494,Namun,
D0494,saat,
D0494,itu,
D0494,korban,
D0494,berteriak,
D0494,hingga,
D0494,pelaku,
D0494,mencekik,
D0494,korban,
D0494,dan,
D0494,menghempaskannya,
D0494,ke,
D0494,tanah,
D0494,Akibatnya,
D0494,korban,
D0494,tidak,
D0494,sadarkan,
D0494,diri,
D0494,Melihat,
D0494,korban,
D0494,tidak,
D0494,sadarkan,
D0494,diri,
D0494,tersangka,
D0494,membuka,
D0494,pakaian,
D0494,korban,
D0494,dan,
D0494,menyetubuhinya,
D0494,kata,
D0494,Arie,
D0494,Rabu,
D0494,1311,
D0494,Usai,
D0494,menyetubuhi,
D0494,korban,
D0494,pelaku,
D0494,lalu,
D0494,pergi,
D0494,meninggalkan,
D0494,korban,
D0494,yang,
D0494,saat,
D0494,itu,
D0494,masih,
D0494,dalam,
D0494,keadaan,
D0494,pingsan,
D0494,Namun,
D0494,sebelum,
D0494,pergi,
D0494,pelaku,
D0494,juga,
D0494,sempat,
D0494,mencuri,
D0494,handphone,
D0494,korban,
D0494,Pada,
D0494,akhirnya,
D0494,pelaku,
D0494,ditangkap,
D0494,di,
D0494,Kecamatan,
D0494,Muara,
D0494,Sipongi,
D0494,Kabupaten,
D0494,Madina,
D0494,Rabu,
D0494,611,
D0494,Plh,
D0494,Kasi,
D0494,Humas,
D0494,Polres,
D0494,Madina,
D0494,Ipda,
D0494,Bagus,
D0494,Seto,
D0494,mengatakan,
D0494,pelaku,
D0494,sempat,
D0494,ditahan,
D0494,atas,
D0494,kasus,
D0494,pemerkosaan,
D0494,di,
D0494,Lapas,
D0494,Kelas,
D0494,II,
D0494,Palangkaraya,
D0494,dengan,
D0494,vonis,
D0494,15,
D0494,tahun,
D0494,penjara,
D0494,Namun,
D0494,saat,
D0494,baru,
D0494,menjalani,
D0494,dua,
D0494,tahun,
D0494,hukuman,
D0494,pelaku,
D0494,melarikan,
D0494,diri,
D0494,dari,
D0494,Lapas,
D0494,Baru,
D0494,menjalani,
D0494,hukuman,
D0494,selama,
D0494,dua,
D0494,tahun,
D0494,tersangka,
D0494,melarikan,
D0494,diri,
D0494,dari,
D0494,Lapas,
D0494,Kelas,
D0494,II,
D0494,Palangkaraya,
D0494,Kalimantan,
D0494,Tengah,
D0494,Cuman,
D0494,kami,
D0494,belum,
D0494,dapat,
D0494,data,
D0494,dari,
D0494,Kalimantan,
D0494,Tengah,
D0494,tapi,
D0494,kami,
D0494,cek,
D0494,di,
D0494,Lapas,
D0494,Panyabungan,
D0494,ternyata,
D0494,nama,
D0494,dia,
D0494,pelaku,
D0494,terdata,
D0494,di,
D0494,sana,
D0494,lapas,
D0494,dengan,
D0494,vonis,
D0494,15,
D0494,tahun,
D0494,Kemudian,
D0494,baru,
D0494,dijalani,
D0494,dua,
D0494,tahun,
D0494,dia,
D0494,melarikan,
D0494,diri,
D0494,tapi,
D0494,kami,
D0494,belum,
D0494,konfirmasi,
D0494,ke,
D0494,sana,
D0494,gitu,
D0494,kata,
D0494,Bagus,
D0494,5,
D0494,Sejoli,
D0494,DiperkosaPeras,
D0494,Sejoli,
D0494,Kepergok,
D0494,Mesum,
D0494,Empat,
D0494,pria,
D0494,di,
D0494,Kabupaten,
D0494,Mandailing,
D0494,Natal,
D0494,Madina,
D0494,terlibat,
D0494,dalam,
D0494,kasus,
D0494,pemerkosaan,
D0494,dan,
D0494,pemerasan,
D0494,sepasang,
D0494,kekasih,
D0494,Hal,
D0494,itu,
D0494,terjadi,
D0494,usai,
D0494,keempat,
D0494,pria,
D0494,itu,
D0494,memergoki,
D0494,sejoli,
D0494,tersebut,
D0494,tengah,
D0494,berbuat,
D0494,mesum,
D0494,Plh,
D0494,Kasi,
D0494,Humas,
D0494,Polres,
D0494,Madina,
D0494,Ipda,
D0494,Bagus,
D0494,Seto,
D0494,mengatakan,
D0494,peristiwa,
D0494,itu,
D0494,terjadi,
D0494,di,
D0494,lokasi,
D0494,Wisata,
D0494,Taman,
D0494,Raja,
D0494,Batu,
D0494,Desa,
D0494,Parbangunan,
D0494,Rabu,
D0494,611,
D0494,Adapun,
D0494,sejoli,
D0494,yang,
D0494,menjadi,
D0494,korban,
D0494,itu,
D0494,adalah,
D0494,wanita,
D0494,inisial,
D0494,SN,
D0494,20,
D0494,dan,
D0494,pacarnya,
D0494,MY,
D0494,27,
D0494,Sementara,
D0494,empat,
D0494,pelaku,
D0494,adalah,
D0494,MIH,
D0494,34,
D0494,seorang,
D0494,honorer,
D0494,Satpol,
D0494,PP,
D0494,W,
D0494,21,
D0494,Dedi,
D0494,dan,
D0494,P,
D0494,38,
D0494,Dalam,
D0494,perkara,
D0494,ini,
D0494,terdapat,
D0494,empat,
D0494,tersangka,
D0494,dan,
D0494,satu,
D0494,di,
D0494,antaranya,
D0494,yakni,
D0494,MIH,
D0494,sudah,
D0494,ditahan,
D0494,sejak,
D0494,9,
D0494,November,
D0494,kata,
D0494,Bagus,
D0494,Rabu,
D0494,1311,
D0494,Bagus,
D0494,menyebut,
D0494,kejadian,
D0494,itu,
D0494,berawal,
D0494,saat,
D0494,para,
D0494,pelaku,
D0494,memergoki,
D0494,SN,
D0494,dan,
D0494,pacarnya,
D0494,MY,
D0494,tengah,
D0494,mesum,
D0494,di,
D0494,kamar,
D0494,mandi,
D0494,Taman,
D0494,Raja,
D0494,Batu,
D0494,itu,
D0494,Lalu,
D0494,para,
D0494,pelaku,
D0494,meminta,
D0494,uang,
D0494,sebanyak,
D0494,Rp,
D0494,5,
D0494,juta,
D0494,kepada,
D0494,para,
D0494,korban,
D0494,agar,
D0494,aksi,
D0494,keduanya,
D0494,tidak,
D0494,diberitahukan,
D0494,kepada,
D0494,warga,
D0494,dan,
D0494,aparat,
D0494,desa,
D0494,sekitar,
D0494,Saat,
D0494,itu,
D0494,MY,
D0494,mengaku,
D0494,hanya,
D0494,memiliki,
D0494,uang,
D0494,Rp,
D0494,200,
D0494,ribu,
D0494,Kemudian,
D0494,pelaku,
D0494,P,
D0494,mengambil,
D0494,uang,
D0494,MY,
D0494,tersebut,
D0494,Kemudian,
D0494,P,
D0494,menyuruh,
D0494,korban,
D0494,MY,
D0494,untuk,
D0494,mencari,
D0494,uang,
D0494,sebagai,
D0494,tebusan,
D0494,kepada,
D0494,para,
D0494,pelaku,
D0494,Selain,
D0494,itu,
D0494,para,
D0494,pelaku,
D0494,juga,
D0494,meminta,
D0494,korban,
D0494,SN,
D0494,dan,
D0494,sepeda,
D0494,motor,
D0494,korban,
D0494,untuk,
D0494,tinggal,
D0494,di,
D0494,lokasi,
D0494,Pada,
D0494,saat,
D0494,itu,
D0494,MY,
D0494,meminta,
D0494,MIH,
D0494,menemaninya,
D0494,dengan,
D0494,mengendarai,
D0494,sepeda,
D0494,motor,
D0494,W,
D0494,untuk,
D0494,menjemput,
D0494,uang,
D0494,dan,
D0494,meninggalkan,
D0494,pacarnya,
D0494,bersama,
D0494,pelaku,
D0494,lain,
D0494,di,
D0494,lokasi,
D0494,Setelah,
D0494,ditinggalkan,
D0494,MY,
D0494,dan,
D0494,MIH,
D0494,saat,
D0494,itu,
D0494,W,
D0494,membawa,
D0494,SN,
D0494,ke,
D0494,belakang,
D0494,batu,
D0494,besar,
D0494,yang,
D0494,berada,
D0494,di,
D0494,taman,
D0494,tersebut,
D0494,Pada,
D0494,saat,
D0494,itu,
D0494,D,
D0494,langsung,
D0494,meninggalkan,
D0494,lokasi,
D0494,Taman,
D0494,Raja,
D0494,Batu,
D0494,kata,
D0494,Bagus,
D0494,Di,
D0494,belakang,
D0494,batu,
D0494,besar,
D0494,itu,
D0494,pelaku,
D0494,W,
D0494,memaksa,
D0494,korban,
D0494,untuk,
D0494,menghisap,
D0494,kemaluannya,
D0494,Lalu,
D0494,pelaku,
D0494,mencabuli,
D0494,korban,
D0494,di,
D0494,kamar,
D0494,mandi,
D0494,yang,
D0494,berada,
D0494,di,
D0494,lokasi,
D0494,Sementara,
D0494,pelaku,
D0494,P,
D0494,menunggu,
D0494,di,
D0494,depan,
D0494,kamar,
D0494,mandi,
D0494,tersebut,
D0494,Setelah,
D0494,itu,
D0494,pelaku,
D0494,P,
D0494,membawa,
D0494,korban,
D0494,ke,
D0494,salah,
D0494,satu,
D0494,rumah,
D0494,kosong,
D0494,yang,
D0494,berada,
D0494,sekitar,
D0494,100,
D0494,meter,
D0494,dari,
D0494,kamar,
D0494,mandi,
D0494,tersebut,
D0494,Di,
D0494,rumah,
D0494,kosong,
D0494,itu,
D0494,pelaku,
D0494,P,
D0494,memperkosa,
D0494,korban,
D0494,Usai,
D0494,melampiaskan,
D0494,nafsu,
D0494,bejatnya,
D0494,pelaku,
D0494,mengancam,
D0494,akan,
D0494,membunuh,
D0494,korban,
D0494,jika,
D0494,memberitahu,
D0494,kejadian,
D0494,itu,
D0494,Pihak,
D0494,kepolisian,
D0494,pun,
D0494,menyelidiki,
D0494,kejadian,
D0494,itu,
D0494,dan,
D0494,menangkap,
D0494,pelaku,
D0494,MIH,
D0494,Saat,
D0494,ini,
D0494,kata,
D0494,Bagus,
D0494,pihaknya,
D0494,masih,
D0494,mencari,
D0494,pelaku,
D0494,lainnya,
D0494,Baca,
D0494,selengkapnya,
D0494,di,
D0494,halaman,
D0494,berikut,
D0494,6,
D0494,1,
D0494,Komplotan,
D0494,Begal,
D0494,Ditembak,
D0494,Mati,
D0494,Usai,
D0494,Bacok,
D0494,Pemotor,
D0494,hingga,
D0494,Tewas,
D0494,Seorang,
D0494,pengendara,
D0494,sepeda,
D0494,motor,
D0494,bernama,
D0494,Adi,
D0494,Prayetno,
D0494,49,
D0494,tewas,
D0494,usai,
D0494,dibacok,
D0494,komplotan,
D0494,begal,
D0494,di,
D0494,Jalan,
D0494,AH,
D0494,Nasution,
D0494,Sabtu,
D0494,2610,
D0494,sekira,
D0494,pukul,
D0494,0500,
D0494,WIB,
D0494,Korban,
D0494,merupakan,
D0494,warga,
D0494,Kecamatan,
D0494,Tanjung,
D0494,Morawa,
D0494,Kabupaten,
D0494,Deli,
D0494,Serdang,
D0494,Saat,
D0494,ditemukan,
D0494,ada,
D0494,sejumlah,
D0494,luka,
D0494,bacok,
D0494,di,
D0494,tubuh,
D0494,korban,
D0494,Awalnya,
D0494,petugas,
D0494,kepolisian,
D0494,menangkap,
D0494,dua,
D0494,pelaku,
D0494,bernama,
D0494,Zainnahli,
D0494,Kaylata,
D0494,18,
D0494,dan,
D0494,VHT,
D0494,16,
D0494,Kedua,
D0494,pelaku,
D0494,ini,
D0494,sudah,
D0494,lebih,
D0494,dulu,
D0494,ditangkap,
D0494,oleh,
D0494,Polsek,
D0494,Medan,
D0494,Helvetia,
D0494,karena,
D0494,kasus,
D0494,perampokan,
D0494,Setelan,
D0494,itu,
D0494,petugas,
D0494,kepolisian,
D0494,melakukan,
D0494,pengembangan,
D0494,dan,
D0494,menangkap,
D0494,satu,
D0494,lagi,
D0494,pelaku,
D0494,pembegalan,
D0494,itu,
D0494,Pelaku,
D0494,tersebut,
D0494,yakni,
D0494,M,
D0494,Arfariando,
D0494,Koto,
D0494,23,
D0494,Namun,
D0494,pelaku,
D0494,tewas,
D0494,tertembak,
D0494,karena,
D0494,melawan,
D0494,petugas,
D0494,kepolisian,
D0494,saat,
D0494,akan,
D0494,diamankan,
D0494,Kombes,
D0494,Gidion,
D0494,Arif,
D0494,Setyawan,
D0494,mengatakan,
D0494,pelaku,
D0494,ditangkap,
D0494,sekira,
D0494,pukul,
D0494,0545,
D0494,WIB,
D0494,tadi,
D0494,di,
D0494,Jalan,
D0494,Kapten,
D0494,Sumarsono,
D0494,Saat,
D0494,kejadian,
D0494,pelaku,
D0494,hendak,
D0494,melakukan,
D0494,pembegalan,
D0494,lagi,
D0494,Salah,
D0494,satu,
D0494,tersangka,
D0494,yang,
D0494,kita,
D0494,tangkap,
D0494,dalam,
D0494,proses,
D0494,penangkapan,
D0494,kita,
D0494,mengidentifikasi,
D0494,yang,
D0494,bersangkutan,
D0494,akan,
D0494,melakukan,
D0494,peristiwa,
D0494,pidana,
D0494,lagi,
D0494,Lalu,
D0494,dilakukan,
D0494,proses,
D0494,penangkapan,
D0494,yang,
D0494,bersangkutan,
D0494,melakukan,
D0494,perlawanan,
D0494,maka,
D0494,kemudian,
D0494,petugas,
D0494,melakukan,
D0494,tindakan,
D0494,tembak,
D0494,yang,
D0494,mengakibatkan,
D0494,yang,
D0494,bersangkutan,
D0494,meninggal,
D0494,dunia,
D0494,Peran,
D0494,dia,
D0494,Afariando,
D0494,membacok,
D0494,kaki,
D0494,kata,
D0494,Gidion,
D0494,saat,
D0494,konferensi,
D0494,pers,
D0494,Kamis,
D0494,1411,
D0494,Gidion,
D0494,menyebut,
D0494,ada,
D0494,15,
D0494,orang,
D0494,yang,
D0494,masuk,
D0494,dalam,
D0494,komplotan,
D0494,para,
D0494,pelaku,
D0494,ini,
D0494,Mereka,
D0494,telah,
D0494,beraksi,
D0494,di,
D0494,18,
D0494,lokasiNamun,
D0494,yang,
D0494,melakukan,
D0494,pembegalan,
D0494,kepada,
D0494,di,
D0494,Jalan,
D0494,AH,
D0494,Nasution,
D0494,itu,
D0494,ada,
D0494,enam,
D0494,orang,
D0494,Tiga,
D0494,di,
D0494,antaranya,
D0494,telah,
D0494,ditangkap,
D0494,sedangkan,
D0494,selebihnya,
D0494,masih,
D0494,dalam,
D0494,pengejaran,
D0494,pihak,
D0494,kepolisian,
D0494,Perwira,
D0494,menengah,
D0494,Polri,
D0494,itu,
D0494,mengatakan,
D0494,para,
D0494,pelaku,
D0494,ini,
D0494,merupakan,
D0494,komplotan,
D0494,begal,
D0494,sadis,
D0494,Para,
D0494,pelaku,
D0494,kerap,
D0494,melukai,
D0494,korbannya,
D0494,saat,
D0494,beraksi,
D0494,Gidion,
D0494,mengatakan,
D0494,ada,
D0494,sejumlah,
D0494,pelaku,
D0494,lainnya,
D0494,yang,
D0494,tergabung,
D0494,dalam,
D0494,komplotan,
D0494,itu,
D0494,yang,
D0494,masih,
D0494,diburu,
D0494,Mereka,
D0494,yakni,
D0494,Salim,
D0494,Siregar,
D0494,21,
D0494,Annes,
D0494,Manurung,
D0494,25,
D0494,Dian,
D0494,Pranata,
D0494,26,
D0494,Muhammad,
D0494,Rizki,
D0494,Siregar,
D0494,21,
D0494,Samuel,
D0494,Sirait,
D0494,17,
D0494,Muhammad,
D0494,Syawal,
D0494,Tambunan,
D0494,Liwa,
D0494,Hasibuan,
D0494,18,
D0494,Deddy,
D0494,Harianto,
D0494,Hutagaol,
D0494,30,
D0494,Dwi,
D0494,Andiki,
D0494,30,
D0494,Muhammad,
D0494,Haikal,
D0494,Fais,
D0494,18,
D0494,Ramadhani,
D0494,Koto,
D0494,dan,
D0494,Yudi,
D0494,Siregar,
D0494,7,
D0494,Bawa,
D0494,Motor,
D0494,saat,
D0494,Mabuk,
D0494,Pria,
D0494,di,
D0494,Samosir,
D0494,Tewas,
D0494,Laka,
D0494,Tunggal,
D0494,Bareng,
D0494,Teman,
D0494,Seorang,
D0494,pria,
D0494,di,
D0494,Kabupaten,
D0494,Samosir,
D0494,Togar,
D0494,Sidabariba,
D0494,43,
D0494,tewas,
D0494,usai,
D0494,kecelakaan,
D0494,tunggal,
D0494,bersama,
D0494,temannya,
D0494,Ramson,
D0494,Tua,
D0494,Sinurat,
D0494,44,
D0494,Saat,
D0494,kejadian,
D0494,keduanya,
D0494,tengah,
D0494,mengendarai,
D0494,sepeda,
D0494,motor,
D0494,dalam,
D0494,kondisi,
D0494,mabuk,
D0494,Bahwa,
D0494,korban,
D0494,Togar,
D0494,meninggal,
D0494,dan,
D0494,Ramson,
D0494,pulang,
D0494,dengan,
D0494,berboncengan,
D0494,menggunakan,
D0494,sepeda,
D0494,motor,
D0494,dalam,
D0494,keadaan,
D0494,mabuk,
D0494,berat,
D0494,kata,
D0494,Kasat,
D0494,Reskrim,
D0494,Polres,
D0494,Samosir,
D0494,Iptu,
D0494,Edward,
D0494,Sidauruk,
D0494,Jumat,
D0494,1511,
D0494,Edward,
D0494,mengatakan,
D0494,jasad,
D0494,korban,
D0494,ditemukan,
D0494,di,
D0494,Desa,
D0494,Simarmata,
D0494,Kecamatan,
D0494,Simanindo,
D0494,pagi,
D0494,tadi,
D0494,Awalnya,
D0494,kedua,
D0494,korban,
D0494,pergi,
D0494,menuju,
D0494,salah,
D0494,satu,
D0494,kafe,
D0494,di,
D0494,Desa,
D0494,Lumba,
D0494,Suhi,
D0494,Suhi,
D0494,pada,
D0494,Kamis,
D0494,1411,
D0494,sekira,
D0494,pukul,
D0494,2200,
D0494,WIB,
D0494,Kemudian,
D0494,keduanya,
D0494,pulang,
D0494,dalam,
D0494,kondisi,
D0494,mabuk,
D0494,dengan,
D0494,berboncengan,
D0494,sepeda,
D0494,motor,
D0494,sekira,
D0494,pukul,
D0494,0200,
D0494,WIB,
D0494,Selama,
D0494,dalam,
D0494,perjalanan,
D0494,pulang,
D0494,kedua,
D0494,korban,
D0494,sudah,
D0494,dua,
D0494,kali,
D0494,kecelakaan,
D0494,dan,
D0494,terjatuh,
D0494,dari,
D0494,sepeda,
D0494,motor,
D0494,Pada,
D0494,kecelakaan,
D0494,kedua,
D0494,itu,
D0494,tepatnya,
D0494,di,
D0494,Desa,
D0494,Simarmata,
D0494,korban,
D0494,Togar,
D0494,sudah,
D0494,tidak,
D0494,sadarkan,
D0494,diri,
D0494,Setelah,
D0494,terjatuh,
D0494,di,
D0494,Desa,
D0494,Simarmata,
D0494,itu,
D0494,korban,
D0494,Ramson,
D0494,kembali,
D0494,bangkit,
D0494,dan,
D0494,melanjutkan,
D0494,perjalanan,
D0494,menuju,
D0494,rumahnya,
D0494,Namun,
D0494,karena,
D0494,dalam,
D0494,kondisi,
D0494,mabuk,
D0494,korban,
D0494,tidak,
D0494,menyadari,
D0494,bahwa,
D0494,korban,
D0494,Togar,
D0494,telah,
D0494,tergeletak,
D0494,di,
D0494,lokasi,
D0494,kejadian,
D0494,Korban,
D0494,Ramson,
D0494,pun,
D0494,terus,
D0494,melaju,
D0494,menuju,
D0494,rumahnya,
D0494,Namun,
D0494,korban,
D0494,sempat,
D0494,terlewat,
D0494,dan,
D0494,kembali,
D0494,memutar,
D0494,arah,
D0494,menuju,
D0494,rumahnya,
D0494,Saat,
D0494,putar,
D0494,arah,
D0494,itu,
D0494,korban,
D0494,menabrak,
D0494,trotoar,
D0494,hingga,
D0494,kembali,
D0494,terjatuh,
D0494,Dalam,
D0494,peristiwa,
D0494,itu,
D0494,korban,
D0494,Togar,
D0494,tewas,
D0494,dengan,
D0494,luka,
D0494,cukup,
D0494,serius,
D0494,di,
D0494,mata,
D0494,hidung,
D0494,dan,
D0494,mulut,
D0494,sedangkan,
D0494,Ramson,
D0494,mengaku,
D0494,luka,
D0494,di,
D0494,kepala,
D0494,dan,
D0494,dagu,
D0495,Polrestabes,
D0495,Medan,
D0495,menembak,
D0495,dua,
D0495,komplotan,
D0495,begal,
D0495,bersenjata,
D0495,tajam,
D0495,hingga,
D0495,tewas,
D0495,Para,
D0495,begal,
D0495,sadis,
D0495,ini,
D0495,ditembak,
D0495,karena,
D0495,melawan,
D0495,petugas,
D0495,kepolisian,
D0495,saat,
D0495,diamankan,
D0495,Penangkapan,
D0495,dua,
D0495,pelaku,
D0495,begal,
D0495,ini,
D0495,dilakukan,
D0495,dalam,
D0495,sepekan,
D0495,terakhir,
D0495,Komplotan,
D0495,begal,
D0495,ini,
D0495,telah,
D0495,beraksi,
D0495,di,
D0495,sejumlah,
D0495,lokasi,
D0495,dan,
D0495,kerap,
D0495,melukai,
D0495,korbannya,
D0495,Berikut,
D0495,detikSumut,
D0495,berikan,
D0495,penjelasan,
D0495,soal,
D0495,dua,
D0495,kasus,
D0495,begal,
D0495,tersebut,
D0495,SCROLL,
D0495,TO,
D0495,CONTINUE,
D0495,WITH,
D0495,CONTENT,
D0495,Polrestabes,
D0495,Medan,
D0495,menangkap,
D0495,empat,
D0495,komplotan,
D0495,begal,
D0495,bersenjata,
D0495,tajam,
D0495,yang,
D0495,sudah,
D0495,beraksi,
D0495,di,
D0495,11,
D0495,lokasi,
D0495,di,
D0495,Kota,
D0495,Medan,
D0495,dan,
D0495,Kabupaten,
D0495,Deli,
D0495,Serdang,
D0495,Salah,
D0495,satu,
D0495,pelaku,
D0495,tewas,
D0495,ditembak,
D0495,karena,
D0495,berusaha,
D0495,merebut,
D0495,senjata,
D0495,api,
D0495,milik,
D0495,petugas,
D0495,kepolisian,
D0495,saat,
D0495,akan,
D0495,diamankan,
D0495,Semuanya,
D0495,ada,
D0495,11,
D0495,TKP,
D0495,tapi,
D0495,dari,
D0495,hasil,
D0495,penelusuran,
D0495,yang,
D0495,sudah,
D0495,membuat,
D0495,laporan,
D0495,polisi,
D0495,ada,
D0495,empat,
D0495,Dari,
D0495,11,
D0495,TKP,
D0495,tersebut,
D0495,dilakukan,
D0495,oleh,
D0495,empat,
D0495,tersangka,
D0495,satu,
D0495,kelompok,
D0495,masih,
D0495,ada,
D0495,pengembangan,
D0495,lagi,
D0495,kata,
D0495,Kapolrestabes,
D0495,Medan,
D0495,Kombes,
D0495,Gidion,
D0495,Arif,
D0495,Setyawan,
D0495,saat,
D0495,konferensi,
D0495,pers,
D0495,di,
D0495,RS,
D0495,Bhayangkara,
D0495,Medan,
D0495,Senin,
D0495,11112024,
D0495,Gidion,
D0495,menjelaskan,
D0495,keempat,
D0495,pelaku,
D0495,itu,
D0495,ditangkap,
D0495,Minggu,
D0495,1011,
D0495,malam,
D0495,Keempatnya,
D0495,yakni,
D0495,Muhammad,
D0495,Dimas,
D0495,23,
D0495,Yoga,
D0495,Ramadhan,
D0495,Syah,
D0495,24,
D0495,Nugraha,
D0495,Akbar,
D0495,Ginting,
D0495,dan,
D0495,Rifki,
D0495,Pratama,
D0495,Adapun,
D0495,pelaku,
D0495,yang,
D0495,tewas,
D0495,ditembak,
D0495,adalah,
D0495,Dimas,
D0495,selaku,
D0495,ketua,
D0495,komplotan,
D0495,tersebut,
D0495,Saat,
D0495,diamankan,
D0495,para,
D0495,pelaku,
D0495,sedang,
D0495,pesta,
D0495,narkoba,
D0495,di,
D0495,salah,
D0495,satu,
D0495,hotel,
D0495,di,
D0495,Kota,
D0495,Medan,
D0495,Salah,
D0495,satu,
D0495,tersangka,
D0495,atas,
D0495,nama,
D0495,D,
D0495,melakukan,
D0495,perlawanan,
D0495,sehingga,
D0495,kita,
D0495,melakukan,
D0495,tindakan,
D0495,tegas,
D0495,hingga,
D0495,meninggalnya,
D0495,satu,
D0495,orang,
D0495,pelaku,
D0495,tersebut,
D0495,Dia,
D0495,Dimas,
D0495,ketua,
D0495,Dari,
D0495,sisi,
D0495,umur,
D0495,dia,
D0495,muda,
D0495,tapi,
D0495,dari,
D0495,sisi,
D0495,keberanian,
D0495,dan,
D0495,nekatnya,
D0495,dia,
D0495,lebih,
D0495,dulu,
D0495,punya,
D0495,inisiasi,
D0495,untuk,
D0495,membacok,
D0495,dia,
D0495,menggunakan,
D0495,senjata,
D0495,yang,
D0495,mematikan,
D0495,ujarnya,
D0495,Mantan,
D0495,Kapolres,
D0495,Jakarta,
D0495,Utara,
D0495,itu,
D0495,menyebut,
D0495,para,
D0495,pelaku,
D0495,kerap,
D0495,beraksi,
D0495,di,
D0495,daerah,
D0495,Kecamatan,
D0495,Pancur,
D0495,Batu,
D0495,Kecamatan,
D0495,Kutalimbaru,
D0495,dan,
D0495,Kecamatan,
D0495,Deli,
D0495,Tua,
D0495,Terbaru,
D0495,pada,
D0495,4,
D0495,November,
D0495,2024,
D0495,para,
D0495,pelaku,
D0495,membegal,
D0495,seorang,
D0495,wanita,
D0495,berusia,
D0495,55,
D0495,tahun,
D0495,sambil,
D0495,mengacungkan,
D0495,senjata,
D0495,tajam,
D0495,ke,
D0495,korban,
D0495,Saat,
D0495,kejadian,
D0495,wanita,
D0495,tersebut,
D0495,hendak,
D0495,mencari,
D0495,nafkah,
D0495,untuk,
D0495,keluarganya,
D0495,Kasat,
D0495,Reskrim,
D0495,Polrestabes,
D0495,Medan,
D0495,Kompol,
D0495,Jama,
D0495,Kita,
D0495,Purba,
D0495,mengatakan,
D0495,pelaku,
D0495,Dimas,
D0495,tertembak,
D0495,di,
D0495,bagian,
D0495,dada,
D0495,Setelah,
D0495,ditangkap,
D0495,para,
D0495,pelaku,
D0495,dibawa,
D0495,untuk,
D0495,proses,
D0495,pengembangan,
D0495,di,
D0495,Jalan,
D0495,Simalingkar,
D0495,B,
D0495,Saat,
D0495,itu,
D0495,pelaku,
D0495,Dimas,
D0495,yang,
D0495,dalam,
D0495,kondisi,
D0495,tangan,
D0495,diborgol,
D0495,melakukan,
D0495,perlawanan,
D0495,kepada,
D0495,dua,
D0495,petugas,
D0495,kepolisian,
D0495,dengan,
D0495,berupaya,
D0495,merebut,
D0495,senjata,
D0495,api,
D0495,dari,
D0495,pinggang,
D0495,Brigadir,
D0495,Bagus,
D0495,Sempat,
D0495,terjadi,
D0495,tariktarikan,
D0495,senjata,
D0495,api,
D0495,Namun,
D0495,Brigadir,
D0495,Bagus,
D0495,berhasil,
D0495,merebut,
D0495,senjata,
D0495,kembali,
D0495,kata,
D0495,Jama,
D0495,Setelah,
D0495,itu,
D0495,pelaku,
D0495,Dimas,
D0495,kembali,
D0495,melakukan,
D0495,perlawanan,
D0495,hingga,
D0495,membuat,
D0495,Brigadir,
D0495,Bagus,
D0495,mengalami,
D0495,luka,
D0495,di,
D0495,bagian,
D0495,tangan,
D0495,dan,
D0495,kaki,
D0495,Dalam,
D0495,keadaan,
D0495,tersebut,
D0495,Brigadir,
D0495,Bagus,
D0495,mengeluarkan,
D0495,tembakan,
D0495,peringatan,
D0495,tetapi,
D0495,tidak,
D0495,dihiraukan,
D0495,oleh,
D0495,pelaku,
D0495,Pada,
D0495,akhirnya,
D0495,petugas,
D0495,kepolisian,
D0495,menembak,
D0495,pelaku,
D0495,yang,
D0495,mengenai,
D0495,bagian,
D0495,dada,
D0495,pelaku,
D0495,Setelah,
D0495,kejadian,
D0495,pelaku,
D0495,dilarikan,
D0495,ke,
D0495,rumah,
D0495,sakit,
D0495,terdekat,
D0495,tetapi,
D0495,sudah,
D0495,tutup,
D0495,Pada,
D0495,akhirnya,
D0495,pelaku,
D0495,diboyong,
D0495,ke,
D0495,RS,
D0495,Bhayangkara,
D0495,Medan,
D0495,untuk,
D0495,diberikan,
D0495,pertolongan,
D0495,Namun,
D0495,nahas,
D0495,nyawa,
D0495,korban,
D0495,tidak,
D0495,tertolong,
D0495,Baca,
D0495,selengkapnya,
D0495,di,
D0495,halaman,
D0495,berikut,
D0495,Seorang,
D0495,pengendara,
D0495,sepeda,
D0495,motor,
D0495,bernama,
D0495,Adi,
D0495,Prayetno,
D0495,49,
D0495,tewas,
D0495,usai,
D0495,dibacok,
D0495,komplotan,
D0495,begal,
D0495,di,
D0495,Jalan,
D0495,AH,
D0495,Nasution,
D0495,Sabtu,
D0495,2610,
D0495,sekira,
D0495,pukul,
D0495,0500,
D0495,WIB,
D0495,Korban,
D0495,merupakan,
D0495,warga,
D0495,Kecamatan,
D0495,Tanjung,
D0495,Morawa,
D0495,Kabupaten,
D0495,Deli,
D0495,Serdang,
D0495,Saat,
D0495,ditemukan,
D0495,ada,
D0495,sejumlah,
D0495,luka,
D0495,bacok,
D0495,di,
D0495,tubuh,
D0495,korban,
D0495,Awalnya,
D0495,petugas,
D0495,kepolisian,
D0495,menangkap,
D0495,dua,
D0495,pelaku,
D0495,bernama,
D0495,Zainnahli,
D0495,Kaylata,
D0495,18,
D0495,dan,
D0495,VHT,
D0495,16,
D0495,Kedua,
D0495,pelaku,
D0495,ini,
D0495,sudah,
D0495,lebih,
D0495,dulu,
D0495,ditangkap,
D0495,oleh,
D0495,Polsek,
D0495,Medan,
D0495,Helvetia,
D0495,karena,
D0495,kasus,
D0495,perampokan,
D0495,Setelan,
D0495,itu,
D0495,petugas,
D0495,kepolisian,
D0495,melakukan,
D0495,pengembangan,
D0495,dan,
D0495,menangkap,
D0495,satu,
D0495,lagi,
D0495,pelaku,
D0495,pembegalan,
D0495,itu,
D0495,Pelaku,
D0495,tersebut,
D0495,yakni,
D0495,M,
D0495,Arfariando,
D0495,Koto,
D0495,23,
D0495,Namun,
D0495,pelaku,
D0495,tewas,
D0495,tertembak,
D0495,karena,
D0495,melawan,
D0495,petugas,
D0495,kepolisian,
D0495,saat,
D0495,akan,
D0495,diamankan,
D0495,Kombes,
D0495,Gidion,
D0495,Arif,
D0495,Setyawan,
D0495,mengatakan,
D0495,pelaku,
D0495,ditangkap,
D0495,sekira,
D0495,pukul,
D0495,0545,
D0495,WIB,
D0495,tadi,
D0495,di,
D0495,Jalan,
D0495,Kapten,
D0495,Sumarsono,
D0495,Saat,
D0495,kejadian,
D0495,pelaku,
D0495,hendak,
D0495,melakukan,
D0495,pembegalan,
D0495,lagi,
D0495,Salah,
D0495,satu,
D0495,tersangka,
D0495,yang,
D0495,kita,
D0495,tangkap,
D0495,dalam,
D0495,proses,
D0495,penangkapan,
D0495,kita,
D0495,mengidentifikasi,
D0495,yang,
D0495,bersangkutan,
D0495,akan,
D0495,melakukan,
D0495,peristiwa,
D0495,pidana,
D0495,lagi,
D0495,Lalu,
D0495,dilakukan,
D0495,proses,
D0495,penangkapan,
D0495,yang,
D0495,bersangkutan,
D0495,melakukan,
D0495,perlawanan,
D0495,maka,
D0495,kemudian,
D0495,petugas,
D0495,melakukan,
D0495,tindakan,
D0495,tembak,
D0495,yang,
D0495,mengakibatkan,
D0495,yang,
D0495,bersangkutan,
D0495,meninggal,
D0495,dunia,
D0495,Peran,
D0495,dia,
D0495,Afariando,
D0495,membacok,
D0495,kaki,
D0495,kata,
D0495,Gidion,
D0495,saat,
D0495,konferensi,
D0495,pers,
D0495,Kamis,
D0495,1411,
D0495,Gidion,
D0495,menyebut,
D0495,ada,
D0495,15,
D0495,orang,
D0495,yang,
D0495,masuk,
D0495,dalam,
D0495,komplotan,
D0495,para,
D0495,pelaku,
D0495,ini,
D0495,Mereka,
D0495,telah,
D0495,beraksi,
D0495,di,
D0495,18,
D0495,lokasiNamun,
D0495,yang,
D0495,melakukan,
D0495,pembegalan,
D0495,kepada,
D0495,di,
D0495,Jalan,
D0495,AH,
D0495,Nasution,
D0495,itu,
D0495,ada,
D0495,enam,
D0495,orang,
D0495,Tiga,
D0495,di,
D0495,antaranya,
D0495,telah,
D0495,ditangkap,
D0495,sedangkan,
D0495,selebihnya,
D0495,masih,
D0495,dalam,
D0495,pengejaran,
D0495,pihak,
D0495,kepolisian,
D0495,Masih,
D0495,ada,
D0495,tiga,
D0495,lagi,
D0495,kami,
D0495,pastikan,
D0495,mereka,
D0495,ditangkap,
D0495,kalian,
D0495,menyerahkan,
D0495,diri,
D0495,atau,
D0495,kami,
D0495,yang,
D0495,menangkap,
D0495,Saya,
D0495,pastikan,
D0495,satu,
D0495,persatu,
D0495,akan,
D0495,kita,
D0495,tangkap,
D0495,dalam,
D0495,keadaan,
D0495,apapun,
D0495,jelasnya,
D0495,Perwira,
D0495,menengah,
D0495,Polri,
D0495,itu,
D0495,mengatakan,
D0495,para,
D0495,pelaku,
D0495,ini,
D0495,merupakan,
D0495,komplotan,
D0495,begal,
D0495,sadis,
D0495,Para,
D0495,pelaku,
D0495,kerap,
D0495,melukai,
D0495,korbannya,
D0495,saat,
D0495,beraksi,
D0495,Gidion,
D0495,mengatakan,
D0495,ada,
D0495,sejumlah,
D0495,pelaku,
D0495,lainnya,
D0495,yang,
D0495,tergabung,
D0495,dalam,
D0495,komplotan,
D0495,itu,
D0495,yang,
D0495,masih,
D0495,diburu,
D0495,Mereka,
D0495,yakni,
D0495,Salim,
D0495,Siregar,
D0495,21,
D0495,Annes,
D0495,Manurung,
D0495,25,
D0495,Dian,
D0495,Pranata,
D0495,26,
D0495,Muhammad,
D0495,Rizki,
D0495,Siregar,
D0495,21,
D0495,Samuel,
D0495,Sirait,
D0495,17,
D0495,Muhammad,
D0495,Syawal,
D0495,Tambunan,
D0495,Liwa,
D0495,Hasibuan,
D0495,18,
D0495,Deddy,
D0495,Harianto,
D0495,Hutagaol,
D0495,30,
D0495,Dwi,
D0495,Andiki,
D0495,30,
D0495,Muhammad,
D0495,Haikal,
D0495,Fais,
D0495,18,
D0495,Ramadhani,
D0495,Koto,
D0495,dan,
D0495,Yudi,
D0495,Siregar,
D0496,Aksi,
D0496,begal,
D0496,kian,
D0496,meresahkan,
D0496,di,
D0496,Kota,
D0496,Medan,
D0496,dan,
D0496,sekitarnya,
D0496,Polisi,
D0496,pun,
D0496,bergerak,
D0496,mengusut,
D0496,sejumlah,
D0496,aksi,
D0496,begal,
D0496,di,
D0496,Medan,
D0496,Terbaru,
D0496,satu,
D0496,pelaku,
D0496,begal,
D0496,sadis,
D0496,yang,
D0496,membacok,
D0496,pria,
D0496,bernama,
D0496,Adi,
D0496,Prayetno,
D0496,49,
D0496,di,
D0496,Jalan,
D0496,AH,
D0496,Nasution,
D0496,Medan,
D0496,tewas,
D0496,ditembak,
D0496,mati,
D0496,petugas,
D0496,Pelaku,
D0496,bernama,
D0496,M,
D0496,Arfariando,
D0496,Koto,
D0496,23,
D0496,Ia,
D0496,terpaksa,
D0496,dilumpuhkan,
D0496,dengan,
D0496,timah,
D0496,panas,
D0496,karena,
D0496,melawan,
D0496,saat,
D0496,hendak,
D0496,ditangkap,
D0496,Kapolrestabes,
D0496,Medan,
D0496,Kombes,
D0496,Gidion,
D0496,Arif,
D0496,Setyawan,
D0496,menjelaskan,
D0496,pihaknya,
D0496,menangkap,
D0496,Arfariando,
D0496,sekira,
D0496,pukul,
D0496,0545,
D0496,WIB,
D0496,tadi,
D0496,di,
D0496,Jalan,
D0496,Kapten,
D0496,Sumarsono,
D0496,Ia,
D0496,mengatakan,
D0496,pelaku,
D0496,ditangkap,
D0496,saat,
D0496,kembali,
D0496,mau,
D0496,beraksi,
D0496,SCROLL,
D0496,TO,
D0496,CONTINUE,
D0496,WITH,
D0496,CONTENT,
D0496,Salah,
D0496,satu,
D0496,tersangka,
D0496,yang,
D0496,kita,
D0496,tangkap,
D0496,dalam,
D0496,proses,
D0496,penangkapan,
D0496,kita,
D0496,mengidentifikasi,
D0496,yang,
D0496,bersangkutan,
D0496,akan,
D0496,melakukan,
D0496,peristiwa,
D0496,pidana,
D0496,lagi,
D0496,Lalu,
D0496,dilakukan,
D0496,proses,
D0496,penangkapan,
D0496,yang,
D0496,bersangkutan,
D0496,melakukan,
D0496,perlawanan,
D0496,maka,
D0496,kemudian,
D0496,petugas,
D0496,melakukan,
D0496,tindakan,
D0496,tembak,
D0496,yang,
D0496,mengakibatkan,
D0496,yang,
D0496,bersangkutan,
D0496,meninggal,
D0496,dunia,
D0496,Peran,
D0496,dia,
D0496,Afariando,
D0496,membacok,
D0496,kaki,
D0496,kata,
D0496,Gidion,
D0496,saat,
D0496,konferensi,
D0496,pers,
D0496,Kamis,
D0496,14112024,
D0496,Gidion,
D0496,menambahkan,
D0496,sebanyak,
D0496,15,
D0496,orang,
D0496,menjadi,
D0496,komplotan,
D0496,begal,
D0496,Arfariando,
D0496,Komplotan,
D0496,tersebut,
D0496,telah,
D0496,beraksi,
D0496,di,
D0496,18,
D0496,lokasi,
D0496,Aksi,
D0496,begal,
D0496,di,
D0496,Jalan,
D0496,AH,
D0496,Nasution,
D0496,itu,
D0496,ada,
D0496,6,
D0496,orang,
D0496,tiga,
D0496,di,
D0496,antaranya,
D0496,telah,
D0496,ditangkap,
D0496,Masih,
D0496,ada,
D0496,tiga,
D0496,lagi,
D0496,kami,
D0496,pastikan,
D0496,mereka,
D0496,ditangkap,
D0496,kalian,
D0496,menyerahkan,
D0496,diri,
D0496,atau,
D0496,kami,
D0496,yang,
D0496,menangkap,
D0496,Saya,
D0496,pastikan,
D0496,satu,
D0496,persatu,
D0496,akan,
D0496,kita,
D0496,tangkap,
D0496,dalam,
D0496,keadaan,
D0496,apapun,
D0496,jelasnya,
D0496,Dia,
D0496,mengatakan,
D0496,komplotan,
D0496,tersebut,
D0496,merupakan,
D0496,para,
D0496,pelaku,
D0496,begal,
D0496,sadis,
D0496,yang,
D0496,tak,
D0496,segansegan,
D0496,melukai,
D0496,korban,
D0496,saat,
D0496,beraksi,
D0496,Kelompok,
D0496,ini,
D0496,tidak,
D0496,akan,
D0496,pernah,
D0496,jera,
D0496,karena,
D0496,melakukannya,
D0496,cukup,
D0496,dengan,
D0496,sadis,
D0496,tersangka,
D0496,atas,
D0496,nama,
D0496,MAK,
D0496,ini,
D0496,melukai,
D0496,korban,
D0496,atas,
D0496,nama,
D0496,Adi,
D0496,di,
D0496,bagian,
D0496,kaki,
D0496,Sudahlah,
D0496,disikat,
D0496,di,
D0496,bagian,
D0496,dada,
D0496,kaki,
D0496,juga,
D0496,dilumpuhkan,
D0496,Korban,
D0496,ini,
D0496,pada,
D0496,saat,
D0496,itu,
D0496,juga,
D0496,sedang,
D0496,melakukan,
D0496,kegiatan,
D0496,untuk,
D0496,menafkahi,
D0496,keluarganya,
D0496,jelasnya,
D0496,Sebelumnya,
D0496,diberitakan,
D0496,pengendara,
D0496,sepeda,
D0496,motor,
D0496,bernama,
D0496,Adi,
D0496,Prayetno,
D0496,jadi,
D0496,korban,
D0496,begal,
D0496,di,
D0496,Jalan,
D0496,AH,
D0496,Nasution,
D0496,Medan,
D0496,Sabtu,
D0496,2610,
D0496,sekitar,
D0496,pukul,
D0496,0500,
D0496,WIB,
D0496,Korban,
D0496,tewas,
D0496,dibacok,
D0496,komplotan,
D0496,begal,
D0496,tersebut,
D0496,Sejumlah,
D0496,luka,
D0496,bacok,
D0496,ditemukan,
D0496,di,
D0496,tubuh,
D0496,korban,
D0496,Korban,
D0496,merupakan,
D0496,warga,
D0496,Kecamatan,
D0496,Tanjung,
D0496,Morawa,
D0496,Kabupaten,
D0496,Deli,
D0496,Serdang,
D0496,Dua,
D0496,pelaku,
D0496,begal,
D0496,tersebut,
D0496,telah,
D0496,ditangkap,
D0496,oleh,
D0496,Polsek,
D0496,Medan,
D0496,Helvetia,
D0496,Keduanya,
D0496,yakni,
D0496,Zainnahli,
D0496,Kaylata,
D0496,18,
D0496,dan,
D0496,VHT,
D0496,16,
D0497,Dua,
D0497,pria,
D0497,di,
D0497,Aceh,
D0497,Tamiang,
D0497,Aceh,
D0497,diduga,
D0497,membakar,
D0497,ekskavator,
D0497,di,
D0497,lokasi,
D0497,peremajaan,
D0497,sakit,
D0497,rakyat,
D0497,PSR,
D0497,Pelaku,
D0497,mengaku,
D0497,sengaja,
D0497,membakar,
D0497,alat,
D0497,berat,
D0497,tersebut,
D0497,karena,
D0497,sakit,
D0497,hati,
D0497,Kedua,
D0497,terduga,
D0497,pelaku,
D0497,berinisial,
D0497,MM,
D0497,dan,
D0497,AS,
D0497,ditangkap,
D0497,polisi,
D0497,di,
D0497,lokasi,
D0497,berbeda,
D0497,pada,
D0497,Selasa,
D0497,511,
D0497,Pelaku,
D0497,MM,
D0497,diciduk,
D0497,di,
D0497,tempat,
D0497,kerjanya,
D0497,di,
D0497,kebun,
D0497,karet,
D0497,di,
D0497,Kecamatan,
D0497,Sekerak,
D0497,sedangkan,
D0497,AS,
D0497,dibekuk,
D0497,di,
D0497,Kecamatan,
D0497,Bandar,
D0497,Pusaka,
D0497,Kedua,
D0497,pelaku,
D0497,ditangkap,
D0497,pada,
D0497,hari,
D0497,yang,
D0497,sama,
D0497,tetapi,
D0497,di,
D0497,lokasi,
D0497,yang,
D0497,berbeda,
D0497,Salah,
D0497,satu,
D0497,pelaku,
D0497,mengaku,
D0497,membakar,
D0497,ekskavator,
D0497,itu,
D0497,karena,
D0497,dipicu,
D0497,rasa,
D0497,sakit,
D0497,hati,
D0497,kata,
D0497,Kapolres,
D0497,Aceh,
D0497,Tamiang,
D0497,AKBP,
D0497,Muliadi,
D0497,dalam,
D0497,keterangannya,
D0497,Kamis,
D0497,14112024,
D0497,SCROLL,
D0497,TO,
D0497,CONTINUE,
D0497,WITH,
D0497,CONTENT,
D0497,Muliadi,
D0497,menjelaskan,
D0497,insiden,
D0497,pembakaran,
D0497,itu,
D0497,terjadi,
D0497,di,
D0497,lokasi,
D0497,PSR,
D0497,di,
D0497,Dusun,
D0497,Tani,
D0497,Desa,
D0497,Sulum,
D0497,Kecamatan,
D0497,Sekerak,
D0497,pada,
D0497,Rabu,
D0497,16,
D0497,Oktober,
D0497,lalu,
D0497,Keduanya,
D0497,disebut,
D0497,melakukan,
D0497,pembakaran,
D0497,dengan,
D0497,menyiramkan,
D0497,bensin,
D0497,jenis,
D0497,pertalite,
D0497,ke,
D0497,tumpukan,
D0497,goni,
D0497,dan,
D0497,jeriken,
D0497,rusak,
D0497,yang,
D0497,terlebih,
D0497,dulu,
D0497,diletakkan,
D0497,di,
D0497,dalam,
D0497,kabin,
D0497,ekskavator,
D0497,Usai,
D0497,melakukan,
D0497,pembakaran,
D0497,kedua,
D0497,pelaku,
D0497,pulang,
D0497,ke,
D0497,rumah,
D0497,masingmasing,
D0497,Muliadi,
D0497,menyebutkan,
D0497,pengungkapan,
D0497,kasus,
D0497,itu,
D0497,membutuhkan,
D0497,waktu,
D0497,hingga,
D0497,tiga,
D0497,pekan,
D0497,karena,
D0497,lokasi,
D0497,kejadian,
D0497,yang,
D0497,sangat,
D0497,jauh,
D0497,Namun,
D0497,berkat,
D0497,doa,
D0497,masyarakat,
D0497,dan,
D0497,kerja,
D0497,keras,
D0497,personel,
D0497,kasus,
D0497,ini,
D0497,dapat,
D0497,kita,
D0497,diungkap,
D0497,dan,
D0497,pelaku,
D0497,pun,
D0497,dapat,
D0497,ditangkap,
D0497,ujarnya,
D0497,Pengungkapan,
D0497,ini,
D0497,merupakan,
D0497,bukti,
D0497,keseriusan,
D0497,Polres,
D0497,Aceh,
D0497,Tamiang,
D0497,dalam,
D0497,menjaga,
D0497,keamanan,
D0497,dan,
D0497,kenyamanan,
D0497,masyarakat,
D0497,Semoga,
D0497,ada,
D0497,hikmah,
D0497,dari,
D0497,pengungkapan,
D0497,ini,
D0497,sehingga,
D0497,kejadian,
D0497,serupa,
D0497,tidak,
D0497,terulang,
D0497,lagi,
D0497,lanjut,
D0497,Muliadi,
D0497,Dalam,
D0497,kasus,
D0497,itu,
D0497,polisi,
D0497,menyita,
D0497,barang,
D0497,bukti,
D0497,berupa,
D0497,dua,
D0497,unit,
D0497,sepeda,
D0497,motor,
D0497,dua,
D0497,unit,
D0497,telepon,
D0497,seluler,
D0497,serta,
D0497,satu,
D0497,unit,
D0497,ekskavator,
D0497,merek,
D0497,Hitachi,
D0497,yang,
D0497,sudah,
D0497,terbakar,
D0497,dan,
D0497,tidak,
D0497,dapat,
D0497,digunakan,
D0497,lagi,
D0498,Seorang,
D0498,pengendara,
D0498,sepeda,
D0498,motor,
D0498,bernama,
D0498,Adi,
D0498,Prayetno,
D0498,49,
D0498,tewas,
D0498,usai,
D0498,dibacok,
D0498,komplotan,
D0498,begal,
D0498,di,
D0498,Jalan,
D0498,AH,
D0498,Nasution,
D0498,Kecamatan,
D0498,Medan,
D0498,Johor,
D0498,Kota,
D0498,Medan,
D0498,Saat,
D0498,ini,
D0498,sudah,
D0498,ada,
D0498,dua,
D0498,pelaku,
D0498,yang,
D0498,ditangkap,
D0498,oleh,
D0498,pihak,
D0498,kepolisian,
D0498,Kapolrestabes,
D0498,Medan,
D0498,Kombes,
D0498,Gidion,
D0498,Arif,
D0498,Setyawan,
D0498,memerinci,
D0498,kedua,
D0498,pelaku,
D0498,itu,
D0498,adalah,
D0498,Zainnahli,
D0498,Kaylata,
D0498,18,
D0498,dan,
D0498,VHT,
D0498,16,
D0498,Keduanya,
D0498,sebelumnya,
D0498,telah,
D0498,ditangkap,
D0498,oleh,
D0498,Polsek,
D0498,Medan,
D0498,Helvetia,
D0498,karena,
D0498,kasus,
D0498,perampokan,
D0498,Kasus,
D0498,ini,
D0498,terungkap,
D0498,hasil,
D0498,pengembangan,
D0498,terhadap,
D0498,dua,
D0498,orang,
D0498,pelaku,
D0498,begal,
D0498,ZK,
D0498,dan,
D0498,VHT,
D0498,yang,
D0498,sebelumnya,
D0498,telah,
D0498,ditangkap,
D0498,Polsek,
D0498,Medan,
D0498,Helvetia,
D0498,kata,
D0498,Gidion,
D0498,Kamis,
D0498,14112024,
D0498,SCROLL,
D0498,TO,
D0498,CONTINUE,
D0498,WITH,
D0498,CONTENT,
D0498,Berdasarkan,
D0498,hasil,
D0498,pemeriksaan,
D0498,kata,
D0498,Gidion,
D0498,kedua,
D0498,pelaku,
D0498,mengakui,
D0498,telah,
D0498,membacok,
D0498,korban,
D0498,yang,
D0498,saat,
D0498,itu,
D0498,tengah,
D0498,melintas,
D0498,di,
D0498,Jalan,
D0498,AH,
D0498,Nasution,
D0498,Setelah,
D0498,itu,
D0498,para,
D0498,pelaku,
D0498,membawa,
D0498,sepeda,
D0498,motor,
D0498,korban,
D0498,Selain,
D0498,menangkap,
D0498,pelaku,
D0498,petugas,
D0498,kepolisian,
D0498,juga,
D0498,mengamankan,
D0498,celurit,
D0498,yang,
D0498,digunakan,
D0498,para,
D0498,pelaku,
D0498,untuk,
D0498,membacok,
D0498,korban,
D0498,Dari,
D0498,penangkapan,
D0498,terhadap,
D0498,kedua,
D0498,pelaku,
D0498,turut,
D0498,disita,
D0498,barang,
D0498,bukti,
D0498,senjata,
D0498,tajam,
D0498,jenis,
D0498,celurit,
D0498,untuk,
D0498,membacok,
D0498,korban,
D0498,serta,
D0498,dua,
D0498,unit,
D0498,sepeda,
D0498,motor,
D0498,hasil,
D0498,tindak,
D0498,pencurian,
D0498,jelasnya,
D0498,Mantan,
D0498,Kapolres,
D0498,Jakarta,
D0498,Utara,
D0498,itu,
D0498,mengatakan,
D0498,ada,
D0498,13,
D0498,pelaku,
D0498,lainnya,
D0498,yang,
D0498,tergabung,
D0498,dalam,
D0498,komplotan,
D0498,begal,
D0498,tersebut,
D0498,Mereka,
D0498,telah,
D0498,beraksi,
D0498,di,
D0498,sejumlah,
D0498,wilayah,
D0498,di,
D0498,Kota,
D0498,Medan,
D0498,Saat,
D0498,ini,
D0498,kata,
D0498,Gidion,
D0498,ke13,
D0498,orang,
D0498,itu,
D0498,masih,
D0498,dalam,
D0498,pengejaran,
D0498,pihak,
D0498,kepolisian,
D0498,Gidion,
D0498,memerintahkan,
D0498,para,
D0498,pelaku,
D0498,untuk,
D0498,segera,
D0498,menyerahkan,
D0498,diri,
D0498,13,
D0498,orang,
D0498,itu,
D0498,adalah,
D0498,Muhammad,
D0498,Arfariando,
D0498,Koto,
D0498,23,
D0498,Salim,
D0498,Siregar,
D0498,21,
D0498,Annes,
D0498,Manurung,
D0498,25,
D0498,Dian,
D0498,Pranata,
D0498,26,
D0498,Muhammad,
D0498,Rizki,
D0498,Siregar,
D0498,21,
D0498,Samuel,
D0498,Sirait,
D0498,17,
D0498,Muhammad,
D0498,Syawal,
D0498,Tambunan,
D0498,Liwa,
D0498,Hasibuan,
D0498,18,
D0498,Deddy,
D0498,Harianto,
D0498,Hutagaol,
D0498,30,
D0498,Dwi,
D0498,Andiki,
D0498,30,
D0498,Muhammad,
D0498,Haikal,
D0498,Fais,
D0498,18,
D0498,Ramadhani,
D0498,Koto,
D0498,dan,
D0498,Yudi,
D0498,Siregar,
D0498,Pada,
D0498,kesempatan,
D0498,ini,
D0498,saya,
D0498,tegaskan,
D0498,agar,
D0498,para,
D0498,pelaku,
D0498,yang,
D0498,DPO,
D0498,untuk,
D0498,segera,
D0498,menyerahkan,
D0498,diri,
D0498,atau,
D0498,akan,
D0498,ditangkap,
D0498,dalam,
D0498,kondisi,
D0498,apapun,
D0498,pungkasnya,
D0498,Sebelumnya,
D0498,diberitakan,
D0498,seorang,
D0498,pria,
D0498,bernama,
D0498,Adi,
D0498,Prayetno,
D0498,ditemukan,
D0498,tewas,
D0498,di,
D0498,Jalan,
D0498,AH,
D0498,Nasution,
D0498,Kecamatan,
D0498,Medan,
D0498,Johor,
D0498,Sabtu,
D0498,2610,
D0498,sekira,
D0498,pukul,
D0498,0500,
D0498,WIB,
D0498,Korban,
D0498,merupakan,
D0498,warga,
D0498,Kecamatan,
D0498,Tanjung,
D0498,Morawa,
D0498,Kabupaten,
D0498,Deli,
D0498,Serdang,
D0498,Saat,
D0498,ditemukan,
D0498,ada,
D0498,sejumlah,
D0498,luka,
D0498,bacok,
D0498,di,
D0498,tubuh,
D0498,korban,
D0499,Sabtu,
D0499,9112024,
D0499,malam,
D0499,sehabis,
D0499,menenggak,
D0499,minuman,
D0499,keras,
D0499,Bejo,
D0499,asyik,
D0499,memacu,
D0499,motor,
D0499,Ia,
D0499,menghabiskan,
D0499,malam,
D0499,dengan,
D0499,cara,
D0499,berkonvoi,
D0499,dengan,
D0499,temantemannya,
D0499,Tak,
D0499,sadar,
D0499,beberapa,
D0499,saat,
D0499,kemudian,
D0499,keasyikannya,
D0499,akan,
D0499,berubah,
D0499,menjadi,
D0499,insiden,
D0499,kriminal,
D0499,Bejo,
D0499,dan,
D0499,kawankawannya,
D0499,memacu,
D0499,kendaraannya,
D0499,dari,
D0499,arah,
D0499,Cijerah,
D0499,tiba,
D0499,di,
D0499,Jalan,
D0499,Jendral,
D0499,Sudirman,
D0499,ia,
D0499,lantas,
D0499,menghampiri,
D0499,Widiana,
D0499,Rahma,
D0499,26,
D0499,seorang,
D0499,pemuda,
D0499,asal,
D0499,Kecamatan,
D0499,Andir,
D0499,Kota,
D0499,Bandung,
D0499,yang,
D0499,tengah,
D0499,nongkrong,
D0499,bersama,
D0499,temantemannya,
D0499,Entah,
D0499,apa,
D0499,pemicunya,
D0499,kedua,
D0499,kelompok,
D0499,itu,
D0499,terlibat,
D0499,cekcok,
D0499,Beberapa,
D0499,saat,
D0499,kemudian,
D0499,terdi,
D0499,keributan,
D0499,korban,
D0499,tersungkur,
D0499,usai,
D0499,ditikam,
D0499,menggunakan,
D0499,senjata,
D0499,tajam,
D0499,dari,
D0499,salah,
D0499,seorang,
D0499,kelompok,
D0499,yang,
D0499,berkonvoi,
D0499,menggunakan,
D0499,motor,
D0499,SCROLL,
D0499,TO,
D0499,CONTINUE,
D0499,WITH,
D0499,CONTENT,
D0499,Pada,
D0499,saat,
D0499,melewati,
D0499,Jalan,
D0499,Jend,
D0499,Sudirman,
D0499,para,
D0499,pelaku,
D0499,ini,
D0499,melihat,
D0499,ada,
D0499,4,
D0499,orang,
D0499,yang,
D0499,lagi,
D0499,nongkrong,
D0499,Pelaku,
D0499,lalu,
D0499,berhenti,
D0499,dan,
D0499,cekcok,
D0499,mulut,
D0499,dengan,
D0499,korban,
D0499,kata,
D0499,Kapolrestabes,
D0499,Bandung,
D0499,Kombes,
D0499,Budi,
D0499,Sartono,
D0499,Rabu,
D0499,13112024,
D0499,Kemudian,
D0499,terjadi,
D0499,keributan,
D0499,dan,
D0499,korban,
D0499,jatuh,
D0499,tersungkur,
D0499,Pelaku,
D0499,lalu,
D0499,mengambil,
D0499,pisau,
D0499,yang,
D0499,terselip,
D0499,di,
D0499,celananya,
D0499,dan,
D0499,menusuk,
D0499,ke,
D0499,punggung,
D0499,korban,
D0499,ungkap,
D0499,Budi,
D0499,menambahkan,
D0499,Pisau,
D0499,itu,
D0499,sendiri,
D0499,dibawa,
D0499,pelaku,
D0499,berinisial,
D0499,MAJ,
D0499,alias,
D0499,Bejo,
D0499,Setelah,
D0499,menusuk,
D0499,korban,
D0499,Bejo,
D0499,dan,
D0499,kelompoknya,
D0499,kemudian,
D0499,kabur,
D0499,melarikan,
D0499,diri,
D0499,Polisi,
D0499,yang,
D0499,mendapat,
D0499,laporan,
D0499,itu,
D0499,kemudian,
D0499,datang,
D0499,dan,
D0499,melakukan,
D0499,olah,
D0499,tempat,
D0499,kejadian,
D0499,perkara,
D0499,TKP,
D0499,Setelah,
D0499,memeriksa,
D0499,sejumlah,
D0499,saksi,
D0499,pelakunya,
D0499,MAJ,
D0499,alias,
D0499,Bejo,
D0499,kemudian,
D0499,bisa,
D0499,teridentifikasi,
D0499,Tak,
D0499,mau,
D0499,menunggu,
D0499,lama,
D0499,Bejo,
D0499,akhirnya,
D0499,bisa,
D0499,diciduk,
D0499,kepolisian,
D0499,pada,
D0499,Minggu,
D0499,10112024,
D0499,dini,
D0499,hari,
D0499,Dari,
D0499,hasil,
D0499,interogasi,
D0499,Bejo,
D0499,ternyata,
D0499,sudah,
D0499,terlebih,
D0499,dahulu,
D0499,dalam,
D0499,pengaruh,
D0499,alkohol,
D0499,sebelum,
D0499,melakukan,
D0499,aksi,
D0499,penusukan,
D0499,itu,
D0499,Hasil,
D0499,pemeriksaan,
D0499,ada,
D0499,beberapa,
D0499,pelaku,
D0499,yang,
D0499,ikut,
D0499,terlibat,
D0499,pengeroyokan,
D0499,Pelakunya,
D0499,ada,
D0499,6,
D0499,orang,
D0499,satu,
D0499,pelaku,
D0499,yang,
D0499,langsung,
D0499,nusuk,
D0499,yaitu,
D0499,MAJ,
D0499,alias,
D0499,Bejo,
D0499,dan,
D0499,5,
D0499,lagi,
D0499,itu,
D0499,masih,
D0499,di,
D0499,bawah,
D0499,umur,
D0499,Tapi,
D0499,tetap,
D0499,diproses,
D0499,pidana,
D0499,dengan,
D0499,ketentuan,
D0499,penanganan,
D0499,pelaku,
D0499,di,
D0499,bawab,
D0499,umur,
D0499,dengan,
D0499,Bapas,
D0499,beber,
D0499,Budi,
D0499,Sartono,
D0499,Budi,
D0499,belum,
D0499,bisa,
D0499,memastikan,
D0499,apakah,
D0499,Bejo,
D0499,dan,
D0499,kelompoknya,
D0499,bagian,
D0499,dari,
D0499,geng,
D0499,motor,
D0499,di,
D0499,Kota,
D0499,Bandung,
D0499,Tapi,
D0499,dia,
D0499,memastikan,
D0499,Bejo,
D0499,sudah,
D0499,membawa,
D0499,pisau,
D0499,sebelum,
D0499,bertemu,
D0499,dengan,
D0499,korban,
D0499,dan,
D0499,menusuknya,
D0499,menggunakan,
D0499,senjata,
D0499,tajam,
D0499,tersebut,
D0499,Dan,
D0499,berdasarkan,
D0499,pemeriksaan,
D0499,terhadap,
D0499,pelaku,
D0499,setelah,
D0499,diinterogasi,
D0499,pelaku,
D0499,ini,
D0499,terpengaruh,
D0499,minuman,
D0499,keras,
D0499,tegasnya,
D0499,Bejo,
D0499,dan,
D0499,kawankawannya,
D0499,pun,
D0499,terancam,
D0499,dijerat,
D0499,Pasal,
D0499,170,
D0499,KUHP,
D0499,dan,
D0499,atau,
D0499,Pasal,
D0499,351,
D0499,ayat,
D0499,3,
D0499,KUHP,
D0499,Ancaman,
D0499,hukuman,
D0499,maksimal,
D0499,12,
D0499,tahun,
D0499,kurungan,
D0499,penjara,
D0500,Seorang,
D0500,narapidana,
D0500,bernama,
D0500,Abdul,
D0500,Rahman,
D0500,45,
D0500,yang,
D0500,diduga,
D0500,kabur,
D0500,dari,
D0500,lapas,
D0500,ditangkap,
D0500,karena,
D0500,memperkosa,
D0500,pelajar,
D0500,di,
D0500,Kabupaten,
D0500,Mandailing,
D0500,Natal,
D0500,Madina,
D0500,Sumatera,
D0500,Utara,
D0500,Sumut,
D0500,inisial,
D0500,NM,
D0500,16,
D0500,Aksi,
D0500,bejat,
D0500,itu,
D0500,dilakukan,
D0500,pelaku,
D0500,di,
D0500,kebun,
D0500,karet,
D0500,saat,
D0500,korban,
D0500,tengah,
D0500,pingsan,
D0500,usai,
D0500,dianiaya,
D0500,pelaku,
D0500,Kapolres,
D0500,Madina,
D0500,AKBP,
D0500,Arie,
D0500,Sofandi,
D0500,Paloh,
D0500,mengatakan,
D0500,peristiwa,
D0500,itu,
D0500,terjadi,
D0500,pada,
D0500,Minggu,
D0500,610,
D0500,Awalnya,
D0500,pelaku,
D0500,membawa,
D0500,korban,
D0500,ke,
D0500,perkebunan,
D0500,karet,
D0500,dan,
D0500,langsung,
D0500,berupaya,
D0500,memperkosanya,
D0500,Namun,
D0500,saat,
D0500,itu,
D0500,korban,
D0500,berteriak,
D0500,hingga,
D0500,pelaku,
D0500,mencekik,
D0500,korban,
D0500,dan,
D0500,menghempaskannya,
D0500,ke,
D0500,tanah,
D0500,Akibatnya,
D0500,korban,
D0500,tidak,
D0500,sadarkan,
D0500,diri,
D0500,Melihat,
D0500,korban,
D0500,tidak,
D0500,sadarkan,
D0500,diri,
D0500,tersangka,
D0500,membuka,
D0500,pakaian,
D0500,korban,
D0500,dan,
D0500,menyetubuhinya,
D0500,kata,
D0500,Arie,
D0500,Rabu,
D0500,13112024,
D0500,SCROLL,
D0500,TO,
D0500,CONTINUE,
D0500,WITH,
D0500,CONTENT,
D0500,Usai,
D0500,menyetubuhi,
D0500,korban,
D0500,pelaku,
D0500,lalu,
D0500,pergi,
D0500,meninggalkan,
D0500,korban,
D0500,yang,
D0500,saat,
D0500,itu,
D0500,masih,
D0500,dalam,
D0500,keadaan,
D0500,pingsan,
D0500,Namun,
D0500,sebelum,
D0500,pergi,
D0500,pelaku,
D0500,juga,
D0500,sempat,
D0500,mencuri,
D0500,handphone,
D0500,korban,
D0500,Peristiwa,
D0500,itu,
D0500,lalu,
D0500,dilaporkan,
D0500,ke,
D0500,pihak,
D0500,kepolisian,
D0500,Petugas,
D0500,kepolisian,
D0500,lalu,
D0500,menyelidiki,
D0500,laporan,
D0500,itu,
D0500,dan,
D0500,mencari,
D0500,keberadaan,
D0500,pelaku,
D0500,di,
D0500,Kota,
D0500,Medan,
D0500,dan,
D0500,Provinsi,
D0500,Riau,
D0500,Pada,
D0500,akhirnya,
D0500,pelaku,
D0500,ditangkap,
D0500,di,
D0500,Kecamatan,
D0500,Muara,
D0500,Sipongi,
D0500,Kabupaten,
D0500,Madina,
D0500,Rabu,
D0500,611,
D0500,Setelah,
D0500,ditangkap,
D0500,pihak,
D0500,kepolisian,
D0500,membawa,
D0500,pelaku,
D0500,ke,
D0500,kantor,
D0500,polisi,
D0500,untuk,
D0500,proses,
D0500,pemeriksaan,
D0500,lebih,
D0500,lanjut,
D0500,Berdasarkan,
D0500,hasil,
D0500,penyelidikan,
D0500,pelaku,
D0500,ini,
D0500,sudah,
D0500,beberapa,
D0500,kali,
D0500,melakukan,
D0500,perbuatan,
D0500,pidana,
D0500,yakni,
D0500,kekerasan,
D0500,pada,
D0500,anak,
D0500,dan,
D0500,beberapa,
D0500,kali,
D0500,mencuri,
D0500,sepeda,
D0500,motor,
D0500,Selanjutnya,
D0500,saat,
D0500,tim,
D0500,melakukan,
D0500,pengembangan,
D0500,ke,
D0500,TKP,
D0500,yang,
D0500,lain,
D0500,tersangka,
D0500,melakukan,
D0500,perlawanan,
D0500,kepada,
D0500,petugas,
D0500,dan,
D0500,mencoba,
D0500,melarikan,
D0500,diri,
D0500,sehingga,
D0500,diberikan,
D0500,tindakan,
D0500,tegas,
D0500,terukur,
D0500,ditembak,
D0500,di,
D0500,kaki,
D0500,sebutnya,
D0500,Plh,
D0500,Kasi,
D0500,Humas,
D0500,Polres,
D0500,Madina,
D0500,Ipda,
D0500,Bagus,
D0500,Seto,
D0500,mengatakan,
D0500,awalnya,
D0500,korban,
D0500,mengenal,
D0500,pelaku,
D0500,usai,
D0500,dikenalkan,
D0500,oleh,
D0500,orang,
D0500,tuanya,
D0500,Saat,
D0500,itu,
D0500,ayah,
D0500,korban,
D0500,mengenal,
D0500,pelaku,
D0500,karena,
D0500,samasama,
D0500,mencari,
D0500,pinang,
D0500,Sebelum,
D0500,kejadian,
D0500,orang,
D0500,tua,
D0500,si,
D0500,korban,
D0500,jumpa,
D0500,lah,
D0500,sama,
D0500,si,
D0500,pelaku,
D0500,Samasama,
D0500,tak,
D0500,kenal,
D0500,ini,
D0500,tapi,
D0500,dilihatnya,
D0500,si,
D0500,pelaku,
D0500,ini,
D0500,baik,
D0500,samasama,
D0500,pencari,
D0500,pinang,
D0500,Jadi,
D0500,pelaku,
D0500,diajak,
D0500,ke,
D0500,rumah,
D0500,dikenalkan,
D0500,sama,
D0500,istrinya,
D0500,kata,
D0500,Bagus,
D0500,Lalu,
D0500,keesokan,
D0500,harinya,
D0500,pelaku,
D0500,kembali,
D0500,datang,
D0500,ke,
D0500,rumah,
D0500,korban,
D0500,Pada,
D0500,saat,
D0500,kejadian,
D0500,hanya,
D0500,ada,
D0500,ibu,
D0500,korban,
D0500,dan,
D0500,adiknya,
D0500,sedangkan,
D0500,ayah,
D0500,korban,
D0500,tengah,
D0500,tidak,
D0500,berada,
D0500,di,
D0500,rumah,
D0500,Abdul,
D0500,Rahman,
D0500,Napi,
D0500,yang,
D0500,Kabur,
D0500,dari,
D0500,Lapas,
D0500,Kalteng,
D0500,Baca,
D0500,Halaman,
D0500,Berikutnya,
D0500,Kemudian,
D0500,pelaku,
D0500,mengajak,
D0500,korban,
D0500,dan,
D0500,adiknya,
D0500,yang,
D0500,masih,
D0500,SD,
D0500,untuk,
D0500,ke,
D0500,pasar,
D0500,mencari,
D0500,ikan,
D0500,dengan,
D0500,menaiki,
D0500,sepeda,
D0500,motor,
D0500,Ketiganya,
D0500,pun,
D0500,pergi,
D0500,ke,
D0500,pasar,
D0500,Di,
D0500,tengah,
D0500,perjalanan,
D0500,pelaku,
D0500,menurunkan,
D0500,adik,
D0500,korban,
D0500,dengan,
D0500,alasan,
D0500,ingin,
D0500,bertemu,
D0500,temannya,
D0500,sedangkan,
D0500,korban,
D0500,tetap,
D0500,bersama,
D0500,dengan,
D0500,pelaku,
D0500,Namun,
D0500,ternyata,
D0500,pelaku,
D0500,membawa,
D0500,korban,
D0500,ke,
D0500,kebun,
D0500,karet,
D0500,dan,
D0500,memperkosanya,
D0500,Jadi,
D0500,begitu,
D0500,sudah,
D0500,pingsan,
D0500,itu,
D0500,si,
D0500,korban,
D0500,sadar,
D0500,Bangun,
D0500,mencari,
D0500,permukiman,
D0500,Kebetulan,
D0500,ketemu,
D0500,warung,
D0500,Di,
D0500,situlah,
D0500,dia,
D0500,istirahat,
D0500,minta,
D0500,tolong,
D0500,diantarkan,
D0500,ke,
D0500,rumah,
D0500,jelasnya,
D0500,Setelah,
D0500,itu,
D0500,korban,
D0500,diantar,
D0500,ke,
D0500,tempat,
D0500,adiknya,
D0500,ditinggalkan,
D0500,oleh,
D0500,pelaku,
D0500,Namun,
D0500,ternyata,
D0500,adik,
D0500,korban,
D0500,telah,
D0500,dijemput,
D0500,oleh,
D0500,keluarganya,
D0500,Pada,
D0500,akhirnya,
D0500,warga,
D0500,pun,
D0500,berdatangan,
D0500,untuk,
D0500,mencari,
D0500,korban,
D0500,dan,
D0500,menemukannya,
D0500,Berdasarkan,
D0500,pengakuan,
D0500,pelaku,
D0500,kata,
D0500,Bagus,
D0500,pelaku,
D0500,sempat,
D0500,ditahan,
D0500,atas,
D0500,kasus,
D0500,pemerkosaan,
D0500,di,
D0500,Lapas,
D0500,Kelas,
D0500,II,
D0500,Palangkaraya,
D0500,dengan,
D0500,vonis,
D0500,15,
D0500,tahun,
D0500,penjara,
D0500,Namun,
D0500,saat,
D0500,baru,
D0500,menjalani,
D0500,dua,
D0500,tahun,
D0500,hukuman,
D0500,pelaku,
D0500,melarikan,
D0500,diri,
D0500,dari,
D0500,Lapas,
D0500,Baru,
D0500,menjalani,
D0500,hukuman,
D0500,selama,
D0500,dua,
D0500,tahun,
D0500,tersangka,
D0500,melarikan,
D0500,diri,
D0500,dari,
D0500,Lapas,
D0500,Kelas,
D0500,II,
D0500,Palangkaraya,
D0500,Kalimantan,
D0500,Tengah,
D0500,Cuman,
D0500,kami,
D0500,belum,
D0500,dapat,
D0500,data,
D0500,dari,
D0500,Kalimantan,
D0500,Tengah,
D0500,tapi,
D0500,kami,
D0500,cek,
D0500,di,
D0500,Lapas,
D0500,Panyabungan,
D0500,ternyata,
D0500,nama,
D0500,dia,
D0500,pelaku,
D0500,terdata,
D0500,di,
D0500,sana,
D0500,lapas,
D0500,dengan,
D0500,vonis,
D0500,15,
D0500,tahun,
D0500,Kemudian,
D0500,baru,
D0500,dijalani,
D0500,dua,
D0500,tahun,
D0500,dia,
D0500,melarikan,
D0500,diri,
D0500,tapi,
D0500,kami,
D0500,belum,
D0500,konfirmasi,
D0500,ke,
D0500,sana,
D0500,gitu,
D0500,kata,
D0500,Bagus,
D0500,Atas,
D0500,perbuatannya,
D0500,pelaku,
D0500,dijerat,
D0500,UU,
D0500,Perlindungan,
D0500,Anak,
D0500,dengan,
D0500,ancaman,
D0500,hukuman,
D0500,sembilan,
D0500,tahun,
D0500,penjara,
D0501,Tiga,
D0501,pria,
D0501,Heri,
D0501,Mulyono,
D0501,42,
D0501,Setyo,
D0501,Puji,
D0501,Widodo,
D0501,44,
D0501,dan,
D0501,Edar,
D0501,Rinaldi,
D0501,34,
D0501,ditangkap,
D0501,polisi,
D0501,gegara,
D0501,mencuri,
D0501,kabel,
D0501,senilai,
D0501,Rp,
D0501,82,
D0501,juta,
D0501,Mereka,
D0501,menggasak,
D0501,kabel,
D0501,itu,
D0501,di,
D0501,perusahaan,
D0501,distributor,
D0501,PT,
D0501,Sinarmonas,
D0501,Industries,
D0501,Jalan,
D0501,Angsoka,
D0501,Cargo,
D0501,Permai,
D0501,II,
D0501,Nomor,
D0501,7,
D0501,Denpasar,
D0501,Pelaku,
D0501,melakukan,
D0501,pencurian,
D0501,secara,
D0501,bersamasama,
D0501,pada,
D0501,malam,
D0501,hari,
D0501,dengan,
D0501,cara,
D0501,merusak,
D0501,gembok,
D0501,kata,
D0501,Kepala,
D0501,Seksi,
D0501,Hubungan,
D0501,Masyarakat,
D0501,Kasi,
D0501,Humas,
D0501,Polresta,
D0501,Denpasar,
D0501,AKP,
D0501,I,
D0501,Ketut,
D0501,Sukadi,
D0501,dalam,
D0501,keterangan,
D0501,tertulis,
D0501,kepada,
D0501,wartawan,
D0501,Rabu,
D0501,13112024,
D0501,Sukadi,
D0501,menuturkan,
D0501,pencurian,
D0501,kabel,
D0501,di,
D0501,PT,
D0501,Sinarmonas,
D0501,Industries,
D0501,diketahui,
D0501,oleh,
D0501,karyawan,
D0501,pada,
D0501,Selasa,
D0501,1092024,
D0501,sekitar,
D0501,pukul,
D0501,0700,
D0501,Wita,
D0501,Karyawan,
D0501,perusahaan,
D0501,distributor,
D0501,kabel,
D0501,itu,
D0501,awalnya,
D0501,mendatangi,
D0501,gudang,
D0501,dan,
D0501,mencurigai,
D0501,ada,
D0501,yang,
D0501,tidak,
D0501,beres,
D0501,SCROLL,
D0501,TO,
D0501,CONTINUE,
D0501,WITH,
D0501,CONTENT,
D0501,Karyawan,
D0501,itu,
D0501,kemudian,
D0501,membuka,
D0501,gudang,
D0501,dan,
D0501,terlihat,
D0501,gembok,
D0501,sudah,
D0501,rusak,
D0501,Setelah,
D0501,dicek,
D0501,akhirnya,
D0501,diketahui,
D0501,beberapa,
D0501,kabel,
D0501,di,
D0501,dalam,
D0501,gudang,
D0501,telah,
D0501,hilang,
D0501,Kejadian,
D0501,itu,
D0501,lalu,
D0501,dilaporkan,
D0501,ke,
D0501,Polsek,
D0501,Denpasar,
D0501,Utara,
D0501,Tim,
D0501,Opsnal,
D0501,Polsek,
D0501,Denpasar,
D0501,Utara,
D0501,lantas,
D0501,melakukan,
D0501,olah,
D0501,tempat,
D0501,kejadian,
D0501,perkara,
D0501,TKP,
D0501,dan,
D0501,meminta,
D0501,keterangan,
D0501,sejumlah,
D0501,saksi,
D0501,seusai,
D0501,mendapatkan,
D0501,laporan,
D0501,Namun,
D0501,polisi,
D0501,mendapatkan,
D0501,informasi,
D0501,jika,
D0501,ada,
D0501,pelaku,
D0501,dengan,
D0501,modus,
D0501,yang,
D0501,sama,
D0501,tertangkap,
D0501,di,
D0501,Karangasem,
D0501,Unit,
D0501,Reskrim,
D0501,Polsek,
D0501,Denpasar,
D0501,Utara,
D0501,selanjutnya,
D0501,menginterogasi,
D0501,pelaku,
D0501,yang,
D0501,ditangkap,
D0501,Polres,
D0501,Karangasem,
D0501,Hasil,
D0501,interogasi,
D0501,mereka,
D0501,mengakui,
D0501,telah,
D0501,mencuri,
D0501,kabel,
D0501,di,
D0501,Denpasar,
D0501,Ketiga,
D0501,pelaku,
D0501,mengakui,
D0501,mencuri,
D0501,kabel,
D0501,di,
D0501,PT,
D0501,Sinarmonas,
D0501,Industries,
D0501,secara,
D0501,bersamasama,
D0501,pada,
D0501,malam,
D0501,hari,
D0501,dengan,
D0501,merusak,
D0501,gembok,
D0501,Saat,
D0501,beraksi,
D0501,Edar,
D0501,Rinaldi,
D0501,berperan,
D0501,mengangkat,
D0501,kabel,
D0501,dan,
D0501,mengupas,
D0501,kabel,
D0501,Heri,
D0501,Mulyono,
D0501,berperan,
D0501,merusak,
D0501,gembok,
D0501,mengangkat,
D0501,kabel,
D0501,dan,
D0501,mengupas,
D0501,kabel,
D0501,Sementara,
D0501,Setyo,
D0501,Puji,
D0501,Widodo,
D0501,berperan,
D0501,mencari,
D0501,lokasi,
D0501,di,
D0501,google,
D0501,driver,
D0501,merusak,
D0501,rumah,
D0501,gembok,
D0501,mengangkut,
D0501,kabel,
D0501,dan,
D0501,mengupas,
D0501,kabel,
D0501,Hasil,
D0501,kejahatan,
D0501,kemudian,
D0501,dijual,
D0501,kepada,
D0501,seseorang,
D0501,tinggal,
D0501,di,
D0501,Jalan,
D0501,Mahendradatta,
D0501,dan,
D0501,uangnya,
D0501,dibagi,
D0501,dan,
D0501,dipakai,
D0501,untuk,
D0501,kebutuhan,
D0501,hidup,
D0501,Pelaku,
D0501,melakukan,
D0501,pencurian,
D0501,karena,
D0501,kebutuhan,
D0501,hidup,
D0501,selama,
D0501,di,
D0501,Bali,
D0501,tidak,
D0501,memiliki,
D0501,pekerjaan,
D0501,terang,
D0501,Sukadi,
D0501,Polsek,
D0501,Denpasar,
D0501,Utara,
D0501,kini,
D0501,mengantongi,
D0501,barang,
D0501,bukti,
D0501,berupa,
D0501,satu,
D0501,kantong,
D0501,plastik,
D0501,hitam,
D0501,berisi,
D0501,sisa,
D0501,kupas,
D0501,kabel,
D0501,warna,
D0501,hitam,
D0501,sebuah,
D0501,alat,
D0501,congkel,
D0501,leter,
D0501,L,
D0501,modif,
D0501,pipih,
D0501,dan,
D0501,satu,
D0501,mobil,
D0501,pikap,
D0501,Grandmax,
D0501,dengan,
D0501,pelat,
D0501,DK,
D0501,8933,
D0501,QF,
D0501,Ketiga,
D0501,pelaku,
D0501,saat,
D0501,ini,
D0501,ditahan,
D0501,di,
D0501,Polres,
D0501,Karangasem,
D0502,Dua,
D0502,pria,
D0502,berinisial,
D0502,OP,
D0502,36,
D0502,dan,
D0502,MS,
D0502,49,
D0502,Kepolisian,
D0502,Resor,
D0502,Polres,
D0502,Buleleng,
D0502,Keduannya,
D0502,dibekuk,
D0502,saat,
D0502,sedang,
D0502,bersantai,
D0502,di,
D0502,teras,
D0502,rumah,
D0502,OP,
D0502,di,
D0502,Kelurahan,
D0502,Banjar,
D0502,Tegal,
D0502,Kecamatan,
D0502,Buleleng,
D0502,Bali,
D0502,pada,
D0502,Rabu,
D0502,6112024,
D0502,malam,
D0502,Kepala,
D0502,Satuan,
D0502,Reserse,
D0502,Kasatres,
D0502,Narkoba,
D0502,Polres,
D0502,Buleleng,
D0502,AKP,
D0502,Putu,
D0502,Subita,
D0502,mengatakan,
D0502,penangkapan,
D0502,OP,
D0502,dan,
D0502,MS,
D0502,bermula,
D0502,dari,
D0502,laporan,
D0502,masyarakat,
D0502,terkait,
D0502,maraknya,
D0502,peredaran,
D0502,narkoba,
D0502,di,
D0502,Kelurahan,
D0502,Banjar,
D0502,Tegal,
D0502,Polisi,
D0502,pun,
D0502,mendatangi,
D0502,lokasi,
D0502,dan,
D0502,langsung,
D0502,melakukan,
D0502,penggerebegan,
D0502,Saat,
D0502,penggerebekan,
D0502,kedua,
D0502,tersangka,
D0502,sedang,
D0502,duduk,
D0502,di,
D0502,teras,
D0502,rumah,
D0502,Polisi,
D0502,menemukan,
D0502,satu,
D0502,paket,
D0502,narkoba,
D0502,yang,
D0502,disimpan,
D0502,di,
D0502,dalam,
D0502,bungkus,
D0502,rokok,
D0502,SCROLL,
D0502,TO,
D0502,CONTINUE,
D0502,WITH,
D0502,CONTENT,
D0502,Hasil,
D0502,interogasi,
D0502,mereka,
D0502,membeli,
D0502,paket,
D0502,sabu,
D0502,patungan,
D0502,Mereka,
D0502,membeli,
D0502,dari,
D0502,pria,
D0502,bernisial,
D0502,GL,
D0502,lewat,
D0502,telepon,
D0502,dengan,
D0502,sistem,
D0502,tempel,
D0502,kata,
D0502,Subita,
D0502,saat,
D0502,konferensi,
D0502,pers,
D0502,di,
D0502,Polres,
D0502,Buleleng,
D0502,Rabu,
D0502,13112024,
D0502,Selain,
D0502,menangkap,
D0502,OP,
D0502,dan,
D0502,MS,
D0502,polisi,
D0502,juga,
D0502,menangkap,
D0502,sebanyak,
D0502,tiga,
D0502,pelaku,
D0502,narkoba,
D0502,lain,
D0502,berinisial,
D0502,GPR,
D0502,42,
D0502,FM,
D0502,42,
D0502,dan,
D0502,HR,
D0502,Salah,
D0502,satu,
D0502,dari,
D0502,mereka,
D0502,yakni,
D0502,FM,
D0502,merupakan,
D0502,pengedar,
D0502,narkoba,
D0502,Subita,
D0502,menerangkan,
D0502,GPR,
D0502,ditangkap,
D0502,pada,
D0502,Senin,
D0502,29102024,
D0502,sekitar,
D0502,pukul,
D0502,1215,
D0502,Wita,
D0502,di,
D0502,sebuah,
D0502,rumah,
D0502,di,
D0502,Desa,
D0502,Sambangan,
D0502,Kelurahan,
D0502,Sukasada,
D0502,Hasil,
D0502,penggeledahan,
D0502,ditemukan,
D0502,barang,
D0502,bukti,
D0502,sabu,
D0502,seberat,
D0502,049,
D0502,gram,
D0502,yang,
D0502,disimpan,
D0502,dalam,
D0502,pipet,
D0502,plastik,
D0502,GPR,
D0502,mengaku,
D0502,mendapatkan,
D0502,barang,
D0502,haram,
D0502,tersebut,
D0502,dari,
D0502,FM,
D0502,Polisi,
D0502,pun,
D0502,segera,
D0502,melakukan,
D0502,pengembangan,
D0502,Tak,
D0502,berselang,
D0502,lama,
D0502,Satres,
D0502,Narkoba,
D0502,Polres,
D0502,Buleleng,
D0502,melakukan,
D0502,penggerebegan,
D0502,sebuah,
D0502,rumah,
D0502,di,
D0502,Desa,
D0502,Sambangan,
D0502,Hasil,
D0502,penggeledahan,
D0502,terhadap,
D0502,FM,
D0502,ditemukan,
D0502,barang,
D0502,bukti,
D0502,berupa,
D0502,12,
D0502,paket,
D0502,potongan,
D0502,pipet,
D0502,berisi,
D0502,sabu,
D0502,seberat,
D0502,143,
D0502,gram,
D0502,satu,
D0502,plastik,
D0502,kllip,
D0502,sabu,
D0502,seberat,
D0502,013,
D0502,gram,
D0502,serta,
D0502,satu,
D0502,pipet,
D0502,kaca,
D0502,berisi,
D0502,residu,
D0502,sabu,
D0502,seberat,
D0502,123,
D0502,gram,
D0502,Selanjutnya,
D0502,polisi,
D0502,berhasil,
D0502,mengamankan,
D0502,nelayan,
D0502,berinisial,
D0502,HR,
D0502,dengan,
D0502,barang,
D0502,bukti,
D0502,satu,
D0502,pipet,
D0502,berisi,
D0502,sabu,
D0502,seberat,
D0502,026,
D0502,gram,
D0502,HR,
D0502,ditangkap,
D0502,saat,
D0502,melintas,
D0502,di,
D0502,Jalan,
D0502,Raya,
D0502,SingarajaSeririt,
D0502,Atas,
D0502,perbuatannya,
D0502,OP,
D0502,MS,
D0502,GPR,
D0502,HR,
D0502,dijerat,
D0502,dengan,
D0502,Pasal,
D0502,112,
D0502,ayat,
D0502,1,
D0502,UndangUndang,
D0502,Nomor,
D0502,35,
D0502,Tahun,
D0502,2009,
D0502,tentang,
D0502,Narkotika,
D0502,Sedangkan,
D0502,FM,
D0502,dijerat,
D0502,dengan,
D0502,Pasal,
D0502,114,
D0502,ayat,
D0502,1,
D0502,UndangUndang,
D0502,Nomor,
D0502,35,
D0502,Tahun,
D0502,2009,
D0502,tentang,
D0502,Narkotika,
D0503,Seorang,
D0503,kuli,
D0503,bangunan,
D0503,bernama,
D0503,Toni,
D0503,Hari,
D0503,Siswanto,
D0503,51,
D0503,terancam,
D0503,hukuman,
D0503,15,
D0503,tahun,
D0503,bui,
D0503,Dia,
D0503,didakwa,
D0503,mencabuli,
D0503,dua,
D0503,anak,
D0503,tetangganya,
D0503,yang,
D0503,berinsial,
D0503,FAOA,
D0503,13,
D0503,dan,
D0503,MPC,
D0503,11,
D0503,FAOA,
D0503,dan,
D0503,MPC,
D0503,adalah,
D0503,putri,
D0503,kandung,
D0503,tetangga,
D0503,Toni,
D0503,Di,
D0503,sanalah,
D0503,dua,
D0503,bocah,
D0503,ingusan,
D0503,itu,
D0503,dicabuli,
D0503,Toni,
D0503,Ya,
D0503,pencabulan,
D0503,ke,
D0503,anak,
D0503,Korban,
D0503,usia,
D0503,13,
D0503,dan,
D0503,11,
D0503,tahun,
D0503,kata,
D0503,Jaksa,
D0503,Penuntut,
D0503,Umum,
D0503,JPU,
D0503,Agung,
D0503,Satriadi,
D0503,Putra,
D0503,saat,
D0503,sidang,
D0503,dakwaan,
D0503,di,
D0503,Pengadilan,
D0503,Negeri,
D0503,PN,
D0503,Denpasar,
D0503,Selasa,
D0503,12112024,
D0503,SCROLL,
D0503,TO,
D0503,CONTINUE,
D0503,WITH,
D0503,CONTENT,
D0503,Aksi,
D0503,asusila,
D0503,itu,
D0503,bermula,
D0503,saat,
D0503,Toni,
D0503,duduk,
D0503,bersama,
D0503,MCP,
D0503,di,
D0503,teras,
D0503,ruko,
D0503,dekat,
D0503,warung,
D0503,tetangganya,
D0503,di,
D0503,Abiansemal,
D0503,Kabupaten,
D0503,Badung,
D0503,sekitar,
D0503,pukul,
D0503,2000,
D0503,Wita,
D0503,12,
D0503,Juli,
D0503,2024,
D0503,Toni,
D0503,bertemu,
D0503,MCP,
D0503,saat,
D0503,bertandang,
D0503,ke,
D0503,warung,
D0503,tetangganya,
D0503,saat,
D0503,itu,
D0503,Sebelum,
D0503,dicabuli,
D0503,Toni,
D0503,mengimingimingi,
D0503,MCP,
D0503,baju,
D0503,baru,
D0503,Setelah,
D0503,memberi,
D0503,baju,
D0503,baru,
D0503,masih,
D0503,di,
D0503,dekat,
D0503,warung,
D0503,tetangganya,
D0503,itu,
D0503,MCP,
D0503,dicabuli,
D0503,Toni,
D0503,Sadar,
D0503,sedang,
D0503,dicabuli,
D0503,Toni,
D0503,MCP,
D0503,lalu,
D0503,kabur,
D0503,ke,
D0503,warung,
D0503,ibunya,
D0503,Korban,
D0503,langsung,
D0503,lari,
D0503,ke,
D0503,warung,
D0503,ibunya,
D0503,kata,
D0503,Agung,
D0503,Tak,
D0503,berhenti,
D0503,sampai,
D0503,di,
D0503,situ,
D0503,Tiga,
D0503,hari,
D0503,kemudian,
D0503,anak,
D0503,tetangganya,
D0503,yang,
D0503,lain,
D0503,FAOA,
D0503,dicabuli,
D0503,Toni,
D0503,Saat,
D0503,dicabuli,
D0503,FAOA,
D0503,tidak,
D0503,menggubris,
D0503,karena,
D0503,mengira,
D0503,Toni,
D0503,tidak,
D0503,sengaja,
D0503,Pada,
D0503,hari,
D0503,yang,
D0503,sama,
D0503,aksi,
D0503,cabul,
D0503,Toni,
D0503,terjadi,
D0503,lagi,
D0503,FAOA,
D0503,diajak,
D0503,Toni,
D0503,mengambil,
D0503,gaji,
D0503,di,
D0503,sebuah,
D0503,tempat,
D0503,Ajakan,
D0503,Toni,
D0503,dituruti,
D0503,bocah,
D0503,ingusan,
D0503,itu,
D0503,Namun,
D0503,bukannya,
D0503,mengambil,
D0503,gaji,
D0503,FAOA,
D0503,malah,
D0503,dibawa,
D0503,Toni,
D0503,ke,
D0503,rumahnya,
D0503,Di,
D0503,rumah,
D0503,itu,
D0503,FAOA,
D0503,kembali,
D0503,dicabuli,
D0503,Toni,
D0503,FAOA,
D0503,melawan,
D0503,Tapi,
D0503,diancam,
D0503,Toni,
D0503,FAOA,
D0503,akhirnya,
D0503,hanya,
D0503,bisa,
D0503,diam,
D0503,ketakutan,
D0503,Akhirnya,
D0503,FAOA,
D0503,berteriak,
D0503,Teriakan,
D0503,FAOA,
D0503,sempat,
D0503,membuat,
D0503,anak,
D0503,terdakwa,
D0503,terbangun,
D0503,kata,
D0503,jaksa,
D0503,Bukannya,
D0503,berhenti,
D0503,FAOA,
D0503,terus,
D0503,dicabuli,
D0503,Toni,
D0503,meski,
D0503,hampir,
D0503,ketahuan,
D0503,anaknya,
D0503,Hingga,
D0503,akhirnya,
D0503,FAOA,
D0503,kembali,
D0503,melawan,
D0503,dan,
D0503,minta,
D0503,diantar,
D0503,pulang,
D0503,Bocah,
D0503,itu,
D0503,kembali,
D0503,diancam,
D0503,saat,
D0503,diantar,
D0503,pulang,
D0503,Toni,
D0503,Kini,
D0503,Toni,
D0503,harus,
D0503,mempertanggungjawabkan,
D0503,perbuatannya,
D0503,di,
D0503,hadapan,
D0503,majelis,
D0503,hakim,
D0503,di,
D0503,PN,
D0503,Denpasar,
D0503,Dia,
D0503,dijerat,
D0503,Pasal,
D0503,81,
D0503,ayat,
D0503,1,
D0503,UndangUndang,
D0503,Nomor,
D0503,17,
D0503,Tahun,
D0503,2016,
D0503,tentang,
D0503,Perlindungan,
D0503,Anak,
D0503,Toni,
D0503,terancam,
D0503,15,
D0503,tahun,
D0503,penjara,
D0504,Seorang,
D0504,pria,
D0504,mengaku,
D0504,sebagai,
D0504,Yesus,
D0504,Kristus,
D0504,menyerang,
D0504,sebuah,
D0504,biara,
D0504,di,
D0504,Spanyol,
D0504,bagian,
D0504,tenggara,
D0504,Seorang,
D0504,biarawan,
D0504,76,
D0504,tahun,
D0504,tewas,
D0504,dan,
D0504,dua,
D0504,lainnya,
D0504,dilaporkan,
D0504,terluka,
D0504,dalam,
D0504,penyerangan,
D0504,itu,
D0504,Dilansir,
D0504,dari,
D0504,detikNews,
D0504,Selasa,
D0504,12112024,
D0504,penyerangan,
D0504,brutal,
D0504,itu,
D0504,terjadi,
D0504,di,
D0504,Biara,
D0504,Santo,
D0504,Espiritu,
D0504,del,
D0504,Monte,
D0504,yang,
D0504,ada,
D0504,di,
D0504,area,
D0504,perbukitan,
D0504,Gilet,
D0504,sebuah,
D0504,desa,
D0504,yang,
D0504,berjarak,
D0504,sekitar,
D0504,30,
D0504,kilometer,
D0504,sebelah,
D0504,utara,
D0504,Valencia,
D0504,pada,
D0504,Sabtu,
D0504,911,
D0504,pagi,
D0504,waktu,
D0504,setempat,
D0504,Dalam,
D0504,aksinya,
D0504,menurut,
D0504,Ordo,
D0504,Fransiskan,
D0504,yang,
D0504,merupakan,
D0504,pemilik,
D0504,biara,
D0504,tersebut,
D0504,pelaku,
D0504,yang,
D0504,diidentifikasi,
D0504,sebagai,
D0504,pria,
D0504,paruh,
D0504,baya,
D0504,itu,
D0504,berteriak,
D0504,Saya,
D0504,Yesus,
D0504,Kristus,
D0504,SCROLL,
D0504,TO,
D0504,CONTINUE,
D0504,WITH,
D0504,CONTENT,
D0504,Pelaku,
D0504,yang,
D0504,tidak,
D0504,disebut,
D0504,namanya,
D0504,masuk,
D0504,ke,
D0504,dalam,
D0504,kompleks,
D0504,biara,
D0504,ketika,
D0504,para,
D0504,biarawan,
D0504,sedang,
D0504,sarapan,
D0504,dan,
D0504,langsung,
D0504,menyerang,
D0504,tiga,
D0504,orang,
D0504,dengan,
D0504,benda,
D0504,tumpul,
D0504,Pelaku,
D0504,kemudian,
D0504,diusir,
D0504,keluar,
D0504,seorang,
D0504,biarawan,
D0504,bernama,
D0504,Angel,
D0504,Ramon,
D0504,yang,
D0504,kemudian,
D0504,melaporkan,
D0504,penyerangan,
D0504,itu,
D0504,kepada,
D0504,pihak,
D0504,berwenang,
D0504,Saat,
D0504,berbicara,
D0504,kepada,
D0504,surat,
D0504,kabar,
D0504,lokal,
D0504,El,
D0504,Pais,
D0504,Ramon,
D0504,mengatakan,
D0504,bahwa,
D0504,pelaku,
D0504,tampaknya,
D0504,menjadi,
D0504,gila,
D0504,saat,
D0504,melakukan,
D0504,penyerangan,
D0504,Dia,
D0504,berteriak,
D0504,Saya,
D0504,akan,
D0504,membunuh,
D0504,saudarasaudara,
D0504,saya,
D0504,Yesus,
D0504,Kristus,
D0504,ucap,
D0504,Ramon,
D0504,menuturkan,
D0504,teriakan,
D0504,pelaku,
D0504,saat,
D0504,melakukan,
D0504,penyerangan,
D0504,Disebutkan,
D0504,Ramon,
D0504,bahwa,
D0504,pelaku,
D0504,kemudian,
D0504,merampas,
D0504,sejumlah,
D0504,benda,
D0504,termasuk,
D0504,tongkat,
D0504,dan,
D0504,botol,
D0504,untuk,
D0504,memukuli,
D0504,para,
D0504,biarawan,
D0504,itu,
D0504,Seorang,
D0504,pejabat,
D0504,keagamaan,
D0504,setempat,
D0504,yang,
D0504,enggan,
D0504,disebut,
D0504,namanya,
D0504,menuturkan,
D0504,salah,
D0504,satu,
D0504,korban,
D0504,luka,
D0504,dalam,
D0504,insiden,
D0504,itu,
D0504,sempat,
D0504,dirawat,
D0504,di,
D0504,rumah,
D0504,sakit,
D0504,setempat,
D0504,dalam,
D0504,kondisi,
D0504,kritis,
D0504,sebelum,
D0504,akhirnya,
D0504,meninggal,
D0504,dunia,
D0504,pada,
D0504,Senin,
D0504,1111,
D0504,sore,
D0504,waktu,
D0504,setempat,
D0504,Otoritas,
D0504,balai,
D0504,kota,
D0504,Gilet,
D0504,dalam,
D0504,pernyataannya,
D0504,mengumumkan,
D0504,bahwa,
D0504,pelaku,
D0504,penyerangan,
D0504,telah,
D0504,ditangkap,
D0504,setelah,
D0504,awalnya,
D0504,melarikan,
D0504,diri,
D0504,ke,
D0504,area,
D0504,pegunungan,
D0504,di,
D0504,sekitar,
D0504,biara,
D0504,Motif,
D0504,di,
D0504,balik,
D0504,aksi,
D0504,penyerangan,
D0504,ini,
D0504,belum,
D0504,diketahui,
D0504,secara,
D0504,jelas,
D0504,Laporan,
D0504,media,
D0504,lokal,
D0504,Spanyol,
D0504,menyebut,
D0504,pelaku,
D0504,penyerangan,
D0504,itu,
D0504,sebagai,
D0504,seorang,
D0504,warga,
D0504,Spanyol,
D0504,berusia,
D0504,46,
D0504,tahun,
D0504,yang,
D0504,menderita,
D0504,masalah,
D0504,kejiwaan,
D0504,dan,
D0504,kecanduan,
D0504,narkoba,
D0504,Disebutkan,
D0504,bahwa,
D0504,pelaku,
D0504,akan,
D0504,dihadirkan,
D0504,dalam,
D0504,persidangan,
D0504,kasus,
D0504,ini,
D0504,yang,
D0504,digelar,
D0504,pada,
D0504,Selasa,
D0504,1211,
D0504,waktu,
D0504,setempat,
D0505,Seorang,
D0505,pencuri,
D0505,sepeda,
D0505,motor,
D0505,di,
D0505,salah,
D0505,satu,
D0505,warung,
D0505,kopi,
D0505,warkop,
D0505,di,
D0505,Kota,
D0505,Medan,
D0505,Sumatera,
D0505,Utara,
D0505,Sumut,
D0505,bernama,
D0505,Romi,
D0505,Pangihutan,
D0505,Marpaung,
D0505,31,
D0505,mencoba,
D0505,kabur,
D0505,dari,
D0505,polisi,
D0505,usai,
D0505,ditangkap,
D0505,Akibatnya,
D0505,pihak,
D0505,kepolisian,
D0505,menembak,
D0505,bagian,
D0505,kaki,
D0505,pelaku,
D0505,Kanit,
D0505,Reskrim,
D0505,Polsek,
D0505,Medan,
D0505,Baru,
D0505,Iptu,
D0505,Dian,
D0505,Simangunsong,
D0505,mengatakan,
D0505,pencurian,
D0505,itu,
D0505,terjadi,
D0505,di,
D0505,salah,
D0505,satu,
D0505,warkop,
D0505,yang,
D0505,ada,
D0505,di,
D0505,Jalan,
D0505,Wahid,
D0505,Hasyim,
D0505,Kecamatan,
D0505,Medan,
D0505,Petisah,
D0505,Minggu,
D0505,10112024,
D0505,sekira,
D0505,pukul,
D0505,0130,
D0505,WIB,
D0505,Setelah,
D0505,dicek,
D0505,di,
D0505,CCTV,
D0505,diketahui,
D0505,bahwa,
D0505,sepeda,
D0505,motor,
D0505,korban,
D0505,telah,
D0505,dicuri,
D0505,Hasil,
D0505,olah,
D0505,TKP,
D0505,dan,
D0505,cek,
D0505,rekaman,
D0505,CCTV,
D0505,terlihat,
D0505,ada,
D0505,dua,
D0505,orang,
D0505,lakilaki,
D0505,mengendarai,
D0505,sepeda,
D0505,motor,
D0505,masuk,
D0505,ke,
D0505,areal,
D0505,parkiran,
D0505,sepeda,
D0505,motor,
D0505,kata,
D0505,Dian,
D0505,Selasa,
D0505,1211,
D0505,SCROLL,
D0505,TO,
D0505,CONTINUE,
D0505,WITH,
D0505,CONTENT,
D0505,Kemudian,
D0505,salah,
D0505,satu,
D0505,pelaku,
D0505,turun,
D0505,dari,
D0505,sepeda,
D0505,motor,
D0505,dan,
D0505,langsung,
D0505,merusak,
D0505,stang,
D0505,motor,
D0505,korban,
D0505,menggunakan,
D0505,kunci,
D0505,T,
D0505,Setelah,
D0505,itu,
D0505,pelaku,
D0505,langsung,
D0505,membawa,
D0505,kabur,
D0505,motor,
D0505,tersebut,
D0505,Pihak,
D0505,kepolisian,
D0505,yang,
D0505,menerima,
D0505,laporan,
D0505,kejadian,
D0505,itu,
D0505,lalu,
D0505,menyelidiki,
D0505,kasus,
D0505,tersebut,
D0505,Selang,
D0505,beberapa,
D0505,jam,
D0505,setelah,
D0505,kejadian,
D0505,petugas,
D0505,menemukan,
D0505,pelaku,
D0505,berada,
D0505,di,
D0505,Jalan,
D0505,Binjai,
D0505,Kecamatan,
D0505,Medan,
D0505,Denai,
D0505,tengah,
D0505,mengendarai,
D0505,sepeda,
D0505,motor,
D0505,korban,
D0505,Petugas,
D0505,pun,
D0505,langsung,
D0505,menangkap,
D0505,pelaku,
D0505,Namun,
D0505,saat,
D0505,akan,
D0505,dibawa,
D0505,ke,
D0505,kantor,
D0505,polisi,
D0505,pelaku,
D0505,berupaya,
D0505,kabur,
D0505,hingga,
D0505,terpaksa,
D0505,ditembak,
D0505,oleh,
D0505,pihak,
D0505,kepolisian,
D0505,Sewaktu,
D0505,pelaku,
D0505,hendak,
D0505,diboyong,
D0505,pelaku,
D0505,berusaha,
D0505,melarikan,
D0505,diri,
D0505,sehingga,
D0505,tim,
D0505,melakukan,
D0505,tembakan,
D0505,peringatan,
D0505,sebanyak,
D0505,2,
D0505,kali,
D0505,je,
D0505,Udara,
D0505,Namun,
D0505,pelaku,
D0505,tidak,
D0505,menghiraukannya,
D0505,sehingga,
D0505,tim,
D0505,melakukan,
D0505,tindakan,
D0505,tegas,
D0505,dan,
D0505,terukur,
D0505,menembak,
D0505,sebutnya,
D0505,Dian,
D0505,menyebut,
D0505,pihaknya,
D0505,masih,
D0505,menyelidiki,
D0505,lebih,
D0505,lanjut,
D0505,soal,
D0505,kasus,
D0505,tersebut,
D0505,dan,
D0505,memburu,
D0505,pelaku,
D0505,lain,
D0505,yang,
D0505,diduga,
D0505,terlibat,
D0505,dalam,
D0505,pencurian,
D0505,itu,
D0506,Dua,
D0506,orang,
D0506,berinisial,
D0506,SE,
D0506,alias,
D0506,E,
D0506,dan,
D0506,WS,
D0506,alias,
D0506,IW,
D0506,ditangkap,
D0506,Kepolisian,
D0506,Daerah,
D0506,Polda,
D0506,Nusa,
D0506,Tenggara,
D0506,Barat,
D0506,NTB,
D0506,Keduanya,
D0506,ditangkap,
D0506,akibat,
D0506,merekrut,
D0506,calon,
D0506,pekerja,
D0506,migran,
D0506,Indonesia,
D0506,PMI,
D0506,secara,
D0506,ilegal,
D0506,Direktur,
D0506,Reserse,
D0506,Kriminal,
D0506,Umum,
D0506,Dirreskrimum,
D0506,Polda,
D0506,NTB,
D0506,Kombes,
D0506,Pol,
D0506,Syarif,
D0506,Hidayat,
D0506,mengungkapkan,
D0506,kedua,
D0506,pelaku,
D0506,mengimingimingi,
D0506,para,
D0506,korban,
D0506,dengan,
D0506,gaji,
D0506,puluhan,
D0506,juta,
D0506,rupiah,
D0506,per,
D0506,bulan,
D0506,untuk,
D0506,magang,
D0506,di,
D0506,luar,
D0506,negeri,
D0506,Ini,
D0506,modusnya,
D0506,kerja,
D0506,magang,
D0506,ke,
D0506,negara,
D0506,Jepang,
D0506,melalui,
D0506,PT,
D0506,Radar,
D0506,Sumedi,
D0506,Efendi,
D0506,Indonesia,
D0506,PT,
D0506,RSEI,
D0506,dengan,
D0506,gaji,
D0506,tinggi,
D0506,hingga,
D0506,puluhan,
D0506,juta,
D0506,terang,
D0506,Syarif,
D0506,dalam,
D0506,konferensi,
D0506,pers,
D0506,di,
D0506,Mapolda,
D0506,NTB,
D0506,Senin,
D0506,11112024,
D0506,SCROLL,
D0506,TO,
D0506,CONTINUE,
D0506,WITH,
D0506,CONTENT,
D0506,Tersangka,
D0506,SE,
D0506,menjabat,
D0506,sebagai,
D0506,direktur,
D0506,lembaga,
D0506,pelatihan,
D0506,kerja,
D0506,LPK,
D0506,di,
D0506,PT,
D0506,RSEI,
D0506,sedangkan,
D0506,tersangka,
D0506,WS,
D0506,memiliki,
D0506,lembaga,
D0506,kursus,
D0506,dan,
D0506,pelatihan,
D0506,LKP,
D0506,Wahyu,
D0506,YYUHA,
D0506,di,
D0506,Ampenan,
D0506,Mataram,
D0506,WS,
D0506,berperan,
D0506,sebagai,
D0506,perekrut,
D0506,dan,
D0506,mengarahkan,
D0506,para,
D0506,korban,
D0506,ke,
D0506,PT,
D0506,RSEI,
D0506,Sebanyak,
D0506,17,
D0506,korban,
D0506,mengeluarkan,
D0506,uang,
D0506,berkisar,
D0506,Rp,
D0506,30,
D0506,hingga,
D0506,Rp,
D0506,40,
D0506,juta,
D0506,per,
D0506,orang,
D0506,untuk,
D0506,pendaftaran,
D0506,Para,
D0506,korban,
D0506,dijanjikan,
D0506,diberangkatkan,
D0506,dari,
D0506,Desember,
D0506,2023,
D0506,Namun,
D0506,mereka,
D0506,tak,
D0506,kunjung,
D0506,diberangkatkan,
D0506,hingga,
D0506,2024,
D0506,PT,
D0506,RSEI,
D0506,tidak,
D0506,memiliki,
D0506,izin,
D0506,dari,
D0506,Kementerian,
D0506,ketenagakerjaan,
D0506,kemenaker,
D0506,RI,
D0506,untuk,
D0506,menyelenggarakan,
D0506,magang,
D0506,atau,
D0506,menempatkan,
D0506,CPMI,
D0506,ungkap,
D0506,Syarif,
D0506,Syarif,
D0506,menerangkan,
D0506,SE,
D0506,berhasil,
D0506,menghimpun,
D0506,dana,
D0506,dari,
D0506,tersangka,
D0506,WS,
D0506,sebesar,
D0506,Rp,
D0506,630,
D0506,juta,
D0506,dan,
D0506,mendapatkan,
D0506,keuntungan,
D0506,Rp,
D0506,168,
D0506,juta,
D0506,Sedangkan,
D0506,pelaku,
D0506,WS,
D0506,berhasil,
D0506,menghimpun,
D0506,dana,
D0506,dari,
D0506,korban,
D0506,sebesar,
D0506,Rp,
D0506,926,
D0506,juta,
D0506,dengan,
D0506,keuntungan,
D0506,sebesar,
D0506,Rp,
D0506,296,
D0506,juta,
D0506,Ditreskrimum,
D0506,Polda,
D0506,NTB,
D0506,menyita,
D0506,sejumlah,
D0506,barang,
D0506,bukti,
D0506,dari,
D0506,tindakan,
D0506,kriminalitas,
D0506,yang,
D0506,dilakukan,
D0506,SE,
D0506,dan,
D0506,WS,
D0506,Barang,
D0506,bukti,
D0506,itu,
D0506,berupa,
D0506,dua,
D0506,lembar,
D0506,kegiatan,
D0506,belajar,
D0506,satu,
D0506,lembar,
D0506,kontrak,
D0506,kerja,
D0506,60,
D0506,dokumen,
D0506,berupa,
D0506,ijazah,
D0506,akta,
D0506,kelahiran,
D0506,satu,
D0506,lembar,
D0506,sertifikasi,
D0506,akreditasi,
D0506,LPK,
D0506,PT,
D0506,RSEI,
D0506,Kemudian,
D0506,ada,
D0506,satu,
D0506,gabung,
D0506,profil,
D0506,lembaga,
D0506,satu,
D0506,gabung,
D0506,akta,
D0506,pendirian,
D0506,lembaga,
D0506,dua,
D0506,gabung,
D0506,surat,
D0506,perjanjian,
D0506,kerja,
D0506,sama,
D0506,12,
D0506,sprint,
D0506,out,
D0506,bukti,
D0506,transfer,
D0506,ke,
D0506,PT,
D0506,Sanusi,
D0506,28,
D0506,lembar,
D0506,CV,
D0506,15,
D0506,lembar,
D0506,kuitansi,
D0506,satu,
D0506,set,
D0506,komputer,
D0506,tiga,
D0506,buku,
D0506,tabungan,
D0506,Jadi,
D0506,ternyata,
D0506,dari,
D0506,PT,
D0506,RSEI,
D0506,ini,
D0506,ada,
D0506,lagi,
D0506,LPK,
D0506,yang,
D0506,berdomisili,
D0506,di,
D0506,provinsi,
D0506,Jawa,
D0506,Barat,
D0506,di,
D0506,Kabupaten,
D0506,Subang,
D0506,dan,
D0506,ini,
D0506,kita,
D0506,akan,
D0506,dalami,
D0506,lagi,
D0506,karena,
D0506,sebagian,
D0506,dana,
D0506,transfer,
D0506,itu,
D0506,ditujukan,
D0506,kepada,
D0506,Sanusi,
D0506,namanya,
D0506,yang,
D0506,ada,
D0506,di,
D0506,Subang,
D0506,nanti,
D0506,akan,
D0506,kita,
D0506,dalami,
D0506,dan,
D0506,koordinasi,
D0506,dengan,
D0506,Bareskrim,
D0506,atau,
D0506,Polda,
D0506,terkait,
D0506,untuk,
D0506,pengungkapan,
D0506,terkait,
D0506,transfer,
D0506,uang,
D0506,yang,
D0506,sudah,
D0506,diserahkan,
D0506,kepada,
D0506,Sanusi,
D0506,papar,
D0506,Syarif,
D0507,Juru,
D0507,parkir,
D0507,jukir,
D0507,I,
D0507,Komang,
D0507,Agus,
D0507,Asmara,
D0507,25,
D0507,dibunuh,
D0507,di,
D0507,bantaran,
D0507,Sungai,
D0507,Tukad,
D0507,Badung,
D0507,Jalan,
D0507,Taman,
D0507,Pancing,
D0507,Timur,
D0507,Denpasar,
D0507,Bali,
D0507,oleh,
D0507,seorang,
D0507,tukang,
D0507,roti,
D0507,Agus,
D0507,Sugianto,
D0507,alias,
D0507,AS,
D0507,31,
D0507,Jenazah,
D0507,warga,
D0507,Jalan,
D0507,Salya,
D0507,IV,
D0507,Denpasar,
D0507,Utara,
D0507,itu,
D0507,ditemukan,
D0507,bersimbah,
D0507,darah,
D0507,dengan,
D0507,luka,
D0507,gorok,
D0507,di,
D0507,leher,
D0507,di,
D0507,bantaran,
D0507,sungai,
D0507,Taman,
D0507,Pancing,
D0507,Denpasar,
D0507,Kamis,
D0507,7112024,
D0507,Asmara,
D0507,dihabisi,
D0507,garagara,
D0507,masalah,
D0507,judi,
D0507,online,
D0507,Polisi,
D0507,menduga,
D0507,pria,
D0507,asal,
D0507,Banyuwangi,
D0507,Jawa,
D0507,Timur,
D0507,itu,
D0507,melakukan,
D0507,pembunuhan,
D0507,kepada,
D0507,Asmara,
D0507,secara,
D0507,terencana,
D0507,Pembunuhan,
D0507,terencana,
D0507,yang,
D0507,dilakukan,
D0507,oleh,
D0507,tersangka,
D0507,Agus,
D0507,TKP,
D0507,lokasi,
D0507,kejadian,
D0507,di,
D0507,Taman,
D0507,Pancing,
D0507,Denpasar,
D0507,Selatan,
D0507,kata,
D0507,Kapolresta,
D0507,Denpasar,
D0507,Kombes,
D0507,Wisnu,
D0507,Prabowo,
D0507,di,
D0507,Polsek,
D0507,Denpasar,
D0507,Selatan,
D0507,Sabtu,
D0507,9112024,
D0507,SCROLL,
D0507,TO,
D0507,CONTINUE,
D0507,WITH,
D0507,CONTENT,
D0507,Peristiwa,
D0507,itu,
D0507,berawal,
D0507,saat,
D0507,Agus,
D0507,main,
D0507,judi,
D0507,slot,
D0507,di,
D0507,situs,
D0507,Timnas4website,
D0507,di,
D0507,mesnya,
D0507,Rabu,
D0507,6112024,
D0507,Agus,
D0507,kalah,
D0507,dan,
D0507,uangnya,
D0507,hampir,
D0507,habis,
D0507,Agus,
D0507,kemudian,
D0507,teringat,
D0507,korban,
D0507,yang,
D0507,sudah,
D0507,dikenalnya,
D0507,sejak,
D0507,Agustus,
D0507,2024,
D0507,Agus,
D0507,sering,
D0507,bertemu,
D0507,dengan,
D0507,Asmara,
D0507,sebagai,
D0507,juru,
D0507,parkir,
D0507,di,
D0507,Jalan,
D0507,Cokroaminoto,
D0507,saat,
D0507,berjualan,
D0507,roti,
D0507,Agus,
D0507,tahu,
D0507,kondisi,
D0507,Asmara,
D0507,yang,
D0507,memiliki,
D0507,keterbelakangan,
D0507,mental,
D0507,Agus,
D0507,lalu,
D0507,mengajak,
D0507,Asmara,
D0507,main,
D0507,judi,
D0507,slot,
D0507,Agus,
D0507,menyuruh,
D0507,Asmara,
D0507,menggadaikan,
D0507,motornya,
D0507,dengan,
D0507,janji,
D0507,akan,
D0507,dibelikan,
D0507,motor,
D0507,baru,
D0507,kalau,
D0507,menang,
D0507,judi,
D0507,Asmara,
D0507,menyetujui,
D0507,ajakan,
D0507,Agus,
D0507,dan,
D0507,menggadaikan,
D0507,motornya,
D0507,seharga,
D0507,Rp,
D0507,5,
D0507,juta,
D0507,dan,
D0507,dipakai,
D0507,main,
D0507,judi,
D0507,slot,
D0507,via,
D0507,rekening,
D0507,Agus,
D0507,Tersangka,
D0507,meminta,
D0507,sepeda,
D0507,motor,
D0507,korban,
D0507,untuk,
D0507,dijual,
D0507,Kemudian,
D0507,korban,
D0507,menyerahkan,
D0507,sepeda,
D0507,motor,
D0507,berikut,
D0507,dengan,
D0507,BPKB,
D0507,lalu,
D0507,dijual,
D0507,Uang,
D0507,hasil,
D0507,jual,
D0507,motor,
D0507,itu,
D0507,digunakan,
D0507,untuk,
D0507,main,
D0507,judi,
D0507,slot,
D0507,kata,
D0507,Wisnu,
D0507,Agus,
D0507,sempat,
D0507,mengajak,
D0507,Asmara,
D0507,main,
D0507,judi,
D0507,slot,
D0507,di,
D0507,mesnya,
D0507,Rabu,
D0507,6112024,
D0507,Namun,
D0507,karena,
D0507,kondisi,
D0507,mes,
D0507,terlalu,
D0507,gelap,
D0507,Agus,
D0507,mengajak,
D0507,Asmara,
D0507,main,
D0507,judi,
D0507,slot,
D0507,di,
D0507,bantaran,
D0507,sungai,
D0507,Taman,
D0507,Pancing,
D0507,Sial,
D0507,Agus,
D0507,dan,
D0507,Asmara,
D0507,kalah,
D0507,lagi,
D0507,Uang,
D0507,hasil,
D0507,jual,
D0507,motor,
D0507,pun,
D0507,habis,
D0507,Saat,
D0507,itulah,
D0507,terjadi,
D0507,cekcok,
D0507,antara,
D0507,Asmara,
D0507,dan,
D0507,Agus,
D0507,Asmara,
D0507,meminta,
D0507,Agus,
D0507,mengganti,
D0507,motornya,
D0507,karena,
D0507,sudah,
D0507,dijual,
D0507,untuk,
D0507,main,
D0507,judi,
D0507,slot,
D0507,Agus,
D0507,menolak,
D0507,Asmara,
D0507,lalu,
D0507,meminta,
D0507,motor,
D0507,Agus,
D0507,sebagai,
D0507,gantinya,
D0507,Agus,
D0507,tetap,
D0507,menolak,
D0507,Setelah,
D0507,cekcok,
D0507,itulah,
D0507,Agus,
D0507,membunuh,
D0507,Asmara,
D0507,saat,
D0507,sedang,
D0507,asyik,
D0507,memandang,
D0507,situs,
D0507,judi,
D0507,slot,
D0507,di,
D0507,ponsel,
D0507,Agus,
D0507,memiting,
D0507,dari,
D0507,belakang,
D0507,dan,
D0507,menyayat,
D0507,leher,
D0507,pelipis,
D0507,bahu,
D0507,kiri,
D0507,saat,
D0507,Asmara,
D0507,lengah,
D0507,Hasil,
D0507,pemeriksaan,
D0507,laboratorium,
D0507,forensik,
D0507,dan,
D0507,Inafis,
D0507,Polda,
D0507,Bali,
D0507,luka,
D0507,sayatan,
D0507,di,
D0507,leher,
D0507,diduga,
D0507,menjadi,
D0507,penyebab,
D0507,kematian,
D0507,Asmara,
D0507,karena,
D0507,kondisinya,
D0507,yang,
D0507,paling,
D0507,parah,
D0507,Kejadian,
D0507,pukul,
D0507,2000,
D0507,Wita,
D0507,Semua,
D0507,luka,
D0507,bekas,
D0507,sayatan,
D0507,Karena,
D0507,agak,
D0507,terbelakang,
D0507,mentalnya,
D0507,kemungkinan,
D0507,tidak,
D0507,ada,
D0507,perlawanan,
D0507,dari,
D0507,korban,
D0507,Diduga,
D0507,luka,
D0507,fatal,
D0507,yang,
D0507,menyebabkan,
D0507,korban,
D0507,meninggal,
D0507,itu,
D0507,luka,
D0507,sayatan,
D0507,di,
D0507,leher,
D0507,ungkapnya,
D0507,Setelah,
D0507,menganiaya,
D0507,Asmara,
D0507,hingga,
D0507,tewas,
D0507,Agus,
D0507,membuang,
D0507,sarung,
D0507,tangan,
D0507,helm,
D0507,baju,
D0507,tukang,
D0507,parkir,
D0507,dan,
D0507,pisau,
D0507,cutter,
D0507,yang,
D0507,digunakannya,
D0507,untuk,
D0507,membunuh,
D0507,Asmara,
D0507,ke,
D0507,sungai,
D0507,itu,
D0507,Agus,
D0507,juga,
D0507,menggasak,
D0507,ponsel,
D0507,Asmara,
D0507,dan,
D0507,digadaikan,
D0507,seharga,
D0507,Rp,
D0507,600,
D0507,ribu,
D0507,untuk,
D0507,main,
D0507,judi,
D0507,slot,
D0507,lagi,
D0507,Semua,
D0507,barang,
D0507,bukti,
D0507,itu,
D0507,kini,
D0507,masih,
D0507,dicari,
D0507,terang,
D0507,Wisnu,
D0507,Wisnu,
D0507,menduga,
D0507,Agus,
D0507,sudah,
D0507,berencana,
D0507,pembunuhan,
D0507,itu,
D0507,sejak,
D0507,awal,
D0507,mengajak,
D0507,Asmara,
D0507,main,
D0507,judi,
D0507,slot,
D0507,Sebab,
D0507,Agus,
D0507,juga,
D0507,membeli,
D0507,sarung,
D0507,tangan,
D0507,dan,
D0507,dipakai,
D0507,saat,
D0507,menggorok,
D0507,Asmara,
D0507,Dia,
D0507,juga,
D0507,sengaja,
D0507,mengajak,
D0507,Asmara,
D0507,nongkrong,
D0507,di,
D0507,sungai,
D0507,Taman,
D0507,Pancing,
D0507,karena,
D0507,suasananya,
D0507,sepi,
D0507,Setelah,
D0507,melakukan,
D0507,aksinya,
D0507,Agus,
D0507,sempat,
D0507,kembali,
D0507,ke,
D0507,lokasi,
D0507,kejadian,
D0507,untuk,
D0507,memastikan,
D0507,Asmara,
D0507,sudah,
D0507,tewas,
D0507,Jadi,
D0507,memang,
D0507,sudah,
D0507,direncanakan,
D0507,Korban,
D0507,memang,
D0507,dimanfaatkan,
D0507,Sebelum,
D0507,membunuh,
D0507,korban,
D0507,tersangka,
D0507,sengaja,
D0507,membeli,
D0507,sarung,
D0507,tangan,
D0507,kata,
D0507,Wisnu,
D0507,Wisnu,
D0507,menjelaskan,
D0507,Agus,
D0507,terciduk,
D0507,di,
D0507,mes,
D0507,tempat,
D0507,kerjanya,
D0507,sebuah,
D0507,perusahaan,
D0507,roti,
D0507,di,
D0507,kawasan,
D0507,Kuta,
D0507,Jumat,
D0507,8112024,
D0507,sekitar,
D0507,pukul,
D0507,0200,
D0507,Wita,
D0507,Agus,
D0507,dihadiahi,
D0507,timah,
D0507,panas,
D0507,di,
D0507,kaki,
D0507,kanan,
D0507,karena,
D0507,sempat,
D0507,berusaha,
D0507,melarikan,
D0507,diri,
D0507,Ada,
D0507,saksi,
D0507,yang,
D0507,melihat,
D0507,Agus,
D0507,dan,
D0507,Asmara,
D0507,di,
D0507,sungai,
D0507,Taman,
D0507,Pancing,
D0507,Lalu,
D0507,saat,
D0507,akan,
D0507,ditangkap,
D0507,kami,
D0507,lakukan,
D0507,tindakan,
D0507,tegas,
D0507,terukur,
D0507,karena,
D0507,tersangka,
D0507,berusaha,
D0507,melarikan,
D0507,diri,
D0507,kata,
D0507,Wisnu,
D0507,Agus,
D0507,sudah,
D0507,mendekam,
D0507,di,
D0507,tahanan,
D0507,Polsek,
D0507,Denpasar,
D0507,Selatan,
D0507,Atas,
D0507,perbuatannya,
D0507,Agus,
D0507,dijerat,
D0507,Pasal,
D0507,340,
D0507,KUHP,
D0507,dan,
D0507,Pasal,
D0507,338,
D0507,KUHP,
D0507,Ancamannya,
D0507,hukuman,
D0507,mati,
D0508,Peristiwa,
D0508,penikaman,
D0508,yang,
D0508,dilakukan,
D0508,pria,
D0508,di,
D0508,Kabupaten,
D0508,Serdang,
D0508,Bedagai,
D0508,Sergai,
D0508,Agus,
D0508,Herbin,
D0508,Tambun,
D0508,47,
D0508,kepada,
D0508,istrinya,
D0508,Hertalina,
D0508,Simanjuntak,
D0508,46,
D0508,membuat,
D0508,heboh,
D0508,publik,
D0508,Pasalnya,
D0508,aksi,
D0508,keji,
D0508,pembunuhan,
D0508,dengan,
D0508,penikaman,
D0508,berulang,
D0508,kali,
D0508,itu,
D0508,tersiarkan,
D0508,saat,
D0508,live,
D0508,di,
D0508,Facebook,
D0508,Berikut,
D0508,detikSumut,
D0508,rangkum,
D0508,kronologi,
D0508,peristiwa,
D0508,tersebut,
D0508,Peristiwa,
D0508,mencekam,
D0508,itu,
D0508,terjadi,
D0508,di,
D0508,rumah,
D0508,korban,
D0508,dan,
D0508,pelaku,
D0508,di,
D0508,Dusun,
D0508,VIII,
D0508,Potean,
D0508,Desa,
D0508,Suka,
D0508,Damai,
D0508,Kecamatan,
D0508,Sei,
D0508,Bamban,
D0508,Sabtu,
D0508,2112024,
D0508,sekira,
D0508,pukul,
D0508,2100,
D0508,WIB,
D0508,Saat,
D0508,kejadian,
D0508,korban,
D0508,tengah,
D0508,berkaraoke,
D0508,sambil,
D0508,live,
D0508,di,
D0508,akun,
D0508,Facebooknya,
D0508,Pada,
D0508,saat,
D0508,itu,
D0508,ada,
D0508,sejumlah,
D0508,keluarga,
D0508,korban,
D0508,yang,
D0508,juga,
D0508,berada,
D0508,di,
D0508,lokasi,
D0508,SCROLL,
D0508,TO,
D0508,CONTINUE,
D0508,WITH,
D0508,CONTENT,
D0508,Tibatiba,
D0508,terduga,
D0508,pelaku,
D0508,yang,
D0508,dikenal,
D0508,sebagai,
D0508,suami,
D0508,Hertalina,
D0508,muncul,
D0508,mengambil,
D0508,sebilah,
D0508,pisau,
D0508,dari,
D0508,meja,
D0508,kata,
D0508,Kasat,
D0508,Reskrim,
D0508,Polres,
D0508,Sergai,
D0508,AKP,
D0508,Donny,
D0508,Simatupang,
D0508,Minggu,
D0508,311,
D0508,Pelaku,
D0508,menikam,
D0508,korban,
D0508,sebanyak,
D0508,lima,
D0508,kali,
D0508,Tikaman,
D0508,itu,
D0508,mengenai,
D0508,bagian,
D0508,perut,
D0508,payudara,
D0508,dan,
D0508,tangan,
D0508,korban,
D0508,Pisau,
D0508,yang,
D0508,digunakan,
D0508,pelaku,
D0508,untuk,
D0508,menikam,
D0508,istrinya,
D0508,adalah,
D0508,pisau,
D0508,yang,
D0508,biasa,
D0508,digunakan,
D0508,korban,
D0508,untuk,
D0508,memotong,
D0508,jeruk,
D0508,Pisau,
D0508,itu,
D0508,diambil,
D0508,pelaku,
D0508,sesaat,
D0508,sebelum,
D0508,menikam,
D0508,istrinya,
D0508,Pelaku,
D0508,menikamnya,
D0508,sebanyak,
D0508,lima,
D0508,kali,
D0508,kata,
D0508,Donny,
D0508,Setelah,
D0508,kejadian,
D0508,korban,
D0508,dilarikan,
D0508,ke,
D0508,Rumah,
D0508,Sakit,
D0508,Chevani,
D0508,Tebing,
D0508,Tinggi,
D0508,Namun,
D0508,nahas,
D0508,nyawa,
D0508,korban,
D0508,tidak,
D0508,bisa,
D0508,terselamatkan,
D0508,Lalu,
D0508,jasad,
D0508,korban,
D0508,dibawa,
D0508,ke,
D0508,RS,
D0508,Bhayangkara,
D0508,Tebing,
D0508,Tinggi,
D0508,untuk,
D0508,divisum,
D0508,Usai,
D0508,membunuh,
D0508,istrinya,
D0508,pelaku,
D0508,langsung,
D0508,pergi,
D0508,melarikan,
D0508,diri,
D0508,Pihak,
D0508,kepolisian,
D0508,yang,
D0508,menerima,
D0508,laporan,
D0508,kejadian,
D0508,itu,
D0508,langsung,
D0508,mencari,
D0508,pelaku,
D0508,dan,
D0508,menangkapnya,
D0508,di,
D0508,rumah,
D0508,kerabatnya,
D0508,di,
D0508,Dusun,
D0508,II,
D0508,Desa,
D0508,Pon,
D0508,Kecamatan,
D0508,Sei,
D0508,Bamban,
D0508,Minggu,
D0508,pagi,
D0508,Selain,
D0508,menangkap,
D0508,pelaku,
D0508,petugas,
D0508,kepolisian,
D0508,juga,
D0508,mengamankan,
D0508,pisau,
D0508,yang,
D0508,digunakan,
D0508,pelaku,
D0508,untuk,
D0508,membunuh,
D0508,korban,
D0508,Dengan,
D0508,cepat,
D0508,tim,
D0508,bergerak,
D0508,menuju,
D0508,lokasi,
D0508,dan,
D0508,berhasil,
D0508,menangkap,
D0508,pelaku,
D0508,di,
D0508,rumah,
D0508,kerabatnya,
D0508,jelas,
D0508,Donny,
D0508,Berdasarkan,
D0508,pengakuan,
D0508,pelaku,
D0508,motifnya,
D0508,sampai,
D0508,tega,
D0508,membunuh,
D0508,istrinya,
D0508,karena,
D0508,cemburu,
D0508,Pelaku,
D0508,merasa,
D0508,bahwa,
D0508,istrinya,
D0508,masih,
D0508,sering,
D0508,berhubungan,
D0508,dengan,
D0508,mantan,
D0508,suaminya,
D0508,Dalam,
D0508,pemeriksaan,
D0508,pelaku,
D0508,mengaku,
D0508,bahwa,
D0508,tindakannya,
D0508,didorong,
D0508,oleh,
D0508,sakit,
D0508,hati,
D0508,dan,
D0508,cemburu,
D0508,merasa,
D0508,bahwa,
D0508,Hertalina,
D0508,sering,
D0508,berhubungan,
D0508,dengan,
D0508,mantan,
D0508,suaminya,
D0508,sebutnya,
D0509,Polda,
D0509,Jatim,
D0509,mengimbau,
D0509,masyarakat,
D0509,untuk,
D0509,berhatihati,
D0509,saat,
D0509,bepergian,
D0509,ke,
D0509,luar,
D0509,rumah,
D0509,Sebab,
D0509,saat,
D0509,ini,
D0509,angka,
D0509,kejahatan,
D0509,mengalami,
D0509,peningkatan,
D0509,terutama,
D0509,di,
D0509,kawasan,
D0509,perumahan,
D0509,Ya,
D0509,karena,
D0509,kebanyakan,
D0509,terjadinya,
D0509,adalah,
D0509,di,
D0509,perumahan,
D0509,Berarti,
D0509,kita,
D0509,selalu,
D0509,harus,
D0509,hatihati,
D0509,di,
D0509,perumahan,
D0509,meski,
D0509,kita,
D0509,anggap,
D0509,aman,
D0509,ada,
D0509,security,
D0509,dan,
D0509,sebagainya,
D0509,di,
D0509,sini,
D0509,artinya,
D0509,masih,
D0509,juga,
D0509,pelaku,
D0509,kejahatan,
D0509,lebih,
D0509,pandai,
D0509,daripada,
D0509,penjaga,
D0509,keamanan,
D0509,kata,
D0509,AKBP,
D0509,Soegijoto,
D0509,Pamen,
D0509,BidHumas,
D0509,Polda,
D0509,Jatim,
D0509,Jumat,
D0509,8112024,
D0509,Menurutnya,
D0509,masyarakat,
D0509,harus,
D0509,tetap,
D0509,hatihati,
D0509,mewaspadai,
D0509,setiap,
D0509,langkah,
D0509,Ia,
D0509,menyebut,
D0509,kejahatan,
D0509,di,
D0509,wilayah,
D0509,Jawa,
D0509,Timur,
D0509,terjadi,
D0509,secara,
D0509,merata,
D0509,Sebab,
D0509,hasil,
D0509,pemetaan,
D0509,Polda,
D0509,Jatim,
D0509,kejahatan,
D0509,merata,
D0509,baik,
D0509,di,
D0509,pagi,
D0509,siang,
D0509,sore,
D0509,maupun,
D0509,malam,
D0509,hari,
D0509,SCROLL,
D0509,TO,
D0509,CONTINUE,
D0509,WITH,
D0509,CONTENT,
D0509,Tidak,
D0509,ada,
D0509,yang,
D0509,siang,
D0509,hari,
D0509,sedikit,
D0509,sekali,
D0509,tidak,
D0509,ada,
D0509,semua,
D0509,rata,
D0509,terjadi,
D0509,selama,
D0509,24,
D0509,jam,
D0509,urainya,
D0509,Lebih,
D0509,lanjut,
D0509,Soegijoto,
D0509,menambahkan,
D0509,bahwa,
D0509,masyarakat,
D0509,ketika,
D0509,hendak,
D0509,menggunakan,
D0509,perhiasan,
D0509,emas,
D0509,agar,
D0509,melihat,
D0509,terlebih,
D0509,dahulu,
D0509,tempat,
D0509,yang,
D0509,akan,
D0509,dituju,
D0509,Apabila,
D0509,acara,
D0509,resepsi,
D0509,ya,
D0509,silahkan,
D0509,menggunakan,
D0509,perhiasan,
D0509,tidak,
D0509,apaapa,
D0509,Tetapi,
D0509,kalau,
D0509,ditempat,
D0509,umum,
D0509,lebih,
D0509,baik,
D0509,kita,
D0509,mengurangi,
D0509,menggunakan,
D0509,perhiasan,
D0509,jelasnya,
D0509,Ke,
D0509,depan,
D0509,Polda,
D0509,Jatim,
D0509,akan,
D0509,terus,
D0509,meminimalisir,
D0509,kejahatan,
D0509,yang,
D0509,terjadi,
D0509,termasuk,
D0509,meningkatkan,
D0509,kegiatan,
D0509,kepolisian,
D0509,rutin,
D0509,Kegiatan,
D0509,ini,
D0509,bernama,
D0509,KRYD,
D0509,Kegiatan,
D0509,Rutin,
D0509,Yang,
D0509,Ditingkatkan,
D0509,dalam,
D0509,bentuk,
D0509,patroli,
D0509,dan,
D0509,himbauan,
D0509,kepada,
D0509,masyarakat,
D0509,KRYD,
D0509,rutin,
D0509,ini,
D0509,juga,
D0509,untuk,
D0509,sambang,
D0509,ke,
D0509,masyarakat,
D0509,hingga,
D0509,menjaga,
D0509,ke,
D0509,jalanjalan,
D0509,hingga,
D0509,masukmasuk,
D0509,ke,
D0509,tempat,
D0509,ibadah,
D0509,serta,
D0509,memberikan,
D0509,pembimbingan,
D0509,kepada,
D0509,masyarakat,
D0509,urainya,
D0509,Jadi,
D0509,untuk,
D0509,masyarakat,
D0509,jangan,
D0509,segansegan,
D0509,melaporkan,
D0509,kejadian,
D0509,yang,
D0509,terjadi,
D0509,kepada,
D0509,satuan,
D0509,polisi,
D0509,terdekat,
D0509,laporan,
D0509,tidak,
D0509,dipungut,
D0509,biaya,
D0509,gratis,
D0509,Karena,
D0509,dari,
D0509,situ,
D0509,kita,
D0509,akan,
D0509,mengevaluasi,
D0509,dari,
D0509,tindakan,
D0509,kepolisian,
D0509,untuk,
D0509,menciptakan,
D0509,keamanan,
D0509,dan,
D0509,ketertiban,
D0509,di,
D0509,masyarakat,
D0509,pungkasnya,
D0510,Kasus,
D0510,kriminalitas,
D0510,di,
D0510,Surabaya,
D0510,hingga,
D0510,penghujung,
D0510,tahun,
D0510,2024,
D0510,masih,
D0510,marak,
D0510,terjadi,
D0510,Berbagai,
D0510,kejadian,
D0510,seperti,
D0510,begal,
D0510,jambret,
D0510,pencurian,
D0510,teror,
D0510,dengan,
D0510,senjata,
D0510,tajam,
D0510,hingga,
D0510,pembunuhan,
D0510,membuat,
D0510,masyarakat,
D0510,merasa,
D0510,waswas,
D0510,Sosiolog,
D0510,Universitas,
D0510,Airlangga,
D0510,Unair,
D0510,Prof,
D0510,Dr,
D0510,Bagong,
D0510,Suyanto,
D0510,mengatakan,
D0510,maraknya,
D0510,aksi,
D0510,kriminalitas,
D0510,ini,
D0510,sebenarnya,
D0510,dipicu,
D0510,beberapa,
D0510,hal,
D0510,Seperti,
D0510,kondisi,
D0510,ekonomi,
D0510,yang,
D0510,lesu,
D0510,hingga,
D0510,badai,
D0510,PHK,
D0510,massal,
D0510,Konsekuensinya,
D0510,masyarakat,
D0510,pun,
D0510,akhirnya,
D0510,terpaksa,
D0510,masuk,
D0510,ke,
D0510,sektor,
D0510,non,
D0510,legal,
D0510,bahkan,
D0510,ilegal,
D0510,Terlibat,
D0510,aksi,
D0510,kriminalitas,
D0510,menjadi,
D0510,pilihan,
D0510,terpaksa,
D0510,yg,
D0510,dilakukan,
D0510,sepanjang,
D0510,jalur,
D0510,legal,
D0510,sulit,
D0510,diraih,
D0510,ujar,
D0510,Bagong,
D0510,saat,
D0510,dihubungi,
D0510,detikJatim,
D0510,Jumat,
D0510,8112024,
D0510,SCROLL,
D0510,TO,
D0510,CONTINUE,
D0510,WITH,
D0510,CONTENT,
D0510,Menanggapi,
D0510,hal,
D0510,ini,
D0510,Bagong,
D0510,mengatakan,
D0510,aparat,
D0510,penegak,
D0510,hukum,
D0510,perlu,
D0510,mengambil,
D0510,tindakan,
D0510,dengan,
D0510,melibatkan,
D0510,masyarakat,
D0510,Polisi,
D0510,perlu,
D0510,kerjasama,
D0510,dan,
D0510,mengandalkan,
D0510,dukungan,
D0510,masyarakat,
D0510,katanya,
D0510,Sementara,
D0510,Pakar,
D0510,Hukum,
D0510,dari,
D0510,Universitas,
D0510,Muhammadiyah,
D0510,UM,
D0510,Surabaya,
D0510,Satria,
D0510,Unggul,
D0510,Wicaksana,
D0510,menjelaskan,
D0510,bahwa,
D0510,kriminalitas,
D0510,yang,
D0510,marak,
D0510,terjadi,
D0510,di,
D0510,Kota,
D0510,Surabaya,
D0510,ini,
D0510,perlu,
D0510,diatasi,
D0510,efektif,
D0510,oleh,
D0510,aparat,
D0510,penegak,
D0510,hukum,
D0510,termasuk,
D0510,kepolisian,
D0510,Sebab,
D0510,kasus,
D0510,kriminalitas,
D0510,di,
D0510,kota,
D0510,metropolitan,
D0510,seperti,
D0510,Surabaya,
D0510,menurutnya,
D0510,sudah,
D0510,masuk,
D0510,dalam,
D0510,kategori,
D0510,rawan,
D0510,Masalah,
D0510,kriminalitas,
D0510,itu,
D0510,kan,
D0510,problem,
D0510,sosial,
D0510,dimensinya,
D0510,tidak,
D0510,hanya,
D0510,penindakan,
D0510,dari,
D0510,kepolisian,
D0510,tapi,
D0510,sejauh,
D0510,mana,
D0510,menciptakan,
D0510,tertib,
D0510,hukum,
D0510,Ini,
D0510,yang,
D0510,sebenarnya,
D0510,masih,
D0510,sangat,
D0510,kurang,
D0510,jelasnya,
D0510,Satria,
D0510,menyebut,
D0510,bahwa,
D0510,aparat,
D0510,penegak,
D0510,hukum,
D0510,seharusnya,
D0510,dapat,
D0510,lebih,
D0510,melibatkan,
D0510,masyarakat,
D0510,untuk,
D0510,menciptakan,
D0510,lingkungan,
D0510,yang,
D0510,tertib,
D0510,hukum,
D0510,Perlu,
D0510,strategi,
D0510,yang,
D0510,komprehensif,
D0510,dalam,
D0510,memastikan,
D0510,keamanan,
D0510,Titik,
D0510,tekannya,
D0510,di,
D0510,aparat,
D0510,penegak,
D0510,hukum,
D0510,namun,
D0510,peran,
D0510,serta,
D0510,masyarakat,
D0510,tidak,
D0510,bisa,
D0510,dilepaskan,
D0510,untuk,
D0510,menciptakan,
D0510,ketertiban,
D0510,di,
D0510,Surabaya,
D0510,tuturnya,
D0510,Contohnya,
D0510,dengan,
D0510,mengajak,
D0510,masyarakat,
D0510,hingga,
D0510,tingkat,
D0510,RTRW,
D0510,untuk,
D0510,turut,
D0510,melakukan,
D0510,kontrol,
D0510,dan,
D0510,penindakan,
D0510,memastikan,
D0510,masyarakat,
D0510,perlu,
D0510,memahami,
D0510,alur,
D0510,pelaporan,
D0510,hingga,
D0510,tidak,
D0510,main,
D0510,hakim,
D0510,sendiri,
D0510,ketika,
D0510,menjumpai,
D0510,kasus,
D0510,kriminalitas,
D0510,Katakanlah,
D0510,pelibatan,
D0510,aktif,
D0510,RTRW,
D0510,hingga,
D0510,mungkin,
D0510,tersedianya,
D0510,aktivasi,
D0510,yang,
D0510,lebih,
D0510,aktif,
D0510,dari,
D0510,Babhinsa,
D0510,Bhabinkamtibmas,
D0510,dan,
D0510,lainnya,
D0510,Ini,
D0510,penting,
D0510,dilakukan,
D0510,terangnya,
D0510,Harapannya,
D0510,dapat,
D0510,tercipta,
D0510,kondusifitas,
D0510,dan,
D0510,lingkungan,
D0510,yang,
D0510,aman,
D0510,bagi,
D0510,masyarakat,
D0510,di,
D0510,Kota,
D0510,Surabaya,
D0510,Kalau,
D0510,kriminalitas,
D0510,ini,
D0510,tidak,
D0510,segera,
D0510,ditindak,
D0510,maka,
D0510,akan,
D0510,jadi,
D0510,problem,
D0510,ke,
D0510,depan,
D0510,tandas,
D0510,Satria,
D0511,Gangster,
D0511,Agen,
D0511,Pemukul,
D0511,Badali,
D0511,diringkus,
D0511,polisi,
D0511,di,
D0511,Jalan,
D0511,Ir,
D0511,Soekarno,
D0511,Kota,
D0511,Mojokerto,
D0511,saat,
D0511,akan,
D0511,berkonvoi,
D0511,Ironisnya,
D0511,enam,
D0511,remaja,
D0511,anggota,
D0511,gangster,
D0511,tersebut,
D0511,berstatus,
D0511,siswa,
D0511,SMP,
D0511,Kasat,
D0511,Samapta,
D0511,Polres,
D0511,Mojokerto,
D0511,Kota,
D0511,AKP,
D0511,Anang,
D0511,Leo,
D0511,Afera,
D0511,menjelaskan,
D0511,gangster,
D0511,ini,
D0511,ditangkap,
D0511,di,
D0511,Jalan,
D0511,Ir,
D0511,Soekarno,
D0511,Kelurahan,
D0511,Pulorejo,
D0511,Kecamatan,
D0511,Prajurit,
D0511,Kulon,
D0511,pada,
D0511,Rabu,
D0511,611,
D0511,sekitar,
D0511,pukul,
D0511,2130,
D0511,WIB,
D0511,Saat,
D0511,itu,
D0511,tim,
D0511,patroli,
D0511,yang,
D0511,ia,
D0511,kerahkan,
D0511,memergoki,
D0511,Gangster,
D0511,Agen,
D0511,Pemukul,
D0511,Badali,
D0511,ini,
D0511,nongkrong,
D0511,Gangster,
D0511,ini,
D0511,berjumlah,
D0511,enam,
D0511,remaja,
D0511,yang,
D0511,statusnya,
D0511,1,
D0511,pelajar,
D0511,SMP,
D0511,dan,
D0511,5,
D0511,pelajar,
D0511,MTs,
D0511,SCROLL,
D0511,TO,
D0511,CONTINUE,
D0511,WITH,
D0511,CONTENT,
D0511,Sekelompok,
D0511,remaja,
D0511,ini,
D0511,kami,
D0511,periksa,
D0511,di,
D0511,lokasi,
D0511,karena,
D0511,memakai,
D0511,atribut,
D0511,gangster,
D0511,yang,
D0511,meresahkan,
D0511,masyarakat,
D0511,jelasnya,
D0511,kepada,
D0511,wartawan,
D0511,Kamis,
D0511,7112024,
D0511,Gangster,
D0511,ini,
D0511,beranggotakan,
D0511,JCZ,
D0511,15,
D0511,YNA,
D0511,15,
D0511,EL,
D0511,14,
D0511,AJ,
D0511,14,
D0511,MSA,
D0511,15,
D0511,serta,
D0511,MAA,
D0511,15,
D0511,Keenamnya,
D0511,warga,
D0511,Kecamatan,
D0511,Sooko,
D0511,Kabupaten,
D0511,Mojokerto,
D0511,Polisi,
D0511,pun,
D0511,menggeledah,
D0511,mereka,
D0511,Hasilnya,
D0511,petugas,
D0511,menemukan,
D0511,1,
D0511,botol,
D0511,ukuran,
D0511,600,
D0511,ml,
D0511,berisi,
D0511,sisa,
D0511,arak,
D0511,bali,
D0511,di,
D0511,jok,
D0511,sepeda,
D0511,motor,
D0511,salah,
D0511,satu,
D0511,remaja,
D0511,Gangster,
D0511,ini,
D0511,pun,
D0511,diamankan,
D0511,ke,
D0511,kantor,
D0511,Satsamapta,
D0511,Polres,
D0511,Mojokerto,
D0511,Kota,
D0511,Kemarin,
D0511,malam,
D0511,orang,
D0511,tua,
D0511,masingmasing,
D0511,menjemput,
D0511,mereka,
D0511,Karena,
D0511,mereka,
D0511,berusia,
D0511,di,
D0511,bawah,
D0511,umur,
D0511,jelasnya,
D0511,Penangkapan,
D0511,gangster,
D0511,ini,
D0511,lanjut,
D0511,Anang,
D0511,untuk,
D0511,mencegah,
D0511,mereka,
D0511,membuat,
D0511,keributan,
D0511,yang,
D0511,meresahkan,
D0511,masyarakat,
D0511,Sebab,
D0511,selain,
D0511,dalam,
D0511,kondisi,
D0511,mabuk,
D0511,para,
D0511,remaja,
D0511,ini,
D0511,akan,
D0511,berkonvoi,
D0511,mengendarai,
D0511,empat,
D0511,sepeda,
D0511,motor,
D0511,Menurutnya,
D0511,gangster,
D0511,ini,
D0511,melanggar,
D0511,pasal,
D0511,489,
D0511,ayat,
D0511,1,
D0511,dan,
D0511,pasal,
D0511,492,
D0511,ayat,
D0511,1,
D0511,KUHP,
D0511,Pihaknya,
D0511,juga,
D0511,menyita,
D0511,barang,
D0511,bukti,
D0511,2,
D0511,jaket,
D0511,Gangster,
D0511,Agen,
D0511,Pemukul,
D0511,Badali,
D0511,miras,
D0511,serta,
D0511,empat,
D0511,sepeda,
D0511,motor,
D0511,Karena,
D0511,usia,
D0511,mereka,
D0511,di,
D0511,bawah,
D0511,umur,
D0511,Jumat,
D0511,besok,
D0511,orang,
D0511,tua,
D0511,pihak,
D0511,sekolah,
D0511,dan,
D0511,desa,
D0511,akan,
D0511,kami,
D0511,kumpulkan,
D0511,Supaya,
D0511,ada,
D0511,pembinaan,
D0511,juga,
D0511,dari,
D0511,keluarganya,
D0511,tandasnya,
D0512,Dampak,
D0512,judi,
D0512,online,
D0512,itu,
D0512,memang,
D0512,nyata,
D0512,merusak,
D0512,masyarakat,
D0512,Kejadian,
D0512,di,
D0512,Medan,
D0512,barubaru,
D0512,menunjukkan,
D0512,betapa,
D0512,mengerikannya,
D0512,jerat,
D0512,judol,
D0512,Seorang,
D0512,pria,
D0512,bernama,
D0512,Irza,
D0512,Dwi,
D0512,Cahyadi,
D0512,30,
D0512,nekat,
D0512,merampok,
D0512,mobil,
D0512,seorang,
D0512,sopir,
D0512,taksi,
D0512,online,
D0512,Khairul,
D0512,Putra,
D0512,Harahap,
D0512,Ia,
D0512,juga,
D0512,nekat,
D0512,menggorok,
D0512,leher,
D0512,korbannya,
D0512,dan,
D0512,melarikan,
D0512,mobil,
D0512,Daihatsu,
D0512,Sigra,
D0512,milik,
D0512,korban,
D0512,karena,
D0512,terlilit,
D0512,utang,
D0512,judi,
D0512,online,
D0512,Ia,
D0512,pun,
D0512,ditangkap,
D0512,Polrestabes,
D0512,Medan,
D0512,Berdasarkan,
D0512,interogasi,
D0512,singkat,
D0512,bahwasanya,
D0512,pelaku,
D0512,mengakui,
D0512,perbuatannya,
D0512,dikarenakan,
D0512,banyak,
D0512,utang,
D0512,karena,
D0512,bermain,
D0512,judi,
D0512,online,
D0512,kata,
D0512,Kapolrestabes,
D0512,Medan,
D0512,Kombes,
D0512,Gidion,
D0512,Arif,
D0512,Setyawan,
D0512,Rabu,
D0512,6112024,
D0512,SCROLL,
D0512,TO,
D0512,CONTINUE,
D0512,WITH,
D0512,CONTENT,
D0512,Gidion,
D0512,menjelaskan,
D0512,peristiwa,
D0512,sadis,
D0512,itu,
D0512,terjadi,
D0512,depan,
D0512,Hotel,
D0512,Danau,
D0512,Toba,
D0512,Jalan,
D0512,Imam,
D0512,Bonjol,
D0512,Medan,
D0512,Senin,
D0512,411,
D0512,sekira,
D0512,pukul,
D0512,0230,
D0512,WIB,
D0512,Pelaku,
D0512,mencuri,
D0512,mobil,
D0512,korban,
D0512,Ia,
D0512,menyebut,
D0512,kejadian,
D0512,itu,
D0512,mulanya,
D0512,diketahui,
D0512,pihak,
D0512,kelurahan,
D0512,sekira,
D0512,pukul,
D0512,0430,
D0512,WIB,
D0512,Pihaknya,
D0512,keluarga,
D0512,korban,
D0512,pun,
D0512,langsung,
D0512,mengecek,
D0512,kondisi,
D0512,korban,
D0512,yang,
D0512,saat,
D0512,itu,
D0512,tengah,
D0512,dirawat,
D0512,di,
D0512,RS,
D0512,Bhayangkara,
D0512,Medan,
D0512,Peristiwa,
D0512,itu,
D0512,pun,
D0512,dilaporkan,
D0512,keluarga,
D0512,korban,
D0512,ke,
D0512,Polsek,
D0512,Medan,
D0512,Kota,
D0512,Pihak,
D0512,kepolisian,
D0512,yang,
D0512,menerima,
D0512,laporan,
D0512,itu,
D0512,lalu,
D0512,menyelidiki,
D0512,kasus,
D0512,tersebut,
D0512,dan,
D0512,mengamankan,
D0512,pelaku,
D0512,di,
D0512,Jalan,
D0512,Raya,
D0512,Menteng,
D0512,Kecamatan,
D0512,Medan,
D0512,Denai,
D0512,Selasa,
D0512,511,
D0512,Pelaku,
D0512,mengaku,
D0512,mobil,
D0512,korban,
D0512,yang,
D0512,dirampoknya,
D0512,ditinggalkannya,
D0512,di,
D0512,Jalan,
D0512,Kim,
D0512,V,
D0512,Sementara,
D0512,hp,
D0512,korban,
D0512,dan,
D0512,pisau,
D0512,yang,
D0512,digunakannya,
D0512,untuk,
D0512,melukai,
D0512,korban,
D0512,dibuang,
D0512,pelaku,
D0512,di,
D0512,pinggir,
D0512,sungai,
D0512,di,
D0512,Jalan,
D0512,Banten,
D0512,Kecamatan,
D0512,Labuhan,
D0512,Deli,
D0512,Dari,
D0512,interogasi,
D0512,pelaku,
D0512,mengaku,
D0512,membuang,
D0512,pisau,
D0512,dan,
D0512,hp,
D0512,korban,
D0512,di,
D0512,Jalan,
D0512,Banten,
D0512,Labuhan,
D0512,Deli,
D0512,tepatnya,
D0512,di,
D0512,pinggir,
D0512,sungai,
D0512,Selanjutnya,
D0512,tim,
D0512,menuju,
D0512,tempat,
D0512,pembuangan,
D0512,barang,
D0512,bukti,
D0512,dan,
D0512,berhasil,
D0512,menemukan,
D0512,barang,
D0512,bukti,
D0512,tersebut,
D0512,jelasnya,
D0512,Tim,
D0512,melakukan,
D0512,pencarian,
D0512,terhadap,
D0512,pelaku,
D0512,dan,
D0512,mendapatkan,
D0512,informasi,
D0512,bahwa,
D0512,pelaku,
D0512,sedang,
D0512,berada,
D0512,di,
D0512,jalan,
D0512,Raya,
D0512,Menteng,
D0512,Selanjutnya,
D0512,tim,
D0512,bergerak,
D0512,cepat,
D0512,dan,
D0512,berhasil,
D0512,mengamankan,
D0512,pelaku,
D0512,kata,
D0512,Gidion,
D0512,Selasa,
D0512,511,
D0512,Modus,
D0512,pelaku,
D0512,memesan,
D0512,jasa,
D0512,transportasi,
D0512,korban,
D0512,secara,
D0512,offline,
D0512,dari,
D0512,Jalan,
D0512,T,
D0512,Amir,
D0512,Hamzah,
D0512,Binjai,
D0512,dengan,
D0512,tujuan,
D0512,ke,
D0512,daerah,
D0512,Brayan,
D0512,Medan,
D0512,Dia,
D0512,korban,
D0512,dapat,
D0512,orderan,
D0512,offline,
D0512,dari,
D0512,Binjai,
D0512,Jalan,
D0512,T,
D0512,Amir,
D0512,Hamzah,
D0512,Titik,
D0512,tujuannya,
D0512,itu,
D0512,ke,
D0512,Hotel,
D0512,Danau,
D0512,Toba,
D0512,sama,
D0512,ke,
D0512,daerah,
D0512,Brayan,
D0512,kata,
D0512,rekan,
D0512,korban,
D0512,Ale,
D0512,Setibanya,
D0512,di,
D0512,dekat,
D0512,Hotel,
D0512,Danau,
D0512,Toba,
D0512,sekira,
D0512,pukul,
D0512,0200,
D0512,WIB,
D0512,pelaku,
D0512,meminta,
D0512,korban,
D0512,berhenti,
D0512,dengan,
D0512,alasan,
D0512,ingin,
D0512,menunggu,
D0512,temannya,
D0512,Namun,
D0512,tibatiba,
D0512,pelaku,
D0512,yang,
D0512,duduk,
D0512,di,
D0512,belakang,
D0512,korban,
D0512,langsung,
D0512,melancarkan,
D0512,aksinya,
D0512,dengan,
D0512,menggorok,
D0512,leher,
D0512,korban,
D0512,Korban,
D0512,berusaha,
D0512,menyelamatkan,
D0512,diri,
D0512,dengan,
D0512,keluar,
D0512,dari,
D0512,dalam,
D0512,mobil,
D0512,dan,
D0512,minta,
D0512,pertolongan,
D0512,warga,
D0512,yang,
D0512,melintas,
D0512,Sementara,
D0512,pelaku,
D0512,langsung,
D0512,membawa,
D0512,kabur,
D0512,mobil,
D0512,korban,
D0512,Korban,
D0512,dilarikan,
D0512,ke,
D0512,RS,
D0512,Malahayati,
D0512,dengan,
D0512,kondisi,
D0512,yang,
D0512,cukup,
D0512,parah,
D0512,kemudian,
D0512,dibawa,
D0512,ke,
D0512,RS,
D0512,Bhayangkara,
D0512,Medan,
D0513,Pelajar,
D0513,SMP,
D0513,kelas,
D0513,tiga,
D0513,di,
D0513,Kota,
D0513,Pasuruan,
D0513,berinisial,
D0513,MT,
D0513,15,
D0513,dihajar,
D0513,warga,
D0513,usai,
D0513,ketahuan,
D0513,melakukan,
D0513,aksi,
D0513,begal,
D0513,sepeda,
D0513,angin,
D0513,Korbannya,
D0513,anak,
D0513,usia,
D0513,sebaya,
D0513,berinisial,
D0513,ZI,
D0513,14,
D0513,MT,
D0513,merupakan,
D0513,warga,
D0513,Kecamatan,
D0513,Panggungrejo,
D0513,Ia,
D0513,diamankan,
D0513,usai,
D0513,dihajar,
D0513,warga,
D0513,lalu,
D0513,diserahkan,
D0513,polisi,
D0513,MT,
D0513,berhasil,
D0513,ditangkap,
D0513,warga,
D0513,lalu,
D0513,diserahkan,
D0513,ke,
D0513,petugas,
D0513,kata,
D0513,Plt,
D0513,Kasi,
D0513,Humas,
D0513,Polres,
D0513,Pasuruan,
D0513,Kota,
D0513,Aipda,
D0513,Muhammad,
D0513,Junaidi,
D0513,Kamis,
D0513,7112024,
D0513,SCROLL,
D0513,TO,
D0513,CONTINUE,
D0513,WITH,
D0513,CONTENT,
D0513,Peristiwa,
D0513,bermula,
D0513,saat,
D0513,ZI,
D0513,bermain,
D0513,sepeda,
D0513,angin,
D0513,bersama,
D0513,temannya,
D0513,di,
D0513,Jalan,
D0513,Kelurahan,
D0513,Bukir,
D0513,Gadingrejo,
D0513,Kota,
D0513,Pasuruan,
D0513,Senin,
D0513,4112024,
D0513,pukul,
D0513,2100,
D0513,WIB,
D0513,Tibatiba,
D0513,mereka,
D0513,didatangi,
D0513,oleh,
D0513,empat,
D0513,remaja,
D0513,tak,
D0513,dikenal,
D0513,Salah,
D0513,satu,
D0513,remaja,
D0513,langsung,
D0513,mengancam,
D0513,korban,
D0513,dengan,
D0513,pisau,
D0513,sambil,
D0513,meminta,
D0513,sepeda,
D0513,BMX,
D0513,Polygon,
D0513,Rogue,
D0513,biru,
D0513,yang,
D0513,dibawanya,
D0513,Korban,
D0513,yang,
D0513,ketakutan,
D0513,menyerahkan,
D0513,sepedanya,
D0513,pada,
D0513,pelaku,
D0513,Ia,
D0513,juga,
D0513,menyerahkan,
D0513,dua,
D0513,topi,
D0513,berwarna,
D0513,hitam,
D0513,dan,
D0513,coklat,
D0513,yang,
D0513,diminta,
D0513,pelaku,
D0513,Setelah,
D0513,berhasil,
D0513,mengambil,
D0513,barangbarang,
D0513,itu,
D0513,para,
D0513,pelaku,
D0513,berusaha,
D0513,kabur,
D0513,Namun,
D0513,salah,
D0513,satu,
D0513,pelaku,
D0513,tertangkap,
D0513,warga,
D0513,yang,
D0513,mendengar,
D0513,teriakan,
D0513,korban,
D0513,Warga,
D0513,yang,
D0513,marah,
D0513,menghajar,
D0513,pelaku,
D0513,sebelum,
D0513,menyerahkannya,
D0513,ke,
D0513,polisi,
D0513,Menurut,
D0513,warga,
D0513,pelaku,
D0513,berjumlah,
D0513,enam,
D0513,orang,
D0513,dan,
D0513,empat,
D0513,lainnya,
D0513,berhasil,
D0513,ditangkap,
D0513,polisi,
D0513,terang,
D0513,Junaidi,
D0513,Saat,
D0513,ini,
D0513,kasus,
D0513,dalam,
D0513,penanganan,
D0513,Unit,
D0513,PPA,
D0513,Satreskrim,
D0513,Polres,
D0513,Pasuruan,
D0513,Kota,
D0514,Polrestabes,
D0514,Medan,
D0514,menangkap,
D0514,Irza,
D0514,Dwi,
D0514,Cahyadi,
D0514,30,
D0514,begal,
D0514,yang,
D0514,merampok,
D0514,mobil,
D0514,dan,
D0514,menggorok,
D0514,leher,
D0514,pengemudi,
D0514,taksi,
D0514,online,
D0514,di,
D0514,kawasan,
D0514,Hotel,
D0514,Danau,
D0514,Toba,
D0514,Motif,
D0514,pelaku,
D0514,melakukan,
D0514,aksi,
D0514,tersebut,
D0514,karena,
D0514,terlilit,
D0514,utang,
D0514,judi,
D0514,online,
D0514,judol,
D0514,Berdasarkan,
D0514,interogasi,
D0514,singkat,
D0514,bahwasanya,
D0514,pelaku,
D0514,mengakui,
D0514,perbuatannya,
D0514,dikarenakan,
D0514,banyak,
D0514,utang,
D0514,karena,
D0514,bermain,
D0514,judi,
D0514,online,
D0514,kata,
D0514,Kapolrestabes,
D0514,Medan,
D0514,Kombes,
D0514,Gidion,
D0514,Arif,
D0514,Setyawan,
D0514,Rabu,
D0514,6112024,
D0514,Gidion,
D0514,menyebut,
D0514,peristiwa,
D0514,itu,
D0514,terjadi,
D0514,depan,
D0514,Hotel,
D0514,Danau,
D0514,Toba,
D0514,Jalan,
D0514,Imam,
D0514,Bonjol,
D0514,Medan,
D0514,Senin,
D0514,411,
D0514,sekira,
D0514,pukul,
D0514,0230,
D0514,WIB,
D0514,Pelaku,
D0514,mencuri,
D0514,mobil,
D0514,Daihatsu,
D0514,Sigra,
D0514,milik,
D0514,korban,
D0514,SCROLL,
D0514,TO,
D0514,CONTINUE,
D0514,WITH,
D0514,CONTENT,
D0514,Mantan,
D0514,Kapolres,
D0514,Jakarta,
D0514,Utara,
D0514,itu,
D0514,menyebut,
D0514,informasi,
D0514,kejadian,
D0514,tersebut,
D0514,awalnya,
D0514,diterima,
D0514,pihak,
D0514,kelurahan,
D0514,sekira,
D0514,pukul,
D0514,0430,
D0514,WIB,
D0514,Setelah,
D0514,mendapat,
D0514,informasi,
D0514,itu,
D0514,keluarga,
D0514,langsung,
D0514,mengecek,
D0514,kondisi,
D0514,korban,
D0514,yang,
D0514,saat,
D0514,itu,
D0514,tengah,
D0514,dirawat,
D0514,di,
D0514,RS,
D0514,Bhayangkara,
D0514,Medan,
D0514,Keluarga,
D0514,menuju,
D0514,rumah,
D0514,sakit,
D0514,dan,
D0514,melihat,
D0514,korban,
D0514,sedang,
D0514,dirawat,
D0514,di,
D0514,ruang,
D0514,ICU,
D0514,dengan,
D0514,kondisi,
D0514,luka,
D0514,robek,
D0514,di,
D0514,leher,
D0514,jelasnya,
D0514,Peristiwa,
D0514,itu,
D0514,lalu,
D0514,dilaporkan,
D0514,keluarga,
D0514,korban,
D0514,ke,
D0514,Polsek,
D0514,Medan,
D0514,Kota,
D0514,Pihak,
D0514,kepolisian,
D0514,yang,
D0514,menerima,
D0514,laporan,
D0514,itu,
D0514,lalu,
D0514,menyelidiki,
D0514,kasus,
D0514,tersebut,
D0514,dan,
D0514,mengamankan,
D0514,pelaku,
D0514,di,
D0514,Jalan,
D0514,Raya,
D0514,Menteng,
D0514,Kecamatan,
D0514,Medan,
D0514,Denai,
D0514,Selasa,
D0514,511,
D0514,Berdasarkan,
D0514,keterangan,
D0514,pelaku,
D0514,mobil,
D0514,korban,
D0514,yang,
D0514,dirampoknya,
D0514,itu,
D0514,ditinggalkannya,
D0514,di,
D0514,Jalan,
D0514,Kim,
D0514,V,
D0514,Sementara,
D0514,hp,
D0514,korban,
D0514,dan,
D0514,pisau,
D0514,yang,
D0514,digunakannya,
D0514,untuk,
D0514,melukai,
D0514,korban,
D0514,dibuang,
D0514,pelaku,
D0514,di,
D0514,pinggir,
D0514,sungai,
D0514,di,
D0514,Jalan,
D0514,Banten,
D0514,Kecamatan,
D0514,Labuhan,
D0514,Deli,
D0514,Dari,
D0514,interogasi,
D0514,pelaku,
D0514,mengaku,
D0514,membuang,
D0514,pisau,
D0514,dan,
D0514,hp,
D0514,korban,
D0514,di,
D0514,Jalan,
D0514,Banten,
D0514,Labuhan,
D0514,Deli,
D0514,tepatnya,
D0514,di,
D0514,pinggir,
D0514,sungai,
D0514,Selanjutnya,
D0514,tim,
D0514,menuju,
D0514,tempat,
D0514,pembuangan,
D0514,barang,
D0514,bukti,
D0514,dan,
D0514,berhasil,
D0514,menemukan,
D0514,barang,
D0514,bukti,
D0514,tersebut,
D0514,jelasnya,
D0514,Sebelumnya,
D0514,diberitakan,
D0514,polisi,
D0514,menangkap,
D0514,pria,
D0514,yang,
D0514,membegal,
D0514,pengemudi,
D0514,taksi,
D0514,online,
D0514,bernama,
D0514,Khairul,
D0514,Putra,
D0514,Harahap,
D0514,yang,
D0514,terjadi,
D0514,di,
D0514,kawasan,
D0514,Hotel,
D0514,Danau,
D0514,Toba,
D0514,Senin,
D0514,411,
D0514,dini,
D0514,hari,
D0514,Polisi,
D0514,pun,
D0514,menangkap,
D0514,pelaku,
D0514,begal,
D0514,tersebut,
D0514,Tim,
D0514,melakukan,
D0514,pencarian,
D0514,terhadap,
D0514,pelaku,
D0514,dan,
D0514,mendapatkan,
D0514,informasi,
D0514,bahwa,
D0514,pelaku,
D0514,sedang,
D0514,berada,
D0514,di,
D0514,jalan,
D0514,Raya,
D0514,Menteng,
D0514,Selanjutnya,
D0514,tim,
D0514,bergerak,
D0514,cepat,
D0514,dan,
D0514,berhasil,
D0514,mengamankan,
D0514,pelaku,
D0514,kata,
D0514,Gidion,
D0514,Selasa,
D0514,511,
D0514,Usai,
D0514,ditangkap,
D0514,pelaku,
D0514,dibawa,
D0514,ke,
D0514,Polrestabes,
D0514,Medan,
D0514,untuk,
D0514,proses,
D0514,pemeriksaan,
D0514,lebih,
D0514,lanjut,
D0514,Tim,
D0514,gabungan,
D0514,membawa,
D0514,pelaku,
D0514,dan,
D0514,barang,
D0514,bukti,
D0514,ke,
D0514,Satreskrim,
D0514,Polrestabes,
D0514,Medan,
D0514,untuk,
D0514,penyidikan,
D0514,lebih,
D0514,lanjut,
D0514,pungkasnya,
D0514,Untuk,
D0514,diketahui,
D0514,awalnya,
D0514,korban,
D0514,membawa,
D0514,penumpang,
D0514,tersebut,
D0514,dari,
D0514,Jalan,
D0514,T,
D0514,Amir,
D0514,Hamzah,
D0514,Kota,
D0514,Binjai,
D0514,dengan,
D0514,sistem,
D0514,pemesan,
D0514,secara,
D0514,offline,
D0514,Dia,
D0514,korban,
D0514,dapat,
D0514,orderan,
D0514,offline,
D0514,dari,
D0514,Binjai,
D0514,Jalan,
D0514,T,
D0514,Amir,
D0514,Hamzah,
D0514,Titik,
D0514,tujuannya,
D0514,itu,
D0514,ke,
D0514,Hotel,
D0514,Danau,
D0514,Toba,
D0514,sama,
D0514,ke,
D0514,daerah,
D0514,Brayan,
D0514,kata,
D0514,rekan,
D0514,korban,
D0514,Ale,
D0514,Setibanya,
D0514,di,
D0514,dekat,
D0514,Hotel,
D0514,Danau,
D0514,Toba,
D0514,sekira,
D0514,pukul,
D0514,0200,
D0514,WIB,
D0514,pelaku,
D0514,meminta,
D0514,berhenti,
D0514,dengan,
D0514,alasan,
D0514,ingin,
D0514,menunggu,
D0514,temannya,
D0514,Tak,
D0514,lama,
D0514,pelaku,
D0514,yang,
D0514,duduk,
D0514,tepat,
D0514,di,
D0514,belakang,
D0514,korban,
D0514,langsung,
D0514,melancarkan,
D0514,aksinya,
D0514,dengan,
D0514,menggorok,
D0514,korban,
D0514,Setelah,
D0514,kejadian,
D0514,itu,
D0514,korban,
D0514,berupaya,
D0514,menyelamatkan,
D0514,diri,
D0514,dengan,
D0514,keluar,
D0514,dari,
D0514,dalam,
D0514,mobil,
D0514,dan,
D0514,meminta,
D0514,pertolongan,
D0514,driver,
D0514,ojek,
D0514,online,
D0514,yang,
D0514,kebetulan,
D0514,tengah,
D0514,melintas,
D0514,Sementara,
D0514,pelaku,
D0514,langsung,
D0514,pergi,
D0514,membawa,
D0514,kabur,
D0514,mobil,
D0514,korban,
D0514,Lalu,
D0514,korban,
D0514,dilarikan,
D0514,ke,
D0514,RS,
D0514,Malahayati,
D0514,Namun,
D0514,karena,
D0514,kondisi,
D0514,yang,
D0514,cukup,
D0514,parah,
D0514,korban,
D0514,dilarikan,
D0514,ke,
D0514,RS,
D0514,Bhayangkara,
D0514,Medan,
D0515,Satgas,
D0515,Ops,
D0515,Damai,
D0515,Cartenz2024,
D0515,menangkap,
D0515,pemasok,
D0515,senjata,
D0515,dan,
D0515,amunisi,
D0515,untuk,
D0515,kelompok,
D0515,kriminal,
D0515,bersenjata,
D0515,KKB,
D0515,di,
D0515,Nabire,
D0515,Papua,
D0515,Tengah,
D0515,Kedua,
D0515,pelaku,
D0515,yang,
D0515,diamankan,
D0515,adalah,
D0515,Mozes,
D0515,Rumbrapuk,
D0515,34,
D0515,dan,
D0515,Otto,
D0515,Burdam,
D0515,Tersangka,
D0515,pemasok,
D0515,senjata,
D0515,dan,
D0515,amunisi,
D0515,untuk,
D0515,KKB,
D0515,di,
D0515,Nabire,
D0515,Papua,
D0515,Tengah,
D0515,kata,
D0515,Kepala,
D0515,Operasi,
D0515,Satgas,
D0515,Damai,
D0515,Cartenz2024,
D0515,Brigjen,
D0515,Faizal,
D0515,Ramadhani,
D0515,Selasa,
D0515,5112024,
D0515,Mozes,
D0515,ditangkap,
D0515,di,
D0515,Jalan,
D0515,Merdeka,
D0515,Karang,
D0515,Mulya,
D0515,Nabire,
D0515,pada,
D0515,Jumat,
D0515,2510,
D0515,sekitar,
D0515,pukul,
D0515,0858,
D0515,WIT,
D0515,Mozes,
D0515,ditangkap,
D0515,sebagai,
D0515,bagian,
D0515,dari,
D0515,pengembangan,
D0515,kasus,
D0515,yang,
D0515,sebelumnya,
D0515,melibatkan,
D0515,Otto,
D0515,Burdam,
D0515,yang,
D0515,diamankan,
D0515,pada,
D0515,Rabu,
D0515,2310,
D0515,SCROLL,
D0515,TO,
D0515,CONTINUE,
D0515,WITH,
D0515,CONTENT,
D0515,Dari,
D0515,keterangan,
D0515,ini,
D0515,tim,
D0515,melakukan,
D0515,pengembangan,
D0515,hingga,
D0515,berhasil,
D0515,mengidentifikasi,
D0515,Mozes,
D0515,Rumbrapuk,
D0515,sebagai,
D0515,pelaku,
D0515,pemasok,
D0515,senjata,
D0515,dan,
D0515,amunisi,
D0515,kepada,
D0515,KKB,
D0515,ujar,
D0515,Kasatgas,
D0515,Humas,
D0515,Ops,
D0515,Damai,
D0515,Cartenz2024,
D0515,Kombes,
D0515,Bayu,
D0515,Suseno,
D0515,Bayu,
D0515,menjelaskan,
D0515,dalam,
D0515,pemeriksaan,
D0515,lebih,
D0515,lanjut,
D0515,kedua,
D0515,pelaku,
D0515,mengakui,
D0515,telah,
D0515,melakukan,
D0515,berbagai,
D0515,transaksi,
D0515,senjata,
D0515,dan,
D0515,amunisi,
D0515,selama,
D0515,dua,
D0515,tahun,
D0515,terakhir,
D0515,Diantaranya,
D0515,pucuk,
D0515,pistol,
D0515,revolver,
D0515,rakitan,
D0515,beserta,
D0515,1,
D0515,butir,
D0515,peluru,
D0515,rakitan,
D0515,dengan,
D0515,harga,
D0515,20,
D0515,juta,
D0515,pada,
D0515,tahun,
D0515,2023,
D0515,Kemudian,
D0515,1,
D0515,Pucuk,
D0515,Pistol,
D0515,revolver,
D0515,peninggalan,
D0515,beserta,
D0515,5,
D0515,butir,
D0515,peluru,
D0515,rakitan,
D0515,dengan,
D0515,harga,
D0515,Rp,
D0515,4,
D0515,juta,
D0515,pada,
D0515,tahun,
D0515,2023,
D0515,1,
D0515,Pucuk,
D0515,Pistol,
D0515,Nambu,
D0515,dengan,
D0515,harga,
D0515,Rp,
D0515,12,
D0515,juta,
D0515,pada,
D0515,tahun,
D0515,2023,
D0515,jelas,
D0515,Bayu,
D0515,Selain,
D0515,itu,
D0515,lanjut,
D0515,Bayu,
D0515,terdapat,
D0515,2,
D0515,pucuk,
D0515,senjata,
D0515,nippon,
D0515,dengan,
D0515,harga,
D0515,Rp,
D0515,75,
D0515,juta,
D0515,pada,
D0515,tahun,
D0515,2023,
D0515,1,
D0515,pucuk,
D0515,senjata,
D0515,thompson,
D0515,dengan,
D0515,harga,
D0515,30,
D0515,juta,
D0515,pada,
D0515,tahun,
D0515,2023,
D0515,dan,
D0515,6,
D0515,butir,
D0515,amunisi,
D0515,revolver,
D0515,pada,
D0515,tahun,
D0515,2023,
D0515,10,
D0515,butir,
D0515,amunisi,
D0515,nippon,
D0515,dengan,
D0515,harga,
D0515,Rp,
D0515,50,
D0515,ribu,
D0515,perbutir,
D0515,pada,
D0515,tahun,
D0515,2023,
D0515,Amunisi,
D0515,cal,
D0515,762,
D0515,sebanyak,
D0515,250,
D0515,butir,
D0515,dengan,
D0515,harga,
D0515,Rp,
D0515,150000,
D0515,perbutir,
D0515,pada,
D0515,bulan,
D0515,JuniJuli,
D0515,2024,
D0515,dan,
D0515,amunisi,
D0515,cal,
D0515,556,
D0515,sebanyak,
D0515,105,
D0515,butir,
D0515,pada,
D0515,bulan,
D0515,September,
D0515,2024,
D0515,paparnya,
D0516,Pria,
D0516,inisial,
D0516,FA,
D0516,31,
D0516,membacok,
D0516,selingkuhan,
D0516,pacarnya,
D0516,ARK,
D0516,30,
D0516,hingga,
D0516,tangan,
D0516,korban,
D0516,putus,
D0516,di,
D0516,Kabupaten,
D0516,Minahasa,
D0516,Selatan,
D0516,Minsel,
D0516,Sulawesi,
D0516,Utara,
D0516,Sulut,
D0516,Hal,
D0516,itu,
D0516,dilakukan,
D0516,pelaku,
D0516,diduga,
D0516,karena,
D0516,cemburu,
D0516,Pelaku,
D0516,melakukan,
D0516,penganiayaan,
D0516,menggunakan,
D0516,sajam,
D0516,jenis,
D0516,parang,
D0516,akibatnya,
D0516,korban,
D0516,mengalami,
D0516,luka,
D0516,berat,
D0516,motifnya,
D0516,karena,
D0516,cemburu,
D0516,kata,
D0516,Kasat,
D0516,Reskrim,
D0516,Polres,
D0516,Minahasa,
D0516,Selatan,
D0516,AKP,
D0516,Ahmad,
D0516,AA,
D0516,Pratama,
D0516,Senin,
D0516,4112024,
D0516,melansir,
D0516,detikSulsel,
D0516,Peristiwa,
D0516,pembacokan,
D0516,itu,
D0516,terjadi,
D0516,di,
D0516,Jalan,
D0516,Trans,
D0516,Sulawesi,
D0516,Desa,
D0516,Popontolen,
D0516,Kecamatan,
D0516,Tumpaan,
D0516,pada,
D0516,Minggu,
D0516,311,
D0516,sekitar,
D0516,pukul,
D0516,2330,
D0516,Wita,
D0516,Ahmad,
D0516,mengatakan,
D0516,kejadian,
D0516,itu,
D0516,berawal,
D0516,saat,
D0516,pelaku,
D0516,melihat,
D0516,korban,
D0516,berboncengan,
D0516,dengan,
D0516,pacarnya,
D0516,inisial,
D0516,R,
D0516,27,
D0516,SCROLL,
D0516,TO,
D0516,CONTINUE,
D0516,WITH,
D0516,CONTENT,
D0516,Dari,
D0516,hasil,
D0516,pemeriksaan,
D0516,awal,
D0516,dan,
D0516,keterangan,
D0516,saksi,
D0516,menyebutkan,
D0516,bahwa,
D0516,kejadian,
D0516,berawal,
D0516,saat,
D0516,korban,
D0516,berboncengan,
D0516,sepeda,
D0516,motor,
D0516,dengan,
D0516,seorang,
D0516,perempuan,
D0516,kemudian,
D0516,ditabrak,
D0516,dan,
D0516,dianiaya,
D0516,oleh,
D0516,pelaku,
D0516,terangnya,
D0516,Korban,
D0516,terjatuh,
D0516,dan,
D0516,pelaku,
D0516,langsung,
D0516,mencabut,
D0516,parang,
D0516,yang,
D0516,diselipkan,
D0516,di,
D0516,pinggangnya,
D0516,menikam,
D0516,korban,
D0516,pada,
D0516,bagian,
D0516,tangan,
D0516,kiri,
D0516,tangan,
D0516,kanan,
D0516,lengan,
D0516,kiri,
D0516,lengan,
D0516,kanan,
D0516,dahi,
D0516,korban,
D0516,hingga,
D0516,mengakibatkan,
D0516,korban,
D0516,mengalami,
D0516,lukaluka,
D0516,dan,
D0516,tangan,
D0516,kiri,
D0516,putus,
D0516,tambahnya,
D0516,Ahmad,
D0516,menyebutkan,
D0516,pacar,
D0516,pelaku,
D0516,yang,
D0516,tak,
D0516,terima,
D0516,atas,
D0516,kejadian,
D0516,itu,
D0516,kemudian,
D0516,melapor,
D0516,ke,
D0516,polisi,
D0516,Tak,
D0516,berselang,
D0516,lama,
D0516,pelaku,
D0516,berhasil,
D0516,diamankan,
D0516,di,
D0516,rumahnya,
D0516,Perempuan,
D0516,bersama,
D0516,korban,
D0516,membuat,
D0516,laporan,
D0516,polisi,
D0516,di,
D0516,Polres,
D0516,Minahasa,
D0516,Selatan,
D0516,Setelah,
D0516,itu,
D0516,tim,
D0516,Resmob,
D0516,Polres,
D0516,Minsel,
D0516,bersama,
D0516,Samapta,
D0516,Presisi,
D0516,piket,
D0516,fungsi,
D0516,Polres,
D0516,Minsel,
D0516,dan,
D0516,Polsek,
D0516,Tumpaan,
D0516,langsung,
D0516,bergerak,
D0516,mengamankan,
D0516,pelaku,
D0516,saat,
D0516,itu,
D0516,juga,
D0516,di,
D0516,rumahnya,
D0516,di,
D0516,Desa,
D0516,Tangkunei,
D0516,katanya,
D0516,Dia,
D0516,menambahkan,
D0516,atas,
D0516,kejadian,
D0516,itu,
D0516,korban,
D0516,mengalami,
D0516,luka,
D0516,di,
D0516,bagian,
D0516,tangan,
D0516,dan,
D0516,lengan,
D0516,Usai,
D0516,kejadian,
D0516,itu,
D0516,korban,
D0516,dilarikan,
D0516,ke,
D0516,Rumah,
D0516,Sakit,
D0516,Umum,
D0516,RSU,
D0516,Prof,
D0516,Kandou,
D0516,Manado,
D0516,Korban,
D0516,mengalami,
D0516,luka,
D0516,tikaman,
D0516,di,
D0516,tangan,
D0516,kiri,
D0516,tangan,
D0516,kanan,
D0516,lengan,
D0516,kiri,
D0516,lengan,
D0516,kanan,
D0516,dahi,
D0516,korban,
D0516,hingga,
D0516,mengakibatkan,
D0516,korban,
D0516,mengalami,
D0516,lukaluka,
D0516,dan,
D0516,tangan,
D0516,kiri,
D0516,putus,
D0516,pungkasnya,
D0517,Polisi,
D0517,menangkap,
D0517,seorang,
D0517,pemuda,
D0517,berinisial,
D0517,FMP,
D0517,21,
D0517,asal,
D0517,Siak,
D0517,Riau,
D0517,Dia,
D0517,ditangkap,
D0517,usai,
D0517,menyetubuhi,
D0517,ABG,
D0517,yang,
D0517,dikenalnya,
D0517,di,
D0517,media,
D0517,sosial,
D0517,dan,
D0517,mempekerjakan,
D0517,tanpa,
D0517,gaji,
D0517,Aksi,
D0517,itu,
D0517,terjadi,
D0517,setelah,
D0517,korban,
D0517,yang,
D0517,masih,
D0517,berusia,
D0517,14,
D0517,tahun,
D0517,asal,
D0517,Kuantan,
D0517,Singingi,
D0517,berkenalan,
D0517,dengan,
D0517,pelaku,
D0517,di,
D0517,media,
D0517,sosial,
D0517,Pelaku,
D0517,pelanpelan,
D0517,merayu,
D0517,dan,
D0517,mengajak,
D0517,korban,
D0517,untuk,
D0517,meninggalkan,
D0517,rumah,
D0517,Tepat,
D0517,pada,
D0517,28,
D0517,September,
D0517,lalu,
D0517,korban,
D0517,dijemput,
D0517,dan,
D0517,dibawa,
D0517,pelaku,
D0517,FMP,
D0517,pakai,
D0517,sepeda,
D0517,motor,
D0517,ke,
D0517,Perawang,
D0517,Siak,
D0517,Setiba,
D0517,di,
D0517,sana,
D0517,ponsel,
D0517,milik,
D0517,korban,
D0517,dirampas,
D0517,pelaku,
D0517,agar,
D0517,tak,
D0517,bisa,
D0517,lagi,
D0517,berkomunikasi,
D0517,dengan,
D0517,keluarga,
D0517,SCROLL,
D0517,TO,
D0517,CONTINUE,
D0517,WITH,
D0517,CONTENT,
D0517,Setelah,
D0517,ponsel,
D0517,dirampas,
D0517,pelaku,
D0517,mengajak,
D0517,korban,
D0517,berhubungan,
D0517,badan,
D0517,Perbuatan,
D0517,itu,
D0517,dilakukan,
D0517,dengan,
D0517,ancaman,
D0517,dan,
D0517,kekerasan,
D0517,ujar,
D0517,Kasat,
D0517,Reskrim,
D0517,Polres,
D0517,Kuantan,
D0517,Singingi,
D0517,AKP,
D0517,Shilton,
D0517,Senin,
D0517,4112024,
D0517,Setelah,
D0517,puas,
D0517,melampiaskan,
D0517,nafsunya,
D0517,korban,
D0517,dipaksa,
D0517,tinggal,
D0517,di,
D0517,rumah,
D0517,teman,
D0517,pelaku,
D0517,yakni,
D0517,DN,
D0517,dan,
D0517,FT,
D0517,yang,
D0517,ada,
D0517,di,
D0517,Jalan,
D0517,Nelayan,
D0517,Rumbai,
D0517,Pekanbaru,
D0517,Di,
D0517,rumah,
D0517,itu,
D0517,korban,
D0517,dipaksa,
D0517,bekerja,
D0517,tanpa,
D0517,gaji,
D0517,Iya,
D0517,betul,
D0517,korban,
D0517,dipekerjakan,
D0517,tanpa,
D0517,gaji,
D0517,Melakukan,
D0517,tindakan,
D0517,eksploitasi,
D0517,terhadap,
D0517,anak,
D0517,yang,
D0517,seharusnya,
D0517,pada,
D0517,usia,
D0517,segitu,
D0517,harus,
D0517,mendapat,
D0517,pendidikan,
D0517,layak,
D0517,imbuh,
D0517,Shilton,
D0517,Bahkan,
D0517,selama,
D0517,di,
D0517,rumah,
D0517,DN,
D0517,dan,
D0517,FT,
D0517,korban,
D0517,dipaksa,
D0517,menggunakan,
D0517,cadar,
D0517,Hal,
D0517,ini,
D0517,agar,
D0517,tidak,
D0517,muncul,
D0517,kecurigaan,
D0517,dan,
D0517,diketahui,
D0517,orang,
D0517,lain,
D0517,Polisi,
D0517,yang,
D0517,menerima,
D0517,laporan,
D0517,langsung,
D0517,melacak,
D0517,keberadaan,
D0517,korban,
D0517,Keberadaan,
D0517,korban,
D0517,dan,
D0517,pelaku,
D0517,akhirnya,
D0517,terungkap,
D0517,pada,
D0517,3,
D0517,November,
D0517,kemarin,
D0517,Ketiga,
D0517,pelaku,
D0517,FMP,
D0517,DN,
D0517,dan,
D0517,FT,
D0517,pun,
D0517,ditangkap,
D0517,Ketigannya,
D0517,lalu,
D0517,dibawa,
D0517,ke,
D0517,Mapolres,
D0517,Kuantan,
D0517,Singingi,
D0517,dan,
D0517,telah,
D0517,ditetapkan,
D0517,sebagai,
D0517,tersangka,
D0517,Ketiga,
D0517,pelaku,
D0517,kini,
D0517,dijerat,
D0517,332,
D0517,KHUP,
D0517,juncto,
D0517,Pasal,
D0517,2,
D0517,dan,
D0517,6,
D0517,UU,
D0517,Nomor,
D0517,21,
D0517,tahun,
D0517,2007,
D0517,tentang,
D0517,Pemberantasan,
D0517,Tindak,
D0517,Pidana,
D0517,Perdagangan,
D0517,Orang,
D0517,kata,
D0517,Shilton,
D0518,Polisi,
D0518,menangkap,
D0518,dua,
D0518,begal,
D0518,yang,
D0518,kerap,
D0518,membacok,
D0518,korbannya,
D0518,saat,
D0518,tengah,
D0518,beraksi,
D0518,di,
D0518,Kota,
D0518,Medan,
D0518,Saat,
D0518,ditangkap,
D0518,salah,
D0518,satu,
D0518,pelaku,
D0518,bernama,
D0518,Zannahli,
D0518,Kaylata,
D0518,18,
D0518,sempat,
D0518,melawan,
D0518,dengan,
D0518,melemparkan,
D0518,helm,
D0518,dan,
D0518,senjata,
D0518,tajam,
D0518,ke,
D0518,arah,
D0518,petugas,
D0518,Kemudian,
D0518,dilakukan,
D0518,pengejaran,
D0518,dia,
D0518,melemparkan,
D0518,helm,
D0518,kepada,
D0518,petugas,
D0518,dan,
D0518,melemparkan,
D0518,senjata,
D0518,tajam,
D0518,ujar,
D0518,Kapolrestabes,
D0518,Medan,
D0518,Kombes,
D0518,Gidion,
D0518,Arif,
D0518,Setyawan,
D0518,Senin,
D0518,4112024,
D0518,Kombes,
D0518,Gidion,
D0518,menjelaskan,
D0518,bahwa,
D0518,para,
D0518,pelaku,
D0518,ini,
D0518,ditangkap,
D0518,pada,
D0518,Minggu,
D0518,311,
D0518,pagi,
D0518,Saat,
D0518,itu,
D0518,Tim,
D0518,URC,
D0518,melakukan,
D0518,patroli,
D0518,di,
D0518,sekitar,
D0518,Jalan,
D0518,Kapten,
D0518,Sumarsono,
D0518,Kecamatan,
D0518,Medan,
D0518,Helvetia,
D0518,Saat,
D0518,penangkapan,
D0518,Zannahli,
D0518,melakukan,
D0518,perlawanan,
D0518,hingga,
D0518,ditembak,
D0518,oleh,
D0518,petugas,
D0518,kepolisian,
D0518,SCROLL,
D0518,TO,
D0518,CONTINUE,
D0518,WITH,
D0518,CONTENT,
D0518,Tim,
D0518,URC,
D0518,Polsek,
D0518,Helvetia,
D0518,yang,
D0518,melakukan,
D0518,penangkapan,
D0518,terhadap,
D0518,kasus,
D0518,curan,
D0518,motor,
D0518,dengan,
D0518,modus,
D0518,menggunakan,
D0518,kekerasan,
D0518,yaitu,
D0518,menggunakan,
D0518,senjata,
D0518,tajam,
D0518,berbasis,
D0518,celurit,
D0518,jelas,
D0518,Kombes,
D0518,Gidion,
D0518,Arif,
D0518,Setyawan,
D0518,Senin,
D0518,411,
D0518,Adapun,
D0518,rekan,
D0518,Zannahli,
D0518,yang,
D0518,turut,
D0518,ditangkap,
D0518,adalah,
D0518,VHT,
D0518,16,
D0518,Gidion,
D0518,menyebut,
D0518,pihaknya,
D0518,masih,
D0518,memburu,
D0518,beberapa,
D0518,pelaku,
D0518,lain,
D0518,Lalu,
D0518,kita,
D0518,terus,
D0518,melakukan,
D0518,pengejaran,
D0518,terhadap,
D0518,kelompok,
D0518,lainnya,
D0518,terduga,
D0518,ada,
D0518,tujuh,
D0518,kelompok,
D0518,dan,
D0518,ini,
D0518,masih,
D0518,di,
D0518,luar,
D0518,Dan,
D0518,saya,
D0518,pastikan,
D0518,ini,
D0518,pasti,
D0518,tertangkap,
D0518,dan,
D0518,akan,
D0518,kita,
D0518,proses,
D0518,seberatberatnya,
D0518,kata,
D0518,Gidion,
D0518,Kapolsek,
D0518,Medan,
D0518,Helvetia,
D0518,Kompol,
D0518,Alexander,
D0518,Piliang,
D0518,mengatakan,
D0518,para,
D0518,pelaku,
D0518,ini,
D0518,beraksi,
D0518,di,
D0518,sejumlah,
D0518,lokasi,
D0518,di,
D0518,antaranya,
D0518,di,
D0518,Jalan,
D0518,Kapten,
D0518,Sumarsono,
D0518,pada,
D0518,Senin,
D0518,239,
D0518,sekira,
D0518,pukul,
D0518,043,
D0518,WIB,
D0518,dan,
D0518,Jalan,
D0518,Asrama,
D0518,Minggu,
D0518,209,
D0518,sekira,
D0518,pukul,
D0518,0535,
D0518,WIB,
D0518,Saat,
D0518,beraksi,
D0518,para,
D0518,pelaku,
D0518,kerap,
D0518,membacok,
D0518,korbannya,
D0518,Salah,
D0518,satu,
D0518,petugas,
D0518,yang,
D0518,melakukan,
D0518,pengejaran,
D0518,sempat,
D0518,mengelak,
D0518,kemudian,
D0518,dia,
D0518,sempat,
D0518,jatuh,
D0518,kemudian,
D0518,diamankan,
D0518,Pada,
D0518,saat,
D0518,diamankan,
D0518,dilakukan,
D0518,tindakan,
D0518,tegas,
D0518,terukur,
D0518,kata,
D0518,Alexander,
D0518,Alexander,
D0518,menyebut,
D0518,pihaknya,
D0518,juga,
D0518,melakukan,
D0518,pemeriksaan,
D0518,urine,
D0518,kepada,
D0518,tersangka,
D0518,Zannahli,
D0518,Hasil,
D0518,cek,
D0518,urine,
D0518,menunjukkan,
D0518,bahwa,
D0518,pelaku,
D0518,positif,
D0518,menggunakan,
D0518,narkoba,
D0518,jenis,
D0518,sabusabu,
D0518,Urine,
D0518,tersangka,
D0518,Zannahli,
D0518,positif,
D0518,metamfetamin,
D0518,jelasnya,
D0518,Selain,
D0518,menangkap,
D0518,pelaku,
D0518,petugas,
D0518,kepolisian,
D0518,juga,
D0518,mengamankan,
D0518,barang,
D0518,bukti,
D0518,berupa,
D0518,satu,
D0518,helm,
D0518,sepeda,
D0518,motor,
D0518,celurit,
D0518,dan,
D0518,barang,
D0518,bukti,
D0518,lainnya,
D0518,Artikel,
D0518,ini,
D0518,ditulis,
D0518,oleh,
D0518,Evita,
D0518,Doryna,
D0518,Br,
D0518,Ginting,
D0518,peserta,
D0518,magang,
D0518,bersertifikat,
D0518,Kampus,
D0518,Merdeka,
D0518,di,
D0518,detikcom,
D0519,Dua,
D0519,pelaku,
D0519,spesialis,
D0519,pecah,
D0519,kaca,
D0519,yang,
D0519,beraksi,
D0519,di,
D0519,empat,
D0519,lokasi,
D0519,di,
D0519,Kota,
D0519,Batam,
D0519,Kepulauan,
D0519,Riau,
D0519,Kepriselama,
D0519,bulan,
D0519,Oktober,
D0519,2024,
D0519,dibekuk,
D0519,polisi,
D0519,Satu,
D0519,dari,
D0519,dua,
D0519,pelaku,
D0519,merupakan,
D0519,residivis,
D0519,kasus,
D0519,serupa,
D0519,Satreskrim,
D0519,Polresta,
D0519,Barelang,
D0519,mengamankan,
D0519,dua,
D0519,orang,
D0519,pelaku,
D0519,pecah,
D0519,kaca,
D0519,Mereka,
D0519,berinisial,
D0519,KG,
D0519,dan,
D0519,AH,
D0519,kata,
D0519,Kapolresta,
D0519,Barelang,
D0519,Kombes,
D0519,Heribertus,
D0519,Ompusunggu,
D0519,Senin,
D0519,4112024,
D0519,Heribertus,
D0519,mengatakan,
D0519,KG,
D0519,dan,
D0519,AH,
D0519,ditangkap,
D0519,polisi,
D0519,usai,
D0519,salah,
D0519,seorang,
D0519,korban,
D0519,melaporkan,
D0519,aksi,
D0519,pecah,
D0519,kaca,
D0519,yang,
D0519,dilakukan,
D0519,keduanya,
D0519,Saat,
D0519,itu,
D0519,kedua,
D0519,pelaku,
D0519,melakukan,
D0519,pecah,
D0519,kaca,
D0519,sebuah,
D0519,mobil,
D0519,di,
D0519,kawasan,
D0519,KDA,
D0519,Batam,
D0519,Kota,
D0519,Batam,
D0519,SCROLL,
D0519,TO,
D0519,CONTINUE,
D0519,WITH,
D0519,CONTENT,
D0519,Kedua,
D0519,pelaku,
D0519,ini,
D0519,memecahkan,
D0519,kaca,
D0519,sebuah,
D0519,mobil,
D0519,yang,
D0519,terparkir,
D0519,di,
D0519,daerah,
D0519,KDA,
D0519,Mereka,
D0519,mengambil,
D0519,beberapa,
D0519,unit,
D0519,tablet,
D0519,merk,
D0519,apple,
D0519,handphone,
D0519,serta,
D0519,uang,
D0519,hampir,
D0519,Rp,
D0519,70,
D0519,juta,
D0519,ujarnya,
D0519,Dari,
D0519,laporan,
D0519,polisi,
D0519,itu,
D0519,kemudian,
D0519,dilakukan,
D0519,pengejaran,
D0519,terhadap,
D0519,para,
D0519,pelaku,
D0519,Keduanya,
D0519,akhirnya,
D0519,dibekuk,
D0519,polisi,
D0519,di,
D0519,Kecamatan,
D0519,Sei,
D0519,Beduk,
D0519,Batam,
D0519,pada,
D0519,Jumat,
D0519,111,
D0519,Keduanya,
D0519,diamankan,
D0519,di,
D0519,kawasan,
D0519,Sei,
D0519,Beduk,
D0519,Batam,
D0519,Kedua,
D0519,pelaku,
D0519,tengah,
D0519,bersembunyi,
D0519,di,
D0519,sana,
D0519,ujarnya,
D0519,Heribertus,
D0519,menyebut,
D0519,saat,
D0519,ditangkap,
D0519,kedua,
D0519,pelaku,
D0519,ini,
D0519,melakukan,
D0519,perlawanan,
D0519,terhadap,
D0519,petugas,
D0519,Akibatnya,
D0519,pihaknya,
D0519,terpaksa,
D0519,melumpuhkan,
D0519,keduanya,
D0519,Anggota,
D0519,memberikan,
D0519,tindakan,
D0519,tegas,
D0519,terukur,
D0519,karena,
D0519,keduanya,
D0519,melawan,
D0519,saat,
D0519,ditangkap,
D0519,ujarnya,
D0519,Dari,
D0519,pemeriksaan,
D0519,pelaku,
D0519,KG,
D0519,dan,
D0519,AH,
D0519,mereka,
D0519,mengaku,
D0519,telah,
D0519,beraksi,
D0519,di,
D0519,empat,
D0519,lokasi,
D0519,berbeda,
D0519,di,
D0519,Batam,
D0519,Satu,
D0519,dari,
D0519,dua,
D0519,pelaku,
D0519,merupakan,
D0519,residivis,
D0519,kasus,
D0519,serupa,
D0519,dan,
D0519,pernah,
D0519,dipidana,
D0519,sebanyak,
D0519,3,
D0519,kali,
D0519,Ada,
D0519,4,
D0519,TKP,
D0519,Di,
D0519,kawasan,
D0519,Kampung,
D0519,Utama,
D0519,Lubuk,
D0519,Baja,
D0519,Di,
D0519,kawasan,
D0519,Ruko,
D0519,KDA,
D0519,Batam,
D0519,Kota,
D0519,Depan,
D0519,Dinas,
D0519,Koperasi,
D0519,Kecamatan,
D0519,Sekupang,
D0519,dan,
D0519,di,
D0519,kawasan,
D0519,Harbour,
D0519,Bay,
D0519,Batam,
D0519,Dari,
D0519,pemeriksaan,
D0519,pelaku,
D0519,inisial,
D0519,KG,
D0519,ini,
D0519,residivis,
D0519,kasus,
D0519,pecah,
D0519,Kaca,
D0519,tambahnya,
D0519,Dari,
D0519,pemeriksaan,
D0519,polisi,
D0519,kedua,
D0519,pelaku,
D0519,diketahui,
D0519,beraksi,
D0519,dengan,
D0519,cara,
D0519,berkeliling,
D0519,di,
D0519,sejumlah,
D0519,wilayah,
D0519,Batam,
D0519,Saat,
D0519,melihat,
D0519,mobil,
D0519,target,
D0519,mereka,
D0519,langsung,
D0519,memantau,
D0519,situasi,
D0519,dan,
D0519,melakukan,
D0519,pecah,
D0519,kaca,
D0519,Pelaku,
D0519,melakukan,
D0519,aksinya,
D0519,setelah,
D0519,melihatlihat,
D0519,ke,
D0519,dalam,
D0519,mobil,
D0519,yang,
D0519,sedang,
D0519,terparkir,
D0519,setelah,
D0519,dirasa,
D0519,ada,
D0519,barang,
D0519,berharga,
D0519,dan,
D0519,lokasi,
D0519,sekitar,
D0519,aman,
D0519,dia,
D0519,segera,
D0519,memecahkan,
D0519,kaca,
D0519,menggunakan,
D0519,pecahan,
D0519,busi,
D0519,sepeda,
D0519,motor,
D0519,ujarnya,
D0519,Atas,
D0519,kejadian,
D0519,itu,
D0519,Kombes,
D0519,Heribertus,
D0519,mengimbau,
D0519,kepada,
D0519,masyarakat,
D0519,agar,
D0519,selalu,
D0519,berhatihati,
D0519,Bagi,
D0519,masyarakat,
D0519,yang,
D0519,menggunakan,
D0519,kendaraan,
D0519,roda,
D0519,empat,
D0519,diharapkan,
D0519,menyimpan,
D0519,barang,
D0519,berharga,
D0519,secara,
D0519,rapi,
D0519,dan,
D0519,tak,
D0519,terlihat,
D0519,dari,
D0519,luar,
D0519,Masyarakat,
D0519,diharapkan,
D0519,menyimpan,
D0519,barang,
D0519,berharga,
D0519,di,
D0519,dalam,
D0519,tempat,
D0519,yang,
D0519,aman,
D0519,di,
D0519,dalam,
D0519,mobil,
D0519,bila,
D0519,perlu,
D0519,barang,
D0519,berharga,
D0519,ikut,
D0519,dibawa,
D0519,saat,
D0519,memarkir,
D0519,mobil,
D0519,Kejahatan,
D0519,timbul,
D0519,karena,
D0519,niat,
D0519,dan,
D0519,kesempatan,
D0519,jadi,
D0519,jangan,
D0519,berikan,
D0519,kesempatan,
D0519,kepada,
D0519,para,
D0519,pelaku,
D0519,ujarnya,
D0520,Satu,
D0520,video,
D0520,yang,
D0520,menunjukkan,
D0520,dua,
D0520,maling,
D0520,mencuri,
D0520,sepeda,
D0520,motor,
D0520,di,
D0520,salah,
D0520,satu,
D0520,koskosan,
D0520,sambil,
D0520,diduga,
D0520,membawa,
D0520,pistol,
D0520,di,
D0520,Kota,
D0520,Medan,
D0520,Sumatera,
D0520,Utara,
D0520,Sumut,
D0520,viral,
D0520,di,
D0520,media,
D0520,sosial,
D0520,Polisi,
D0520,saat,
D0520,ini,
D0520,tengah,
D0520,menelusuri,
D0520,video,
D0520,tersebut,
D0520,Berdasarkan,
D0520,video,
D0520,yang,
D0520,dilihat,
D0520,detikSumut,
D0520,Senin,
D0520,4112024,
D0520,tampak,
D0520,ada,
D0520,seorang,
D0520,pria,
D0520,yang,
D0520,mengenakan,
D0520,helm,
D0520,masuk,
D0520,ke,
D0520,teras,
D0520,koskosan,
D0520,Lalu,
D0520,pria,
D0520,tersebut,
D0520,menyeret,
D0520,sepeda,
D0520,motor,
D0520,yang,
D0520,terparkir,
D0520,di,
D0520,depan,
D0520,kos,
D0520,itu,
D0520,Tak,
D0520,lama,
D0520,ada,
D0520,seorang,
D0520,lagi,
D0520,pria,
D0520,yang,
D0520,masuk,
D0520,sambil,
D0520,mengacungkan,
D0520,sesuatu,
D0520,benda,
D0520,diduga,
D0520,senpi,
D0520,jenis,
D0520,pistol,
D0520,Pria,
D0520,tersebut,
D0520,mengarahkan,
D0520,ke,
D0520,depan,
D0520,seolaholah,
D0520,berjagajaga,
D0520,jika,
D0520,ada,
D0520,yang,
D0520,keluar,
D0520,Lalu,
D0520,keduanya,
D0520,menyeret,
D0520,sepeda,
D0520,motor,
D0520,itu,
D0520,hingga,
D0520,keluar,
D0520,SCROLL,
D0520,TO,
D0520,CONTINUE,
D0520,WITH,
D0520,CONTENT,
D0520,Menurut,
D0520,pengunggah,
D0520,peristiwa,
D0520,itu,
D0520,terjadi,
D0520,di,
D0520,dekat,
D0520,Kampus,
D0520,Universitas,
D0520,Sumatera,
D0520,Utara,
D0520,USU,
D0520,Jalan,
D0520,Dr,
D0520,Mansyur,
D0520,Kota,
D0520,Medan,
D0520,Jumat,
D0520,111,
D0520,sekira,
D0520,pukul,
D0520,0520,
D0520,WIB,
D0520,Menurut,
D0520,saksi,
D0520,di,
D0520,tempat,
D0520,kejadian,
D0520,pintu,
D0520,gerbang,
D0520,utama,
D0520,kos,
D0520,dibobol,
D0520,Pelaku,
D0520,berjumlah,
D0520,dua,
D0520,orang,
D0520,satu,
D0520,orang,
D0520,mengambil,
D0520,motor,
D0520,dan,
D0520,satu,
D0520,lagi,
D0520,berjaga,
D0520,sambil,
D0520,memegang,
D0520,diduga,
D0520,senpi,
D0520,demikian,
D0520,narasi,
D0520,unggahan,
D0520,itu,
D0520,Kapolrestabes,
D0520,Medan,
D0520,Kombes,
D0520,Gidion,
D0520,Arif,
D0520,Setyawan,
D0520,mengaku,
D0520,sudah,
D0520,mendapatkan,
D0520,informasi,
D0520,soal,
D0520,kejadian,
D0520,itu,
D0520,Gidion,
D0520,menyebut,
D0520,pihaknya,
D0520,tengah,
D0520,menelusurinya,
D0520,Iya,
D0520,video,
D0520,itu,
D0520,nanti,
D0520,kita,
D0520,terus,
D0520,telusuri,
D0520,itu,
D0520,kata,
D0520,Gidion,
D0520,Mantan,
D0520,Kapolres,
D0520,Jakarta,
D0520,Utara,
D0520,itu,
D0520,belum,
D0520,memerinci,
D0520,apakah,
D0520,korban,
D0520,telah,
D0520,melaporkan,
D0520,peristiwa,
D0520,tersebut,
D0520,Namun,
D0520,dia,
D0520,mengatakan,
D0520,bahwa,
D0520,pihaknya,
D0520,akan,
D0520,menindaklanjuti,
D0520,peristiwa,
D0520,itu,
D0520,meski,
D0520,tidak,
D0520,ada,
D0520,laporan,
D0520,dari,
D0520,korban,
D0520,Itu,
D0520,mau,
D0520,melapor,
D0520,nggak,
D0520,melapor,
D0520,tetap,
D0520,kita,
D0520,tindaklanjuti,
D0520,pungkasnya,
D0521,Mahasiswi,
D0521,inisial,
D0521,HM,
D0521,warga,
D0521,Padang,
D0521,Bulan,
D0521,Kecamatan,
D0521,Medan,
D0521,Selayang,
D0521,Kota,
D0521,Medan,
D0521,ditangkap,
D0521,polisi,
D0521,karena,
D0521,diduga,
D0521,mempromosikan,
D0521,lima,
D0521,situs,
D0521,judi,
D0521,online,
D0521,Perbuatan,
D0521,itu,
D0521,dilakukan,
D0521,oleh,
D0521,HM,
D0521,karena,
D0521,tergiur,
D0521,dengan,
D0521,imbalan,
D0521,hingga,
D0521,Rp,
D0521,1,
D0521,juta,
D0521,per,
D0521,bulan,
D0521,Tim,
D0521,Direktorat,
D0521,Siber,
D0521,Polda,
D0521,Sumut,
D0521,melakukan,
D0521,patroli,
D0521,siber,
D0521,di,
D0521,dunia,
D0521,maya,
D0521,dan,
D0521,menangkap,
D0521,seorang,
D0521,mahasiswi,
D0521,berinisial,
D0521,HM,
D0521,warga,
D0521,Padang,
D0521,Bulan,
D0521,Kecamatan,
D0521,Medan,
D0521,Selayang,
D0521,karena,
D0521,terlibat,
D0521,tindak,
D0521,pidana,
D0521,judi,
D0521,online,
D0521,kata,
D0521,Kabid,
D0521,Humas,
D0521,Polda,
D0521,Sumut,
D0521,Kombes,
D0521,Hadi,
D0521,Wahyudi,
D0521,Minggu,
D0521,3112024,
D0521,Hadi,
D0521,mengatakan,
D0521,pelaku,
D0521,mempromosikan,
D0521,situs,
D0521,judi,
D0521,online,
D0521,melalui,
D0521,akunnya,
D0521,di,
D0521,media,
D0521,sosial,
D0521,Instagram,
D0521,Adapun,
D0521,lima,
D0521,situs,
D0521,judi,
D0521,online,
D0521,yang,
D0521,dipromosikan,
D0521,pelaku,
D0521,adalah,
D0521,WOKA,
D0521,SLOT,
D0521,PIXUE,
D0521,BET,
D0521,DRAG,
D0521,SLOT,
D0521,BYON88,
D0521,KYOTO98,
D0521,SCROLL,
D0521,TO,
D0521,CONTINUE,
D0521,WITH,
D0521,CONTENT,
D0521,Hadi,
D0521,menyebut,
D0521,pelaku,
D0521,ini,
D0521,awalnya,
D0521,dihubungi,
D0521,akun,
D0521,Instagram,
D0521,bernama,
D0521,Galihhrakasiwi,
D0521,dan,
D0521,beberapa,
D0521,akun,
D0521,palsu,
D0521,lainnya,
D0521,Akunakun,
D0521,tersebut,
D0521,meminta,
D0521,pelaku,
D0521,untuk,
D0521,menggunggah,
D0521,cerita,
D0521,atau,
D0521,story,
D0521,Instagram,
D0521,tiap,
D0521,harinya,
D0521,dengan,
D0521,konten,
D0521,dan,
D0521,link,
D0521,judi,
D0521,online,
D0521,Dalam,
D0521,praktik,
D0521,perjudian,
D0521,online,
D0521,pelaku,
D0521,mendapat,
D0521,imbalan,
D0521,atau,
D0521,gaji,
D0521,sebesar,
D0521,Rp,
D0521,650000Rp,
D0521,1000000,
D0521,per,
D0521,bulannya,
D0521,jelasnya,
D0521,Hingga,
D0521,saat,
D0521,ini,
D0521,mantan,
D0521,Kapolres,
D0521,Biak,
D0521,Papua,
D0521,itu,
D0521,belum,
D0521,memerinci,
D0521,kronologi,
D0521,penangkapan,
D0521,pelaku,
D0521,Tapi,
D0521,dia,
D0521,mengatakan,
D0521,pelaku,
D0521,saat,
D0521,ini,
D0521,sudah,
D0521,ditahan,
D0521,di,
D0521,Direktorat,
D0521,Reserse,
D0521,Siber,
D0521,Polda,
D0521,Sumut,
D0521,Terhadap,
D0521,pelaku,
D0521,sudah,
D0521,ditahan,
D0521,di,
D0521,Direktorat,
D0521,Siber,
D0521,Polda,
D0521,Sumut,
D0521,Atas,
D0521,perbuatannya,
D0521,dikenakan,
D0521,UndangUndang,
D0521,tentang,
D0521,Informasi,
D0521,dan,
D0521,Transaksi,
D0521,Elektronik,
D0521,ITE,
D0521,Subs,
D0521,Pasal,
D0521,303,
D0521,Ayat,
D0521,1,
D0521,Huruf,
D0521,A,
D0521,KUHPidana,
D0521,tentang,
D0521,tindak,
D0521,pidana,
D0521,setiap,
D0521,orang,
D0521,dengan,
D0521,sengaja,
D0521,dan,
D0521,tanpa,
D0521,hak,
D0521,mendistribusikan,
D0521,dan,
D0521,atau,
D0521,mentransmisikan,
D0521,dan,
D0521,atau,
D0521,membuat,
D0521,dapat,
D0521,diaksesnya,
D0521,informasi,
D0521,elektronik,
D0521,dan,
D0521,atau,
D0521,dokumen,
D0521,elektronik,
D0521,yang,
D0521,memiliki,
D0521,muatan,
D0521,perjudian,
D0521,pungkas,
D0521,Hadi,
D0522,Polres,
D0522,Tabanan,
D0522,meringkus,
D0522,16,
D0522,tersangka,
D0522,selama,
D0522,kurun,
D0522,dua,
D0522,bulan,
D0522,yakni,
D0522,1,
D0522,September,
D0522,sampai,
D0522,30,
D0522,Oktober,
D0522,2024,
D0522,Mereka,
D0522,merupakan,
D0522,pelaku,
D0522,narkoba,
D0522,dan,
D0522,kriminalitas,
D0522,lain,
D0522,seperti,
D0522,pencurian,
D0522,kendaraan,
D0522,bermotor,
D0522,curanmor,
D0522,hingga,
D0522,kepemilikan,
D0522,senjata,
D0522,tajam,
D0522,Kasus,
D0522,narkoba,
D0522,kita,
D0522,berhasil,
D0522,ungkap,
D0522,7,
D0522,kasus,
D0522,dan,
D0522,mengamankan,
D0522,9,
D0522,orang,
D0522,Dari,
D0522,kasus,
D0522,itu,
D0522,kita,
D0522,temukan,
D0522,paket,
D0522,sabu,
D0522,ekstasi,
D0522,dan,
D0522,tembakau,
D0522,sintesis,
D0522,ujarnya,
D0522,Kapolres,
D0522,Tabanan,
D0522,AKBP,
D0522,Chandra,
D0522,Citra,
D0522,Kesuma,
D0522,didampingi,
D0522,Kasat,
D0522,Resnarkoba,
D0522,AKP,
D0522,I,
D0522,Kadek,
D0522,Darmawan,
D0522,dan,
D0522,Kasat,
D0522,Reskrim,
D0522,AKP,
D0522,M,
D0522,Taufik,
D0522,Effendi,
D0522,dalam,
D0522,rilis,
D0522,kasus,
D0522,di,
D0522,Polres,
D0522,Tabanana,
D0522,Kamis,
D0522,31102024,
D0522,Selain,
D0522,narkoba,
D0522,ada,
D0522,tiga,
D0522,kasus,
D0522,kriminalitas,
D0522,lain,
D0522,Yakni,
D0522,curanmor,
D0522,pencurian,
D0522,kawat,
D0522,hingga,
D0522,membawa,
D0522,sajam,
D0522,SCROLL,
D0522,TO,
D0522,CONTINUE,
D0522,WITH,
D0522,CONTENT,
D0522,Sedangkan,
D0522,kasus,
D0522,kriminalitas,
D0522,kami,
D0522,ungkap,
D0522,tiga,
D0522,kasus,
D0522,Curanmor,
D0522,pencurian,
D0522,kawat,
D0522,dan,
D0522,membawa,
D0522,senjata,
D0522,tajam,
D0522,Ada,
D0522,tujuh,
D0522,orang,
D0522,yang,
D0522,diamankan,
D0522,lanjut,
D0522,Chandra,
D0522,Dalam,
D0522,pengungkapan,
D0522,ini,
D0522,Satresnarkoba,
D0522,Polres,
D0522,Tabanan,
D0522,mengamankan,
D0522,barang,
D0522,bukti,
D0522,95,
D0522,paket,
D0522,sabu,
D0522,dengan,
D0522,total,
D0522,300,
D0522,gram,
D0522,Kemudian,
D0522,ekstasi,
D0522,jenis,
D0522,mefedron,
D0522,seberat,
D0522,043,
D0522,gram,
D0522,dalam,
D0522,satu,
D0522,tablet,
D0522,dan,
D0522,219,
D0522,gram,
D0522,tembakau,
D0522,sintetis,
D0522,Satreskrim,
D0522,Polres,
D0522,Tabanan,
D0522,juga,
D0522,mengamankan,
D0522,10,
D0522,sepeda,
D0522,motor,
D0522,berbagai,
D0522,jenis,
D0522,dari,
D0522,kasus,
D0522,curanmor,
D0522,Selanjutnya,
D0522,ada,
D0522,barang,
D0522,bukti,
D0522,10,
D0522,rol,
D0522,kawat,
D0522,binrat,
D0522,dari,
D0522,kasus,
D0522,pencurian,
D0522,kawat,
D0522,dan,
D0522,satu,
D0522,senjata,
D0522,tajam,
D0522,jenis,
D0522,pisau,
D0522,belati,
D0522,dengan,
D0522,panjang,
D0522,365,
D0522,sentimeter,
D0522,dalam,
D0522,kasus,
D0522,kepemilikan,
D0522,sajam,
D0522,Chandra,
D0522,menjelaskan,
D0522,dari,
D0522,belasan,
D0522,tersangka,
D0522,yang,
D0522,diamankan,
D0522,ada,
D0522,tiga,
D0522,residivis,
D0522,Sementara,
D0522,satu,
D0522,rang,
D0522,masih,
D0522,dalam,
D0522,pencarian,
D0522,alias,
D0522,DPO,
D0522,Dari,
D0522,belasan,
D0522,tersangka,
D0522,narkoba,
D0522,dan,
D0522,kriminal,
D0522,ratarata,
D0522,pemain,
D0522,baru,
D0522,dalam,
D0522,melawan,
D0522,hukum,
D0522,di,
D0522,Indonesia,
D0522,Dari,
D0522,kasus,
D0522,narkoba,
D0522,ada,
D0522,dua,
D0522,orang,
D0522,residivis,
D0522,dan,
D0522,seorang,
D0522,kasus,
D0522,pencurian,
D0522,motor,
D0522,Sedangkan,
D0522,ada,
D0522,satu,
D0522,yang,
D0522,masih,
D0522,DPO,
D0522,imbuhnya,
D0522,Berdasarkan,
D0522,hasil,
D0522,pengungkapan,
D0522,ini,
D0522,para,
D0522,tersangka,
D0522,kasus,
D0522,narkoba,
D0522,dikenakan,
D0522,Pasal,
D0522,112,
D0522,ayat,
D0522,1,
D0522,dan,
D0522,Pasal,
D0522,114,
D0522,ayat,
D0522,2,
D0522,Sedangkan,
D0522,tersangka,
D0522,kasus,
D0522,kriminal,
D0522,terancam,
D0522,Pasal,
D0522,363,
D0522,KUHP,
D0522,Pasal,
D0522,362,
D0522,KUHP,
D0522,juncto,
D0522,Pasal,
D0522,55,
D0522,dan,
D0522,Pasal,
D0522,2,
D0522,ayat,
D0522,1,
D0522,UU,
D0522,Darurat,
D0522,No,
D0522,12,
D0522,Tahun,
D0522,1951,
D0523,Komplotan,
D0523,begal,
D0523,bersenjata,
D0523,tajam,
D0523,menikam,
D0523,seorang,
D0523,pesepeda,
D0523,di,
D0523,Kabupaten,
D0523,Deli,
D0523,Serdang,
D0523,Sumatera,
D0523,Utara,
D0523,Sumut,
D0523,Para,
D0523,pelaku,
D0523,diamankan,
D0523,dan,
D0523,dimassa,
D0523,warga,
D0523,usai,
D0523,motor,
D0523,mereka,
D0523,kehabisan,
D0523,bensin,
D0523,Kapolsek,
D0523,Pancur,
D0523,Batu,
D0523,AKP,
D0523,Krisnat,
D0523,Napitupulu,
D0523,mengatakan,
D0523,peristiwa,
D0523,itu,
D0523,terjadi,
D0523,di,
D0523,Jalan,
D0523,Bunga,
D0523,Rampai,
D0523,Desa,
D0523,Durian,
D0523,Tonggal,
D0523,Kecamatan,
D0523,Pancur,
D0523,Batu,
D0523,Sabtu,
D0523,26102024,
D0523,sekira,
D0523,pukul,
D0523,0745,
D0523,WIB,
D0523,Lalu,
D0523,setibanya,
D0523,di,
D0523,lokasi,
D0523,korban,
D0523,Joko,
D0523,Syahputra,
D0523,45,
D0523,melihat,
D0523,lima,
D0523,pelaku,
D0523,dan,
D0523,langsung,
D0523,curiga,
D0523,Alhasil,
D0523,korban,
D0523,memutuskan,
D0523,untuk,
D0523,berbalik,
D0523,arah,
D0523,Korban,
D0523,hendak,
D0523,putar,
D0523,balik,
D0523,arah,
D0523,dan,
D0523,sempat,
D0523,berpapasan,
D0523,dengan,
D0523,para,
D0523,pelaku,
D0523,tersebut,
D0523,Di,
D0523,mana,
D0523,salah,
D0523,satu,
D0523,dari,
D0523,pelaku,
D0523,berteriak,
D0523,matamu,
D0523,sambil,
D0523,memepetkan,
D0523,kedua,
D0523,sepeda,
D0523,motor,
D0523,mereka,
D0523,ke,
D0523,arah,
D0523,korban,
D0523,sehingga,
D0523,korban,
D0523,berhenti,
D0523,kata,
D0523,Krisnat,
D0523,Rabu,
D0523,3010,
D0523,SCROLL,
D0523,TO,
D0523,CONTINUE,
D0523,WITH,
D0523,CONTENT,
D0523,Kemudian,
D0523,pada,
D0523,saat,
D0523,yang,
D0523,bersamaan,
D0523,salah,
D0523,satu,
D0523,pelaku,
D0523,mengeluarkan,
D0523,pisau,
D0523,dan,
D0523,langsung,
D0523,menusuk,
D0523,tangan,
D0523,korban,
D0523,Setelah,
D0523,itu,
D0523,para,
D0523,pelaku,
D0523,pergi,
D0523,meninggalkan,
D0523,lokasi,
D0523,Lalu,
D0523,sekira,
D0523,pukul,
D0523,0800,
D0523,WIB,
D0523,para,
D0523,pelaku,
D0523,pergi,
D0523,menuju,
D0523,arah,
D0523,Desa,
D0523,Namo,
D0523,Bintang,
D0523,yang,
D0523,berjarak,
D0523,2,
D0523,km,
D0523,dari,
D0523,lokasi,
D0523,penikaman,
D0523,Di,
D0523,lokasi,
D0523,tersebut,
D0523,para,
D0523,pelaku,
D0523,memepet,
D0523,korban,
D0523,Jepri,
D0523,Depari,
D0523,36,
D0523,yang,
D0523,tengah,
D0523,mengendarai,
D0523,sepeda,
D0523,motor,
D0523,Kemudian,
D0523,salah,
D0523,seorang,
D0523,pelaku,
D0523,mengeluarkan,
D0523,satu,
D0523,pistol,
D0523,mainan,
D0523,dan,
D0523,menodongkannya,
D0523,ke,
D0523,arah,
D0523,kepala,
D0523,korban,
D0523,Alhasil,
D0523,korban,
D0523,berhenti,
D0523,dan,
D0523,berteriak,
D0523,minta,
D0523,tolong,
D0523,Tak,
D0523,lama,
D0523,warga,
D0523,sekitar,
D0523,yang,
D0523,mendengar,
D0523,teriakan,
D0523,korban,
D0523,pun,
D0523,mendatangi,
D0523,lokasi,
D0523,Para,
D0523,pelaku,
D0523,yang,
D0523,melihat,
D0523,kedatangan,
D0523,warga,
D0523,itu,
D0523,langsung,
D0523,berupaya,
D0523,melarikan,
D0523,diri,
D0523,Beruntung,
D0523,warga,
D0523,akhirnya,
D0523,bisa,
D0523,menangkap,
D0523,para,
D0523,pelaku,
D0523,karena,
D0523,motor,
D0523,yang,
D0523,dikemudikan,
D0523,mereka,
D0523,kehabisan,
D0523,bensin,
D0523,Lalu,
D0523,warga,
D0523,memukuli,
D0523,para,
D0523,pelaku,
D0523,dan,
D0523,membakar,
D0523,dua,
D0523,sepeda,
D0523,motor,
D0523,yang,
D0523,digunakan,
D0523,pelaku,
D0523,Melihat,
D0523,warga,
D0523,datang,
D0523,para,
D0523,pelaku,
D0523,langsung,
D0523,kabur,
D0523,namun,
D0523,sempat,
D0523,diamankan,
D0523,warga,
D0523,karena,
D0523,sepeda,
D0523,motor,
D0523,pelaku,
D0523,kehabisan,
D0523,bensin,
D0523,Selanjutnya,
D0523,warga,
D0523,yang,
D0523,sudah,
D0523,ramai,
D0523,berkumpul,
D0523,melakukan,
D0523,pembakaran,
D0523,terhadap,
D0523,dua,
D0523,unit,
D0523,sepeda,
D0523,motor,
D0523,pelaku,
D0523,jelasnya,
D0523,Kelima,
D0523,pelaku,
D0523,sempat,
D0523,dianiaya,
D0523,warga,
D0523,sebelum,
D0523,akhirnya,
D0523,personel,
D0523,Polsek,
D0523,Pancur,
D0523,Batu,
D0523,tiba,
D0523,di,
D0523,TKP,
D0523,dan,
D0523,mengamankan,
D0523,kelima,
D0523,pelaku,
D0523,Lalu,
D0523,dibawa,
D0523,berobat,
D0523,ke,
D0523,RS,
D0523,Bhayangkara,
D0523,dan,
D0523,sekitar,
D0523,pukul,
D0523,1330,
D0523,WIB,
D0523,pelaku,
D0523,dibawa,
D0523,ke,
D0523,Polsek,
D0523,Pancur,
D0523,Batu,
D0523,guna,
D0523,proses,
D0523,penyelidikan,
D0523,selanjutnya,
D0523,sambung,
D0523,Krisnat,
D0523,Krisnat,
D0523,menyebut,
D0523,bahwa,
D0523,berdasarkan,
D0523,hasil,
D0523,penyelidikan,
D0523,para,
D0523,pelaku,
D0523,sudah,
D0523,kerap,
D0523,beraksi,
D0523,di,
D0523,wilayah,
D0523,tersebut,
D0523,Rinciannya,
D0523,pada,
D0523,Sabtu,
D0523,1210,
D0523,sekira,
D0523,pukul,
D0523,0600,
D0523,WIB,
D0523,di,
D0523,Jalan,
D0523,Bunga,
D0523,Rampai,
D0523,Desa,
D0523,Durin,
D0523,Tonggal,
D0523,di,
D0523,mana,
D0523,para,
D0523,pelaku,
D0523,mencuri,
D0523,sepeda,
D0523,motor,
D0523,korban,
D0523,bernama,
D0523,Nurina,
D0523,Sinaga,
D0523,Lalu,
D0523,para,
D0523,pelaku,
D0523,juga,
D0523,beraksi,
D0523,di,
D0523,Jalan,
D0523,Bunga,
D0523,Rampai,
D0523,pada,
D0523,Kamis,
D0523,2410,
D0523,sekira,
D0523,pukul,
D0523,0600,
D0523,WIB,
D0523,Pelaku,
D0523,merampas,
D0523,motor,
D0523,korban,
D0523,Gamal,
D0523,Sinulingga,
D0523,Dari,
D0523,ketiga,
D0523,kasus,
D0523,tersebut,
D0523,pihak,
D0523,kepolisian,
D0523,menangkap,
D0523,enam,
D0523,orang,
D0523,pelaku,
D0523,yakni,
D0523,Revaldo,
D0523,19,
D0523,Natanael,
D0523,Sahputra,
D0523,19,
D0523,Kiki,
D0523,Ananda,
D0523,Naibaho,
D0523,24,
D0523,MDS,
D0523,17,
D0523,DD,
D0523,17,
D0523,dan,
D0523,CA,
D0523,15,
D0523,Ada,
D0523,sejumlah,
D0523,pelaku,
D0523,lainnya,
D0523,yang,
D0523,masih,
D0523,buron,
D0523,Penyidik,
D0523,berkoordinasi,
D0523,dengan,
D0523,polsek,
D0523,jajaran,
D0523,guna,
D0523,ungkap,
D0523,kasus,
D0523,lain,
D0523,yang,
D0523,diduga,
D0523,dilakukan,
D0523,oleh,
D0523,pelaku,
D0523,Kami,
D0523,juga,
D0523,melakukan,
D0523,upaya,
D0523,diversi,
D0523,terhadap,
D0523,anak,
D0523,berhadapan,
D0523,dengan,
D0523,hukum,
D0523,pungkasnya,
D0524,Seorang,
D0524,pria,
D0524,inisial,
D0524,A,
D0524,tewas,
D0524,ditikam,
D0524,di,
D0524,kawasan,
D0524,Kampung,
D0524,Aceh,
D0524,Sei,
D0524,Beduk,
D0524,Batam,
D0524,Kepulauan,
D0524,Riau,
D0524,Kepri,
D0524,Motif,
D0524,penikaman,
D0524,itu,
D0524,diduga,
D0524,didasari,
D0524,sakit,
D0524,hati,
D0524,pelaku,
D0524,karena,
D0524,tak,
D0524,terima,
D0524,ditegur,
D0524,korban,
D0524,saat,
D0524,minum,
D0524,alkohol,
D0524,bersama,
D0524,Karena,
D0524,sakit,
D0524,hati,
D0524,ditegur,
D0524,membuat,
D0524,keributan,
D0524,saat,
D0524,pelaku,
D0524,dan,
D0524,korban,
D0524,minum,
D0524,bersama,
D0524,kata,
D0524,Kapolresta,
D0524,Barelang,
D0524,Kombes,
D0524,Heribertus,
D0524,Ompusunggu,
D0524,Rabu,
D0524,30102024,
D0524,Heibertus,
D0524,lalu,
D0524,mengungkapkan,
D0524,kronologi,
D0524,terjadinya,
D0524,penikaman,
D0524,tersebut,
D0524,Dia,
D0524,menyebut,
D0524,peristiwa,
D0524,itu,
D0524,bermula,
D0524,saat,
D0524,korban,
D0524,dan,
D0524,para,
D0524,pelaku,
D0524,inisial,
D0524,AD,
D0524,dan,
D0524,NV,
D0524,bertemu,
D0524,Kemudian,
D0524,saat,
D0524,sedang,
D0524,minum,
D0524,bersama,
D0524,korban,
D0524,menegur,
D0524,pelaku,
D0524,hingga,
D0524,membuat,
D0524,pelaku,
D0524,emosi,
D0524,SCROLL,
D0524,TO,
D0524,CONTINUE,
D0524,WITH,
D0524,CONTENT,
D0524,Jadi,
D0524,saat,
D0524,minum,
D0524,bersama,
D0524,korban,
D0524,menegur,
D0524,pelaku,
D0524,lalu,
D0524,pelaku,
D0524,menyiram,
D0524,korban,
D0524,dengan,
D0524,air,
D0524,Kesal,
D0524,disiram,
D0524,korban,
D0524,marahmarah,
D0524,dan,
D0524,menendang,
D0524,motor,
D0524,pelaku,
D0524,Nah,
D0524,dari,
D0524,situ,
D0524,pelaku,
D0524,semakin,
D0524,emosi,
D0524,dan,
D0524,menusuk,
D0524,di,
D0524,bagian,
D0524,dada,
D0524,korban,
D0524,dengan,
D0524,obeng,
D0524,sebanyak,
D0524,dua,
D0524,kali,
D0524,ujarnya,
D0524,Heribertus,
D0524,mengatakan,
D0524,pihaknya,
D0524,sudah,
D0524,menetapkan,
D0524,kedua,
D0524,pelaku,
D0524,sebagai,
D0524,tersangka,
D0524,dalam,
D0524,kasus,
D0524,tersebut,
D0524,Ada,
D0524,dua,
D0524,orang,
D0524,yang,
D0524,ditetapkan,
D0524,tersangka,
D0524,inisial,
D0524,AD,
D0524,pelaku,
D0524,penikaman,
D0524,dan,
D0524,NV,
D0524,pemilik,
D0524,obeng,
D0524,dan,
D0524,golok,
D0524,Korban,
D0524,A,
D0524,dan,
D0524,pelaku,
D0524,NV,
D0524,ini,
D0524,saling,
D0524,kenal,
D0524,ujarnya,
D0524,Selain,
D0524,itu,
D0524,Heribertus,
D0524,mengungkapkan,
D0524,pelaku,
D0524,inisial,
D0524,AD,
D0524,merupakan,
D0524,residivis,
D0524,dan,
D0524,baru,
D0524,17,
D0524,jam,
D0524,keluar,
D0524,dari,
D0524,Lembaga,
D0524,Pemasyarakatan,
D0524,Batam,
D0524,Pelaku,
D0524,AD,
D0524,sebelumya,
D0524,dipenjara,
D0524,karena,
D0524,kasus,
D0524,penganiayaan,
D0524,Pelaku,
D0524,AD,
D0524,ini,
D0524,baru,
D0524,keluar,
D0524,17,
D0524,jam,
D0524,dari,
D0524,Lapas,
D0524,Batam,
D0524,karena,
D0524,kasus,
D0524,penganiayaan,
D0524,Pelaku,
D0524,ke,
D0524,Kampung,
D0524,Aceh,
D0524,jalanjalan,
D0524,bersama,
D0524,NV,
D0524,ketemu,
D0524,korban,
D0524,dan,
D0524,diajak,
D0524,minum,
D0524,bear,
D0524,bersama,
D0524,ujarnya,
D0524,Disinggung,
D0524,soal,
D0524,korban,
D0524,A,
D0524,yang,
D0524,diduga,
D0524,sebagai,
D0524,bandar,
D0524,sabu,
D0524,Heribertus,
D0524,mengatakan,
D0524,pihaknya,
D0524,masih,
D0524,melakukan,
D0524,pendalaman,
D0524,Korban,
D0524,bandar,
D0524,sabu,
D0524,masih,
D0524,pendalaman,
D0524,soal,
D0524,itu,
D0524,ujarnya,
D0524,Atas,
D0524,perbuatannya,
D0524,pelaku,
D0524,AS,
D0524,dijerat,
D0524,dengan,
D0524,pasal,
D0524,pembunuhan,
D0524,dengan,
D0524,ancaman,
D0524,15,
D0524,tahun,
D0524,penjara,
D0524,Untuk,
D0524,pelaku,
D0524,NV,
D0524,dijerat,
D0524,dengan,
D0524,Undangundang,
D0524,darurat,
D0524,dengan,
D0524,ancaman,
D0524,pidana,
D0524,penjara,
D0524,10,
D0524,tahun,
D0524,penjara,
D0524,Diberitakan,
D0524,sebelumnya,
D0524,pria,
D0524,inisial,
D0524,A,
D0524,tewas,
D0524,ditikam,
D0524,menggunakan,
D0524,obeng,
D0524,di,
D0524,dada,
D0524,dan,
D0524,ulu,
D0524,hati,
D0524,di,
D0524,kawasan,
D0524,Kampung,
D0524,Aceh,
D0524,Jumat,
D0524,25102024,
D0524,Usai,
D0524,kejadian,
D0524,polisi,
D0524,mengamankan,
D0524,tiga,
D0524,orang,
D0524,terduga,
D0524,pelaku,
D0524,Setelah,
D0524,itu,
D0524,polisi,
D0524,menetapkan,
D0524,dua,
D0524,orang,
D0524,di,
D0524,antaranya,
D0524,sebagai,
D0524,tersangka,
D0525,Pencopet,
D0525,handphone,
D0525,HP,
D0525,saat,
D0525,konser,
D0525,di,
D0525,Keramas,
D0525,Aero,
D0525,Park,
D0525,Desa,
D0525,Keramas,
D0525,Kecamatan,
D0525,Blahbatuh,
D0525,Gianyar,
D0525,Bali,
D0525,yang,
D0525,ditangkap,
D0525,polisi,
D0525,bertambah,
D0525,menjadi,
D0525,tiga,
D0525,orang,
D0525,Polisi,
D0525,sebelumnya,
D0525,menangkap,
D0525,dua,
D0525,pelaku,
D0525,yang,
D0525,berstatus,
D0525,mahasiswa,
D0525,yakni,
D0525,Muhammad,
D0525,Danu,
D0525,Ramadhan,
D0525,24,
D0525,dan,
D0525,Mario,
D0525,Adi,
D0525,Nugraha,
D0525,21,
D0525,pada,
D0525,Jumat,
D0525,25102024,
D0525,sekitar,
D0525,pukul,
D0525,1930,
D0525,Wita,
D0525,Polisi,
D0525,kini,
D0525,menangkap,
D0525,satu,
D0525,pelaku,
D0525,lain,
D0525,berinisial,
D0525,AP,
D0525,21,
D0525,Namun,
D0525,polisi,
D0525,tak,
D0525,memberikan,
D0525,nama,
D0525,lengkap,
D0525,pelaku,
D0525,dan,
D0525,status,
D0525,yang,
D0525,bersangkutan,
D0525,Walhasil,
D0525,belum,
D0525,diketahui,
D0525,AP,
D0525,berstatus,
D0525,sama,
D0525,dengan,
D0525,dua,
D0525,pelaku,
D0525,yang,
D0525,sebelumnya,
D0525,atau,
D0525,tidak,
D0525,Selain,
D0525,menangkap,
D0525,satu,
D0525,pelaku,
D0525,tambahan,
D0525,polisi,
D0525,juga,
D0525,menyita,
D0525,barang,
D0525,bukti,
D0525,tambahan,
D0525,berupa,
D0525,sebuah,
D0525,ponsel,
D0525,Saat,
D0525,menangkap,
D0525,dua,
D0525,pelaku,
D0525,sebelumnya,
D0525,polisi,
D0525,menyita,
D0525,sebanyak,
D0525,49,
D0525,ponsel,
D0525,Walhasil,
D0525,ponsel,
D0525,yang,
D0525,disita,
D0525,kini,
D0525,berjumlah,
D0525,50,
D0525,buah,
D0525,SCROLL,
D0525,TO,
D0525,CONTINUE,
D0525,WITH,
D0525,CONTENT,
D0525,Kapolres,
D0525,Gianyar,
D0525,AKBP,
D0525,Umar,
D0525,mengatakan,
D0525,para,
D0525,pelaku,
D0525,berasal,
D0525,dari,
D0525,Jakarta,
D0525,Mereka,
D0525,ke,
D0525,Bali,
D0525,memang,
D0525,berniat,
D0525,untuk,
D0525,melakukan,
D0525,aksi,
D0525,pencurian,
D0525,handphone,
D0525,Dengan,
D0525,menggunakan,
D0525,mobil,
D0525,melalui,
D0525,jalur,
D0525,darat,
D0525,para,
D0525,pelaku,
D0525,ini,
D0525,sebelumnya,
D0525,sudah,
D0525,mencari,
D0525,tahu,
D0525,terkait,
D0525,eventevent,
D0525,yang,
D0525,akan,
D0525,diselenggarakan,
D0525,di,
D0525,Bali,
D0525,Salah,
D0525,satunya,
D0525,adalah,
D0525,konser,
D0525,musik,
D0525,di,
D0525,Keramas,
D0525,Aero,
D0525,Park,
D0525,Kecamatan,
D0525,Blahbatuh,
D0525,kata,
D0525,Umar,
D0525,saat,
D0525,konferensi,
D0525,pers,
D0525,di,
D0525,kantornya,
D0525,Rabu,
D0525,30102024,
D0525,Terdapat,
D0525,dua,
D0525,kelompok,
D0525,yang,
D0525,beraksi,
D0525,mencopet,
D0525,HP,
D0525,saat,
D0525,konser,
D0525,di,
D0525,Keramas,
D0525,Aero,
D0525,Park,
D0525,Kelompok,
D0525,pertama,
D0525,berjumlah,
D0525,tujuh,
D0525,orang,
D0525,yang,
D0525,mengendarai,
D0525,mobil,
D0525,dari,
D0525,Jakarta,
D0525,Dua,
D0525,orang,
D0525,dari,
D0525,kelompok,
D0525,ini,
D0525,dapat,
D0525,ditangkap,
D0525,dan,
D0525,lima,
D0525,lainnya,
D0525,dalam,
D0525,pengejaran,
D0525,Kemudian,
D0525,kelompok,
D0525,kedua,
D0525,terdiri,
D0525,dari,
D0525,dua,
D0525,pelaku,
D0525,Salah,
D0525,satunya,
D0525,dapat,
D0525,ditangkap,
D0525,polisi,
D0525,dan,
D0525,seorang,
D0525,lain,
D0525,juga,
D0525,masih,
D0525,buron,
D0525,Polisi,
D0525,kini,
D0525,masih,
D0525,memburu,
D0525,para,
D0525,pelaku,
D0525,yang,
D0525,masih,
D0525,buron,
D0525,Pengejaran,
D0525,kami,
D0525,lakukan,
D0525,ada,
D0525,yang,
D0525,ke,
D0525,Jakarta,
D0525,dan,
D0525,ada,
D0525,yang,
D0525,masih,
D0525,area,
D0525,Bali,
D0525,imbuh,
D0525,Umar,
D0525,Umar,
D0525,menyatakan,
D0525,para,
D0525,pelaku,
D0525,mencopet,
D0525,HP,
D0525,para,
D0525,penonton,
D0525,saat,
D0525,konser,
D0525,di,
D0525,Keramas,
D0525,Aero,
D0525,Park,
D0525,pada,
D0525,Jumat,
D0525,24102024,
D0525,malam,
D0525,Pengunjung,
D0525,awalnya,
D0525,tidak,
D0525,mengetahui,
D0525,HPnya,
D0525,hilang,
D0525,Setelah,
D0525,konser,
D0525,penonton,
D0525,mendadak,
D0525,riuh,
D0525,karena,
D0525,baru,
D0525,banyak,
D0525,yang,
D0525,merasa,
D0525,kehilangan,
D0525,Mereka,
D0525,kemudian,
D0525,melapor,
D0525,ke,
D0525,Polsek,
D0525,Blahbatuh,
D0525,dan,
D0525,Polres,
D0525,Gianyar,
D0525,Pada,
D0525,konser,
D0525,malam,
D0525,berikutnya,
D0525,tim,
D0525,buser,
D0525,turun,
D0525,mengintai,
D0525,dan,
D0525,beberapa,
D0525,tersangka,
D0525,ada,
D0525,di,
D0525,tempat,
D0525,kejadian,
D0525,mereka,
D0525,langsung,
D0525,ditangkap,
D0525,dan,
D0525,sisanya,
D0525,berikut,
D0525,barang,
D0525,bukti,
D0525,di,
D0525,sebuah,
D0525,penginapan,
D0525,di,
D0525,wilayah,
D0525,Kuta,
D0525,kata,
D0525,Umar,
D0525,Atas,
D0525,perbuatannya,
D0525,para,
D0525,pelaku,
D0525,diancam,
D0525,dengan,
D0525,Pasal,
D0525,362,
D0525,Kitab,
D0525,UndangUndang,
D0525,Hukum,
D0525,Pidana,
D0525,KUHP,
D0525,tentang,
D0525,pencurian,
D0525,dengan,
D0525,ancaman,
D0525,lima,
D0525,tahun,
D0525,penjara,
D0525,Umar,
D0525,mengungkapkan,
D0525,dari,
D0525,50,
D0525,barang,
D0525,bukti,
D0525,baru,
D0525,35,
D0525,orang,
D0525,yang,
D0525,melapor,
D0525,kehilangan,
D0525,Satuan,
D0525,Reserse,
D0525,Kriminal,
D0525,Satreskrim,
D0525,Polres,
D0525,Gianyar,
D0525,kini,
D0525,masih,
D0525,menunggu,
D0525,pemilik,
D0525,ponsel,
D0525,lainnya,
D0525,Barang,
D0525,bukti,
D0525,itu,
D0525,diserahkan,
D0525,kepada,
D0525,pemilik,
D0525,dengan,
D0525,status,
D0525,pinjam,
D0525,pakai,
D0525,Bawa,
D0525,bukti,
D0525,kepemilikan,
D0525,kami,
D0525,serahkan,
D0525,langsung,
D0525,untuk,
D0525,pinjam,
D0525,pakai,
D0525,karena,
D0525,saat,
D0525,sidang,
D0525,nanti,
D0525,wajib,
D0525,ditunjukkan,
D0525,ungkap,
D0525,mantan,
D0525,Kapolres,
D0525,Klungkung,
D0525,itu,
D0525,Pantauan,
D0525,detikBali,
D0525,di,
D0525,halaman,
D0525,Mapolres,
D0525,Gianyar,
D0525,sebanyak,
D0525,15,
D0525,orang,
D0525,pemilik,
D0525,datang,
D0525,untuk,
D0525,mengambil,
D0525,HP,
D0525,mereka,
D0525,Salah,
D0525,satu,
D0525,korban,
D0525,Kadek,
D0525,Edo,
D0525,mengatakan,
D0525,tidak,
D0525,terasa,
D0525,HPnya,
D0525,ada,
D0525,yang,
D0525,mengambil,
D0525,Padahal,
D0525,ponselnya,
D0525,saat,
D0525,itu,
D0525,ditaruh,
D0525,dalam,
D0525,kantong,
D0525,celana,
D0525,depan,
D0525,Kantongnya,
D0525,dalam,
D0525,kok,
D0525,bisa,
D0525,diambil,
D0525,baru,
D0525,ngeh,
D0525,tahu,
D0525,setelah,
D0525,konser,
D0525,selesai,
D0525,dan,
D0525,ternyata,
D0525,banyak,
D0525,yang,
D0525,hilang,
D0525,sebut,
D0525,pemuda,
D0525,asal,
D0525,Buleleng,
D0525,ini,
D0525,Diberitakan,
D0525,sebelumnya,
D0525,dua,
D0525,mahasiswa,
D0525,Muhammad,
D0525,Danu,
D0525,Ramadhan,
D0525,24,
D0525,dan,
D0525,Mario,
D0525,Adi,
D0525,Nugraha,
D0525,21,
D0525,ditangkap,
D0525,Polsek,
D0525,Kuta,
D0525,pada,
D0525,Jumat,
D0525,25102024,
D0525,sekitar,
D0525,pukul,
D0525,1930,
D0525,Wita,
D0525,Duo,
D0525,anak,
D0525,kampus,
D0525,itu,
D0525,ditangkap,
D0525,garagara,
D0525,mencopet,
D0525,49,
D0525,handphone,
D0525,HP,
D0525,penonton,
D0525,konser,
D0525,di,
D0525,Keramas,
D0525,Aero,
D0525,Park,
D0525,Kecamatan,
D0525,Blahbatuh,
D0525,Gianyar,
D0525,Bali,
D0525,Kami,
D0525,mengamankan,
D0525,pelaku,
D0525,tindak,
D0525,pidana,
D0525,pencurian,
D0525,TKP,
D0525,tempat,
D0525,kejadian,
D0525,perkara,
D0525,di,
D0525,Gianyar,
D0525,dengan,
D0525,barang,
D0525,bukti,
D0525,49,
D0525,ponsel,
D0525,kata,
D0525,Kepala,
D0525,Seksi,
D0525,Kasi,
D0525,Hubungan,
D0525,Masyarakat,
D0525,Humas,
D0525,Polresta,
D0525,Denpasar,
D0525,AKP,
D0525,I,
D0525,Ketut,
D0525,Sukadi,
D0525,dalam,
D0525,keterangan,
D0525,tertulis,
D0525,Sabtu,
D0525,26102024,
D0525,Danu,
D0525,merupakan,
D0525,mahasiswa,
D0525,asal,
D0525,Kelurahan,
D0525,Johar,
D0525,Baru,
D0525,Jakarta,
D0525,Pusat,
D0525,Sementara,
D0525,Mario,
D0525,berasal,
D0525,dari,
D0525,Kelurahan,
D0525,Cipinang,
D0525,Besar,
D0525,Selatan,
D0525,Kecamatan,
D0525,Jatinegara,
D0525,Jakarta,
D0525,Timur,
D0525,Keduanya,
D0525,bersama,
D0525,puluhan,
D0525,ponsel,
D0525,yang,
D0525,dicuri,
D0525,sudah,
D0525,diamankan,
D0525,di,
D0525,kantor,
D0525,polisi,
D0525,Kasus,
D0525,Danu,
D0525,dan,
D0525,Mario,
D0525,belum,
D0525,tuntas,
D0525,Sebab,
D0525,mereka,
D0525,beraksi,
D0525,bersama,
D0525,komplotan,
D0525,lain,
D0525,Beberapa,
D0525,orang,
D0525,masih,
D0525,dalam,
D0525,pengejaran,
D0525,terang,
D0525,Sukadi,
D0525,Mereka,
D0525,kemudian,
D0525,diserahkan,
D0525,ke,
D0525,Polres,
D0525,Gianyar,
D0526,Pelaku,
D0526,utama,
D0526,pembunuhan,
D0526,mayat,
D0526,wanita,
D0526,dalam,
D0526,tas,
D0526,di,
D0526,Kabupaten,
D0526,Karo,
D0526,Sumatera,
D0526,Utara,
D0526,Sumut,
D0526,Joe,
D0526,Frisco,
D0526,Johan,
D0526,25,
D0526,memberikan,
D0526,uang,
D0526,sebesar,
D0526,Rp,
D0526,105,
D0526,juta,
D0526,ke,
D0526,empat,
D0526,pelaku,
D0526,yang,
D0526,membantunya,
D0526,membuang,
D0526,korban,
D0526,Joe,
D0526,ternyata,
D0526,berprofesi,
D0526,sebagai,
D0526,seorang,
D0526,pengusaha,
D0526,Dirreskrimum,
D0526,Polda,
D0526,Sumut,
D0526,Kombes,
D0526,Sumaryono,
D0526,menyebut,
D0526,pelaku,
D0526,Joe,
D0526,adalah,
D0526,pengusaha,
D0526,pabrik,
D0526,bihun,
D0526,Namun,
D0526,Sumaryono,
D0526,belum,
D0526,memerinci,
D0526,di,
D0526,mana,
D0526,pabrik,
D0526,milik,
D0526,pelaku,
D0526,tersebut,
D0526,Pelaku,
D0526,Joe,
D0526,pengusaha,
D0526,pabrik,
D0526,bihun,
D0526,kata,
D0526,Dirreskrimum,
D0526,Polda,
D0526,Sumut,
D0526,Kombes,
D0526,Sumaryono,
D0526,Selasa,
D0526,29102024,
D0526,SCROLL,
D0526,TO,
D0526,CONTINUE,
D0526,WITH,
D0526,CONTENT,
D0526,Sebelumnya,
D0526,diberitakan,
D0526,polisi,
D0526,menangkap,
D0526,lima,
D0526,pelaku,
D0526,dalam,
D0526,kasus,
D0526,tewasnya,
D0526,wanita,
D0526,dalam,
D0526,tas,
D0526,di,
D0526,Kabupaten,
D0526,Karo,
D0526,Dari,
D0526,lima,
D0526,pelaku,
D0526,yang,
D0526,telah,
D0526,ditangkap,
D0526,dua,
D0526,di,
D0526,antaranya,
D0526,merupakan,
D0526,oknum,
D0526,polisi,
D0526,Sementara,
D0526,saat,
D0526,ini,
D0526,masih,
D0526,ada,
D0526,dua,
D0526,pelaku,
D0526,lainnya,
D0526,yang,
D0526,diburu,
D0526,oleh,
D0526,pihak,
D0526,kepolisian,
D0526,Setelah,
D0526,diselidiki,
D0526,pelaku,
D0526,Joe,
D0526,ini,
D0526,ternyata,
D0526,adalah,
D0526,teman,
D0526,dekat,
D0526,korban,
D0526,Joe,
D0526,lah,
D0526,yang,
D0526,menjadi,
D0526,membunuh,
D0526,korban,
D0526,Sumaryono,
D0526,mengatakan,
D0526,korban,
D0526,tewas,
D0526,usai,
D0526,dianiaya,
D0526,oleh,
D0526,pelaku,
D0526,Berdasarkan,
D0526,hasil,
D0526,autopsi,
D0526,korban,
D0526,tewas,
D0526,karena,
D0526,mengalami,
D0526,pendarahan,
D0526,hebat,
D0526,Dari,
D0526,hasil,
D0526,penelusuran,
D0526,kami,
D0526,bahwa,
D0526,korban,
D0526,atas,
D0526,nama,
D0526,MP,
D0526,ini,
D0526,diduga,
D0526,meninggal,
D0526,karena,
D0526,kehilangan,
D0526,darah,
D0526,dan,
D0526,ada,
D0526,lukaluka,
D0526,di,
D0526,bagian,
D0526,badan,
D0526,dan,
D0526,kepala,
D0526,Hasil,
D0526,autopsi,
D0526,meninggal,
D0526,karena,
D0526,luka,
D0526,di,
D0526,kepala,
D0526,dengan,
D0526,pendarahan,
D0526,jelasnya,
D0526,Senin,
D0526,2810,
D0526,Adapun,
D0526,motif,
D0526,pelaku,
D0526,menganiaya,
D0526,korban,
D0526,hingga,
D0526,tewas,
D0526,adalah,
D0526,untuk,
D0526,memenuhi,
D0526,fantasi,
D0526,seksnya,
D0526,Sumaryono,
D0526,menyebut,
D0526,awalnya,
D0526,pelaku,
D0526,Joe,
D0526,menyuruh,
D0526,pelaku,
D0526,Sahrul,
D0526,untuk,
D0526,mengambil,
D0526,uang,
D0526,Rp,
D0526,105,
D0526,juta,
D0526,Lalu,
D0526,Sahrul,
D0526,mengambil,
D0526,uang,
D0526,tersebut,
D0526,sebanyak,
D0526,Rp,
D0526,5,
D0526,juta,
D0526,dan,
D0526,menyerahkan,
D0526,sisanya,
D0526,kepada,
D0526,Edy,
D0526,Kemudian,
D0526,dari,
D0526,uang,
D0526,Rp,
D0526,100,
D0526,juta,
D0526,itu,
D0526,pelaku,
D0526,Edy,
D0526,mengambil,
D0526,sebanyak,
D0526,Rp,
D0526,10,
D0526,juta,
D0526,sedangkan,
D0526,sisanya,
D0526,diserahkan,
D0526,kepada,
D0526,kedua,
D0526,eksekutor,
D0526,sebesar,
D0526,Rp,
D0526,90,
D0526,juta,
D0526,Yang,
D0526,mana,
D0526,dari,
D0526,itu,
D0526,diberikan,
D0526,ke,
D0526,S,
D0526,sebanyak,
D0526,Rp,
D0526,5,
D0526,juta,
D0526,E,
D0526,Rp,
D0526,100,
D0526,juta,
D0526,tapi,
D0526,saudara,
D0526,E,
D0526,menerima,
D0526,Rp,
D0526,10,
D0526,juta,
D0526,dan,
D0526,Rp,
D0526,90,
D0526,juta,
D0526,diberikan,
D0526,kepada,
D0526,tersangka,
D0526,yang,
D0526,masih,
D0526,dalam,
D0526,lidik,
D0526,jelasnya,
D0526,Lihat,
D0526,juga,
D0526,Video,
D0526,Terungkap,
D0526,Korban,
D0526,Pembunuhan,
D0526,dalam,
D0526,Karung,
D0526,di,
D0526,Tasik,
D0526,Dibekap,
D0526,Sampai,
D0526,Tewas,
D0526,GambasVideo,
D0526,20detik,
D0527,Polisi,
D0527,meringkus,
D0527,RS,
D0527,seorang,
D0527,pria,
D0527,asal,
D0527,Kecamatan,
D0527,Leles,
D0527,Kabupaten,
D0527,Garut,
D0527,Pemuda,
D0527,berumur,
D0527,26,
D0527,tahun,
D0527,tersebut,
D0527,merupakan,
D0527,dalang,
D0527,di,
D0527,balik,
D0527,aksi,
D0527,13,
D0527,penjambretan,
D0527,yang,
D0527,berlangsung,
D0527,di,
D0527,wilayah,
D0527,perkotaan,
D0527,Garut,
D0527,selama,
D0527,setahun,
D0527,terakhir,
D0527,RS,
D0527,ditangkap,
D0527,tim,
D0527,gabungan,
D0527,dari,
D0527,Sancang,
D0527,Polres,
D0527,Garut,
D0527,dan,
D0527,Resmob,
D0527,Polda,
D0527,Jawa,
D0527,Barat,
D0527,di,
D0527,rumahnya,
D0527,pada,
D0527,Jumat,
D0527,25,
D0527,Oktober,
D0527,2024,
D0527,lalu,
D0527,Menurut,
D0527,Kapolres,
D0527,Garut,
D0527,AKBP,
D0527,M,
D0527,Fajar,
D0527,Gemilang,
D0527,penangkapan,
D0527,RS,
D0527,bermula,
D0527,dari,
D0527,maraknya,
D0527,kasus,
D0527,penjambretan,
D0527,yang,
D0527,terjadi,
D0527,di,
D0527,wilayah,
D0527,perkotaan,
D0527,Kabupaten,
D0527,Garut,
D0527,belakangan,
D0527,ini,
D0527,SCROLL,
D0527,TO,
D0527,CONTINUE,
D0527,WITH,
D0527,CONTENT,
D0527,Maka,
D0527,dari,
D0527,itu,
D0527,tim,
D0527,kemudian,
D0527,langsung,
D0527,melakukan,
D0527,penyelidikan,
D0527,untuk,
D0527,memburu,
D0527,pelakunya,
D0527,hingga,
D0527,tersangka,
D0527,ini,
D0527,bisa,
D0527,kita,
D0527,tangkap,
D0527,kata,
D0527,Fajar,
D0527,kepada,
D0527,wartawan,
D0527,Selasa,
D0527,29102024,
D0527,Aksi,
D0527,yang,
D0527,dilakukan,
D0527,RS,
D0527,tergolong,
D0527,berani,
D0527,Dia,
D0527,beraksi,
D0527,seorang,
D0527,diri,
D0527,malam,
D0527,hari,
D0527,dengan,
D0527,menggunakan,
D0527,sepeda,
D0527,motor,
D0527,RS,
D0527,mengincar,
D0527,wanita,
D0527,yang,
D0527,sendirian,
D0527,menggunakan,
D0527,sepeda,
D0527,motor,
D0527,dan,
D0527,terlihat,
D0527,membawa,
D0527,barang,
D0527,berharga,
D0527,Pelaku,
D0527,mendorong,
D0527,sepeda,
D0527,motor,
D0527,korban,
D0527,hingga,
D0527,tersungkur,
D0527,Setelah,
D0527,itu,
D0527,mengambil,
D0527,barang,
D0527,berharga,
D0527,yang,
D0527,dibawa,
D0527,korban,
D0527,Modusnya,
D0527,selalu,
D0527,seperti,
D0527,itu,
D0527,katanya,
D0527,Aksi,
D0527,RS,
D0527,yang,
D0527,terbaru,
D0527,berlangsung,
D0527,sekitar,
D0527,pertengahan,
D0527,Oktober,
D0527,2024,
D0527,lalu,
D0527,Saat,
D0527,itu,
D0527,seorang,
D0527,wanita,
D0527,muda,
D0527,dijambretnya,
D0527,di,
D0527,kawasan,
D0527,Jalan,
D0527,Raya,
D0527,CilawuBayongbong,
D0527,Garut,
D0527,Sebuah,
D0527,tas,
D0527,berisi,
D0527,ponsel,
D0527,pintar,
D0527,milik,
D0527,korban,
D0527,raib,
D0527,dicuri,
D0527,RS,
D0527,Sementara,
D0527,korban,
D0527,terluka,
D0527,karena,
D0527,tersungkur,
D0527,di,
D0527,jalan,
D0527,raya,
D0527,Fajar,
D0527,menjelaskan,
D0527,berdasarkan,
D0527,pengakuan,
D0527,RS,
D0527,dia,
D0527,mengaku,
D0527,nekat,
D0527,mencuri,
D0527,karena,
D0527,faktor,
D0527,ekonomi,
D0527,Fajar,
D0527,menjelaskan,
D0527,RS,
D0527,sudah,
D0527,13,
D0527,kali,
D0527,melakukan,
D0527,aksi,
D0527,penjambretan,
D0527,di,
D0527,wilayah,
D0527,Garut,
D0527,Kami,
D0527,jerat,
D0527,dengan,
D0527,Pasal,
D0527,365,
D0527,KUHP,
D0527,tentang,
D0527,Pencurian,
D0527,dengan,
D0527,Kekerasan,
D0527,Curas,
D0527,Ancaman,
D0527,hukumannya,
D0527,9,
D0527,tahun,
D0527,penjara,
D0527,pungkas,
D0527,Fajar,
D0528,Polisi,
D0528,menangkap,
D0528,lima,
D0528,pelaku,
D0528,yang,
D0528,terlibat,
D0528,dalam,
D0528,kasus,
D0528,tewasnya,
D0528,Mutia,
D0528,25,
D0528,wanita,
D0528,yang,
D0528,ditemukan,
D0528,dalam,
D0528,tas,
D0528,di,
D0528,Kabupaten,
D0528,Karo,
D0528,Sumatera,
D0528,Utara,
D0528,Sumut,
D0528,Dua,
D0528,dari,
D0528,kelima,
D0528,pelaku,
D0528,tersebut,
D0528,adalah,
D0528,anggota,
D0528,polisi,
D0528,Adapun,
D0528,dua,
D0528,oknum,
D0528,polisi,
D0528,itu,
D0528,adalah,
D0528,Jeffry,
D0528,Hendrik,
D0528,personel,
D0528,Polres,
D0528,Pematangsiantar,
D0528,dan,
D0528,Hendra,
D0528,Purba,
D0528,anggota,
D0528,Polsek,
D0528,Raya,
D0528,Polres,
D0528,Simalungun,
D0528,Selain,
D0528,keduanya,
D0528,polisi,
D0528,juga,
D0528,menangkap,
D0528,pelaku,
D0528,utama,
D0528,bernama,
D0528,Joe,
D0528,Frisco,
D0528,Johan,
D0528,36,
D0528,dan,
D0528,dua,
D0528,pelaku,
D0528,lainnya,
D0528,bernama,
D0528,Sahrul,
D0528,51,
D0528,Edy,
D0528,Iswady,
D0528,56,
D0528,Yang,
D0528,mana,
D0528,dengan,
D0528,pelaku,
D0528,utama,
D0528,adalah,
D0528,JFJ,
D0528,yang,
D0528,beralamat,
D0528,di,
D0528,Siantar,
D0528,Kemudian,
D0528,kami,
D0528,menangkap,
D0528,beberapa,
D0528,orang,
D0528,lainnya,
D0528,yang,
D0528,kami,
D0528,kenakan,
D0528,dengan,
D0528,pasal,
D0528,turut,
D0528,serta,
D0528,termasuk,
D0528,juga,
D0528,ada,
D0528,dua,
D0528,oknum,
D0528,polisi,
D0528,yang,
D0528,kami,
D0528,lakukan,
D0528,dengan,
D0528,tindakan,
D0528,tegas,
D0528,penerapan,
D0528,Pasal,
D0528,221,
D0528,karena,
D0528,melakukan,
D0528,pembiaran,
D0528,terhadap,
D0528,tindak,
D0528,pidana,
D0528,pembunuhan,
D0528,kata,
D0528,Dirreskrimum,
D0528,Polda,
D0528,Sumut,
D0528,Kombes,
D0528,Sumaryono,
D0528,saat,
D0528,konferensi,
D0528,pers,
D0528,di,
D0528,Polda,
D0528,Sumut,
D0528,Senin,
D0528,28102024,
D0528,SCROLL,
D0528,TO,
D0528,CONTINUE,
D0528,WITH,
D0528,CONTENT,
D0528,Kemudian,
D0528,dua,
D0528,oknum,
D0528,ini,
D0528,sudah,
D0528,kita,
D0528,amankan,
D0528,dan,
D0528,saat,
D0528,ini,
D0528,kita,
D0528,amankan,
D0528,paralel,
D0528,dengan,
D0528,pelanggaran,
D0528,kode,
D0528,etik,
D0528,sambungnya,
D0528,Sumaryono,
D0528,menyebut,
D0528,dua,
D0528,anggota,
D0528,polisi,
D0528,ini,
D0528,mengetahui,
D0528,soal,
D0528,peristiwa,
D0528,pembunuhan,
D0528,itu,
D0528,Sebab,
D0528,pada,
D0528,saat,
D0528,kejadian,
D0528,keduanya,
D0528,sempat,
D0528,dipanggil,
D0528,oleh,
D0528,pelaku,
D0528,Joe,
D0528,Namun,
D0528,setelah,
D0528,mengetahui,
D0528,pembunuh,
D0528,itu,
D0528,keduanya,
D0528,tidak,
D0528,melaporkannya,
D0528,ke,
D0528,pihak,
D0528,kepolisian,
D0528,Dua,
D0528,polisi,
D0528,melihat,
D0528,sesosok,
D0528,mayat,
D0528,tapi,
D0528,tidak,
D0528,melaporkan,
D0528,kepada,
D0528,pimpinan,
D0528,Polisi,
D0528,menyarankan,
D0528,untuk,
D0528,dibawa,
D0528,ke,
D0528,rumah,
D0528,sakit,
D0528,dia,
D0528,pelaku,
D0528,Joe,
D0528,takut,
D0528,Akhirnya,
D0528,dia,
D0528,polisi,
D0528,pergi,
D0528,Bertugas,
D0528,di,
D0528,Polres,
D0528,Siantar,
D0528,dan,
D0528,Simalungun,
D0528,jelasnya,
D0528,Kabid,
D0528,Humas,
D0528,Polda,
D0528,Sumut,
D0528,Kombes,
D0528,Hadi,
D0528,Wahyudi,
D0528,mengatakan,
D0528,pelaku,
D0528,Joe,
D0528,ini,
D0528,berteman,
D0528,dengan,
D0528,dua,
D0528,oknum,
D0528,polisi,
D0528,tersebut,
D0528,Si,
D0528,polisi,
D0528,adalah,
D0528,teman,
D0528,dari,
D0528,pelaku,
D0528,utama,
D0528,Si,
D0528,pelaku,
D0528,membungkusnya,
D0528,ke,
D0528,dalam,
D0528,tas,
D0528,memanggil,
D0528,dua,
D0528,polisi,
D0528,sebagai,
D0528,teman,
D0528,dengan,
D0528,maksud,
D0528,untuk,
D0528,meminta,
D0528,saran,
D0528,mau,
D0528,diapakan,
D0528,kata,
D0528,Hadi,
D0529,Pihak,
D0529,Kejaksaan,
D0529,Tinggi,
D0529,Jawa,
D0529,Timur,
D0529,Jatim,
D0529,Mia,
D0529,Amiati,
D0529,menjelaskan,
D0529,reaksi,
D0529,Ronald,
D0529,Tannur,
D0529,saat,
D0529,penangkapan,
D0529,terjadi,
D0529,Mia,
D0529,Amiati,
D0529,menyebut,
D0529,Ronald,
D0529,tidak,
D0529,melakukan,
D0529,perlawanan,
D0529,dan,
D0529,sempat,
D0529,kaget,
D0529,iqkiqk,
D0529,ronald,
D0529,tannur,
D0529,kasus,
D0529,pembunuhan,
D0529,kejaksaan,
D0529,tinggi,
D0529,jawa,
D0529,timur,
D0529,kriminalitas,
D0529,dini,
D0529,sera,
D0529,dini,
D0529,sera,
D0529,afrianti,
D0529,video,
D0529,20detik,
D0529,kabar,
D0529,daerah,
D0530,Sejumlah,
D0530,peristiwa,
D0530,dan,
D0530,kasus,
D0530,kriminal,
D0530,terjadi,
D0530,di,
D0530,Sumatera,
D0530,Utara,
D0530,Sumut,
D0530,dalam,
D0530,sepekan,
D0530,terakhir,
D0530,Mulai,
D0530,dari,
D0530,anak,
D0530,yang,
D0530,membacok,
D0530,kedua,
D0530,orang,
D0530,tuanya,
D0530,hingga,
D0530,youtuber,
D0530,yang,
D0530,ditangkap,
D0530,karena,
D0530,menistakan,
D0530,agama,
D0530,Berikut,
D0530,detikSumut,
D0530,rangkum,
D0530,peristiwa,
D0530,yang,
D0530,terjadi,
D0530,dalam,
D0530,sepekan,
D0530,ini,
D0530,1,
D0530,Anak,
D0530,Bacok,
D0530,Kedua,
D0530,Ortu,
D0530,SCROLL,
D0530,TO,
D0530,CONTINUE,
D0530,WITH,
D0530,CONTENT,
D0530,Seorang,
D0530,pria,
D0530,di,
D0530,Kabupaten,
D0530,Labuhanbatu,
D0530,Selatan,
D0530,Labusel,
D0530,inisial,
D0530,ASD,
D0530,22,
D0530,sungguh,
D0530,tega,
D0530,membacok,
D0530,kedua,
D0530,orangtuanya,
D0530,Aksi,
D0530,itu,
D0530,dipicu,
D0530,karena,
D0530,pelaku,
D0530,dendam,
D0530,sering,
D0530,dibandingkan,
D0530,dengan,
D0530,anak,
D0530,tetangganya,
D0530,Kanit,
D0530,Reskrim,
D0530,Polsek,
D0530,Sungai,
D0530,Kanan,
D0530,Ipda,
D0530,Sofyandi,
D0530,mengatakan,
D0530,peristiwa,
D0530,itu,
D0530,terjadi,
D0530,di,
D0530,Lingkungan,
D0530,45,
D0530,Kelurahan,
D0530,Langga,
D0530,Payung,
D0530,Kecamatan,
D0530,Sungai,
D0530,Kanan,
D0530,Kamis,
D0530,17102024,
D0530,sekira,
D0530,pukul,
D0530,1830,
D0530,WIB,
D0530,Saat,
D0530,kejadian,
D0530,pelaku,
D0530,dalam,
D0530,kondisi,
D0530,mabuk,
D0530,Adapun,
D0530,kedua,
D0530,korban,
D0530,adalah,
D0530,Rokibah,
D0530,Rambe,
D0530,41,
D0530,dan,
D0530,Aspan,
D0530,Dalimunthe,
D0530,49,
D0530,Saat,
D0530,melakukan,
D0530,aksinya,
D0530,itu,
D0530,pelaku,
D0530,dalam,
D0530,kondisi,
D0530,mabuk,
D0530,tuak,
D0530,Iya,
D0530,benar,
D0530,Jadi,
D0530,pada,
D0530,saat,
D0530,itu,
D0530,menurut,
D0530,keterangan,
D0530,saksi,
D0530,si,
D0530,anak,
D0530,pelaku,
D0530,ini,
D0530,sudah,
D0530,dalam,
D0530,keadaan,
D0530,mabuk,
D0530,minum,
D0530,tuak,
D0530,kalau,
D0530,nggak,
D0530,salah,
D0530,kemungkinan,
D0530,dia,
D0530,juga,
D0530,dalam,
D0530,pengaruh,
D0530,lem,
D0530,cap,
D0530,kambing,
D0530,itu,
D0530,kata,
D0530,Sofyandi,
D0530,saat,
D0530,dikonfirmasi,
D0530,detikSumut,
D0530,Senin,
D0530,2110,
D0530,Sofyandi,
D0530,mengatakan,
D0530,pelaku,
D0530,datang,
D0530,ke,
D0530,rumah,
D0530,itu,
D0530,sambil,
D0530,membawa,
D0530,parang,
D0530,dan,
D0530,langsung,
D0530,membacok,
D0530,ibunya,
D0530,yang,
D0530,tengah,
D0530,duduk,
D0530,di,
D0530,ruang,
D0530,tamu,
D0530,Setelah,
D0530,itu,
D0530,pelaku,
D0530,membacok,
D0530,ayahnya,
D0530,Korban,
D0530,Rokibah,
D0530,menerima,
D0530,25,
D0530,jahitan,
D0530,di,
D0530,kepalanya,
D0530,sedangkan,
D0530,Aspan,
D0530,menerima,
D0530,10,
D0530,jahitan,
D0530,di,
D0530,kepala,
D0530,Pihak,
D0530,kepolisian,
D0530,pun,
D0530,menangkap,
D0530,pelaku,
D0530,dan,
D0530,memeriksanya,
D0530,Berdasarkan,
D0530,hasil,
D0530,pemeriksaan,
D0530,motif,
D0530,pelaku,
D0530,menganiaya,
D0530,kedua,
D0530,orangtuanya,
D0530,karena,
D0530,dendam,
D0530,sering,
D0530,dibandingkan,
D0530,dengan,
D0530,anak,
D0530,tetangga,
D0530,2,
D0530,4,
D0530,Begal,
D0530,Bersajam,
D0530,Rampas,
D0530,Motor,
D0530,Warga,
D0530,2,
D0530,Ditembak,
D0530,Empat,
D0530,pelaku,
D0530,begal,
D0530,bersenjata,
D0530,tajam,
D0530,ditangkap,
D0530,usai,
D0530,merampas,
D0530,sepeda,
D0530,motor,
D0530,warga,
D0530,yang,
D0530,hendak,
D0530,berbelanja,
D0530,di,
D0530,Kabupaten,
D0530,Deli,
D0530,Serdang,
D0530,Saat,
D0530,ditangkap,
D0530,dua,
D0530,dari,
D0530,empat,
D0530,pelaku,
D0530,ditembak,
D0530,karena,
D0530,melawan,
D0530,petugas,
D0530,kepolisian,
D0530,Kapolrestabes,
D0530,Medan,
D0530,Kombes,
D0530,Gidion,
D0530,Arif,
D0530,Setyawan,
D0530,mengatakan,
D0530,peristiwa,
D0530,itu,
D0530,terjadi,
D0530,di,
D0530,Jalan,
D0530,Binjai,
D0530,KM,
D0530,12,
D0530,Desa,
D0530,Mulyorejo,
D0530,Kecamatan,
D0530,Sunggal,
D0530,Selasa,
D0530,1510,
D0530,sekira,
D0530,pukul,
D0530,0300,
D0530,WIB,
D0530,Lalu,
D0530,para,
D0530,pelaku,
D0530,ditangkap,
D0530,pada,
D0530,Jumat,
D0530,1810,
D0530,Adapun,
D0530,keempat,
D0530,pelaku,
D0530,adalah,
D0530,Muhammad,
D0530,Satrio,
D0530,19,
D0530,Dimas,
D0530,Pratama,
D0530,Siregar,
D0530,19,
D0530,M,
D0530,Riki,
D0530,18,
D0530,dan,
D0530,S,
D0530,17,
D0530,Lalu,
D0530,ada,
D0530,kasus,
D0530,curas,
D0530,yang,
D0530,terjadi,
D0530,pada,
D0530,tanggal,
D0530,15,
D0530,Oktober,
D0530,Ada,
D0530,empat,
D0530,tersangka,
D0530,dua,
D0530,pelaku,
D0530,anak,
D0530,dua,
D0530,dewasa,
D0530,kata,
D0530,Gidion,
D0530,saat,
D0530,konferensi,
D0530,pers,
D0530,di,
D0530,Polsek,
D0530,Sunggal,
D0530,Senin,
D0530,2110,
D0530,Gidion,
D0530,menjelaskan,
D0530,bahwa,
D0530,peristiwa,
D0530,itu,
D0530,berawal,
D0530,saat,
D0530,korban,
D0530,Supriadi,
D0530,47,
D0530,tengah,
D0530,mengendarai,
D0530,sepeda,
D0530,motor,
D0530,menuju,
D0530,Pasar,
D0530,Kampung,
D0530,Lalang,
D0530,untuk,
D0530,berbelanja,
D0530,Setibanya,
D0530,di,
D0530,lokasi,
D0530,kejadian,
D0530,korban,
D0530,dipepet,
D0530,oleh,
D0530,dua,
D0530,pelaku,
D0530,dan,
D0530,langsung,
D0530,menarik,
D0530,kunci,
D0530,sepeda,
D0530,motor,
D0530,korban,
D0530,Kemudian,
D0530,para,
D0530,pelaku,
D0530,membawa,
D0530,kabur,
D0530,motor,
D0530,korban,
D0530,Atas,
D0530,kejadian,
D0530,itu,
D0530,korban,
D0530,membuat,
D0530,laporan,
D0530,ke,
D0530,Polsek,
D0530,Sunggal,
D0530,keesokan,
D0530,harinya,
D0530,3,
D0530,YouTuber,
D0530,Ditangkap,
D0530,Usai,
D0530,Menistakan,
D0530,Agama,
D0530,Seorang,
D0530,YouTuber,
D0530,di,
D0530,Kabupaten,
D0530,Deli,
D0530,Serdang,
D0530,Rudi,
D0530,Simamora,
D0530,diduga,
D0530,menistakan,
D0530,agama,
D0530,Islam,
D0530,di,
D0530,media,
D0530,sosialnya,
D0530,Atas,
D0530,kejadian,
D0530,itu,
D0530,pihak,
D0530,kepolisian,
D0530,menangkap,
D0530,Rudi,
D0530,Dalam,
D0530,video,
D0530,itu,
D0530,Rudi,
D0530,menyinggung,
D0530,soal,
D0530,pernikahan,
D0530,Nabi,
D0530,Muhammad,
D0530,dan,
D0530,Aisyah,
D0530,Dia,
D0530,mengatakan,
D0530,bahwa,
D0530,Nabi,
D0530,Muhammad,
D0530,SAW,
D0530,menikahi,
D0530,Aisyah,
D0530,hanya,
D0530,karena,
D0530,untuk,
D0530,bahan,
D0530,penelitian,
D0530,Muhammad,
D0530,kan,
D0530,purapura,
D0530,dikawininya,
D0530,kau,
D0530,bilang,
D0530,Aisyah,
D0530,Muhammad,
D0530,sendiri,
D0530,yang,
D0530,meneliti,
D0530,bukan,
D0530,Tuhan,
D0530,yang,
D0530,memberi,
D0530,tahu,
D0530,Maka,
D0530,tambahi,
D0530,saja,
D0530,lah,
D0530,di,
D0530,depan,
D0530,Dr,
D0530,Muhammad,
D0530,SAW,
D0530,Ngak,
D0530,pernah,
D0530,itu,
D0530,Musa,
D0530,bikin,
D0530,anak,
D0530,kecil,
D0530,ke,
D0530,kamar,
D0530,purapura,
D0530,dikawini,
D0530,untuk,
D0530,meneliti,
D0530,Kalau,
D0530,Muhammad,
D0530,kan,
D0530,dimasukkan,
D0530,Aisyah,
D0530,ini,
D0530,ke,
D0530,kamar,
D0530,dikawini,
D0530,umur,
D0530,enam,
D0530,tahun,
D0530,Lalu,
D0530,Muhammad,
D0530,sendiri,
D0530,yang,
D0530,meneliti,
D0530,demikian,
D0530,kata,
D0530,Rudi,
D0530,Simamora,
D0530,dalam,
D0530,video,
D0530,tersebut,
D0530,Kapolrestabes,
D0530,Medan,
D0530,Kombes,
D0530,Gidion,
D0530,Arif,
D0530,Setyawan,
D0530,mengatakan,
D0530,Rudi,
D0530,Simamora,
D0530,telah,
D0530,ditetapkan,
D0530,menjadi,
D0530,tersangka,
D0530,Rudi,
D0530,juga,
D0530,telah,
D0530,ditahan,
D0530,oleh,
D0530,pihak,
D0530,kepolisian,
D0530,Sudah,
D0530,ditahan,
D0530,sudah,
D0530,tersangka,
D0530,kata,
D0530,Gidion,
D0530,di,
D0530,Polsek,
D0530,Sunggal,
D0530,Senin,
D0530,2110,
D0530,Setelah,
D0530,mendapatkan,
D0530,bukti,
D0530,yang,
D0530,cukup,
D0530,penyidik,
D0530,menetapkan,
D0530,Rudi,
D0530,Simamora,
D0530,menjadi,
D0530,tersangka,
D0530,Berdasarkan,
D0530,hasil,
D0530,pemeriksaan,
D0530,motif,
D0530,Rudi,
D0530,melakukan,
D0530,aksi,
D0530,tersebut,
D0530,karena,
D0530,iseng,
D0530,Baca,
D0530,selengkapnya,
D0530,di,
D0530,halaman,
D0530,berikut,
D0530,4,
D0530,Eks,
D0530,Kades,
D0530,Ditangkap,
D0530,usai,
D0530,Kabur,
D0530,gegara,
D0530,Korupsi,
D0530,Dana,
D0530,Desa,
D0530,Rp,
D0530,595,
D0530,Juta,
D0530,Mantan,
D0530,kepala,
D0530,desa,
D0530,kades,
D0530,di,
D0530,Kabupaten,
D0530,Tapanuli,
D0530,Selatan,
D0530,Tapsel,
D0530,Zulfikar,
D0530,Nasution,
D0530,45,
D0530,melakukan,
D0530,korupsi,
D0530,dana,
D0530,desa,
D0530,sebesar,
D0530,Rp,
D0530,595,
D0530,juta,
D0530,Atas,
D0530,kasus,
D0530,itu,
D0530,pihak,
D0530,kepolisian,
D0530,menangkap,
D0530,Zulfikar,
D0530,usai,
D0530,melarikan,
D0530,diri,
D0530,selama,
D0530,dua,
D0530,tahun,
D0530,Hasil,
D0530,audit,
D0530,kerugian,
D0530,negara,
D0530,ditemukan,
D0530,sebesar,
D0530,Rp,
D0530,595665102,
D0530,kata,
D0530,Kasi,
D0530,Humas,
D0530,Polres,
D0530,Tapsel,
D0530,AKP,
D0530,Maria,
D0530,Marpaung,
D0530,Selasa,
D0530,2210,
D0530,Maria,
D0530,mengatakan,
D0530,pelaku,
D0530,merupakan,
D0530,Kepala,
D0530,Desa,
D0530,Dolok,
D0530,Godang,
D0530,Kecamatan,
D0530,Angkola,
D0530,Selatan,
D0530,periode,
D0530,20182023,
D0530,Adapun,
D0530,anggaran,
D0530,yang,
D0530,dikorupsi,
D0530,pelaku,
D0530,adalah,
D0530,anggaran,
D0530,desa,
D0530,Tahun,
D0530,Anggaran,
D0530,2021,
D0530,Anggaran,
D0530,desa,
D0530,TA,
D0530,2021,
D0530,itu,
D0530,sebesar,
D0530,Rp,
D0530,1072921485,
D0530,atau,
D0530,Rp,
D0530,1,
D0530,miliar,
D0530,Uang,
D0530,tersebut,
D0530,awalnya,
D0530,diambil,
D0530,oleh,
D0530,pelaku,
D0530,bersama,
D0530,dengan,
D0530,bendahara,
D0530,desa,
D0530,Setelah,
D0530,uang,
D0530,diambil,
D0530,pelaku,
D0530,meminta,
D0530,agar,
D0530,uang,
D0530,tersebut,
D0530,dipegang,
D0530,dan,
D0530,dikelola,
D0530,olehnya,
D0530,Namun,
D0530,ternyata,
D0530,uang,
D0530,sebesar,
D0530,Rp,
D0530,595,
D0530,juta,
D0530,itu,
D0530,digunakan,
D0530,pelaku,
D0530,untuk,
D0530,berfoyafoya,
D0530,Uang,
D0530,itu,
D0530,harusnya,
D0530,digunakan,
D0530,untuk,
D0530,pembayaran,
D0530,honor,
D0530,Pelaksana,
D0530,Pengelolaan,
D0530,Keuangan,
D0530,Desa,
D0530,PPKD,
D0530,honor,
D0530,Tim,
D0530,Pelaksana,
D0530,Kegiatan,
D0530,TPK,
D0530,dan,
D0530,pembangunan,
D0530,tembok,
D0530,penahan,
D0530,tanah,
D0530,Pihak,
D0530,kepolisian,
D0530,pun,
D0530,menyelidiki,
D0530,kasus,
D0530,tersebut,
D0530,dan,
D0530,menemukan,
D0530,bukti,
D0530,yang,
D0530,kuat,
D0530,soal,
D0530,perbuatan,
D0530,pelaku,
D0530,Tim,
D0530,pun,
D0530,menyelidiki,
D0530,keberadaan,
D0530,pelaku,
D0530,hingga,
D0530,akhirnya,
D0530,mengamankannya,
D0530,pada,
D0530,Senin,
D0530,1410,
D0530,5,
D0530,Lansia,
D0530,Diduga,
D0530,Dibunuh,
D0530,Anak,
D0530,Kos,
D0530,Seorang,
D0530,pemilik,
D0530,kos,
D0530,bernama,
D0530,Netty,
D0530,62,
D0530,ditemukan,
D0530,tewas,
D0530,di,
D0530,rumah,
D0530,kos,
D0530,sekaligus,
D0530,toko,
D0530,kelontong,
D0530,miliknya,
D0530,di,
D0530,Jalan,
D0530,Badak,
D0530,Kecamatan,
D0530,Medan,
D0530,Area,
D0530,Kota,
D0530,Medan,
D0530,Rabu,
D0530,2310,
D0530,pagi,
D0530,Usai,
D0530,menerima,
D0530,informasi,
D0530,itu,
D0530,pihak,
D0530,kepolisian,
D0530,langsung,
D0530,turun,
D0530,ke,
D0530,lokasi,
D0530,untuk,
D0530,olah,
D0530,TKP,
D0530,Kanit,
D0530,Reskrim,
D0530,Polsek,
D0530,Medan,
D0530,Area,
D0530,Iptu,
D0530,Poltak,
D0530,Tambunan,
D0530,mengatakan,
D0530,ada,
D0530,luka,
D0530,seperti,
D0530,bekas,
D0530,tusukan,
D0530,di,
D0530,tubuh,
D0530,korban,
D0530,Diduga,
D0530,dibunuh,
D0530,anak,
D0530,kos,
D0530,Luka,
D0530,di,
D0530,perut,
D0530,Kayaknya,
D0530,seperti,
D0530,itu,
D0530,luka,
D0530,tusuk,
D0530,dan,
D0530,kita,
D0530,masih,
D0530,pastikan,
D0530,semuanya,
D0530,kata,
D0530,Poltak,
D0530,Rabu,
D0530,Kasat,
D0530,Reskrim,
D0530,Polrestabes,
D0530,Medan,
D0530,Kompol,
D0530,Jama,
D0530,Kita,
D0530,mengatakan,
D0530,pihaknya,
D0530,telah,
D0530,mengamankan,
D0530,pisau,
D0530,yang,
D0530,diduga,
D0530,digunakan,
D0530,pelaku,
D0530,untuk,
D0530,menusuk,
D0530,korban,
D0530,Hasil,
D0530,penyelidikan,
D0530,sementara,
D0530,pembunuhan,
D0530,itu,
D0530,dipicu,
D0530,karena,
D0530,pelaku,
D0530,kesal,
D0530,korban,
D0530,tidak,
D0530,memberikan,
D0530,pinjaman,
D0530,uang,
D0530,kepadanya,
D0530,Motif,
D0530,sementara,
D0530,si,
D0530,pelaku,
D0530,mau,
D0530,minjam,
D0530,uang,
D0530,namun,
D0530,si,
D0530,korban,
D0530,tidak,
D0530,memberi,
D0530,sementara,
D0530,itu,
D0530,motifnya,
D0530,kata,
D0530,Jama,
D0530,Jumat,
D0530,2510,
D0530,6,
D0530,Jasad,
D0530,Wanita,
D0530,Ditemukan,
D0530,Dalam,
D0530,Tas,
D0530,di,
D0530,Karo,
D0530,Jasad,
D0530,seorang,
D0530,wanita,
D0530,ditemukan,
D0530,di,
D0530,dalam,
D0530,tas,
D0530,di,
D0530,pinggir,
D0530,jalan,
D0530,depan,
D0530,Taman,
D0530,Hutan,
D0530,Raya,
D0530,Tahura,
D0530,Kecamatan,
D0530,Berastagi,
D0530,Kabupaten,
D0530,Karo,
D0530,Selasa,
D0530,2210,
D0530,sekira,
D0530,pukul,
D0530,1030,
D0530,WIB,
D0530,Jasad,
D0530,korban,
D0530,ditemukan,
D0530,dalam,
D0530,tas,
D0530,dan,
D0530,telah,
D0530,dibungkus,
D0530,kain,
D0530,seprai,
D0530,Setelah,
D0530,diidentifikasi,
D0530,jasad,
D0530,tersebut,
D0530,bernama,
D0530,Mutia,
D0530,25,
D0530,Kapolres,
D0530,Tanah,
D0530,Karo,
D0530,AKBP,
D0530,Eko,
D0530,Yulianto,
D0530,mengatakan,
D0530,ada,
D0530,sejumlah,
D0530,luka,
D0530,di,
D0530,tubuh,
D0530,korban,
D0530,Jasad,
D0530,korban,
D0530,itu,
D0530,pertama,
D0530,kali,
D0530,ditemukan,
D0530,oleh,
D0530,petugas,
D0530,penyapu,
D0530,jalan,
D0530,Iya,
D0530,benar,
D0530,dibungkus,
D0530,pakai,
D0530,seprai,
D0530,tapi,
D0530,ditaruh,
D0530,di,
D0530,kantong,
D0530,tas,
D0530,besar,
D0530,Ditemukan,
D0530,sekitar,
D0530,setengah,
D0530,11,
D0530,kata,
D0530,Eko,
D0530,Selasa,
D0530,Berdasarkan,
D0530,informasi,
D0530,yang,
D0530,diterima,
D0530,pihak,
D0530,kepolisian,
D0530,korban,
D0530,ini,
D0530,sempat,
D0530,ditahan,
D0530,di,
D0530,Lembaga,
D0530,Pemasyarakatan,
D0530,Lapas,
D0530,karena,
D0530,kasus,
D0530,narkoba,
D0530,dan,
D0530,telah,
D0530,bebas,
D0530,sekitar,
D0530,tiga,
D0530,bulan,
D0530,yang,
D0530,lalu,
D0530,Setelah,
D0530,bebas,
D0530,korban,
D0530,tidak,
D0530,pernah,
D0530,pulang,
D0530,ke,
D0530,rumahnya,
D0530,Pihak,
D0530,kepolisian,
D0530,pun,
D0530,masih,
D0530,menyelidiki,
D0530,soal,
D0530,kematian,
D0530,korban,
D0530,Saat,
D0530,ini,
D0530,pihak,
D0530,kepolisian,
D0530,masih,
D0530,menunggu,
D0530,hasil,
D0530,autopsi,
D0530,jasad,
D0530,tersebut,
D0530,Kami,
D0530,sudah,
D0530,mengantarkan,
D0530,jenazah,
D0530,untuk,
D0530,diautopsi,
D0530,dan,
D0530,tinggal,
D0530,nunggu,
D0530,hasil,
D0530,hasil,
D0530,autopsi,
D0530,belum,
D0530,keluar,
D0530,kata,
D0530,Kapolsek,
D0530,Berastagi,
D0530,AKP,
D0530,Henry,
D0530,Tobing,
D0530,Jumat,
D0530,2510,
D0531,Dua,
D0531,mahasiswa,
D0531,Muhammad,
D0531,Danu,
D0531,Ramadhan,
D0531,24,
D0531,dan,
D0531,Mario,
D0531,Adi,
D0531,Nugraha,
D0531,21,
D0531,ditangkap,
D0531,polisi,
D0531,pada,
D0531,Jumat,
D0531,25102024,
D0531,sekitar,
D0531,pukul,
D0531,1930,
D0531,Wita,
D0531,Duo,
D0531,anak,
D0531,kampus,
D0531,itu,
D0531,ditangkap,
D0531,garagara,
D0531,mencopet,
D0531,49,
D0531,handphone,
D0531,HP,
D0531,penonton,
D0531,konser,
D0531,di,
D0531,Keramas,
D0531,Aero,
D0531,Park,
D0531,Kecamatan,
D0531,Blahbatuh,
D0531,Gianyar,
D0531,Bali,
D0531,Kami,
D0531,mengamankan,
D0531,pelaku,
D0531,tindak,
D0531,pidana,
D0531,pencurian,
D0531,TKP,
D0531,tempat,
D0531,kejadian,
D0531,perkara,
D0531,di,
D0531,Gianyar,
D0531,dengan,
D0531,barang,
D0531,bukti,
D0531,49,
D0531,ponsel,
D0531,kata,
D0531,Kepala,
D0531,Seksi,
D0531,Kasi,
D0531,Hubungan,
D0531,Masyarakat,
D0531,Humas,
D0531,Polresta,
D0531,Denpasar,
D0531,AKP,
D0531,I,
D0531,Ketut,
D0531,Sukadi,
D0531,dalam,
D0531,keterangan,
D0531,tertulis,
D0531,Sabtu,
D0531,26102024,
D0531,Danu,
D0531,merupakan,
D0531,mahasiswa,
D0531,asal,
D0531,Kelurahan,
D0531,Johar,
D0531,Baru,
D0531,Jakarta,
D0531,Pusat,
D0531,Sementara,
D0531,Mario,
D0531,berasal,
D0531,dari,
D0531,Kelurahan,
D0531,Cipinang,
D0531,Besar,
D0531,Selatan,
D0531,Kecamatan,
D0531,Jatinegara,
D0531,Jakarta,
D0531,Timur,
D0531,Keduanya,
D0531,bersama,
D0531,puluhan,
D0531,ponsel,
D0531,yang,
D0531,dicuri,
D0531,sudah,
D0531,diamankan,
D0531,di,
D0531,kantor,
D0531,polisi,
D0531,SCROLL,
D0531,TO,
D0531,CONTINUE,
D0531,WITH,
D0531,CONTENT,
D0531,Kasus,
D0531,Danu,
D0531,dan,
D0531,Mario,
D0531,belum,
D0531,tuntas,
D0531,Sebab,
D0531,mereka,
D0531,beraksi,
D0531,bersama,
D0531,komplotan,
D0531,lain,
D0531,Beberapa,
D0531,orang,
D0531,masih,
D0531,dalam,
D0531,pengejaran,
D0531,terang,
D0531,Sukadi,
D0531,Aksi,
D0531,kriminal,
D0531,Danu,
D0531,dan,
D0531,Mario,
D0531,diketahui,
D0531,saat,
D0531,salah,
D0531,satu,
D0531,korban,
D0531,I,
D0531,Made,
D0531,Romi,
D0531,Pradana,
D0531,Putra,
D0531,20,
D0531,melapor,
D0531,ke,
D0531,kantor,
D0531,polisi,
D0531,Dia,
D0531,melaporkan,
D0531,ponselnya,
D0531,hilang,
D0531,karena,
D0531,kecopetan,
D0531,saat,
D0531,menonton,
D0531,konser,
D0531,di,
D0531,Keramas,
D0531,Aero,
D0531,Park,
D0531,Menerima,
D0531,laporan,
D0531,itu,
D0531,polisi,
D0531,bergerak,
D0531,mencari,
D0531,informasi,
D0531,ciriciri,
D0531,dan,
D0531,keberadaan,
D0531,pelaku,
D0531,Tak,
D0531,lama,
D0531,informasi,
D0531,yang,
D0531,didapat,
D0531,dari,
D0531,fitur,
D0531,pelacak,
D0531,ponsel,
D0531,korban,
D0531,Danu,
D0531,Mario,
D0531,dan,
D0531,beberapa,
D0531,temannya,
D0531,berada,
D0531,di,
D0531,sekitaran,
D0531,Kuta,
D0531,Badung,
D0531,Tak,
D0531,menunggu,
D0531,lama,
D0531,polisi,
D0531,langsung,
D0531,memburu,
D0531,Mario,
D0531,Danu,
D0531,dan,
D0531,kawankawannya,
D0531,di,
D0531,lokasi,
D0531,yang,
D0531,ditunjukkan,
D0531,Mereka,
D0531,sempat,
D0531,kabur,
D0531,naik,
D0531,mobil,
D0531,dan,
D0531,dua,
D0531,motor,
D0531,saat,
D0531,akan,
D0531,diciduk,
D0531,Setelah,
D0531,melakukan,
D0531,pengejaran,
D0531,Unit,
D0531,Reskrim,
D0531,Polsek,
D0531,Kuta,
D0531,langsung,
D0531,mengamankan,
D0531,total,
D0531,49,
D0531,ponsel,
D0531,dan,
D0531,dua,
D0531,orang,
D0531,terduga,
D0531,pelaku,
D0531,ungkap,
D0531,Sukadi,
D0531,Danu,
D0531,dan,
D0531,Mario,
D0531,mengakui,
D0531,perbuatannya,
D0531,dan,
D0531,kini,
D0531,mendekam,
D0531,di,
D0531,sel,
D0531,tahanan,
D0531,Mereka,
D0531,beralasan,
D0531,nekat,
D0531,mencopet,
D0531,untuk,
D0531,kebutuhan,
D0531,hidup,
D0531,seharihari,
D0532,Seorang,
D0532,pria,
D0532,bernama,
D0532,Adi,
D0532,Prasetyo,
D0532,49,
D0532,diduga,
D0532,tewas,
D0532,usai,
D0532,ditusuk,
D0532,di,
D0532,Jalan,
D0532,AH,
D0532,Nasution,
D0532,Kecamatan,
D0532,Medan,
D0532,Johor,
D0532,Kota,
D0532,Medan,
D0532,Sumatera,
D0532,Utara,
D0532,Sumut,
D0532,Polisi,
D0532,saat,
D0532,ini,
D0532,tengah,
D0532,memburu,
D0532,pelaku,
D0532,penusukan,
D0532,itu,
D0532,Menurut,
D0532,informasi,
D0532,peristiwa,
D0532,itu,
D0532,terjadi,
D0532,di,
D0532,sekitar,
D0532,Mie,
D0532,Gacoan,
D0532,Jalan,
D0532,AH,
D0532,Nasution,
D0532,sekira,
D0532,pukul,
D0532,0500,
D0532,WIB,
D0532,tadi,
D0532,Korban,
D0532,disebut,
D0532,merupakan,
D0532,warga,
D0532,Kecamatan,
D0532,Tanjung,
D0532,Morawa,
D0532,Kabupaten,
D0532,Deli,
D0532,Serdang,
D0532,Kanit,
D0532,Reskrim,
D0532,Polsek,
D0532,Deli,
D0532,Tua,
D0532,AKP,
D0532,Maruli,
D0532,Tua,
D0532,Siregar,
D0532,membenarkan,
D0532,bahwa,
D0532,korban,
D0532,tewas,
D0532,ditusuk,
D0532,Berdasarkan,
D0532,hasil,
D0532,penyelidikan,
D0532,sementara,
D0532,kata,
D0532,Maruli,
D0532,korban,
D0532,bukan,
D0532,tewas,
D0532,karena,
D0532,dibegal,
D0532,SCROLL,
D0532,TO,
D0532,CONTINUE,
D0532,WITH,
D0532,CONTENT,
D0532,Enggak,
D0532,begal,
D0532,barangbarangnya,
D0532,nggak,
D0532,ada,
D0532,yang,
D0532,hilang,
D0532,Korban,
D0532,luka,
D0532,tusuk,
D0532,di,
D0532,bahu,
D0532,kata,
D0532,Maruli,
D0532,saat,
D0532,dikonfirmasi,
D0532,detikSumut,
D0532,Sabtu,
D0532,26102024,
D0532,Maruli,
D0532,mengatakan,
D0532,pihaknya,
D0532,telah,
D0532,turun,
D0532,ke,
D0532,lokasi,
D0532,untuk,
D0532,olah,
D0532,TKP,
D0532,Saat,
D0532,ini,
D0532,pihak,
D0532,kepolisian,
D0532,tengah,
D0532,menyelidiki,
D0532,peristiwa,
D0532,tersebut,
D0532,Cuman,
D0532,motifnya,
D0532,kita,
D0532,belum,
D0532,tahu,
D0532,apa,
D0532,dia,
D0532,ada,
D0532,keributan,
D0532,di,
D0532,luar,
D0532,kita,
D0532,belum,
D0532,tahu,
D0532,Pelaku,
D0532,lagi,
D0532,dikejar,
D0532,lagi,
D0532,penyelidikan,
D0532,di,
D0532,lapangan,
D0532,sebutnya,
D0532,Perwira,
D0532,pertama,
D0532,Polri,
D0532,itu,
D0532,menyebut,
D0532,bahwa,
D0532,korban,
D0532,saat,
D0532,ini,
D0532,telah,
D0532,dibawa,
D0532,oleh,
D0532,keluarganya,
D0532,Maruli,
D0532,mengatakan,
D0532,bahwa,
D0532,pihak,
D0532,keluarga,
D0532,menolak,
D0532,jasad,
D0532,korban,
D0532,untuk,
D0532,diautopsi,
D0532,Korban,
D0532,sudah,
D0532,dibawa,
D0532,keluarganya,
D0532,mau,
D0532,dikebumikan,
D0532,keluarganya,
D0532,nggak,
D0532,bersedia,
D0532,diautopsi,
D0532,pungkasnya,
D0533,Polrestabes,
D0533,Medan,
D0533,menangkap,
D0533,11,
D0533,pelaku,
D0533,penyerangan,
D0533,di,
D0533,Jalan,
D0533,Selambo,
D0533,Desa,
D0533,Amplas,
D0533,yang,
D0533,menyebabkan,
D0533,dua,
D0533,warga,
D0533,tewas,
D0533,Dari,
D0533,total,
D0533,tersebut,
D0533,satu,
D0533,di,
D0533,antaranya,
D0533,ditembak,
D0533,karena,
D0533,melawan,
D0533,petugas,
D0533,kepolisian,
D0533,Untuk,
D0533,diketahui,
D0533,bentrok,
D0533,ini,
D0533,terjadi,
D0533,pada,
D0533,Selasa,
D0533,22102024,
D0533,dini,
D0533,hari,
D0533,Satu,
D0533,korban,
D0533,tewas,
D0533,di,
D0533,lokasi,
D0533,sedangkan,
D0533,satu,
D0533,korban,
D0533,lagi,
D0533,tewas,
D0533,di,
D0533,rumah,
D0533,sakit,
D0533,Berikut,
D0533,detikSumut,
D0533,rangkum,
D0533,faktafakta,
D0533,terbaru,
D0533,terkait,
D0533,penyerangan,
D0533,itu,
D0533,SCROLL,
D0533,TO,
D0533,CONTINUE,
D0533,WITH,
D0533,CONTENT,
D0533,1,
D0533,8,
D0533,Pelaku,
D0533,Baru,
D0533,Ditangkap,
D0533,Polrestabes,
D0533,Medan,
D0533,menangkap,
D0533,delapan,
D0533,pelaku,
D0533,baru,
D0533,di,
D0533,kasus,
D0533,penyerangan,
D0533,yang,
D0533,menyebabkan,
D0533,tewasnya,
D0533,dua,
D0533,warga,
D0533,di,
D0533,Jalan,
D0533,Selambo,
D0533,Sebelumnya,
D0533,sudah,
D0533,ada,
D0533,tiga,
D0533,pelaku,
D0533,yang,
D0533,ditangkap,
D0533,Dengan,
D0533,begitu,
D0533,total,
D0533,pelaku,
D0533,yang,
D0533,ditangkap,
D0533,terkait,
D0533,bentrok,
D0533,itu,
D0533,sudah,
D0533,11,
D0533,orang,
D0533,Kita,
D0533,telah,
D0533,berhasil,
D0533,menangkap,
D0533,11,
D0533,pelaku,
D0533,kata,
D0533,Kapolda,
D0533,Sumut,
D0533,Irjen,
D0533,Whisnu,
D0533,Hermawan,
D0533,Februanto,
D0533,saat,
D0533,konferensi,
D0533,pers,
D0533,di,
D0533,Polrestabes,
D0533,Medan,
D0533,Jumat,
D0533,2510,
D0533,2,
D0533,Mayoritas,
D0533,Geng,
D0533,Motor,
D0533,Whisnu,
D0533,memerinci,
D0533,para,
D0533,pelaku,
D0533,yang,
D0533,diamankan,
D0533,itu,
D0533,adalah,
D0533,FS,
D0533,23,
D0533,MWS,
D0533,20,
D0533,MTA,
D0533,21,
D0533,MF,
D0533,21,
D0533,DA,
D0533,21,
D0533,AP,
D0533,18,
D0533,AFP,
D0533,18,
D0533,JD,
D0533,17,
D0533,DAW,
D0533,17,
D0533,dan,
D0533,AS,
D0533,17,
D0533,dan,
D0533,RMS,
D0533,15,
D0533,Sebagian,
D0533,dari,
D0533,mereka,
D0533,merupakan,
D0533,anggota,
D0533,Geng,
D0533,Motor,
D0533,Neleng,
D0533,Para,
D0533,penyerang,
D0533,ini,
D0533,yang,
D0533,tergabung,
D0533,sebagian,
D0533,dari,
D0533,Geng,
D0533,Motor,
D0533,Neleng,
D0533,bersama,
D0533,beberapa,
D0533,kawannya,
D0533,melakukan,
D0533,kegiatan,
D0533,menyerang,
D0533,kepada,
D0533,saudara,
D0533,kita,
D0533,yang,
D0533,ada,
D0533,di,
D0533,Jalan,
D0533,Selambo,
D0533,Desa,
D0533,Amplas,
D0533,sebutnya,
D0533,3,
D0533,3,
D0533,Pelaku,
D0533,DPO,
D0533,Selain,
D0533,menangkap,
D0533,para,
D0533,pelaku,
D0533,petugas,
D0533,kepolisian,
D0533,juga,
D0533,mengamankan,
D0533,satu,
D0533,airsoft,
D0533,gun,
D0533,jenis,
D0533,FN,
D0533,tiga,
D0533,senapan,
D0533,angin,
D0533,enam,
D0533,anak,
D0533,panah,
D0533,stik,
D0533,baseball,
D0533,dan,
D0533,sejumlah,
D0533,senjata,
D0533,tajam,
D0533,Whisnu,
D0533,menyebut,
D0533,ada,
D0533,tiga,
D0533,pelaku,
D0533,yang,
D0533,masih,
D0533,dalam,
D0533,pencarian,
D0533,pihak,
D0533,kepolisian,
D0533,Masih,
D0533,ada,
D0533,tiga,
D0533,orang,
D0533,yang,
D0533,masih,
D0533,DPO,
D0533,kata,
D0533,Whisnu,
D0533,4,
D0533,1,
D0533,Korban,
D0533,Tewas,
D0533,Ditembak,
D0533,di,
D0533,Dada,
D0533,Whisnu,
D0533,Hermawan,
D0533,memerinci,
D0533,dua,
D0533,korban,
D0533,tewas,
D0533,itu,
D0533,adalah,
D0533,Bungaran,
D0533,Samosir,
D0533,52,
D0533,dan,
D0533,Adam,
D0533,Djhorgi,
D0533,17,
D0533,Untuk,
D0533,korban,
D0533,Bungaran,
D0533,kata,
D0533,Whisnu,
D0533,mengalami,
D0533,luka,
D0533,di,
D0533,bagian,
D0533,kepala,
D0533,yang,
D0533,cukup,
D0533,parah,
D0533,Sementara,
D0533,untuk,
D0533,korban,
D0533,Adam,
D0533,Whisnu,
D0533,menyebut,
D0533,korban,
D0533,mengalami,
D0533,luka,
D0533,tembak,
D0533,di,
D0533,bagian,
D0533,dada,
D0533,Tembakan,
D0533,pelaku,
D0533,itu,
D0533,juga,
D0533,tembus,
D0533,hingga,
D0533,ke,
D0533,jantung,
D0533,korban,
D0533,Saudara,
D0533,Adam,
D0533,penyebab,
D0533,kematiannya,
D0533,dari,
D0533,hasil,
D0533,autopsi,
D0533,korban,
D0533,meninggal,
D0533,dunia,
D0533,karena,
D0533,luka,
D0533,tembak,
D0533,pada,
D0533,bagian,
D0533,dada,
D0533,menembus,
D0533,jantung,
D0533,yang,
D0533,mengakibatkan,
D0533,pembuluh,
D0533,darah,
D0533,pecah,
D0533,jelasnya,
D0533,5,
D0533,9,
D0533,Pelaku,
D0533,Positif,
D0533,Narkoba,
D0533,Dari,
D0533,total,
D0533,11,
D0533,pelaku,
D0533,yang,
D0533,ditangkap,
D0533,sembilan,
D0533,di,
D0533,antaranya,
D0533,positif,
D0533,menggunakan,
D0533,narkoba,
D0533,Setelah,
D0533,hasil,
D0533,urine,
D0533,dicek,
D0533,ratarata,
D0533,mereka,
D0533,ini,
D0533,menggunakan,
D0533,narkotika,
D0533,jenis,
D0533,inex,
D0533,ujar,
D0533,Whisnu,
D0533,Sembilan,
D0533,yang,
D0533,positif,
D0533,narkoba,
D0533,sambung,
D0533,Kombes,
D0533,Gidion,
D0533,6,
D0533,Pelaku,
D0533,Baru,
D0533,Diupah,
D0533,Rp,
D0533,15,
D0533,Ribu,
D0533,Gidion,
D0533,menjelaskan,
D0533,bahwa,
D0533,pelaku,
D0533,ini,
D0533,merupakan,
D0533,pelaku,
D0533,bayaranSaat,
D0533,ini,
D0533,pihak,
D0533,kepolisian,
D0533,masih,
D0533,memburu,
D0533,orang,
D0533,yang,
D0533,membayar,
D0533,para,
D0533,pelaku,
D0533,tersebut,
D0533,Namun,
D0533,sebelum,
D0533,menyerang,
D0533,para,
D0533,korban,
D0533,salah,
D0533,satu,
D0533,pelaku,
D0533,menerima,
D0533,uang,
D0533,sebesar,
D0533,Rp,
D0533,2,
D0533,juta,
D0533,dan,
D0533,dibagikan,
D0533,sebesar,
D0533,Rp,
D0533,15,
D0533,ribu,
D0533,kepada,
D0533,para,
D0533,pelaku,
D0533,Yang,
D0533,membayar,
D0533,itu,
D0533,masih,
D0533,pemeriksaan,
D0533,lebih,
D0533,lanjut,
D0533,tapi,
D0533,identifikasi,
D0533,itu,
D0533,tetap,
D0533,konsisten,
D0533,dilakukan,
D0533,Ada,
D0533,sejumlah,
D0533,uang,
D0533,yang,
D0533,dijanjikan,
D0533,kepada,
D0533,para,
D0533,pelaku,
D0533,termasuk,
D0533,yang,
D0533,dikuasai,
D0533,oleh,
D0533,salah,
D0533,satu,
D0533,pelaku,
D0533,sejumlah,
D0533,Rp,
D0533,2,
D0533,juta,
D0533,kemudian,
D0533,dibagi,
D0533,Rp,
D0533,15,
D0533,ribu,
D0533,kepada,
D0533,orang,
D0533,yang,
D0533,sudah,
D0533,melakukan,
D0533,penyerangan,
D0533,kata,
D0533,Gidion,
D0533,7,
D0533,Dijanjikan,
D0533,Rp,
D0533,3,
D0533,Juta,
D0533,Gidion,
D0533,menyebut,
D0533,para,
D0533,pelaku,
D0533,ini,
D0533,dijanjikan,
D0533,upah,
D0533,sebesar,
D0533,Rp,
D0533,3,
D0533,juta,
D0533,Namun,
D0533,yang,
D0533,diberikan,
D0533,baru,
D0533,Rp,
D0533,15,
D0533,ribu,
D0533,per,
D0533,orang,
D0533,Perwira,
D0533,menengah,
D0533,Polri,
D0533,itu,
D0533,menyebut,
D0533,penyidik,
D0533,masih,
D0533,mendalami,
D0533,apakah,
D0533,uang,
D0533,Rp,
D0533,3,
D0533,juta,
D0533,itu,
D0533,merupakan,
D0533,upah,
D0533,per,
D0533,pelaku,
D0533,atau,
D0533,tidak,
D0533,Belum,
D0533,diberikan,
D0533,dikasih,
D0533,dulu,
D0533,Rp,
D0533,15,
D0533,ribu,
D0533,yang,
D0533,Rp,
D0533,3,
D0533,juta,
D0533,dijanjikan,
D0533,kepada,
D0533,semua,
D0533,yang,
D0533,terlibat,
D0533,jelasnya,
D0533,8,
D0533,Sudah,
D0533,Merencanakan,
D0533,Mantan,
D0533,Kapolres,
D0533,Jakarta,
D0533,Utara,
D0533,itu,
D0533,menyebut,
D0533,para,
D0533,pelaku,
D0533,yang,
D0533,diamankan,
D0533,ini,
D0533,memiliki,
D0533,peran,
D0533,yang,
D0533,berbedabeda,
D0533,mulai,
D0533,dari,
D0533,membacok,
D0533,menembak,
D0533,hingga,
D0533,melempar,
D0533,batu,
D0533,Sebelum,
D0533,menyerang,
D0533,para,
D0533,korban,
D0533,para,
D0533,pelaku,
D0533,lebih,
D0533,dulu,
D0533,berkumpul,
D0533,pada,
D0533,Senin,
D0533,2110,
D0533,malam,
D0533,dan,
D0533,merencanakan,
D0533,aksi,
D0533,penyerangan,
D0533,itu,
D0533,Siapa,
D0533,yang,
D0533,bacok,
D0533,siapa,
D0533,yang,
D0533,nembak,
D0533,siapa,
D0533,yang,
D0533,melempar,
D0533,batu,
D0533,jadi,
D0533,sudah,
D0533,diperiksa,
D0533,penyidik,
D0533,dan,
D0533,mereka,
D0533,sudah,
D0533,mengakui,
D0533,perbuatannya,
D0533,ujar,
D0533,Gidion,
D0533,9,
D0533,Ketua,
D0533,Gemot,
D0533,Masih,
D0533,Binaan,
D0533,Lapas,
D0533,Satu,
D0533,dari,
D0533,11,
D0533,pelaku,
D0533,yang,
D0533,ditangkap,
D0533,merupakan,
D0533,Ketua,
D0533,Geng,
D0533,Motor,
D0533,Neleng,
D0533,inisial,
D0533,MTA,
D0533,21,
D0533,Pelaku,
D0533,ternyata,
D0533,masih,
D0533,berstatus,
D0533,binaan,
D0533,lembaga,
D0533,pemasyarakatan,
D0533,lapas,
D0533,dan,
D0533,tengah,
D0533,menjalani,
D0533,proses,
D0533,pembebasan,
D0533,bersyarat,
D0533,Dari,
D0533,11,
D0533,tersangka,
D0533,yang,
D0533,berhasil,
D0533,tim,
D0533,dari,
D0533,polres,
D0533,tangkap,
D0533,yang,
D0533,jadi,
D0533,atensi,
D0533,saya,
D0533,adalah,
D0533,MTA,
D0533,MTA,
D0533,adalah,
D0533,laki,
D0533,Ketua,
D0533,Geng,
D0533,Motor,
D0533,Neleng,
D0533,Dia,
D0533,juga,
D0533,adalah,
D0533,warga,
D0533,binaan,
D0533,lapas,
D0533,Jadi,
D0533,orang,
D0533,tersebut,
D0533,belum,
D0533,lepas,
D0533,dari,
D0533,tahanan,
D0533,masih,
D0533,dalam,
D0533,pembebasan,
D0533,bersyarat,
D0533,tetapi,
D0533,dia,
D0533,melakukan,
D0533,kembali,
D0533,tindak,
D0533,pidana,
D0533,pembunuhan,
D0533,kata,
D0533,Whisnu,
D0533,10,
D0533,1,
D0533,Pelaku,
D0533,Ditembak,
D0533,Kasat,
D0533,Reskrim,
D0533,Polrestabes,
D0533,Medan,
D0533,Kompol,
D0533,Jama,
D0533,Kita,
D0533,Purba,
D0533,mengatakan,
D0533,pelaku,
D0533,MTA,
D0533,ditembak,
D0533,karena,
D0533,berupaya,
D0533,melawan,
D0533,petugas,
D0533,Dari,
D0533,total,
D0533,11,
D0533,tersangka,
D0533,yang,
D0533,ditangkap,
D0533,hanya,
D0533,MTA,
D0533,yang,
D0533,ditembak,
D0533,Yang,
D0533,ditembak,
D0533,satu,
D0533,yang,
D0533,ketua,
D0533,geng,
D0533,motor,
D0533,jelasnya,
D0534,Seorang,
D0534,pria,
D0534,inisial,
D0534,A,
D0534,tewas,
D0534,ditikam,
D0534,menggunakan,
D0534,obeng,
D0534,di,
D0534,dada,
D0534,dan,
D0534,ulu,
D0534,hati,
D0534,di,
D0534,kawasan,
D0534,kampung,
D0534,Aceh,
D0534,Sei,
D0534,Beduk,
D0534,Batam,
D0534,Kepulauan,
D0534,Riau,
D0534,Polisi,
D0534,pun,
D0534,telah,
D0534,menangkap,
D0534,tiga,
D0534,orang,
D0534,terduga,
D0534,pelakunya,
D0534,Pelaku,
D0534,penikaman,
D0534,sudah,
D0534,kita,
D0534,amankan,
D0534,Korbannya,
D0534,meninggal,
D0534,kata,
D0534,Kapolresta,
D0534,Barelang,
D0534,Kombes,
D0534,Heribertus,
D0534,Ompusunggu,
D0534,Jumat,
D0534,25102024,
D0534,Heribertus,
D0534,menerangkan,
D0534,peristiwa,
D0534,tersebut,
D0534,diketahui,
D0534,terjadi,
D0534,pada,
D0534,Subuh,
D0534,tadi,
D0534,Diduga,
D0534,motif,
D0534,sementara,
D0534,peristiwa,
D0534,tersebut,
D0534,terjadi,
D0534,karena,
D0534,sakit,
D0534,hati,
D0534,SCROLL,
D0534,TO,
D0534,CONTINUE,
D0534,WITH,
D0534,CONTENT,
D0534,Motif,
D0534,sementara,
D0534,sakit,
D0534,hati,
D0534,tapi,
D0534,dipastikan,
D0534,dulu,
D0534,ama,
D0534,penyidik,
D0534,Pelaku,
D0534,sudah,
D0534,diamankan,
D0534,Ditangkap,
D0534,di,
D0534,Batuaji,
D0534,ujarnya,
D0534,Pantauan,
D0534,detikSumut,
D0534,di,
D0534,Polresta,
D0534,Barelang,
D0534,tiga,
D0534,orang,
D0534,pria,
D0534,digiring,
D0534,oleh,
D0534,petugas,
D0534,Ketiga,
D0534,pria,
D0534,itu,
D0534,diduga,
D0534,sebagai,
D0534,terduga,
D0534,pelaku,
D0534,penikaman,
D0534,A,
D0534,Sementara,
D0534,akan,
D0534,kita,
D0534,lakukan,
D0534,pemeriksaan,
D0534,mendalam,
D0534,terlebih,
D0534,dahulu,
D0534,Nanti,
D0534,perkembangan,
D0534,akan,
D0534,kita,
D0534,beritahu,
D0534,Inisial,
D0534,akan,
D0534,kita,
D0534,beri,
D0534,nanti,
D0534,Ini,
D0534,baru,
D0534,diamankan,
D0534,ada,
D0534,tiga,
D0534,orang,
D0534,tambah,
D0534,kasat,
D0534,Reskrim,
D0534,Polresta,
D0534,Barelang,
D0534,AKP,
D0534,M,
D0534,Debby,
D0534,Tri,
D0534,Andrestian,
D0535,Polrestabes,
D0535,Medan,
D0535,menangkap,
D0535,delapan,
D0535,pelaku,
D0535,baru,
D0535,di,
D0535,kasus,
D0535,bentrok,
D0535,yang,
D0535,menyebabkan,
D0535,tewasnya,
D0535,dua,
D0535,warga,
D0535,di,
D0535,Jalan,
D0535,Selambo,
D0535,Desa,
D0535,Amplas,
D0535,Kecamatan,
D0535,Percut,
D0535,Sei,
D0535,Tuan,
D0535,Sebelumnya,
D0535,sudah,
D0535,ada,
D0535,tiga,
D0535,pelaku,
D0535,yang,
D0535,ditangkap,
D0535,Dengan,
D0535,begitu,
D0535,total,
D0535,pelaku,
D0535,yang,
D0535,ditangkap,
D0535,terkait,
D0535,bentrok,
D0535,itu,
D0535,sudah,
D0535,11,
D0535,orang,
D0535,Kita,
D0535,telah,
D0535,berhasil,
D0535,menangkap,
D0535,11,
D0535,pelaku,
D0535,kata,
D0535,Kapolda,
D0535,Sumut,
D0535,Irjen,
D0535,Whisnu,
D0535,Hermawan,
D0535,Februanto,
D0535,saat,
D0535,konferensi,
D0535,pers,
D0535,di,
D0535,Polrestabes,
D0535,Medan,
D0535,Jumat,
D0535,25102024,
D0535,SCROLL,
D0535,TO,
D0535,CONTINUE,
D0535,WITH,
D0535,CONTENT,
D0535,Adapun,
D0535,para,
D0535,pelaku,
D0535,yang,
D0535,diamankan,
D0535,itu,
D0535,adalah,
D0535,FS,
D0535,23,
D0535,MWS,
D0535,20,
D0535,MTA,
D0535,21,
D0535,MF,
D0535,21,
D0535,DA,
D0535,21,
D0535,AP,
D0535,18,
D0535,AFP,
D0535,18,
D0535,JD,
D0535,17,
D0535,DAW,
D0535,17,
D0535,dan,
D0535,AS,
D0535,17,
D0535,dan,
D0535,RMS,
D0535,15,
D0535,Sebagian,
D0535,dari,
D0535,mereka,
D0535,merupakan,
D0535,anggota,
D0535,Geng,
D0535,Motor,
D0535,Neleng,
D0535,Para,
D0535,penyerang,
D0535,ini,
D0535,yang,
D0535,tergabung,
D0535,sebagian,
D0535,dari,
D0535,Geng,
D0535,Motor,
D0535,Neleng,
D0535,bersama,
D0535,beberapa,
D0535,kawannya,
D0535,melakukan,
D0535,kegiatan,
D0535,menyerang,
D0535,kepada,
D0535,saudara,
D0535,kita,
D0535,yang,
D0535,ada,
D0535,di,
D0535,Jalan,
D0535,Selambo,
D0535,Desa,
D0535,Amplas,
D0535,sebutnya,
D0535,Selain,
D0535,menangkap,
D0535,para,
D0535,pelaku,
D0535,petugas,
D0535,kepolisian,
D0535,juga,
D0535,mengamankan,
D0535,satu,
D0535,airsoft,
D0535,gun,
D0535,jenis,
D0535,FN,
D0535,tiga,
D0535,senapan,
D0535,angin,
D0535,enam,
D0535,anak,
D0535,panah,
D0535,stik,
D0535,baseball,
D0535,dan,
D0535,sejumlah,
D0535,senjata,
D0535,tajam,
D0535,Whisnu,
D0535,menyebut,
D0535,ada,
D0535,tiga,
D0535,pelaku,
D0535,yang,
D0535,masih,
D0535,dalam,
D0535,pencarian,
D0535,pihak,
D0535,kepolisian,
D0535,Masih,
D0535,ada,
D0535,tiga,
D0535,orang,
D0535,yang,
D0535,masih,
D0535,DPO,
D0535,pungkasnya,
D0535,Sebelumnya,
D0535,diberitakan,
D0535,bentrok,
D0535,ini,
D0535,terjadi,
D0535,pada,
D0535,Selasa,
D0535,2210,
D0535,dini,
D0535,hari,
D0535,Satu,
D0535,korban,
D0535,tewas,
D0535,di,
D0535,lokasi,
D0535,sedangkan,
D0535,satu,
D0535,korban,
D0535,lagi,
D0535,tewas,
D0535,di,
D0535,rumah,
D0535,sakit,
D0535,Setelah,
D0535,itu,
D0535,petugas,
D0535,kepolisian,
D0535,menyelidiki,
D0535,kasus,
D0535,tersebut,
D0535,dan,
D0535,menangkap,
D0535,tiga,
D0535,pelaku,
D0535,Satu,
D0535,dari,
D0535,ketiga,
D0535,pelaku,
D0535,masih,
D0535,anak,
D0535,di,
D0535,bawah,
D0535,umur,
D0535,Usai,
D0535,ditangkap,
D0535,para,
D0535,pelaku,
D0535,ditetapkan,
D0535,menjadi,
D0535,tersangka,
D0535,dan,
D0535,ditahan,
D0535,Sampai,
D0535,hari,
D0535,ini,
D0535,kita,
D0535,sudah,
D0535,melakukan,
D0535,penangkapan,
D0535,terhadap,
D0535,tiga,
D0535,orang,
D0535,pelaku,
D0535,dan,
D0535,satu,
D0535,di,
D0535,antaranya,
D0535,masih,
D0535,di,
D0535,bawah,
D0535,umur,
D0535,kata,
D0535,Kapolrestabes,
D0535,Medan,
D0535,Kombes,
D0535,Gidion,
D0535,Arif,
D0535,Setyawan,
D0535,Rabu,
D0535,2310,
D0535,Perwira,
D0535,menengah,
D0535,Polri,
D0535,itu,
D0535,menjelaskan,
D0535,bahwa,
D0535,para,
D0535,tersangka,
D0535,ini,
D0535,merupakan,
D0535,pelaku,
D0535,bayaran,
D0535,Mereka,
D0535,dijanjikan,
D0535,uang,
D0535,sebesar,
D0535,Rp,
D0535,3,
D0535,juta,
D0535,agar,
D0535,melakukan,
D0535,penyerangan,
D0536,Belasan,
D0536,orang,
D0536,diamankan,
D0536,Badan,
D0536,Narkotika,
D0536,Nasional,
D0536,BNN,
D0536,Provinsi,
D0536,Bali,
D0536,saat,
D0536,penggerebekan,
D0536,di,
D0536,Executive,
D0536,Karaoke,
D0536,di,
D0536,Jalan,
D0536,Imam,
D0536,Bonjol,
D0536,Denpasar,
D0536,Bali,
D0536,Salah,
D0536,satu,
D0536,yang,
D0536,turut,
D0536,ditangkap,
D0536,adalah,
D0536,seorang,
D0536,polisi,
D0536,Koordinator,
D0536,Kehumasan,
D0536,BNNP,
D0536,Bali,
D0536,Made,
D0536,Dwi,
D0536,Saputra,
D0536,mengatakan,
D0536,dugaan,
D0536,peredaran,
D0536,narkoba,
D0536,di,
D0536,tempat,
D0536,karaoke,
D0536,itu,
D0536,masih,
D0536,dalam,
D0536,tahap,
D0536,pendalaman,
D0536,Termasuk,
D0536,keterlibatan,
D0536,seorang,
D0536,polisi,
D0536,tersebut,
D0536,Saat,
D0536,ini,
D0536,masih,
D0536,dilakukan,
D0536,pengembangan,
D0536,dan,
D0536,pendalaman,
D0536,kata,
D0536,Koordinator,
D0536,Kehumasan,
D0536,BNNP,
D0536,Bali,
D0536,Made,
D0536,Dwi,
D0536,Saputra,
D0536,kepada,
D0536,detikBali,
D0536,Rabu,
D0536,23102024,
D0536,SCROLL,
D0536,TO,
D0536,CONTINUE,
D0536,WITH,
D0536,CONTENT,
D0536,Adapun,
D0536,penggerebekan,
D0536,ini,
D0536,digelar,
D0536,BNN,
D0536,pada,
D0536,Selasa,
D0536,22102024,
D0536,malam,
D0536,sekitar,
D0536,pukul,
D0536,2130,
D0536,Wita,
D0536,Sasarannya,
D0536,adalah,
D0536,seorang,
D0536,perempuan,
D0536,yang,
D0536,diduga,
D0536,kuat,
D0536,menjadi,
D0536,bandar,
D0536,narkoba,
D0536,Perempuan,
D0536,itu,
D0536,turut,
D0536,ditangkap,
D0536,Informasi,
D0536,yang,
D0536,diperoleh,
D0536,detikBali,
D0536,polisi,
D0536,tersebut,
D0536,turut,
D0536,ditangkap,
D0536,karena,
D0536,sedang,
D0536,karaoke,
D0536,bersama,
D0536,perempuan,
D0536,itu,
D0536,Hanya,
D0536,saja,
D0536,Saputra,
D0536,enggan,
D0536,membeberkan,
D0536,nama,
D0536,dan,
D0536,dari,
D0536,satuan,
D0536,mana,
D0536,polisi,
D0536,itu,
D0536,berasal,
D0536,Dia,
D0536,juga,
D0536,enggan,
D0536,menyebut,
D0536,sejauh,
D0536,mana,
D0536,keterlibatan,
D0536,polisi,
D0536,itu,
D0536,Memang,
D0536,benar,
D0536,BNNP,
D0536,Badan,
D0536,Narkotika,
D0536,Nasional,
D0536,Provinsi,
D0536,Bali,
D0536,melakukan,
D0536,pengungkapan,
D0536,kasus,
D0536,di,
D0536,daerah,
D0536,tersebut,
D0536,Tapi,
D0536,untuk,
D0536,saat,
D0536,ini,
D0536,kasusnya,
D0536,masih,
D0536,proses,
D0536,pendalaman,
D0536,Nanti,
D0536,kami,
D0536,akan,
D0536,informasikan,
D0536,lengkapnya,
D0536,kata,
D0536,Saputra,
D0536,Polresta,
D0536,Denpasar,
D0536,juga,
D0536,masih,
D0536,menelusuri,
D0536,informasi,
D0536,dari,
D0536,BNN,
D0536,tersebut,
D0536,Kami,
D0536,masih,
D0536,konfirmasi,
D0536,kata,
D0536,Kasi,
D0536,Humas,
D0536,Polresta,
D0536,Denpasar,
D0536,AKP,
D0536,I,
D0536,Ketut,
D0536,Sukadi,
D0537,Pengemudi,
D0537,ojek,
D0537,online,
D0537,ojol,
D0537,bernama,
D0537,M,
D0537,Ihsan,
D0537,30,
D0537,mencuri,
D0537,motor,
D0537,warga,
D0537,yang,
D0537,tengah,
D0537,salat,
D0537,di,
D0537,salah,
D0537,satu,
D0537,masjid,
D0537,di,
D0537,Kota,
D0537,Medan,
D0537,Sumatera,
D0537,Utara,
D0537,Sumut,
D0537,Pihak,
D0537,kepolisian,
D0537,menangkap,
D0537,pelaku,
D0537,dan,
D0537,membawanya,
D0537,ke,
D0537,kantor,
D0537,polisi,
D0537,Kanit,
D0537,Reskrim,
D0537,Polsek,
D0537,Medan,
D0537,Baru,
D0537,Iptu,
D0537,Dian,
D0537,Simangunsong,
D0537,mengatakan,
D0537,pencurian,
D0537,itu,
D0537,terjadi,
D0537,di,
D0537,Masjid,
D0537,Al,
D0537,Jihad,
D0537,Jalan,
D0537,Abdullah,
D0537,Lubis,
D0537,Kamis,
D0537,17102024,
D0537,siang,
D0537,Lalu,
D0537,pelaku,
D0537,ditangkap,
D0537,pada,
D0537,Selasa,
D0537,2210,
D0537,Korban,
D0537,datang,
D0537,ke,
D0537,masjid,
D0537,itu,
D0537,untuk,
D0537,salat,
D0537,Zuhur,
D0537,Pelaku,
D0537,pekerjaannya,
D0537,adalah,
D0537,ojek,
D0537,online,
D0537,kata,
D0537,Dian,
D0537,Rabu,
D0537,2310,
D0537,SCROLL,
D0537,TO,
D0537,CONTINUE,
D0537,WITH,
D0537,CONTENT,
D0537,Dian,
D0537,menyebut,
D0537,awalnya,
D0537,korban,
D0537,memarkirkan,
D0537,sepeda,
D0537,motornya,
D0537,di,
D0537,parkiran,
D0537,belakang,
D0537,masjid,
D0537,tersebut,
D0537,dan,
D0537,masuk,
D0537,ke,
D0537,dalam,
D0537,masjid,
D0537,untuk,
D0537,salat,
D0537,Selang,
D0537,beberapa,
D0537,waktu,
D0537,pelaku,
D0537,datang,
D0537,ke,
D0537,masjid,
D0537,itu,
D0537,untuk,
D0537,salat,
D0537,dan,
D0537,istirahat,
D0537,Saat,
D0537,memarkirkan,
D0537,sepeda,
D0537,motornya,
D0537,pelaku,
D0537,melihat,
D0537,kunci,
D0537,sepeda,
D0537,motor,
D0537,korban,
D0537,masih,
D0537,tergantung,
D0537,di,
D0537,motor,
D0537,tersebut,
D0537,Muncul,
D0537,lah,
D0537,niat,
D0537,dia,
D0537,pelaku,
D0537,mengambil,
D0537,kunci,
D0537,sepeda,
D0537,motor,
D0537,itu,
D0537,terus,
D0537,purapura,
D0537,lah,
D0537,dia,
D0537,tidur,
D0537,setengah,
D0537,jam,
D0537,di,
D0537,masjid,
D0537,itu,
D0537,sebutnya,
D0537,Setelah,
D0537,itu,
D0537,sepeda,
D0537,motor,
D0537,korban,
D0537,dibawa,
D0537,pelaku,
D0537,ke,
D0537,parkiran,
D0537,salah,
D0537,satu,
D0537,toko,
D0537,perabotan,
D0537,di,
D0537,Jalan,
D0537,Iskandar,
D0537,Muda,
D0537,Usai,
D0537,memarkirkan,
D0537,sepeda,
D0537,motor,
D0537,korban,
D0537,pelaku,
D0537,kembali,
D0537,ke,
D0537,masjid,
D0537,itu,
D0537,dengan,
D0537,menaiki,
D0537,ojek,
D0537,online,
D0537,Kemudian,
D0537,pelaku,
D0537,membawa,
D0537,sepeda,
D0537,motornya,
D0537,yang,
D0537,awalnya,
D0537,ditinggalkannya,
D0537,di,
D0537,masjid,
D0537,itu,
D0537,dan,
D0537,pulang,
D0537,ke,
D0537,rumahnya,
D0537,di,
D0537,Jalan,
D0537,Menteng,
D0537,II,
D0537,Kecamatan,
D0537,Medan,
D0537,Denai,
D0537,Setibanya,
D0537,di,
D0537,rumah,
D0537,pelaku,
D0537,kembali,
D0537,menaiki,
D0537,ojek,
D0537,untuk,
D0537,pergi,
D0537,menjemput,
D0537,motor,
D0537,korban,
D0537,Lalu,
D0537,sekira,
D0537,pukul,
D0537,1630,
D0537,WIB,
D0537,setelah,
D0537,selesai,
D0537,salat,
D0537,korban,
D0537,baru,
D0537,menyadari,
D0537,bahwa,
D0537,sepeda,
D0537,motornya,
D0537,telah,
D0537,hilang,
D0537,Sekitar,
D0537,pukul,
D0537,1630,
D0537,WIB,
D0537,setelah,
D0537,selesai,
D0537,salat,
D0537,korban,
D0537,hendak,
D0537,pulang,
D0537,dan,
D0537,melihat,
D0537,motornya,
D0537,sudah,
D0537,tidak,
D0537,ada,
D0537,lagi,
D0537,dan,
D0537,memeriksa,
D0537,kunci,
D0537,juga,
D0537,tidak,
D0537,ada,
D0537,Korban,
D0537,baru,
D0537,sadar,
D0537,bahwa,
D0537,kunci,
D0537,motornya,
D0537,masih,
D0537,menempel,
D0537,di,
D0537,sepeda,
D0537,motornya,
D0537,jelasnya,
D0537,Lalu,
D0537,korban,
D0537,mengecek,
D0537,CCTV,
D0537,masjid,
D0537,Dalam,
D0537,CCTV,
D0537,itu,
D0537,terlihat,
D0537,bahwa,
D0537,sepeda,
D0537,motor,
D0537,korban,
D0537,dicuri,
D0537,oleh,
D0537,pelaku,
D0537,Atas,
D0537,kejadian,
D0537,itu,
D0537,korban,
D0537,membuat,
D0537,laporan,
D0537,ke,
D0537,Polsek,
D0537,Medan,
D0537,Baru,
D0537,Pihak,
D0537,kepolisian,
D0537,yang,
D0537,menerima,
D0537,laporan,
D0537,itu,
D0537,lalu,
D0537,memburu,
D0537,pelaku,
D0537,hingga,
D0537,mengamankannya,
D0537,di,
D0537,rumah,
D0537,pelaku,
D0537,Usai,
D0537,ditangkap,
D0537,pelaku,
D0537,diboyong,
D0537,ke,
D0537,Polsek,
D0537,Medan,
D0537,Baru,
D0537,Selain,
D0537,menangkap,
D0537,pelaku,
D0537,petugas,
D0537,kepolisian,
D0537,juga,
D0537,mengamankan,
D0537,motor,
D0537,korban,
D0537,yang,
D0537,dicuri,
D0537,pelaku,
D0537,Berdasarkan,
D0537,hasil,
D0537,pemeriksaan,
D0537,pelaku,
D0537,baru,
D0537,pertama,
D0537,kali,
D0537,melakukan,
D0537,aksi,
D0537,pencurian,
D0537,Dia,
D0537,pelaku,
D0537,bawa,
D0537,lagi,
D0537,motor,
D0537,ke,
D0537,rumahnya,
D0537,selama,
D0537,lima,
D0537,hari,
D0537,dari,
D0537,tanggal,
D0537,17,
D0537,sampai,
D0537,22,
D0537,Oktober,
D0537,Motor,
D0537,Belum,
D0537,sempat,
D0537,dijual,
D0537,tapi,
D0537,memang,
D0537,menurut,
D0537,keterangan,
D0537,dia,
D0537,pelaku,
D0537,ketakutan,
D0537,pungkasnya,
D0538,Pria,
D0538,berinisial,
D0538,AMWW,
D0538,ditangkap,
D0538,Kepolisian,
D0538,Resor,
D0538,Kota,
D0538,Polresta,
D0538,Kupang,
D0538,Kota,
D0538,Pemuda,
D0538,berusia,
D0538,22,
D0538,tahun,
D0538,itu,
D0538,ditangkap,
D0538,lantaran,
D0538,mencuri,
D0538,motor,
D0538,di,
D0538,Rumah,
D0538,Sakit,
D0538,RS,
D0538,Leona,
D0538,dan,
D0538,RS,
D0538,Kartini,
D0538,Kota,
D0538,Kupang,
D0538,Nusa,
D0538,Tenggara,
D0538,Timur,
D0538,NTT,
D0538,Pelaku,
D0538,mencuri,
D0538,dua,
D0538,unit,
D0538,sepeda,
D0538,motor,
D0538,di,
D0538,dua,
D0538,rumah,
D0538,sakit,
D0538,yang,
D0538,berbeda,
D0538,Kami,
D0538,sudah,
D0538,mengamankannya,
D0538,pada,
D0538,Selasa,
D0538,22102024,
D0538,malam,
D0538,ujar,
D0538,Kapolresta,
D0538,Kupang,
D0538,Kota,
D0538,Kombes,
D0538,Aldinan,
D0538,Manurung,
D0538,Rabu,
D0538,23102024,
D0538,Aldinan,
D0538,menjelaskan,
D0538,AMWW,
D0538,mencuri,
D0538,motor,
D0538,di,
D0538,RS,
D0538,Leona,
D0538,pada,
D0538,6,
D0538,September,
D0538,2024,
D0538,Ia,
D0538,awalnya,
D0538,melintas,
D0538,di,
D0538,sekitaran,
D0538,RS,
D0538,Leona,
D0538,dan,
D0538,melihat,
D0538,sebuah,
D0538,motor,
D0538,Beat,
D0538,sedang,
D0538,terparkir,
D0538,di,
D0538,halaman,
D0538,tanpa,
D0538,pengawasan,
D0538,SCROLL,
D0538,TO,
D0538,CONTINUE,
D0538,WITH,
D0538,CONTENT,
D0538,AMWW,
D0538,langsung,
D0538,mendorong,
D0538,motor,
D0538,tersebut,
D0538,ke,
D0538,luar,
D0538,area,
D0538,RS,
D0538,dan,
D0538,membawa,
D0538,kabur,
D0538,ke,
D0538,rumahnya,
D0538,di,
D0538,Kelurahan,
D0538,Liliba,
D0538,Kecamatan,
D0538,Oebobo,
D0538,AMWW,
D0538,kemudian,
D0538,mengecat,
D0538,motor,
D0538,tersebut,
D0538,sehingga,
D0538,tidak,
D0538,dikenali,
D0538,pemiliknya,
D0538,Motor,
D0538,lalu,
D0538,dijual,
D0538,dengan,
D0538,harga,
D0538,Rp,
D0538,27,
D0538,juta,
D0538,AMWW,
D0538,kembali,
D0538,mencuri,
D0538,motor,
D0538,Beat,
D0538,di,
D0538,halaman,
D0538,parkir,
D0538,RS,
D0538,Kartini,
D0538,pada,
D0538,8,
D0538,September,
D0538,2024,
D0538,malam,
D0538,Motor,
D0538,itu,
D0538,lalu,
D0538,dimodifikasi,
D0538,sesuai,
D0538,keinginannya,
D0538,agar,
D0538,dapat,
D0538,digunakan,
D0538,dengan,
D0538,leluasa,
D0538,saat,
D0538,beraktivitas,
D0538,Aldinan,
D0538,berujar,
D0538,para,
D0538,pemilik,
D0538,motor,
D0538,langsung,
D0538,melaporkan,
D0538,ke,
D0538,Polresta,
D0538,Kupang,
D0538,Kota,
D0538,dengan,
D0538,laporan,
D0538,polisi,
D0538,LP,
D0538,nomor,
D0538,LPB937IX2024SPKTPolresta,
D0538,Kupang,
D0538,KotaPolda,
D0538,NTT,
D0538,dan,
D0538,LP,
D0538,nomor,
D0538,LPB958IX2024SPKTPolresta,
D0538,Kupang,
D0538,KotaPolda,
D0538,NTT,
D0538,Setelah,
D0538,kami,
D0538,lakukan,
D0538,penyelidikan,
D0538,baru,
D0538,terungkap,
D0538,keberadaan,
D0538,pelakunya,
D0538,Sehingga,
D0538,anggota,
D0538,langsung,
D0538,bergerak,
D0538,ke,
D0538,rumahnya,
D0538,untuk,
D0538,menangkapnya,
D0538,tanpa,
D0538,perlawanan,
D0538,jelas,
D0538,Aldinan,
D0538,Aldinan,
D0538,mengungkap,
D0538,AMWW,
D0538,nekat,
D0538,mencuri,
D0538,karena,
D0538,terimpit,
D0538,kebutuhan,
D0538,ekonomi,
D0538,Sebab,
D0538,AMWW,
D0538,hanya,
D0538,seorang,
D0538,pemuda,
D0538,pengangguran,
D0538,Menurut,
D0538,Aldinan,
D0538,modus,
D0538,AMWW,
D0538,adalah,
D0538,menggunakan,
D0538,motor,
D0538,hasil,
D0538,curian,
D0538,pertama,
D0538,mengelilingi,
D0538,Kota,
D0538,Kupang,
D0538,untuk,
D0538,mencari,
D0538,motor,
D0538,yang,
D0538,sedang,
D0538,diparkir,
D0538,tanpa,
D0538,pengawasan,
D0538,Ini,
D0538,pelakunya,
D0538,sementara,
D0538,diinterogasi,
D0538,lebih,
D0538,lanjut,
D0538,oleh,
D0538,penyidik,
D0538,Unit,
D0538,Pidum,
D0538,Satreskrim,
D0538,Polresta,
D0538,Kupang,
D0538,Kota,
D0538,Barang,
D0538,bukti,
D0538,berupa,
D0538,dua,
D0538,motor,
D0538,Honda,
D0538,Beat,
D0538,sudah,
D0538,kami,
D0538,amankan,
D0538,juga,
D0538,jelas,
D0538,Aldinan,
D0539,Pria,
D0539,berinisial,
D0539,PSW,
D0539,52,
D0539,di,
D0539,Buleleng,
D0539,Bali,
D0539,nekat,
D0539,membakar,
D0539,toko,
D0539,bangunan,
D0539,milik,
D0539,kakaknya,
D0539,Made,
D0539,Mangku,
D0539,Suma,
D0539,Wijana,
D0539,62,
D0539,pada,
D0539,Senin,
D0539,21102024,
D0539,Walhasil,
D0539,toko,
D0539,Mangku,
D0539,Suma,
D0539,yang,
D0539,berlokasi,
D0539,di,
D0539,Desa,
D0539,Bungkulan,
D0539,Kecamatan,
D0539,Sawan,
D0539,Buleleng,
D0539,ludes,
D0539,terbakar,
D0539,Kepala,
D0539,Seksi,
D0539,Hubungan,
D0539,Masyarakat,
D0539,Kasi,
D0539,Humas,
D0539,Polres,
D0539,Buleleng,
D0539,AKP,
D0539,Gede,
D0539,Darma,
D0539,Diatmika,
D0539,mengatakan,
D0539,berdasarkan,
D0539,hasil,
D0539,olah,
D0539,tempat,
D0539,kejadian,
D0539,perkara,
D0539,TKP,
D0539,dan,
D0539,pemeriksaan,
D0539,saksi,
D0539,motif,
D0539,PSW,
D0539,membakar,
D0539,toko,
D0539,kakaknya,
D0539,diduga,
D0539,karena,
D0539,sengketa,
D0539,warisan,
D0539,Akibat,
D0539,permasalahan,
D0539,keluarga,
D0539,terkait,
D0539,tuntutan,
D0539,warisan,
D0539,sehingga,
D0539,emosi,
D0539,pelaku,
D0539,memuncak,
D0539,dengan,
D0539,membakar,
D0539,toko,
D0539,milik,
D0539,kakaknya,
D0539,karena,
D0539,tidak,
D0539,pernah,
D0539,mendapat,
D0539,kejelasan,
D0539,dan,
D0539,tidak,
D0539,dihiraukan,
D0539,kata,
D0539,Darma,
D0539,saat,
D0539,dikonfirmasi,
D0539,detikBali,
D0539,Selasa,
D0539,22102024,
D0539,SCROLL,
D0539,TO,
D0539,CONTINUE,
D0539,WITH,
D0539,CONTENT,
D0539,Darma,
D0539,mengungkapkan,
D0539,PSW,
D0539,awalnya,
D0539,mendatangi,
D0539,toko,
D0539,milik,
D0539,Mangku,
D0539,Suma,
D0539,sekitar,
D0539,pukul,
D0539,0745,
D0539,Wita,
D0539,I,
D0539,Nyoman,
D0539,Budiarsa,
D0539,warga,
D0539,yang,
D0539,rumahnya,
D0539,tidak,
D0539,jauh,
D0539,dari,
D0539,TKP,
D0539,melihat,
D0539,pelaku,
D0539,duduk,
D0539,di,
D0539,atas,
D0539,motor,
D0539,dengan,
D0539,membawa,
D0539,bensin,
D0539,yang,
D0539,disimpan,
D0539,dalam,
D0539,botol,
D0539,air,
D0539,mineral,
D0539,Budiarsa,
D0539,saat,
D0539,itu,
D0539,melihat,
D0539,PSW,
D0539,sempat,
D0539,memanggil,
D0539,iparnya,
D0539,dan,
D0539,mengaku,
D0539,akan,
D0539,membakar,
D0539,toko,
D0539,tersebut,
D0539,Saat,
D0539,itu,
D0539,terduga,
D0539,pelaku,
D0539,sempat,
D0539,memanggil,
D0539,iparnya,
D0539,perempuan,
D0539,dan,
D0539,mengatakan,
D0539,de,
D0539,malu,
D0539,ngejang,
D0539,motor,
D0539,dajane,
D0539,soalne,
D0539,lakar,
D0539,bakar,
D0539,jangan,
D0539,dahulu,
D0539,menaruh,
D0539,motor,
D0539,di,
D0539,utara,
D0539,soalnya,
D0539,mau,
D0539,dibakar,
D0539,ujar,
D0539,Darma,
D0539,Budiarsa,
D0539,mengira,
D0539,ucapan,
D0539,PSW,
D0539,kepada,
D0539,iparnya,
D0539,hanya,
D0539,bercanda,
D0539,Budiarsa,
D0539,pun,
D0539,masuk,
D0539,ke,
D0539,dalam,
D0539,rumah,
D0539,untuk,
D0539,mandi,
D0539,Namun,
D0539,istri,
D0539,Budiarsa,
D0539,tibatiba,
D0539,menangis,
D0539,histeris,
D0539,karena,
D0539,melihat,
D0539,api,
D0539,di,
D0539,toko,
D0539,bangunan,
D0539,milik,
D0539,Mangku,
D0539,Suma,
D0539,sudah,
D0539,membesar,
D0539,Budiarsa,
D0539,juga,
D0539,sempat,
D0539,melihat,
D0539,anak,
D0539,Mangku,
D0539,Suma,
D0539,lari,
D0539,terbiritbirit,
D0539,menjauh,
D0539,karena,
D0539,turut,
D0539,disiram,
D0539,bensin,
D0539,oleh,
D0539,PSW,
D0539,Setelah,
D0539,toko,
D0539,terbakar,
D0539,saksi,
D0539,melihat,
D0539,terduga,
D0539,pelaku,
D0539,sudah,
D0539,berdiri,
D0539,di,
D0539,tengah,
D0539,jalan,
D0539,dalam,
D0539,keadaan,
D0539,berdiri,
D0539,dan,
D0539,bertolak,
D0539,pinggang,
D0539,sambil,
D0539,memegang,
D0539,sisa,
D0539,bensin,
D0539,terang,
D0539,Darma,
D0539,Beruntung,
D0539,tidak,
D0539,ada,
D0539,korban,
D0539,jiwa,
D0539,dalam,
D0539,peristiwa,
D0539,pembakaran,
D0539,toko,
D0539,bangunan,
D0539,itu,
D0539,Namun,
D0539,bahanbahan,
D0539,bangunan,
D0539,berupa,
D0539,kayu,
D0539,cat,
D0539,mesin,
D0539,mebel,
D0539,pipa,
D0539,ludes,
D0539,terbakar,
D0539,Selain,
D0539,itu,
D0539,bangunan,
D0539,juga,
D0539,hangus,
D0539,dilalap,
D0539,apiDarma,
D0539,mengatakan,
D0539,kasus,
D0539,ini,
D0539,dalam,
D0539,penyelidikan,
D0539,Polsek,
D0539,Sawan,
D0539,yang,
D0539,dibantu,
D0539,Satuan,
D0539,Reserse,
D0539,Kriminal,
D0539,Satreskrim,
D0539,Polres,
D0539,Buleleng,
D0539,Sementara,
D0539,terduga,
D0539,pelaku,
D0539,dan,
D0539,barang,
D0539,bukti,
D0539,sudah,
D0539,diamankan,
D0539,di,
D0539,Mapolsek,
D0539,Sawan,
D0539,ungkap,
D0539,Darma,
D0540,Dua,
D0540,pria,
D0540,pengangguran,
D0540,Rohman,
D0540,Arik,
D0540,Setiawan,
D0540,22,
D0540,warga,
D0540,Denpasar,
D0540,dan,
D0540,I,
D0540,Kadek,
D0540,Subur,
D0540,Diki,
D0540,Diantara,
D0540,21,
D0540,warga,
D0540,Karangasem,
D0540,menjambret,
D0540,ponsel,
D0540,guru,
D0540,asal,
D0540,Korea,
D0540,Selatan,
D0540,Chae,
D0540,Songhwa,
D0540,Penjambretan,
D0540,terjadi,
D0540,di,
D0540,Jalan,
D0540,Kesari,
D0540,Nomor,
D0540,38,
D0540,C,
D0540,Sanur,
D0540,Denpasar,
D0540,Selatan,
D0540,Kamis,
D0540,17102024,
D0540,pukul,
D0540,1745,
D0540,Wita,
D0540,Rohman,
D0540,Diki,
D0540,dan,
D0540,penadah,
D0540,hasil,
D0540,jambretan,
D0540,Amin,
D0540,Sanaei,
D0540,25,
D0540,telah,
D0540,ditangkap,
D0540,Unit,
D0540,Reserse,
D0540,Kriminal,
D0540,Reskrim,
D0540,Polsek,
D0540,Denpasar,
D0540,Selatan,
D0540,Kami,
D0540,tangkap,
D0540,pelaku,
D0540,jambret,
D0540,Yang,
D0540,jambret,
D0540,ada,
D0540,dua,
D0540,orang,
D0540,Yang,
D0540,satunya,
D0540,itu,
D0540,penadahnya,
D0540,kata,
D0540,Kapolsek,
D0540,Denpasar,
D0540,Selatan,
D0540,Kompol,
D0540,Herson,
D0540,Djuanda,
D0540,saat,
D0540,konferensi,
D0540,pers,
D0540,di,
D0540,kantornya,
D0540,Selasa,
D0540,22102024,
D0540,SCROLL,
D0540,TO,
D0540,CONTINUE,
D0540,WITH,
D0540,CONTENT,
D0540,Aksi,
D0540,penjambretan,
D0540,Rohman,
D0540,dan,
D0540,Diki,
D0540,sempat,
D0540,terekam,
D0540,closedcircuit,
D0540,television,
D0540,CCTV,
D0540,di,
D0540,rumah,
D0540,warga,
D0540,dekat,
D0540,lokasi,
D0540,kejadian,
D0540,Rohman,
D0540,dan,
D0540,Diki,
D0540,dalam,
D0540,rekaman,
D0540,CCTV,
D0540,terlihat,
D0540,mengendarai,
D0540,motor,
D0540,melewati,
D0540,seorang,
D0540,warga,
D0540,yang,
D0540,sedang,
D0540,menyapu,
D0540,di,
D0540,depan,
D0540,halaman,
D0540,rumah,
D0540,Beberapa,
D0540,detik,
D0540,kemudian,
D0540,terlihat,
D0540,dua,
D0540,perempuan,
D0540,yang,
D0540,salah,
D0540,satunya,
D0540,adalah,
D0540,korban,
D0540,Dua,
D0540,perempuan,
D0540,itu,
D0540,sedang,
D0540,berlari,
D0540,mengejar,
D0540,Rohman,
D0540,dan,
D0540,Diki,
D0540,Tak,
D0540,terkejar,
D0540,Songhwa,
D0540,lalu,
D0540,melapor,
D0540,polisi,
D0540,Polisi,
D0540,yang,
D0540,mendapat,
D0540,rekaman,
D0540,CCTV,
D0540,itu,
D0540,lalu,
D0540,mencari,
D0540,informasi,
D0540,ciriciri,
D0540,dan,
D0540,keberadaan,
D0540,Rohman,
D0540,dan,
D0540,Diki,
D0540,Polisi,
D0540,langsung,
D0540,menuju,
D0540,ke,
D0540,sebuah,
D0540,hotel,
D0540,di,
D0540,Sanur,
D0540,saat,
D0540,sudah,
D0540,mengantongi,
D0540,keberadaan,
D0540,mereka,
D0540,Rohman,
D0540,dan,
D0540,Diki,
D0540,diketahui,
D0540,menginap,
D0540,di,
D0540,hotel,
D0540,itu,
D0540,Tak,
D0540,butuh,
D0540,waktu,
D0540,lama,
D0540,Rohman,
D0540,dan,
D0540,Diki,
D0540,terciduk,
D0540,polisi,
D0540,saat,
D0540,akan,
D0540,menjual,
D0540,hasil,
D0540,jambretan,
D0540,kepada,
D0540,Amin,
D0540,Saat,
D0540,diciduk,
D0540,Rohman,
D0540,dan,
D0540,Diki,
D0540,sempat,
D0540,melawan,
D0540,dan,
D0540,akhirnya,
D0540,dihadiahi,
D0540,timah,
D0540,panas,
D0540,oleh,
D0540,polisi,
D0540,Kedua,
D0540,jambret,
D0540,ini,
D0540,berusaha,
D0540,melawan,
D0540,dan,
D0540,melarikan,
D0540,diri,
D0540,Terpaksa,
D0540,kami,
D0540,lakukan,
D0540,tindakan,
D0540,tegas,
D0540,terang,
D0540,Herson,
D0540,Herson,
D0540,mengungkapkan,
D0540,Diki,
D0540,dan,
D0540,Rahman,
D0540,saat,
D0540,itu,
D0540,melihat,
D0540,Songhwa,
D0540,sedang,
D0540,berdiri,
D0540,di,
D0540,pinggir,
D0540,jalan,
D0540,sambil,
D0540,memainkan,
D0540,ponselnya,
D0540,Dua,
D0540,jambret,
D0540,itu,
D0540,lalu,
D0540,mendekati,
D0540,Songhwa,
D0540,dan,
D0540,membawa,
D0540,raib,
D0540,ponselnya,
D0540,Mereka,
D0540,itu,
D0540,ternyata,
D0540,residivis,
D0540,yang,
D0540,sudah,
D0540,berulang,
D0540,ungkap,
D0540,Herson,
D0540,Selain,
D0540,kasus,
D0540,penjambretan,
D0540,itu,
D0540,polisi,
D0540,juga,
D0540,menangkap,
D0540,seorang,
D0540,pengemudi,
D0540,taksi,
D0540,online,
D0540,Febryanto,
D0540,24,
D0540,warga,
D0540,Jember,
D0540,Jawa,
D0540,Timur,
D0540,Jatim,
D0540,Febryanto,
D0540,ditangkap,
D0540,setelah,
D0540,dilaporkan,
D0540,mencuri,
D0540,dompet,
D0540,korban,
D0540,bernama,
D0540,Fransiska,
D0540,Fernandez,
D0540,yang,
D0540,tertinggal,
D0540,di,
D0540,mobilnya,
D0540,Minggu,
D0540,2992024,
D0540,Herson,
D0540,mengatakan,
D0540,Fransiska,
D0540,saat,
D0540,itu,
D0540,bermaksud,
D0540,membayar,
D0540,layanan,
D0540,taksi,
D0540,online,
D0540,seharga,
D0540,Rp,
D0540,34000,
D0540,setelah,
D0540,diantar,
D0540,sampai,
D0540,ke,
D0540,tempat,
D0540,tinggalnya,
D0540,di,
D0540,Jalan,
D0540,Sekuta,
D0540,Sanur,
D0540,Kecamatan,
D0540,Denpasar,
D0540,Selatan,
D0540,Karena,
D0540,tidak,
D0540,punya,
D0540,uang,
D0540,pas,
D0540,korban,
D0540,bermaksud,
D0540,mengambil,
D0540,uang,
D0540,di,
D0540,tempat,
D0540,tinggalnya,
D0540,Setelah,
D0540,membayar,
D0540,korban,
D0540,lupa,
D0540,mengambil,
D0540,dompetnya,
D0540,yang,
D0540,sempat,
D0540,tergeletak,
D0540,di,
D0540,mobil,
D0540,Febryanto,
D0541,Bea,
D0541,Cukai,
D0541,Batam,
D0541,menangkap,
D0541,dua,
D0541,orang,
D0541,penumpang,
D0541,kapal,
D0541,Ferry,
D0541,cepat,
D0541,yang,
D0541,baru,
D0541,tiba,
D0541,dari,
D0541,Malaysia,
D0541,di,
D0541,Batam,
D0541,Kepulauan,
D0541,Riau,
D0541,Kepri,
D0541,Kedua,
D0541,penumpang,
D0541,kapal,
D0541,itu,
D0541,ditangkap,
D0541,karena,
D0541,menyelundupkan,
D0541,685,
D0541,gram,
D0541,Sabu,
D0541,dan,
D0541,78,
D0541,butir,
D0541,Happy,
D0541,Five,
D0541,Kepala,
D0541,Bidang,
D0541,Penindakan,
D0541,dan,
D0541,Penyidikan,
D0541,KPU,
D0541,BC,
D0541,Batam,
D0541,Muhtadi,
D0541,mengatakan,
D0541,kedua,
D0541,penumpang,
D0541,itu,
D0541,diamankan,
D0541,di,
D0541,waktu,
D0541,dan,
D0541,tempat,
D0541,yang,
D0541,berbeda,
D0541,Pelaku,
D0541,pertama,
D0541,berinisial,
D0541,CS,
D0541,diamankan,
D0541,petugas,
D0541,di,
D0541,pelabuhan,
D0541,Internasional,
D0541,Batam,
D0541,Centre,
D0541,pada,
D0541,Rabu,
D0541,910,
D0541,Berawal,
D0541,dari,
D0541,kecurigaan,
D0541,petugas,
D0541,terhadap,
D0541,seorang,
D0541,penumpang,
D0541,Kapal,
D0541,MV,
D0541,Oceanna,
D0541,tiba,
D0541,dari,
D0541,Stulang,
D0541,Laut,
D0541,Malaysia,
D0541,berinisial,
D0541,CS,
D0541,Dari,
D0541,pemeriksaan,
D0541,ditemukan,
D0541,45,
D0541,gram,
D0541,sabu,
D0541,78,
D0541,butir,
D0541,Happy,
D0541,Five,
D0541,merk,
D0541,Erimin,
D0541,5,
D0541,dan,
D0541,1,
D0541,set,
D0541,alat,
D0541,isap,
D0541,sabu,
D0541,bong,
D0541,ujarnya,
D0541,SCROLL,
D0541,TO,
D0541,CONTINUE,
D0541,WITH,
D0541,CONTENT,
D0541,Petugas,
D0541,Bea,
D0541,Cukai,
D0541,yang,
D0541,masih,
D0541,merasa,
D0541,curiga,
D0541,kemudian,
D0541,melakukan,
D0541,pemeriksaan,
D0541,lebih,
D0541,lanjut,
D0541,Petugas,
D0541,menemukan,
D0541,pelaku,
D0541,menyembunyikan,
D0541,dua,
D0541,paket,
D0541,sabu,
D0541,di,
D0541,selangkangan,
D0541,Saat,
D0541,pemeriksaan,
D0541,lebih,
D0541,lanjut,
D0541,ditemukan,
D0541,2,
D0541,bungkus,
D0541,plastik,
D0541,berwarna,
D0541,hitam,
D0541,yang,
D0541,diduga,
D0541,berisi,
D0541,serbuk,
D0541,kristal,
D0541,putih,
D0541,yang,
D0541,diduga,
D0541,methamphetamine,
D0541,masingmasing,
D0541,seberat,
D0541,115,
D0541,gram,
D0541,dan,
D0541,90,
D0541,gram,
D0541,ujarnya,
D0541,Dari,
D0541,hasil,
D0541,pemeriksaan,
D0541,pelaku,
D0541,inisial,
D0541,CS,
D0541,mengaku,
D0541,berangkat,
D0541,ke,
D0541,Malaysia,
D0541,untuk,
D0541,mengunjungi,
D0541,rekannya,
D0541,Pelaku,
D0541,mengaku,
D0541,baru,
D0541,pertama,
D0541,kali,
D0541,melakukan,
D0541,perbuatannya,
D0541,Berdasarkan,
D0541,keterangan,
D0541,pelaku,
D0541,berangkat,
D0541,bersama,
D0541,temannya,
D0541,ke,
D0541,Stulang,
D0541,Laut,
D0541,pada,
D0541,4,
D0541,Oktober,
D0541,2024,
D0541,pukul,
D0541,1630,
D0541,melalui,
D0541,Pelabuhan,
D0541,Batam,
D0541,Center,
D0541,Pengakuan,
D0541,baru,
D0541,pertemanan,
D0541,kali,
D0541,tapi,
D0541,masih,
D0541,didalamiujarnya,
D0541,Dari,
D0541,keterangan,
D0541,CS,
D0541,dia,
D0541,mengaku,
D0541,dijanjikan,
D0541,upah,
D0541,menyelundupkan,
D0541,sabu,
D0541,itu,
D0541,sebesar,
D0541,Rp,
D0541,8,
D0541,juta,
D0541,Sabu,
D0541,tersebut,
D0541,didapatkan,
D0541,dari,
D0541,WNA,
D0541,asal,
D0541,Malaysia,
D0541,CS,
D0541,mengaku,
D0541,dijanjikan,
D0541,upah,
D0541,sebesar,
D0541,Rp,
D0541,8,
D0541,juta,
D0541,Pelaku,
D0541,menerima,
D0541,barang,
D0541,di,
D0541,Malaysia,
D0541,daerah,
D0541,Skudai,
D0541,Stulang,
D0541,Laut,
D0541,dari,
D0541,WN,
D0541,Malaysia,
D0541,Pelaku,
D0541,mengaku,
D0541,mengonsumsi,
D0541,narkoba,
D0541,itu,
D0541,saat,
D0541,di,
D0541,Malaysia,
D0541,ujarnya,
D0541,Penindakan,
D0541,kedua,
D0541,dilakukan,
D0541,petugas,
D0541,Bea,
D0541,Cukai,
D0541,Batam,
D0541,pada,
D0541,Sabtu,
D0541,1910,
D0541,di,
D0541,Pelabuhan,
D0541,Internasional,
D0541,Harbour,
D0541,Bay,
D0541,Petugas,
D0541,mengamankan,
D0541,seorang,
D0541,pria,
D0541,yang,
D0541,baru,
D0541,tiba,
D0541,dari,
D0541,Malaysia,
D0541,berinisial,
D0541,R,
D0541,Saat,
D0541,pemeriksaan,
D0541,badan,
D0541,terhadap,
D0541,R,
D0541,di,
D0541,dapat,
D0541,3,
D0541,bungkus,
D0541,plastik,
D0541,berwarna,
D0541,hitam,
D0541,yang,
D0541,berisi,
D0541,sabu,
D0541,seberat,
D0541,435,
D0541,gram,
D0541,serta,
D0541,2,
D0541,buah,
D0541,alat,
D0541,isap,
D0541,sabu,
D0541,ujarnya,
D0541,Dari,
D0541,pemeriksaan,
D0541,kepada,
D0541,R,
D0541,ia,
D0541,mengaku,
D0541,diperintahkan,
D0541,oleh,
D0541,seorang,
D0541,pelaku,
D0541,yang,
D0541,masih,
D0541,dalam,
D0541,pengejaran,
D0541,Pelaku,
D0541,mengaku,
D0541,dijanjikan,
D0541,upah,
D0541,sebesar,
D0541,Rp,
D0541,20,
D0541,juta,
D0541,Pelaku,
D0541,diperintah,
D0541,oleh,
D0541,seseorang,
D0541,dengan,
D0541,dijanjikan,
D0541,upah,
D0541,sebesar,
D0541,Rp,
D0541,20,
D0541,juta,
D0541,Kemudian,
D0541,memberikan,
D0541,barang,
D0541,tersebut,
D0541,beserta,
D0541,alat,
D0541,isap,
D0541,sabu,
D0541,bong,
D0541,kepadanya,
D0541,Selanjutnya,
D0541,pelaku,
D0541,membungkus,
D0541,barang,
D0541,tersebut,
D0541,ke,
D0541,dalam,
D0541,popok,
D0541,tampon,
D0541,untuk,
D0541,dikenakan,
D0541,dalam,
D0541,perjalanan,
D0541,ke,
D0541,Batam,
D0541,ujarnya,
D0541,Dari,
D0541,pemeriksaan,
D0541,petugas,
D0541,Bea,
D0541,Cukai,
D0541,terhadap,
D0541,CS,
D0541,dan,
D0541,R,
D0541,keduanya,
D0541,merupakan,
D0541,residivis,
D0541,kasus,
D0541,serupa,
D0541,Kedua,
D0541,pelaku,
D0541,yakni,
D0541,CS,
D0541,dan,
D0541,R,
D0541,merupakan,
D0541,residivis,
D0541,kasus,
D0541,narkoba,
D0541,ujarnya,
D0541,Dari,
D0541,penindakan,
D0541,terhadap,
D0541,dua,
D0541,pelaku,
D0541,itu,
D0541,total,
D0541,barang,
D0541,bukti,
D0541,yang,
D0541,disita,
D0541,dari,
D0541,dua,
D0541,pelaku,
D0541,berjumlah,
D0541,685,
D0541,gram,
D0541,Sabu,
D0541,dan,
D0541,78,
D0541,butir,
D0541,Happy,
D0541,Five,
D0541,Penindakan,
D0541,ini,
D0541,juga,
D0541,mampu,
D0541,menyelamatkan,
D0541,3500,
D0541,orang,
D0541,generasi,
D0541,bangsa,
D0541,dari,
D0541,bahaya,
D0541,narkoba,
D0541,serta,
D0541,turut,
D0541,menghemat,
D0541,biaya,
D0541,rehabilitasi,
D0541,kesehatan,
D0541,sebesar,
D0541,Rp56,
D0541,miliar,
D0541,ujarnya,
D0542,Seorang,
D0542,pria,
D0542,di,
D0542,Kabupaten,
D0542,Labuhanbatu,
D0542,Selatan,
D0542,Labusel,
D0542,Sumatera,
D0542,Utara,
D0542,Sumut,
D0542,inisial,
D0542,ASD,
D0542,22,
D0542,membacok,
D0542,kedua,
D0542,orang,
D0542,tuanya,
D0542,Saat,
D0542,kejadian,
D0542,pelaku,
D0542,tengah,
D0542,dalam,
D0542,kondisi,
D0542,mabuk,
D0542,tuak,
D0542,Kanit,
D0542,Reskrim,
D0542,Polsek,
D0542,Sungai,
D0542,Kanan,
D0542,Ipda,
D0542,Sofyandi,
D0542,mengatakan,
D0542,peristiwa,
D0542,itu,
D0542,terjadi,
D0542,di,
D0542,Lingkungan,
D0542,45,
D0542,Kelurahan,
D0542,Langga,
D0542,Payung,
D0542,Kecamatan,
D0542,Sungai,
D0542,Kanan,
D0542,Kamis,
D0542,17102024,
D0542,sekira,
D0542,pukul,
D0542,1830,
D0542,WIB,
D0542,Adapun,
D0542,kedua,
D0542,korban,
D0542,adalah,
D0542,Rokibah,
D0542,Rambe,
D0542,41,
D0542,dan,
D0542,Aspan,
D0542,Dalimunthe,
D0542,49,
D0542,Iya,
D0542,benar,
D0542,Jadi,
D0542,pada,
D0542,saat,
D0542,itu,
D0542,menurut,
D0542,keterangan,
D0542,saksi,
D0542,si,
D0542,anak,
D0542,pelaku,
D0542,ini,
D0542,sudah,
D0542,dalam,
D0542,keadaan,
D0542,mabuk,
D0542,minum,
D0542,tuak,
D0542,kalau,
D0542,enggak,
D0542,salah,
D0542,kemungkinan,
D0542,dia,
D0542,juga,
D0542,dalam,
D0542,pengaruh,
D0542,lem,
D0542,cap,
D0542,kambing,
D0542,itu,
D0542,kata,
D0542,Sofyandi,
D0542,saat,
D0542,dikonfirmasi,
D0542,detikSumut,
D0542,Senin,
D0542,2110,
D0542,SCROLL,
D0542,TO,
D0542,CONTINUE,
D0542,WITH,
D0542,CONTENT,
D0542,Sofyandi,
D0542,mengatakan,
D0542,pelaku,
D0542,datang,
D0542,ke,
D0542,rumah,
D0542,itu,
D0542,sambil,
D0542,membawa,
D0542,parang,
D0542,Setelah,
D0542,itu,
D0542,pelaku,
D0542,langsung,
D0542,membacok,
D0542,ibunya,
D0542,yang,
D0542,kebetulan,
D0542,tengah,
D0542,duduk,
D0542,di,
D0542,ruang,
D0542,tamu,
D0542,Dia,
D0542,pelaku,
D0542,masuk,
D0542,ke,
D0542,rumah,
D0542,dari,
D0542,pintu,
D0542,itu,
D0542,dia,
D0542,sudah,
D0542,pegang,
D0542,parang,
D0542,Jadi,
D0542,kalau,
D0542,keterangan,
D0542,adiknya,
D0542,itu,
D0542,bahwa,
D0542,dia,
D0542,pelaku,
D0542,tak,
D0542,ada,
D0542,tanyatanya,
D0542,langsung,
D0542,bacok,
D0542,ibunya,
D0542,yang,
D0542,sedang,
D0542,duduk,
D0542,di,
D0542,ruang,
D0542,tengah,
D0542,menyisir,
D0542,pisang,
D0542,sebutnya,
D0542,Korban,
D0542,pun,
D0542,langsung,
D0542,menjerit,
D0542,Tak,
D0542,lama,
D0542,korban,
D0542,Aspan,
D0542,keluar,
D0542,dari,
D0542,dapur,
D0542,menghampiri,
D0542,istrinya,
D0542,Namun,
D0542,saat,
D0542,akan,
D0542,menghentikan,
D0542,aksi,
D0542,pelaku,
D0542,itu,
D0542,korban,
D0542,malah,
D0542,dibacok,
D0542,oleh,
D0542,pelaku,
D0542,Dilihat,
D0542,ibu,
D0542,sudah,
D0542,tergeletak,
D0542,si,
D0542,anak,
D0542,masih,
D0542,pegang,
D0542,parang,
D0542,ayah,
D0542,berusaha,
D0542,bantu,
D0542,untuk,
D0542,melerai,
D0542,malah,
D0542,si,
D0542,anak,
D0542,ini,
D0542,membacok,
D0542,lagi,
D0542,ayahnya,
D0542,kata,
D0542,Sofyandi,
D0542,Akibat,
D0542,kejadian,
D0542,itu,
D0542,kedua,
D0542,korban,
D0542,mengalami,
D0542,luka,
D0542,bacok,
D0542,di,
D0542,bagian,
D0542,kepala,
D0542,Setelah,
D0542,kejadian,
D0542,kedua,
D0542,korban,
D0542,langsung,
D0542,dilarikan,
D0542,ke,
D0542,klinik,
D0542,untuk,
D0542,mendapatkan,
D0542,pertolongan,
D0542,Sofyandi,
D0542,mengatakan,
D0542,pihaknya,
D0542,langsung,
D0542,menuju,
D0542,lokasi,
D0542,usai,
D0542,mendapatkan,
D0542,informasi,
D0542,kejadian,
D0542,itu,
D0542,Lalu,
D0542,pihaknya,
D0542,langsung,
D0542,mengamankan,
D0542,pelaku,
D0542,dan,
D0542,membawanya,
D0542,ke,
D0542,Polsek,
D0542,Sungai,
D0542,Kanan,
D0542,Dia,
D0542,menyebut,
D0542,saat,
D0542,ini,
D0542,pelaku,
D0542,telah,
D0542,berstatus,
D0542,tersangka,
D0542,dan,
D0542,sudah,
D0542,ditahan,
D0542,Pada,
D0542,saat,
D0542,itu,
D0542,kita,
D0542,amankan,
D0542,si,
D0542,tersangka,
D0542,langsung,
D0542,kita,
D0542,bawa,
D0542,ke,
D0542,Polsek,
D0542,sudah,
D0542,ditahan,
D0542,pungkasnya,
D0542,Motif,
D0542,Tersangka,
D0542,Bacok,
D0542,Orang,
D0542,Tuanya,
D0542,Setelah,
D0542,jadi,
D0542,tersangka,
D0542,dan,
D0542,ditahan,
D0542,polisi,
D0542,lalu,
D0542,membeberkan,
D0542,motif,
D0542,ASD,
D0542,menganiaya,
D0542,kedua,
D0542,orang,
D0542,tuanya,
D0542,Polisi,
D0542,menyebut,
D0542,tersangka,
D0542,menganiaya,
D0542,korban,
D0542,karena,
D0542,dendam,
D0542,sering,
D0542,dibandingkan,
D0542,dengan,
D0542,anak,
D0542,tetangga,
D0542,Setelah,
D0542,kita,
D0542,lakukan,
D0542,interogasi,
D0542,berawal,
D0542,dari,
D0542,keterangan,
D0542,si,
D0542,tersangka,
D0542,ini,
D0542,bahwa,
D0542,dia,
D0542,merasa,
D0542,dendam,
D0542,kepada,
D0542,orang,
D0542,tuanya,
D0542,karena,
D0542,selalu,
D0542,dibandingbandingkan,
D0542,dengan,
D0542,anak,
D0542,tetangga,
D0542,kata,
D0542,Sofyandi,
D0542,Sofyandi,
D0542,mengatakan,
D0542,pelaku,
D0542,ini,
D0542,tidak,
D0542,mau,
D0542,membantu,
D0542,orang,
D0542,tuanya,
D0542,Alhasil,
D0542,orang,
D0542,tua,
D0542,pelaku,
D0542,kerap,
D0542,menasihati,
D0542,pelaku,
D0542,agar,
D0542,membantu,
D0542,mereka,
D0542,dan,
D0542,membandingkannya,
D0542,dengan,
D0542,anak,
D0542,tetangga,
D0542,mereka,
D0542,Si,
D0542,anak,
D0542,pelaku,
D0542,ini,
D0542,kalau,
D0542,diberitahu,
D0542,tak,
D0542,pernah,
D0542,mau,
D0542,mendengar,
D0542,apa,
D0542,nasihat,
D0542,orang,
D0542,tuanya,
D0542,Jadi,
D0542,dia,
D0542,pelaku,
D0542,itu,
D0542,pulang,
D0542,sampai,
D0542,rumah,
D0542,makan,
D0542,tidur,
D0542,habis,
D0542,itu,
D0542,pergi,
D0542,Lalu,
D0542,dibandingkan,
D0542,dengan,
D0542,anak,
D0542,tetangga,
D0542,anak,
D0542,tetangga,
D0542,itu,
D0542,mau,
D0542,bantu,
D0542,orang,
D0542,tuanya,
D0542,Jadi,
D0542,si,
D0542,anak,
D0542,pelaku,
D0542,ini,
D0542,merasa,
D0542,kok,
D0542,dibandingkan,
D0542,Maksud,
D0542,orang,
D0542,tuanya,
D0542,kan,
D0542,bagus,
D0542,supaya,
D0542,anak,
D0542,itu,
D0542,mau,
D0542,membantu,
D0542,kedua,
D0542,orang,
D0542,tua,
D0542,jelasnya,
D0543,Polisi,
D0543,temukan,
D0543,21,
D0543,sepeda,
D0543,motor,
D0543,hasil,
D0543,curian,
D0543,di,
D0543,sebuah,
D0543,rumah,
D0543,milik,
D0543,Herdianta,
D0543,Ginting,
D0543,di,
D0543,Desa,
D0543,Durin,
D0543,Tongkal,
D0543,Kecamatan,
D0543,Pancur,
D0543,Batu,
D0543,Kabupaten,
D0543,Deli,
D0543,Serdang,
D0543,Herdianta,
D0543,diduga,
D0543,merupakan,
D0543,personel,
D0543,TNI,
D0543,aktif,
D0543,Kapolsek,
D0543,Pancur,
D0543,Batu,
D0543,AKP,
D0543,Krisnat,
D0543,mengatakan,
D0543,21,
D0543,sepeda,
D0543,motor,
D0543,itu,
D0543,ditemukan,
D0543,pada,
D0543,Kamis,
D0543,1710,
D0543,dan,
D0543,Herdianta,
D0543,disebut,
D0543,tidak,
D0543,dapat,
D0543,menunjukkan,
D0543,suratsurat,
D0543,21,
D0543,sepeda,
D0543,motor,
D0543,itu,
D0543,Saat,
D0543,ini,
D0543,Herdianta,
D0543,Ginting,
D0543,disebut,
D0543,sedang,
D0543,diperiksa,
D0543,oleh,
D0543,POM,
D0543,TNI,
D0543,Sedang,
D0543,didalami,
D0543,rekan,
D0543,kita,
D0543,di,
D0543,PON,
D0543,TNI,
D0543,barang,
D0543,bukti,
D0543,ditemukan,
D0543,dari,
D0543,rumah,
D0543,HG,
D0543,Herdianta,
D0543,Ginting,
D0543,kata,
D0543,AKP,
D0543,Krisnat,
D0543,Sabtu,
D0543,19102024,
D0543,SCROLL,
D0543,TO,
D0543,CONTINUE,
D0543,WITH,
D0543,CONTENT,
D0543,Krisnat,
D0543,menjelaskan,
D0543,jika,
D0543,penemuan,
D0543,21,
D0543,sepeda,
D0543,motor,
D0543,itu,
D0543,bermula,
D0543,dari,
D0543,laporan,
D0543,Hendri,
D0543,Sitangkar,
D0543,yang,
D0543,kehilangan,
D0543,sepeda,
D0543,motor,
D0543,di,
D0543,depan,
D0543,rumahnya,
D0543,di,
D0543,Perumahan,
D0543,Milala,
D0543,di,
D0543,Desa,
D0543,Namobintang,
D0543,Kecamatan,
D0543,Pancur,
D0543,Batu,
D0543,Jumat,
D0543,1110,
D0543,malam,
D0543,Setelah,
D0543,itu,
D0543,polisi,
D0543,kemudian,
D0543,melakukan,
D0543,penyidikan,
D0543,Pada,
D0543,Selasa,
D0543,1510,
D0543,polisi,
D0543,kemudian,
D0543,menangkap,
D0543,tersangka,
D0543,Kasimta,
D0543,Saragih,
D0543,dan,
D0543,mengaku,
D0543,mencuri,
D0543,sepeda,
D0543,motor,
D0543,bersama,
D0543,Frans,
D0543,Andi,
D0543,Ginting,
D0543,Keduanya,
D0543,kemudian,
D0543,menjual,
D0543,sepeda,
D0543,motor,
D0543,curian,
D0543,itu,
D0543,ke,
D0543,Herdianta,
D0543,Ginting,
D0543,senilai,
D0543,Rp,
D0543,3,
D0543,juta,
D0543,Atas,
D0543,keterangan,
D0543,kedua,
D0543,tersangka,
D0543,polisi,
D0543,kemudian,
D0543,menggerebek,
D0543,rumah,
D0543,Herdianta,
D0543,Ditemukan,
D0543,21,
D0543,sepeda,
D0543,motor,
D0543,tanpa,
D0543,suratsurat,
D0543,dan,
D0543,dibawa,
D0543,ke,
D0543,Polsek,
D0543,Pancur,
D0543,Batu,
D0543,Yang,
D0543,bersangkutan,
D0543,Herdianta,
D0543,Ginting,
D0543,kita,
D0543,tanya,
D0543,dengan,
D0543,dokumen,
D0543,kendaraan,
D0543,tersebut,
D0543,namun,
D0543,yang,
D0543,bersangkutan,
D0543,tidak,
D0543,bisa,
D0543,menunjukkan,
D0543,Sehingga,
D0543,motor,
D0543,yang,
D0543,temukan,
D0543,di,
D0543,rumah,
D0543,tersebut,
D0543,sudah,
D0543,kita,
D0543,boyong,
D0543,ke,
D0543,Polsek,
D0543,Pancur,
D0543,Baru,
D0543,ucapnya,
D0543,Selain,
D0543,21,
D0543,sepeda,
D0543,motor,
D0543,di,
D0543,rumah,
D0543,Herdianta,
D0543,polisi,
D0543,juga,
D0543,mengamankan,
D0543,1,
D0543,sepeda,
D0543,motor,
D0543,saat,
D0543,menangkap,
D0543,tersangka,
D0543,Sehingga,
D0543,total,
D0543,ada,
D0543,22,
D0543,sepeda,
D0543,motor,
D0543,dan,
D0543,2,
D0543,tersangka,
D0543,yang,
D0543,diamankan,
D0543,Krisnat,
D0543,menyebutkan,
D0543,jika,
D0543,identitas,
D0543,Herdianta,
D0543,apakah,
D0543,seorang,
D0543,TNI,
D0543,masih,
D0543,didalami,
D0543,oleh,
D0543,POM,
D0543,TNI,
D0543,Polisi,
D0543,sendiri,
D0543,belum,
D0543,memeriksa,
D0543,Herdianta,
D0543,yang,
D0543,merupakan,
D0543,pemilik,
D0543,rumah,
D0543,dengan,
D0543,21,
D0543,sepeda,
D0543,motor,
D0543,bodong,
D0543,tersebut,
D0543,Sedang,
D0543,didalami,
D0543,kebenaran,
D0543,identitas,
D0543,yang,
D0543,bersangkutan,
D0543,Belum,
D0543,kita,
D0543,minta,
D0543,keterangan,
D0543,nanti,
D0543,kita,
D0543,tindak,
D0543,lanjuti,
D0543,ucapnya,
D0543,Dari,
D0543,kondisi,
D0543,sepeda,
D0543,motor,
D0543,rumah,
D0543,Herdianta,
D0543,disebut,
D0543,telah,
D0543,lama,
D0543,beroperasi,
D0543,menampung,
D0543,sepeda,
D0543,motor,
D0543,hasil,
D0543,curian,
D0543,Sebab,
D0543,ada,
D0543,sepeda,
D0543,motor,
D0543,yang,
D0543,sudah,
D0543,dalam,
D0543,kondisi,
D0543,rusak,
D0543,Berdasarkan,
D0543,fakta,
D0543,ini,
D0543,sudah,
D0543,lama,
D0543,Karena,
D0543,barang,
D0543,barang,
D0543,ini,
D0543,sudah,
D0543,ada,
D0543,yang,
D0543,kondisinya,
D0543,rusak,
D0543,ujarnya,
D0543,Kedua,
D0543,tersangka,
D0543,Kasimta,
D0543,Saragih,
D0543,dan,
D0543,Frans,
D0543,Andi,
D0543,Ginting,
D0543,dijerat,
D0543,dengan,
D0543,Pasal,
D0543,363,
D0543,KUHP,
D0543,Dengan,
D0543,ancaman,
D0543,penjara,
D0543,5,
D0543,tahun,
D0543,lebih,
D0544,Pria,
D0544,berinisial,
D0544,ID,
D0544,49,
D0544,alias,
D0544,Buyung,
D0544,Upik,
D0544,dan,
D0544,wanita,
D0544,berinisial,
D0544,M,
D0544,49,
D0544,ditangkap,
D0544,polisi,
D0544,karena,
D0544,menjadi,
D0544,bandar,
D0544,narkoba,
D0544,di,
D0544,Desa,
D0544,Tabuyung,
D0544,Kecamatan,
D0544,Muara,
D0544,Batang,
D0544,Gadis,
D0544,Kabupaten,
D0544,Mandailing,
D0544,Natal,
D0544,Madina,
D0544,Sumatera,
D0544,Utara,
D0544,ID,
D0544,dan,
D0544,M,
D0544,merupakan,
D0544,suami,
D0544,istri,
D0544,Kapolsek,
D0544,Muara,
D0544,Batang,
D0544,Gadis,
D0544,Iptu,
D0544,Akmaluddin,
D0544,mengatakan,
D0544,jika,
D0544,kedua,
D0544,tersangka,
D0544,ditangkap,
D0544,di,
D0544,rumahnya,
D0544,pada,
D0544,Kamis,
D0544,1710,
D0544,sore,
D0544,Keduanya,
D0544,kemudian,
D0544,dibawa,
D0544,ke,
D0544,Polres,
D0544,Madina,
D0544,Penangkapan,
D0544,bandar,
D0544,narkoba,
D0544,di,
D0544,wilayah,
D0544,Polsek,
D0544,Muara,
D0544,Batang,
D0544,Gadis,
D0544,berlangsung,
D0544,aman,
D0544,dan,
D0544,kondusif,
D0544,Tersangka,
D0544,dan,
D0544,barang,
D0544,bukti,
D0544,dibawa,
D0544,ke,
D0544,Polres,
D0544,Madina,
D0544,untuk,
D0544,proses,
D0544,hukum,
D0544,kata,
D0544,Akmaluddin,
D0544,dalam,
D0544,keterangannya,
D0544,Sabtu,
D0544,19102024,
D0544,SCROLL,
D0544,TO,
D0544,CONTINUE,
D0544,WITH,
D0544,CONTENT,
D0544,Dari,
D0544,tangan,
D0544,tersangka,
D0544,polisi,
D0544,mengamankan,
D0544,barang,
D0544,bukti,
D0544,narkoba,
D0544,jenis,
D0544,sabu,
D0544,sebanyak,
D0544,20637,
D0544,gram,
D0544,siap,
D0544,edar,
D0544,Sabu,
D0544,itu,
D0544,ditemukan,
D0544,dalam,
D0544,tiga,
D0544,bilah,
D0544,tempat,
D0544,1244,
D0544,garam,
D0544,dan,
D0544,167,
D0544,gram,
D0544,dua,
D0544,bungkus,
D0544,plastik,
D0544,serta,
D0544,berat,
D0544,6527,
D0544,Gram,
D0544,dipaket,
D0544,klip,
D0544,kecil,
D0544,sebanyak,
D0544,211,
D0544,paket,
D0544,Selain,
D0544,itu,
D0544,polisi,
D0544,juga,
D0544,menemukan,
D0544,narkoba,
D0544,jenis,
D0544,ganja,
D0544,di,
D0544,tiga,
D0544,tempat,
D0544,dengan,
D0544,masingmasing,
D0544,1600,
D0544,gram,
D0544,800,
D0544,gram,
D0544,dan,
D0544,1404,
D0544,gram,
D0544,dalam,
D0544,bentuk,
D0544,3,
D0544,paket,
D0544,Polisi,
D0544,juga,
D0544,menyita,
D0544,uang,
D0544,tunai,
D0544,Rp,
D0544,22580000,
D0544,dan,
D0544,bahan,
D0544,hisap,
D0544,sabu,
D0544,80,
D0544,buah,
D0544,di,
D0544,dalam,
D0544,kaleng,
D0544,rokok,
D0544,Kapolres,
D0544,Madina,
D0544,AKBP,
D0544,Arie,
D0544,Sofandi,
D0544,Paloh,
D0544,menjelaskan,
D0544,jika,
D0544,Buyung,
D0544,Upik,
D0544,merupakan,
D0544,residivis,
D0544,yang,
D0544,baru,
D0544,keluar,
D0544,9,
D0544,bulan,
D0544,lalu,
D0544,Saat,
D0544,itu,
D0544,Buyung,
D0544,ditahan,
D0544,di,
D0544,Lapas,
D0544,Kota,
D0544,Sibolga,
D0544,Arie,
D0544,menyebutkan,
D0544,tersangka,
D0544,membeli,
D0544,narkotika,
D0544,jenis,
D0544,sabu,
D0544,seberat,
D0544,200,
D0544,gram,
D0544,lebih,
D0544,seharga,
D0544,lebih,
D0544,kurang,
D0544,Rp,
D0544,130,
D0544,juta,
D0544,Tersangka,
D0544,meraup,
D0544,untung,
D0544,dari,
D0544,hasil,
D0544,penjualan,
D0544,sabu,
D0544,Rp,
D0544,100,
D0544,juta,
D0544,per,
D0544,100,
D0544,Gram,
D0544,Informasi,
D0544,sementara,
D0544,yang,
D0544,kita,
D0544,dalami,
D0544,dari,
D0544,tersangka,
D0544,dia,
D0544,menjual,
D0544,narkoba,
D0544,sejak,
D0544,Mei,
D0544,atau,
D0544,enam,
D0544,bulan,
D0544,telah,
D0544,berlalu,
D0544,sehingga,
D0544,dia,
D0544,telah,
D0544,habis,
D0544,menjual,
D0544,12,
D0544,Kilogram,
D0544,Tersangka,
D0544,sampai,
D0544,saat,
D0544,ini,
D0544,sudah,
D0544,meraup,
D0544,untung,
D0544,Rp,
D0544,450,
D0544,juta,
D0544,kata,
D0544,AKBP,
D0544,Arie,
D0544,Sofandi,
D0544,Paloh,
D0544,Berdasarkan,
D0544,keterangan,
D0544,Buyung,
D0544,Arie,
D0544,mengungkapkan,
D0544,jika,
D0544,dalam,
D0544,untuk,
D0544,ganja,
D0544,tersangka,
D0544,mendapat,
D0544,mendapat,
D0544,pasokan,
D0544,2,
D0544,kilogram,
D0544,per,
D0544,3,
D0544,bulan,
D0544,Saat,
D0544,ditangkap,
D0544,barang,
D0544,bukti,
D0544,ganja,
D0544,merupakan,
D0544,kiriman,
D0544,kedua,
D0544,Barang,
D0544,bukti,
D0544,ganja,
D0544,ini,
D0544,adalah,
D0544,kiriman,
D0544,yang,
D0544,kedua,
D0544,Untuk,
D0544,Mei,
D0544,hingga,
D0544,Juli,
D0544,sudah,
D0544,habis,
D0544,diedarkan,
D0544,tersangka,
D0544,ungkapnya,
D0544,Arie,
D0544,menuturkan,
D0544,jika,
D0544,sabu,
D0544,itu,
D0544,didapat,
D0544,dari,
D0544,teman,
D0544,Buyung,
D0544,saat,
D0544,ditahan,
D0544,di,
D0544,Lapas,
D0544,di,
D0544,Sibolga,
D0544,yang,
D0544,merupakan,
D0544,suami,
D0544,dari,
D0544,bandar,
D0544,sabu,
D0544,Dari,
D0544,informasi,
D0544,yang,
D0544,diterima,
D0544,polisi,
D0544,sabu,
D0544,itu,
D0544,didapat,
D0544,dari,
D0544,Aceh,
D0544,dan,
D0544,diterima,
D0544,tersangka,
D0544,melalui,
D0544,jasa,
D0544,pengiriman,
D0544,online,
D0544,Barang,
D0544,bukti,
D0544,ini,
D0544,kami,
D0544,peroleh,
D0544,informasi,
D0544,dari,
D0544,Aceh,
D0544,Ini,
D0544,sedang,
D0544,kami,
D0544,telusuri,
D0544,tuturnya,
D0544,Atas,
D0544,perbuatannya,
D0544,kedua,
D0544,tersangka,
D0544,dipersangkakan,
D0544,Pasal,
D0544,114,
D0544,ayat,
D0544,2,
D0544,Subs,
D0544,Pasal,
D0544,112,
D0544,ayat,
D0544,2,
D0544,Subs,
D0544,Pasal,
D0544,111,
D0544,ayat,
D0544,2,
D0544,Jo,
D0544,Pasal,
D0544,131,
D0544,UU,
D0544,RI,
D0544,nomor,
D0544,35,
D0544,Tahun,
D0544,2009,
D0544,tentang,
D0544,Narkotika,
D0544,dengan,
D0544,ancaman,
D0544,hukuman,
D0544,penjara,
D0544,maksimal,
D0544,20,
D0544,tahun,
D0545,Pria,
D0545,di,
D0545,Kabupaten,
D0545,Kudus,
D0545,Jawa,
D0545,Tengah,
D0545,berinisial,
D0545,BH,
D0545,38,
D0545,tewas,
D0545,dibunuh,
D0545,ayah,
D0545,kandungnya,
D0545,S,
D0545,65,
D0545,Pelaku,
D0545,membunuh,
D0545,korban,
D0545,karena,
D0545,kesal,
D0545,korban,
D0545,kerap,
D0545,menganiaya,
D0545,ibunya,
D0545,alias,
D0545,istri,
D0545,pelaku,
D0545,Kapolres,
D0545,Kudus,
D0545,AKBP,
D0545,Ronni,
D0545,Bonic,
D0545,mengatakan,
D0545,pelaku,
D0545,merupakan,
D0545,warga,
D0545,Desa,
D0545,DersalamKecamatan,
D0545,Bae,
D0545,Kabupaten,
D0545,Kudus,
D0545,Dari,
D0545,hasil,
D0545,pemeriksaan,
D0545,terhadap,
D0545,saksi,
D0545,yakni,
D0545,istri,
D0545,korban,
D0545,ibunya,
D0545,dan,
D0545,saudara,
D0545,korban,
D0545,korban,
D0545,kerap,
D0545,menganiaya,
D0545,dan,
D0545,mengancam,
D0545,ibu,
D0545,kandungnya,
D0545,sendiri,
D0545,hingga,
D0545,membakar,
D0545,rumah,
D0545,Korban,
D0545,melakukan,
D0545,hal,
D0545,itu,
D0545,karena,
D0545,menginginkan,
D0545,warisan,
D0545,dari,
D0545,orang,
D0545,tuanya,
D0545,Ternyata,
D0545,si,
D0545,korban,
D0545,ini,
D0545,pernah,
D0545,juga,
D0545,mengancam,
D0545,ibu,
D0545,kandungnya,
D0545,dengan,
D0545,membakar,
D0545,rumah,
D0545,dan,
D0545,memukul,
D0545,adikadiknya,
D0545,terkait,
D0545,keinginan,
D0545,dia,
D0545,dengan,
D0545,warisan,
D0545,segera,
D0545,dibagikan,
D0545,kata,
D0545,Ronni,
D0545,dilansir,
D0545,detikJateng,
D0545,Jumat,
D0545,18102024,
D0545,SCROLL,
D0545,TO,
D0545,CONTINUE,
D0545,WITH,
D0545,CONTENT,
D0545,Korban,
D0545,juga,
D0545,pernah,
D0545,memukul,
D0545,ibunya,
D0545,dengan,
D0545,tombak,
D0545,Perlakuan,
D0545,kasar,
D0545,korban,
D0545,juga,
D0545,pernah,
D0545,dirasakan,
D0545,istrinya,
D0545,Istri,
D0545,korban,
D0545,juga,
D0545,kerap,
D0545,dianiaya,
D0545,hingga,
D0545,diancam,
D0545,akan,
D0545,dibunuh,
D0545,Kemudian,
D0545,juga,
D0545,istrinya,
D0545,korban,
D0545,sering,
D0545,diancam,
D0545,dibunuh,
D0545,dan,
D0545,sering,
D0545,dianiaya,
D0545,jika,
D0545,soal,
D0545,uang,
D0545,diminta,
D0545,oleh,
D0545,tersangka,
D0545,tidak,
D0545,dipenuhi,
D0545,jelas,
D0545,Ronni,
D0545,Kemudian,
D0545,juga,
D0545,sering,
D0545,mengalami,
D0545,ancaman,
D0545,secara,
D0545,verbal,
D0545,maupun,
D0545,benda,
D0545,tumpul,
D0545,sehingga,
D0545,adiknya,
D0545,ini,
D0545,trauma,
D0545,kepada,
D0545,tersangka,
D0545,imbuh,
D0545,Ronni,
D0545,Polisi,
D0545,juga,
D0545,menerima,
D0545,laporan,
D0545,bahwa,
D0545,korban,
D0545,kerap,
D0545,minumminuman,
D0545,keras,
D0545,hingga,
D0545,bermain,
D0545,judi,
D0545,online,
D0545,Kemudian,
D0545,informasi,
D0545,ternyata,
D0545,korban,
D0545,setiap,
D0545,dapat,
D0545,uang,
D0545,selalu,
D0545,dia,
D0545,menggunakan,
D0545,untuk,
D0545,minuman,
D0545,keras,
D0545,dan,
D0545,juga,
D0545,sering,
D0545,main,
D0545,judi,
D0545,online,
D0545,Ini,
D0545,juga,
D0545,kita,
D0545,periksa,
D0545,dari,
D0545,berbagai,
D0545,situs,
D0545,yang,
D0545,ada,
D0545,di,
D0545,HP,
D0545,korban,
D0545,terang,
D0545,Ronni,
D0545,Hal,
D0545,itu,
D0545,lah,
D0545,yang,
D0545,membuat,
D0545,pelaku,
D0545,yakni,
D0545,ayah,
D0545,korban,
D0545,emosi,
D0545,hingga,
D0545,menganiaya,
D0545,korban,
D0545,hingga,
D0545,tewas,
D0545,Pelaku,
D0545,memukul,
D0545,korban,
D0545,dengan,
D0545,linggis,
D0545,di,
D0545,bagian,
D0545,kepala,
D0545,hingga,
D0545,tewas,
D0545,seketika,
D0545,Alasan,
D0545,motif,
D0545,ini,
D0545,lah,
D0545,yang,
D0545,menjadi,
D0545,pelaku,
D0545,sehingga,
D0545,akibat,
D0545,perbuatan,
D0545,si,
D0545,korban,
D0545,yang,
D0545,sering,
D0545,melakukan,
D0545,kekerasan,
D0545,verbal,
D0545,fisik,
D0545,sehingga,
D0545,akhirnya,
D0545,pelaku,
D0545,melakukan,
D0545,tindakan,
D0545,seperti,
D0545,itu,
D0545,terang,
D0545,dia,
D0545,Ronni,
D0545,juga,
D0545,menyebut,
D0545,korban,
D0545,seharihari,
D0545,tidak,
D0545,bekerja,
D0545,Korban,
D0545,merupakan,
D0545,anggota,
D0545,salah,
D0545,satu,
D0545,ormas,
D0545,serta,
D0545,residivis,
D0545,sejumlah,
D0545,kasus,
D0545,Kemudian,
D0545,juga,
D0545,korban,
D0545,merupakan,
D0545,residivis,
D0545,ada,
D0545,beberapa,
D0545,kasus,
D0545,yang,
D0545,pernah,
D0545,diproses,
D0545,oleh,
D0545,korban,
D0545,Hasil,
D0545,pendataan,
D0545,ada,
D0545,beberapa,
D0545,kasus,
D0545,pencurian,
D0545,burung,
D0545,kicau,
D0545,kasus,
D0545,penganiayaan,
D0545,juga,
D0545,pernah,
D0545,terlibat,
D0545,kasus,
D0545,kekerasan,
D0545,dengan,
D0545,gabung,
D0545,kelompok,
D0545,Lampung,
D0545,Korban,
D0545,ini,
D0545,pernah,
D0545,menjalani,
D0545,tahanan,
D0545,di,
D0545,LP,
D0545,Nusakambangan,
D0545,terang,
D0545,dia,
D0546,Viral,
D0546,di,
D0546,media,
D0546,sosial,
D0546,seorang,
D0546,driver,
D0546,ojek,
D0546,online,
D0546,Ojol,
D0546,yang,
D0546,mencuri,
D0546,uang,
D0546,sebesar,
D0546,Rp,
D0546,36,
D0546,juta,
D0546,milik,
D0546,wanita,
D0546,berinisial,
D0546,NU,
D0546,25,
D0546,di,
D0546,Makassar,
D0546,Sulsel,
D0546,Pelaku,
D0546,menguras,
D0546,uang,
D0546,tabungan,
D0546,korban,
D0546,dari,
D0546,ATM,
D0546,yang,
D0546,diambil,
D0546,dari,
D0546,dompet,
D0546,korban,
D0546,yang,
D0546,ditemukannya,
D0546,Pelaku,
D0546,yang,
D0546,bernama,
D0546,Seprianus,
D0546,Palebangan,
D0546,33,
D0546,itu,
D0546,pun,
D0546,akhirnya,
D0546,ditangkap,
D0546,Polisi,
D0546,mengungkap,
D0546,korban,
D0546,awalnya,
D0546,kehilangan,
D0546,dompet,
D0546,Pelaku,
D0546,merupakan,
D0546,penemu,
D0546,dompet,
D0546,korban,
D0546,Mendapati,
D0546,dompet,
D0546,korban,
D0546,berisi,
D0546,ATM,
D0546,dan,
D0546,KTP,
D0546,pelaku,
D0546,lalu,
D0546,menguras,
D0546,uang,
D0546,dari,
D0546,ATM,
D0546,korban,
D0546,Kronologisnya,
D0546,korban,
D0546,sempat,
D0546,kehilangan,
D0546,dompet,
D0546,dan,
D0546,kemudian,
D0546,ditemukan,
D0546,oleh,
D0546,lelaki,
D0546,terduga,
D0546,pelaku,
D0546,S,
D0546,pekerjaan,
D0546,sebagai,
D0546,ojol,
D0546,dan,
D0546,menarik,
D0546,isi,
D0546,ATM,
D0546,korban,
D0546,ujar,
D0546,Kanit,
D0546,Reskrim,
D0546,Polsek,
D0546,Biringkanaya,
D0546,Iptu,
D0546,Suryadi,
D0546,Syamal,
D0546,pada,
D0546,Rabu,
D0546,16102024,
D0546,SCROLL,
D0546,TO,
D0546,CONTINUE,
D0546,WITH,
D0546,CONTENT,
D0546,Korban,
D0546,kehilangan,
D0546,dompet,
D0546,di,
D0546,jalanan,
D0546,sekitar,
D0546,wilayah,
D0546,Kecamatan,
D0546,Biringkanaya,
D0546,Kota,
D0546,Makassar,
D0546,Selasa,
D0546,179,
D0546,Korban,
D0546,pun,
D0546,membuat,
D0546,laporan,
D0546,ke,
D0546,Polsek,
D0546,Biringkanaya,
D0546,dan,
D0546,langsung,
D0546,dilakukan,
D0546,penyelidikan,
D0546,Pelaku,
D0546,akhirnya,
D0546,ditangkap,
D0546,di,
D0546,wilayah,
D0546,Jalan,
D0546,Perintis,
D0546,Kemerdekaan,
D0546,pada,
D0546,Minggu,
D0546,1310,
D0546,Dilakukan,
D0546,penyelidikan,
D0546,dan,
D0546,mendapat,
D0546,informasi,
D0546,bahwa,
D0546,terduga,
D0546,pelaku,
D0546,berada,
D0546,di,
D0546,SPBU,
D0546,depan,
D0546,Mapolda,
D0546,Sulsel,
D0546,hingga,
D0546,anggota,
D0546,mengamankannya,
D0546,ungkap,
D0546,Suryadi,
D0546,Usai,
D0546,ditangkap,
D0546,pelaku,
D0546,mengaku,
D0546,telah,
D0546,menguras,
D0546,ATM,
D0546,korban,
D0546,untuk,
D0546,kebutuhan,
D0546,pribadi,
D0546,seperti,
D0546,membayar,
D0546,uang,
D0546,BPKB,
D0546,kendaraan,
D0546,membayar,
D0546,sewa,
D0546,rumah,
D0546,hingga,
D0546,menebus,
D0546,cincin,
D0546,Menurut,
D0546,pengakuan,
D0546,terduga,
D0546,pelaku,
D0546,total,
D0546,uang,
D0546,yang,
D0546,ditarik,
D0546,sebesar,
D0546,Rp,
D0546,36,
D0546,juta,
D0546,dipakai,
D0546,untuk,
D0546,menebus,
D0546,BPKB,
D0546,motor,
D0546,menebus,
D0546,cincin,
D0546,dan,
D0546,membayar,
D0546,kontrakan,
D0546,rumah,
D0546,kata,
D0546,Suryadi,
D0546,Pelaku,
D0546,menguras,
D0546,uang,
D0546,korban,
D0546,secara,
D0546,bertahap,
D0546,tiga,
D0546,kali,
D0546,Akibat,
D0546,perbuatannya,
D0546,pelaku,
D0546,dikenakan,
D0546,pasal,
D0546,pencurian,
D0546,dengan,
D0546,ancaman,
D0546,hukuman,
D0546,lima,
D0546,tahun,
D0546,penjara,
D0546,Pasal,
D0546,362,
D0546,KUHP,
D0546,ancaman,
D0546,hukuman,
D0546,lima,
D0546,tahun,
D0546,penjara,
D0546,tuturnya,
D0547,Nyawa,
D0547,pemuda,
D0547,ini,
D0547,melayang,
D0547,setelah,
D0547,ditikam,
D0547,adiknya,
D0547,sendiri,
D0547,di,
D0547,rumahnya,
D0547,di,
D0547,Jalan,
D0547,Cipta,
D0547,Karya,
D0547,Kota,
D0547,Pekanbaru,
D0547,Riau,
D0547,Peristiwa,
D0547,itu,
D0547,terjadi,
D0547,diduga,
D0547,gegara,
D0547,persoalan,
D0547,gula,
D0547,Kasat,
D0547,Reskrim,
D0547,Polresta,
D0547,Pekanbaru,
D0547,Kompol,
D0547,Berry,
D0547,Juana,
D0547,mengatakan,
D0547,peristiwa,
D0547,mematikan,
D0547,itu,
D0547,terjadi,
D0547,pada,
D0547,Kamis,
D0547,17102024,
D0547,pagi,
D0547,Adapun,
D0547,korban,
D0547,adalah,
D0547,Nofriko,
D0547,33,
D0547,dan,
D0547,pelaku,
D0547,adalah,
D0547,Agus,
D0547,Fajri,
D0547,Firdaus,
D0547,25,
D0547,Pagi,
D0547,tadi,
D0547,sekitar,
D0547,pukul,
D0547,0730,
D0547,WIB,
D0547,korban,
D0547,mendatangi,
D0547,ibunya,
D0547,yang,
D0547,sedang,
D0547,mencuci,
D0547,piring,
D0547,Dia,
D0547,menanyakan,
D0547,gula,
D0547,kata,
D0547,Berry,
D0547,Kamis,
D0547,1710,
D0547,SCROLL,
D0547,TO,
D0547,CONTINUE,
D0547,WITH,
D0547,CONTENT,
D0547,Berry,
D0547,bercerita,
D0547,ketika,
D0547,itu,
D0547,ibu,
D0547,korban,
D0547,menyebut,
D0547,bahwa,
D0547,gula,
D0547,sudah,
D0547,habis,
D0547,Sang,
D0547,ibu,
D0547,meminta,
D0547,korban,
D0547,untuk,
D0547,membeli,
D0547,sendiri,
D0547,gula,
D0547,di,
D0547,warung,
D0547,dan,
D0547,bikin,
D0547,korban,
D0547,marah,
D0547,Saat,
D0547,itulah,
D0547,terjadi,
D0547,cekcok,
D0547,antara,
D0547,korban,
D0547,dengan,
D0547,ibunya,
D0547,Kemudian,
D0547,pelaku,
D0547,terbangun,
D0547,dari,
D0547,tidurnya,
D0547,mendengar,
D0547,percekcokan,
D0547,antara,
D0547,abang,
D0547,dan,
D0547,ibunya,
D0547,itu,
D0547,Adik,
D0547,korban,
D0547,ini,
D0547,bangun,
D0547,tidur,
D0547,mendengar,
D0547,abang,
D0547,dan,
D0547,ibunya,
D0547,ribut,
D0547,dan,
D0547,dia,
D0547,menegur,
D0547,Justru,
D0547,karena,
D0547,ditegur,
D0547,terjadi,
D0547,keributan,
D0547,di,
D0547,situ,
D0547,kata,
D0547,Berry,
D0547,Tanpa,
D0547,basabasi,
D0547,pelaku,
D0547,masuk,
D0547,ke,
D0547,dapur,
D0547,mengambil,
D0547,pisau,
D0547,Pelaku,
D0547,terus,
D0547,menusuk,
D0547,perut,
D0547,korban,
D0547,tepat,
D0547,di,
D0547,rusuk,
D0547,sebelah,
D0547,kiri,
D0547,Akibat,
D0547,dari,
D0547,itu,
D0547,korban,
D0547,tersungkur,
D0547,di,
D0547,belakang,
D0547,dapur,
D0547,bersimbah,
D0547,darah,
D0547,Korban,
D0547,tewas,
D0547,di,
D0547,lokasi,
D0547,kejadian,
D0547,dan,
D0547,langsung,
D0547,dilaporkan,
D0547,kepada,
D0547,Ketua,
D0547,RW,
D0547,11,
D0547,Zulfikar,
D0547,Sinambela,
D0547,Korban,
D0547,meninggal,
D0547,di,
D0547,lokasi,
D0547,kejadian,
D0547,dan,
D0547,pelaku,
D0547,juga,
D0547,telah,
D0547,diamankan,
D0547,di,
D0547,lokasi,
D0547,oleh,
D0547,Bhabinkamtibmas,
D0547,Aiptu,
D0547,Hendri,
D0547,Zein,
D0547,Motif,
D0547,karena,
D0547,cekcok,
D0547,keluarga,
D0547,pelaku,
D0547,adik,
D0547,korban,
D0547,kata,
D0547,Berry,
D0548,Nasib,
D0548,apes,
D0548,dialami,
D0548,oleh,
D0548,seorang,
D0548,pemuda,
D0548,bernama,
D0548,Arya,
D0548,Pratama,
D0548,23,
D0548,di,
D0548,Pekanbaru,
D0548,Riau,
D0548,Niat,
D0548,membuntuti,
D0548,pacar,
D0548,jalan,
D0548,dengan,
D0548,pria,
D0548,lain,
D0548,malah,
D0548,dipukuli,
D0548,hingga,
D0548,tersungkur,
D0548,dalam,
D0548,parit,
D0548,dan,
D0548,tewas,
D0548,Peristiwa,
D0548,itu,
D0548,diketahui,
D0548,terjadi,
D0548,pada,
D0548,Rabu,
D0548,1610,
D0548,malam,
D0548,Mulanya,
D0548,Arya,
D0548,sedang,
D0548,dalam,
D0548,perjalanan,
D0548,bersama,
D0548,temantemannya,
D0548,Tibatiba,
D0548,dia,
D0548,melihat,
D0548,pacarnya,
D0548,bareng,
D0548,pria,
D0548,lain,
D0548,Saat,
D0548,dalam,
D0548,perjalanan,
D0548,korban,
D0548,dan,
D0548,temantemannya,
D0548,melihat,
D0548,pacarnya,
D0548,bersama,
D0548,lakilaki,
D0548,lain,
D0548,Posisi,
D0548,boncengan,
D0548,dengan,
D0548,sepeda,
D0548,motor,
D0548,di,
D0548,SPBU,
D0548,Arifin,
D0548,Ahmad,
D0548,kata,
D0548,Kasat,
D0548,Reskrim,
D0548,Polresta,
D0548,Pekanbaru,
D0548,Kompol,
D0548,Berry,
D0548,Juana,
D0548,Kamis,
D0548,17102024,
D0548,SCROLL,
D0548,TO,
D0548,CONTINUE,
D0548,WITH,
D0548,CONTENT,
D0548,Melihat,
D0548,hal,
D0548,itu,
D0548,korban,
D0548,dan,
D0548,temantemannya,
D0548,kemudian,
D0548,membuntuti,
D0548,sepeda,
D0548,motor,
D0548,tersebut,
D0548,di,
D0548,Jalan,
D0548,Arifin,
D0548,Achmad,
D0548,Pekanbaru,
D0548,Melihat,
D0548,dibuntuti,
D0548,pria,
D0548,yang,
D0548,membonceng,
D0548,pacar,
D0548,korban,
D0548,itu,
D0548,berhenti,
D0548,tepat,
D0548,di,
D0548,depan,
D0548,Taman,
D0548,Bunga,
D0548,Eko,
D0548,Flower,
D0548,Korban,
D0548,dan,
D0548,temantemannya,
D0548,pun,
D0548,ikut,
D0548,berhenti,
D0548,Korban,
D0548,lalu,
D0548,memanggil,
D0548,pacarnya,
D0548,dan,
D0548,meminta,
D0548,penjelasan,
D0548,Korban,
D0548,memanggil,
D0548,teman,
D0548,perempuannya,
D0548,atau,
D0548,pacarnya,
D0548,untuk,
D0548,meminta,
D0548,penjelasan,
D0548,terkait,
D0548,siapa,
D0548,lakilaki,
D0548,dengannya,
D0548,Tak,
D0548,lama,
D0548,tibatiba,
D0548,datang,
D0548,teman,
D0548,dari,
D0548,lakilaki,
D0548,sekitar,
D0548,2,
D0548,orang,
D0548,kata,
D0548,Berry,
D0548,Tanpa,
D0548,basabasi,
D0548,keduanya,
D0548,memukuli,
D0548,korban,
D0548,hingga,
D0548,tersungkur,
D0548,dalam,
D0548,parit,
D0548,Dua,
D0548,teman,
D0548,korban,
D0548,coba,
D0548,menolong,
D0548,dan,
D0548,coba,
D0548,menarik,
D0548,keluar,
D0548,dari,
D0548,parit,
D0548,namun,
D0548,mereka,
D0548,pun,
D0548,dipukuli,
D0548,Teman,
D0548,korban,
D0548,mencoba,
D0548,membantu,
D0548,korban,
D0548,untuk,
D0548,menaikkan,
D0548,ke,
D0548,atas,
D0548,Namun,
D0548,lakilaki,
D0548,yang,
D0548,bersama,
D0548,pacar,
D0548,korban,
D0548,memukul,
D0548,saksi,
D0548,1,
D0548,dan,
D0548,saksi,
D0548,2,
D0548,Melihat,
D0548,itu,
D0548,saksi,
D0548,lain,
D0548,beteriak,
D0548,minta,
D0548,tolong,
D0548,dan,
D0548,masyarakat,
D0548,berdatangan,
D0548,kata,
D0548,Berry,
D0548,Temanteman,
D0548,korban,
D0548,lalu,
D0548,mengevakuasi,
D0548,ke,
D0548,RS,
D0548,Syafira,
D0548,Pekanbaru,
D0548,dalam,
D0548,kondisi,
D0548,tidak,
D0548,sadarkan,
D0548,diri,
D0548,Setiba,
D0548,di,
D0548,rumah,
D0548,sakit,
D0548,korban,
D0548,dinyatakan,
D0548,telah,
D0548,meninggal,
D0548,dunia,
D0548,Hasil,
D0548,pemeriksaan,
D0548,sejumlah,
D0548,saksisaksi,
D0548,di,
D0548,lokasi,
D0548,memang,
D0548,korban,
D0548,ada,
D0548,minta,
D0548,dampingi,
D0548,untuk,
D0548,membuntuti,
D0548,pacarnya,
D0548,Mereka,
D0548,sama,
D0548,korban,
D0548,dihubungi,
D0548,pukul,
D0548,2000,
D0548,WIB,
D0548,kejadian,
D0548,2350,
D0548,WIB,
D0548,kata,
D0548,Berry,
D0548,Polisi,
D0548,yang,
D0548,menerima,
D0548,laporan,
D0548,langsung,
D0548,ke,
D0548,lokasi,
D0548,dan,
D0548,memeriksa,
D0548,sejumlah,
D0548,saksi,
D0548,Tak,
D0548,butuh,
D0548,waktu,
D0548,lama,
D0548,dua,
D0548,pelaku,
D0548,langsung,
D0548,dibekuk,
D0548,Satreskrim,
D0548,Polresta,
D0548,Pekanbaru,
D0548,dan,
D0548,Polsek,
D0548,Bukit,
D0548,Raya,
D0548,Pelaku,
D0548,yang,
D0548,sudah,
D0548,diamankan,
D0548,ada,
D0548,2,
D0548,yakni,
D0548,Irvandi,
D0548,dan,
D0548,Muhammad,
D0548,Ikhsan,
D0548,Maulana,
D0548,Lubis,
D0548,Namun,
D0548,ada,
D0548,lagi,
D0548,yang,
D0548,masih,
D0548,DPO,
D0548,RE,
D0548,kata,
D0548,Berry,
D0549,Seorang,
D0549,pria,
D0549,bernama,
D0549,Supardi,
D0549,36,
D0549,menikam,
D0549,temannya,
D0549,sesama,
D0549,Linmas,
D0549,Asdar,
D0549,38,
D0549,hingga,
D0549,tewas,
D0549,di,
D0549,Makassar,
D0549,Sulawesi,
D0549,Selatan,
D0549,Sulsel,
D0549,Atas,
D0549,aksinya,
D0549,itu,
D0549,Supardi,
D0549,pun,
D0549,ditangkap,
D0549,Peristiwa,
D0549,penikaman,
D0549,itu,
D0549,diketahui,
D0549,terjadi,
D0549,di,
D0549,Jalan,
D0549,Beringin,
D0549,Raya,
D0549,Timur,
D0549,Kecamatan,
D0549,Rappocini,
D0549,Makassar,
D0549,Kamis,
D0549,17102024,
D0549,sekitar,
D0549,pukul,
D0549,0030,
D0549,Wita,
D0549,Usai,
D0549,menikam,
D0549,Supardi,
D0549,melarikan,
D0549,diri,
D0549,dan,
D0549,berhasil,
D0549,ditangkap,
D0549,kurang,
D0549,dari,
D0549,24,
D0549,jam,
D0549,setelah,
D0549,kejadian,
D0549,Kita,
D0549,telah,
D0549,mengamankan,
D0549,pelaku,
D0549,pembunuhan,
D0549,yang,
D0549,mana,
D0549,tempat,
D0549,kejadian,
D0549,perkara,
D0549,yaitu,
D0549,di,
D0549,Beringin,
D0549,di,
D0549,Kecamatan,
D0549,Rappocini,
D0549,kata,
D0549,Panit,
D0549,3,
D0549,Resmob,
D0549,Polda,
D0549,Sulsel,
D0549,Ipda,
D0549,Arkam,
D0549,Kamis,
D0549,1710,
D0549,melansir,
D0549,detikSulsel,
D0549,SCROLL,
D0549,TO,
D0549,CONTINUE,
D0549,WITH,
D0549,CONTENT,
D0549,Arkam,
D0549,mengatakan,
D0549,pelaku,
D0549,ditangkap,
D0549,di,
D0549,rumah,
D0549,keluarganya,
D0549,di,
D0549,Jalan,
D0549,Faisal,
D0549,Makassar,
D0549,Arkam,
D0549,mengatakan,
D0549,penikaman,
D0549,itu,
D0549,dipicu,
D0549,ketersinggungan,
D0549,antara,
D0549,pelaku,
D0549,dan,
D0549,korban,
D0549,Kami,
D0549,telah,
D0549,melakukan,
D0549,penyelidikan,
D0549,dan,
D0549,pengembangan,
D0549,setelah,
D0549,itu,
D0549,kami,
D0549,mengumpulkan,
D0549,bahanbahan,
D0549,informasi,
D0549,atau,
D0549,bukti,
D0549,petunjuk,
D0549,di,
D0549,lapangan,
D0549,bahwa,
D0549,pihak,
D0549,pelaku,
D0549,dan,
D0549,korban,
D0549,adanya,
D0549,ketersinggungan,
D0549,sebelum,
D0549,kejadian,
D0549,jelas,
D0549,Arkam,
D0549,Pelaku,
D0549,sempat,
D0549,meminumminuman,
D0549,keras,
D0549,memang,
D0549,pelaku,
D0549,sakit,
D0549,hati,
D0549,karena,
D0549,dari,
D0549,pihak,
D0549,korban,
D0549,pernah,
D0549,membenturkan,
D0549,kepala,
D0549,pelaku,
D0549,ke,
D0549,salah,
D0549,satu,
D0549,tembok,
D0549,dekat,
D0549,rumah,
D0549,korban,
D0549,lanjutnya,
D0549,Arkam,
D0549,menambahkan,
D0549,pihaknya,
D0549,juga,
D0549,mengamankan,
D0549,barang,
D0549,bukti,
D0549,pisau,
D0549,yang,
D0549,digunakan,
D0549,pelaku,
D0549,Saat,
D0549,ini,
D0549,pelaku,
D0549,dan,
D0549,barang,
D0549,bukti,
D0549,telah,
D0549,diamankan,
D0549,di,
D0549,Polsek,
D0549,Rappocini,
D0549,Adapun,
D0549,barang,
D0549,bukti,
D0549,diamankan,
D0549,sebilah,
D0549,pisau,
D0549,dapur,
D0549,yang,
D0549,digunakan,
D0549,pelaku,
D0549,menusuk,
D0549,korban,
D0549,tuturnya,
D0550,Miris,
D0550,seorang,
D0550,siswi,
D0550,SMPN,
D0550,1,
D0550,Nubatukan,
D0550,Kabupaten,
D0550,Lembata,
D0550,Nusa,
D0550,Tenggara,
D0550,Timur,
D0550,NTT,
D0550,bernama,
D0550,Meiya,
D0550,Chatlin,
D0550,Witak,
D0550,disiram,
D0550,air,
D0550,keras,
D0550,oleh,
D0550,sepupunya,
D0550,Charles,
D0550,Arif,
D0550,Akibatnya,
D0550,mata,
D0550,korban,
D0550,terluka,
D0550,parah,
D0550,hingga,
D0550,harus,
D0550,dilarikan,
D0550,ke,
D0550,RSUD,
D0550,Lembata,
D0550,dan,
D0550,dirujuk,
D0550,ke,
D0550,RSUP,
D0550,Prof,
D0550,Ngoerah,
D0550,Denpasar,
D0550,Bali,
D0550,Kejadian,
D0550,mengenaskan,
D0550,itu,
D0550,terjadi,
D0550,saat,
D0550,Meiya,
D0550,berangkat,
D0550,ke,
D0550,sekolah,
D0550,pada,
D0550,Senin,
D0550,14102024,
D0550,pagi,
D0550,Charles,
D0550,membuntuti,
D0550,Meiya,
D0550,hingga,
D0550,ke,
D0550,TKP,
D0550,Agar,
D0550,tak,
D0550,ketahuan,
D0550,ia,
D0550,mengenakan,
D0550,kerudung,
D0550,abuabu,
D0550,dan,
D0550,jaket,
D0550,hoodie,
D0550,putih,
D0550,Setiba,
D0550,di,
D0550,depan,
D0550,Laboratorium,
D0550,Santi,
D0550,Kota,
D0550,Baru,
D0550,Lembata,
D0550,Charles,
D0550,langsung,
D0550,menyiram,
D0550,Meiya,
D0550,dengan,
D0550,air,
D0550,keras,
D0550,yang,
D0550,terbuat,
D0550,dari,
D0550,air,
D0550,panas,
D0550,dicampur,
D0550,soda,
D0550,api,
D0550,dan,
D0550,kabur,
D0550,Setelah,
D0550,menyiram,
D0550,anak,
D0550,korban,
D0550,pelaku,
D0550,langsung,
D0550,melarikan,
D0550,diri,
D0550,menggunakan,
D0550,sepeda,
D0550,motor,
D0550,berwarna,
D0550,merah,
D0550,kata,
D0550,Donni,
D0550,Selasa,
D0550,SCROLL,
D0550,TO,
D0550,CONTINUE,
D0550,WITH,
D0550,CONTENT,
D0550,Akibat,
D0550,aksi,
D0550,sepupunya,
D0550,itu,
D0550,siswi,
D0550,SMP,
D0550,tersebut,
D0550,pun,
D0550,mengalami,
D0550,luka,
D0550,serius,
D0550,di,
D0550,kedua,
D0550,matanya,
D0550,Pelaku,
D0550,merupakan,
D0550,pria,
D0550,berusia,
D0550,49,
D0550,tahun,
D0550,Ia,
D0550,diduga,
D0550,melakukan,
D0550,aksinya,
D0550,karena,
D0550,sakit,
D0550,hati,
D0550,perasaannya,
D0550,tidak,
D0550,direspons,
D0550,Meiya,
D0550,Selama,
D0550,ini,
D0550,Charles,
D0550,yang,
D0550,merupakan,
D0550,seorang,
D0550,petani,
D0550,itu,
D0550,sering,
D0550,membuntuti,
D0550,Meiya,
D0550,Motif,
D0550,pelaku,
D0550,karena,
D0550,sakit,
D0550,hati,
D0550,akibat,
D0550,rasa,
D0550,sayang,
D0550,dan,
D0550,suka,
D0550,terhadap,
D0550,korban,
D0550,tidak,
D0550,mendapatkan,
D0550,respons,
D0550,ungkap,
D0550,Kasat,
D0550,Reskrim,
D0550,Polres,
D0550,Lembata,
D0550,Iptu,
D0550,Donni,
D0550,Sare,
D0550,Pelaku,
D0550,ditangkap,
D0550,saat,
D0550,menjenguk,
D0550,korban,
D0550,di,
D0550,Rumah,
D0550,Sakit,
D0550,Umum,
D0550,Lewoleba,
D0550,sekitar,
D0550,pukul,
D0550,2000,
D0550,Wita,
D0550,Senin,
D0550,14102024,
D0550,Polisi,
D0550,mengatakan,
D0550,Charles,
D0550,Arif,
D0550,alias,
D0550,KoCen,
D0550,sengaja,
D0550,menyiram,
D0550,wajah,
D0550,korban,
D0550,dengan,
D0550,air,
D0550,keras,
D0550,racikan,
D0550,sendiri,
D0550,yang,
D0550,ia,
D0550,pelajari,
D0550,saat,
D0550,merantau,
D0550,di,
D0550,Batam,
D0550,Kepri,
D0550,Mungkin,
D0550,dia,
D0550,dapat,
D0550,belajar,
D0550,di,
D0550,tempat,
D0550,rantauan,
D0550,Dia,
D0550,masak,
D0550,air,
D0550,sampai,
D0550,mendidih,
D0550,baru,
D0550,dia,
D0550,campur,
D0550,soda,
D0550,Pelaku,
D0550,sudah,
D0550,merencanakan,
D0550,segalanya,
D0550,kata,
D0550,Kasubsi,
D0550,PIDM,
D0550,Sihumas,
D0550,Polres,
D0550,Lembata,
D0550,Bripka,
D0550,Tommy,
D0550,VA,
D0550,Bartels,
D0550,Selasa,
D0550,15102024,
D0550,Saat,
D0550,diinterogasi,
D0550,polisi,
D0550,pelaku,
D0550,Charles,
D0550,mengaku,
D0550,melakukan,
D0550,aksinya,
D0550,karena,
D0550,sakit,
D0550,hati,
D0550,Ia,
D0550,pun,
D0550,mau,
D0550,korban,
D0550,cacat,
D0550,lantaran,
D0550,korban,
D0550,tak,
D0550,merespons,
D0550,pernyataan,
D0550,cintanya,
D0550,Karena,
D0550,saya,
D0550,sakit,
D0550,hati,
D0550,Jadi,
D0550,kalau,
D0550,rusak,
D0550,ya,
D0550,rusak,
D0550,satu,
D0550,kali,
D0550,Saya,
D0550,hancur,
D0550,dia,
D0550,juga,
D0550,hancur,
D0550,cacat,
D0550,ujar,
D0550,Charles,
D0550,saat,
D0550,diinterogasi,
D0550,polisi,
D0550,Belakangan,
D0550,terungkap,
D0550,bahwa,
D0550,Charles,
D0550,masih,
D0550,memiliki,
D0550,hubungan,
D0550,keluarga,
D0550,dengan,
D0550,Meiya,
D0550,Atas,
D0550,perbuatannya,
D0550,Charles,
D0550,dijerat,
D0550,dengan,
D0550,Pasal,
D0550,354,
D0550,ayat,
D0550,1,
D0550,KUHP,
D0550,tentang,
D0550,Penganiayaan,
D0550,Berat,
D0550,yang,
D0550,Dilakukan,
D0550,dengan,
D0550,Rencana,
D0550,Ia,
D0550,terancam,
D0550,pidana,
D0550,penjara,
D0550,12,
D0550,tahun,
D0550,Direktur,
D0550,RSUD,
D0550,Lembata,
D0550,Yosep,
D0550,Freinademetz,
D0550,Paun,
D0550,mengungkap,
D0550,dokter,
D0550,ahli,
D0550,diRSUP,
D0550,Prof,
D0550,Ngoerah,
D0550,sudah,
D0550,menyetujui,
D0550,Meiya,
D0550,dirujuk,
D0550,setelah,
D0550,melihat,
D0550,fase,
D0550,akutnya,
D0550,mereda,
D0550,pada,
D0550,Rabu,
D0550,16102024,
D0550,Kami,
D0550,zoom,
D0550,meeting,
D0550,bersama,
D0550,RSUP,
D0550,Prof,
D0550,Ngoerah,
D0550,khusus,
D0550,bagian,
D0550,mata,
D0550,Seharusnya,
D0550,hari,
D0550,ini,
D0550,Kamis,
D0550,17102024,
D0550,sudah,
D0550,bisa,
D0550,pulang,
D0550,sehingga,
D0550,bisa,
D0550,dirujuk,
D0550,kata,
D0550,Yosepdilansir,
D0550,daridetikBali,
D0550,Kamis,
D0550,17102024,
D0550,Menurut,
D0550,Yosep,
D0550,korban,
D0550,akandijemput,
D0550,di,
D0550,bandara,
D0550,oleh,
D0550,Yayasan,
D0550,Meci,
D0550,Angi,
D0550,Bali,
D0550,untuk,
D0550,dilakukan,
D0550,pendampingan,
D0550,selama,
D0550,perawatan,
D0550,Dokter,
D0550,di,
D0550,RSUP,
D0550,Prof,
D0550,Ngoerah,
D0550,menghendaki,
D0550,supaya,
D0550,langsung,
D0550,rujuk,
D0550,hari,
D0550,ini,
D0550,Supaya,
D0550,cepat,
D0550,akan,
D0550,dimasukkan,
D0550,ke,
D0550,IGD,
D0550,tandasnya,
D0551,Jatanras,
D0551,Direskrimum,
D0551,Polda,
D0551,Jawa,
D0551,Timur,
D0551,meringkus,
D0551,pelaku,
D0551,curanmor,
D0551,puluhan,
D0551,TKP,
D0551,lintas,
D0551,kotakabupaten,
D0551,di,
D0551,Jawa,
D0551,Timur,
D0551,Ia,
D0551,adalah,
D0551,pemuda,
D0551,inisial,
D0551,HBR,
D0551,25,
D0551,asal,
D0551,Pasuruan,
D0551,HBR,
D0551,menjalankan,
D0551,aksi,
D0551,mencuri,
D0551,motor,
D0551,warga,
D0551,di,
D0551,sekitar,
D0551,Kota,
D0551,Malang,
D0551,Kabupaten,
D0551,Malang,
D0551,Pasuruan,
D0551,serta,
D0551,Sidoarjo,
D0551,Dia,
D0551,bekerja,
D0551,sama,
D0551,dengan,
D0551,rekannya,
D0551,berinisial,
D0551,S,
D0551,yang,
D0551,saat,
D0551,ini,
D0551,menjadi,
D0551,DPO,
D0551,Ada,
D0551,satu,
D0551,lagi,
D0551,rekannya,
D0551,yang,
D0551,lain,
D0551,berinisial,
D0551,S,
D0551,pula,
D0551,yang,
D0551,saat,
D0551,ini,
D0551,ditahan,
D0551,di,
D0551,Lapas,
D0551,Lowokwaru,
D0551,Kota,
D0551,Malang,
D0551,Kasubdit,
D0551,III,
D0551,Jatanras,
D0551,Polda,
D0551,Jatim,
D0551,AKBP,
D0551,Arbaridi,
D0551,Jumhur,
D0551,mengatakan,
D0551,HBR,
D0551,diringkus,
D0551,berdasarkan,
D0551,laporan,
D0551,korban,
D0551,inisial,
D0551,M,
D0551,warga,
D0551,Balongbendo,
D0551,Sidoarjo,
D0551,ke,
D0551,polsek,
D0551,Korban,
D0551,mengaku,
D0551,kehilangan,
D0551,motornya,
D0551,pada,
D0551,25,
D0551,Mei,
D0551,2023,
D0551,lalu,
D0551,SCROLL,
D0551,TO,
D0551,CONTINUE,
D0551,WITH,
D0551,CONTENT,
D0551,Korban,
D0551,M,
D0551,kehilangan,
D0551,motornya,
D0551,sekitar,
D0551,pukul,
D0551,0400,
D0551,WIB,
D0551,Saat,
D0551,itu,
D0551,motornya,
D0551,terparkir,
D0551,di,
D0551,teras,
D0551,rumah,
D0551,Modus,
D0551,operandi,
D0551,tersangka,
D0551,memantau,
D0551,lokasi,
D0551,yang,
D0551,menjadi,
D0551,target,
D0551,sasaran,
D0551,Kemudian,
D0551,merusak,
D0551,rumah,
D0551,kunci,
D0551,motor,
D0551,menggunakan,
D0551,kunci,
D0551,T,
D0551,kata,
D0551,Jumhur,
D0551,Rabu,
D0551,16102024,
D0551,Pelaku,
D0551,ini,
D0551,sudah,
D0551,mempersiapkan,
D0551,betul,
D0551,jadi,
D0551,masingmasing,
D0551,punya,
D0551,peran,
D0551,Pelaku,
D0551,S,
D0551,yang,
D0551,merusak,
D0551,dan,
D0551,mengambil,
D0551,motor,
D0551,target,
D0551,sedangkan,
D0551,HBR,
D0551,menggambar,
D0551,lokasi,
D0551,mana,
D0551,untuk,
D0551,beraksi,
D0551,lanjutnya,
D0551,HBR,
D0551,kemudian,
D0551,diamankan,
D0551,Tim,
D0551,Jatanras,
D0551,Polda,
D0551,Jatim,
D0551,di,
D0551,kediamannya,
D0551,Dusun,
D0551,Krajan,
D0551,Kabupaten,
D0551,Pasuruan,
D0551,Karena,
D0551,berusaha,
D0551,kabur,
D0551,dan,
D0551,melakukan,
D0551,perlawanan,
D0551,HBR,
D0551,dihadiahi,
D0551,timah,
D0551,panas,
D0551,oleh,
D0551,Tim,
D0551,Jatanras,
D0551,Ketika,
D0551,penyidikan,
D0551,HBR,
D0551,mengaku,
D0551,telah,
D0551,menjalankan,
D0551,aksinya,
D0551,di,
D0551,berbagai,
D0551,lokasi,
D0551,Dengan,
D0551,rincian,
D0551,14,
D0551,TKP,
D0551,di,
D0551,Kabupaten,
D0551,Malang,
D0551,4,
D0551,di,
D0551,Kota,
D0551,Malang,
D0551,2,
D0551,Pasuruan,
D0551,serta,
D0551,1,
D0551,di,
D0551,Sidoarjo,
D0551,Namun,
D0551,dari,
D0551,hasil,
D0551,pengembangan,
D0551,lebih,
D0551,lanjut,
D0551,penyidik,
D0551,memperkirakan,
D0551,ada,
D0551,lokasi,
D0551,lain,
D0551,yang,
D0551,pernah,
D0551,jadi,
D0551,sasaran,
D0551,HBR,
D0551,totalnya,
D0551,bahkan,
D0551,diperkirakan,
D0551,mencapi,
D0551,40,
D0551,TKP,
D0551,Di,
D0551,21,
D0551,TKP,
D0551,lain,
D0551,dengan,
D0551,S,
D0551,yang,
D0551,masih,
D0551,DPO,
D0551,Jadi,
D0551,total,
D0551,HBR,
D0551,ini,
D0551,ada,
D0551,40,
D0551,TKP,
D0551,tutur,
D0551,Jumhur,
D0551,Jumhur,
D0551,pun,
D0551,menjelaskan,
D0551,bahwa,
D0551,motor,
D0551,curian,
D0551,dari,
D0551,tiga,
D0551,orang,
D0551,itu,
D0551,dijual,
D0551,di,
D0551,salah,
D0551,satu,
D0551,daerah,
D0551,Saat,
D0551,ini,
D0551,penyidik,
D0551,masih,
D0551,melakukan,
D0551,pengembangan,
D0551,lebih,
D0551,lanjut,
D0551,Masih,
D0551,kami,
D0551,kembangkan,
D0551,kalau,
D0551,ada,
D0551,perkembangan,
D0551,akan,
D0551,kami,
D0551,publish,
D0551,lagi,
D0551,jelasnya,
D0551,Akibat,
D0551,perbuatannya,
D0551,tersangka,
D0551,dijerat,
D0551,Pasal,
D0551,363,
D0551,KUHP,
D0551,tentang,
D0551,pencurian,
D0551,dengan,
D0551,pemberatan,
D0551,dengan,
D0551,ancaman,
D0551,hukuman,
D0551,maksimal,
D0551,7,
D0551,tahun,
D0551,penjara,
D0552,Komplotan,
D0552,perampok,
D0552,menodongkan,
D0552,senjata,
D0552,api,
D0552,senpi,
D0552,rakitan,
D0552,serta,
D0552,menyekap,
D0552,sopir,
D0552,dan,
D0552,kernet,
D0552,truk,
D0552,di,
D0552,Kabupaten,
D0552,Langkat,
D0552,Sumatera,
D0552,Utara,
D0552,Sumut,
D0552,Saat,
D0552,beraksi,
D0552,para,
D0552,pelaku,
D0552,mengaku,
D0552,sebagai,
D0552,anggota,
D0552,polisi,
D0552,Para,
D0552,pelaku,
D0552,mengaku,
D0552,sebagai,
D0552,anggota,
D0552,polisi,
D0552,menanyakan,
D0552,apa,
D0552,yang,
D0552,dibawa,
D0552,lalu,
D0552,ditodongkan,
D0552,pistol,
D0552,kata,
D0552,Kasat,
D0552,Reskrim,
D0552,Polres,
D0552,Langkat,
D0552,AKP,
D0552,Dedi,
D0552,Mirza,
D0552,Rabu,
D0552,16102024,
D0552,Dedi,
D0552,mengatakan,
D0552,peristiwa,
D0552,itu,
D0552,terjadi,
D0552,di,
D0552,Jalan,
D0552,Lintas,
D0552,MedanBanda,
D0552,Aceh,
D0552,tepatnya,
D0552,di,
D0552,Kelurahan,
D0552,Dendang,
D0552,Kecamatan,
D0552,Stabat,
D0552,Selasa,
D0552,249,
D0552,sore,
D0552,Awalnya,
D0552,para,
D0552,korban,
D0552,mengemudikan,
D0552,truk,
D0552,muatan,
D0552,beras,
D0552,10,
D0552,ton,
D0552,dari,
D0552,Aceh,
D0552,SCROLL,
D0552,TO,
D0552,CONTINUE,
D0552,WITH,
D0552,CONTENT,
D0552,Setibanya,
D0552,di,
D0552,Kelurahan,
D0552,Dendang,
D0552,itu,
D0552,korban,
D0552,hendak,
D0552,berhenti,
D0552,untuk,
D0552,makan,
D0552,di,
D0552,salah,
D0552,satu,
D0552,rumah,
D0552,makan,
D0552,Namun,
D0552,belum,
D0552,sempat,
D0552,mematikan,
D0552,mesin,
D0552,korban,
D0552,didatangi,
D0552,oleh,
D0552,tiga,
D0552,orang,
D0552,yang,
D0552,mengaku,
D0552,sebagai,
D0552,anggota,
D0552,polisi,
D0552,dan,
D0552,menanyakan,
D0552,muatan,
D0552,yang,
D0552,dibawa,
D0552,oleh,
D0552,korban,
D0552,Pada,
D0552,saat,
D0552,itu,
D0552,para,
D0552,pelaku,
D0552,juga,
D0552,sambil,
D0552,menodongkan,
D0552,senpi,
D0552,rakitan,
D0552,jenis,
D0552,revolver,
D0552,kepada,
D0552,korban,
D0552,Selanjutnya,
D0552,korban,
D0552,dibawa,
D0552,masuk,
D0552,ke,
D0552,mobil,
D0552,pelaku,
D0552,Kemudian,
D0552,truk,
D0552,korban,
D0552,juga,
D0552,dibawa,
D0552,terlapor,
D0552,ke,
D0552,arah,
D0552,Binjai,
D0552,jelasnya,
D0552,Setibanya,
D0552,di,
D0552,daerah,
D0552,Tandem,
D0552,para,
D0552,pelaku,
D0552,menyekap,
D0552,korban,
D0552,serta,
D0552,menutup,
D0552,mata,
D0552,dan,
D0552,mulutnya,
D0552,Selain,
D0552,itu,
D0552,para,
D0552,pelaku,
D0552,juga,
D0552,memborgol,
D0552,tangan,
D0552,keduanya,
D0552,Kemudian,
D0552,pelaku,
D0552,mengambil,
D0552,hp,
D0552,serta,
D0552,dompet,
D0552,korban,
D0552,Setelah,
D0552,sampai,
D0552,di,
D0552,Tandem,
D0552,para,
D0552,pelaku,
D0552,mengambil,
D0552,barangbarang,
D0552,berupa,
D0552,dua,
D0552,unit,
D0552,hp,
D0552,dan,
D0552,dompet,
D0552,milik,
D0552,pelapor,
D0552,Setelah,
D0552,itu,
D0552,pelapor,
D0552,dan,
D0552,saksi,
D0552,dibawa,
D0552,para,
D0552,terlapor,
D0552,lalu,
D0552,dibuang,
D0552,atau,
D0552,ditinggalkan,
D0552,di,
D0552,pinggir,
D0552,jalan,
D0552,di,
D0552,areal,
D0552,tol,
D0552,Binjai,
D0552,jelasnya,
D0552,Usai,
D0552,kejadian,
D0552,itu,
D0552,korban,
D0552,meminta,
D0552,pertolongan,
D0552,petugas,
D0552,PJR,
D0552,yang,
D0552,berada,
D0552,di,
D0552,gerbang,
D0552,Tol,
D0552,Binjai,
D0552,Setelah,
D0552,itu,
D0552,korban,
D0552,membuat,
D0552,laporan,
D0552,ke,
D0552,Polres,
D0552,Langkat,
D0552,Pihak,
D0552,kepolisian,
D0552,yang,
D0552,menerima,
D0552,laporan,
D0552,itu,
D0552,lalu,
D0552,memburu,
D0552,pelaku,
D0552,hingga,
D0552,mengamankan,
D0552,salah,
D0552,seorang,
D0552,di,
D0552,antaranya,
D0552,bernama,
D0552,Ardiansyah,
D0552,Putra,
D0552,40,
D0552,Dedi,
D0552,mengatakan,
D0552,pelaku,
D0552,ditangkap,
D0552,di,
D0552,Jalan,
D0552,Lintas,
D0552,MedanKualanamu,
D0552,pada,
D0552,Kamis,
D0552,1010,
D0552,malam,
D0552,Karena,
D0552,berusaha,
D0552,kabur,
D0552,pada,
D0552,saat,
D0552,diamankan,
D0552,petugas,
D0552,terpaksa,
D0552,melakukan,
D0552,tindakan,
D0552,tegar,
D0552,terukur,
D0552,dengan,
D0552,menembak,
D0552,kaki,
D0552,tersangka,
D0552,Kemudian,
D0552,petugas,
D0552,melakukan,
D0552,pengembangan,
D0552,dan,
D0552,didapati,
D0552,barang,
D0552,bukti,
D0552,berupa,
D0552,beras,
D0552,yang,
D0552,disimpan,
D0552,oleh,
D0552,pelaku,
D0552,di,
D0552,gudang,
D0552,rumahnya,
D0552,kata,
D0552,Dedi,
D0552,Perwira,
D0552,pertama,
D0552,Polri,
D0552,itu,
D0552,menyebut,
D0552,pelaku,
D0552,langsung,
D0552,diboyong,
D0552,ke,
D0552,Polres,
D0552,Langkat,
D0552,usai,
D0552,ditangkap,
D0552,Selain,
D0552,menangkap,
D0552,pelaku,
D0552,pihaknya,
D0552,juga,
D0552,mengamankan,
D0552,truk,
D0552,korban,
D0552,senpi,
D0552,rakitan,
D0552,jenis,
D0552,revolver,
D0552,13,
D0552,amunisi,
D0552,kal,
D0552,9,
D0552,mm,
D0552,pisau,
D0552,sangkur,
D0552,dan,
D0552,puluhan,
D0552,karung,
D0552,berisi,
D0552,beras,
D0552,yang,
D0552,dicuri,
D0552,oleh,
D0552,para,
D0552,pelaku,
D0552,Pasal,
D0552,yang,
D0552,dipersangkakan,
D0552,adalah,
D0552,pasal,
D0552,365,
D0552,KUHPidana,
D0552,dan,
D0552,UU,
D0552,Darurat,
D0552,atas,
D0552,kepemilikan,
D0552,senjata,
D0552,api,
D0552,rakitan,
D0552,pungkasnya,
D0553,Tiga,
D0553,pekerja,
D0553,di,
D0553,Kabupaten,
D0553,Dairi,
D0553,Sumatera,
D0553,Utara,
D0553,Sumut,
D0553,mencuri,
D0553,500,
D0553,kg,
D0553,jeruk,
D0553,di,
D0553,ladang,
D0553,bosnya,
D0553,dengan,
D0553,berulang,
D0553,kali,
D0553,Satu,
D0553,dari,
D0553,tiga,
D0553,pelaku,
D0553,telah,
D0553,ditangkap,
D0553,Kapolres,
D0553,Dairi,
D0553,AKBP,
D0553,Agus,
D0553,Bahari,
D0553,Parama,
D0553,Artha,
D0553,mengatakan,
D0553,pencurian,
D0553,itu,
D0553,terjadi,
D0553,di,
D0553,kebun,
D0553,korban,
D0553,di,
D0553,Desa,
D0553,Parbuluan,
D0553,VI,
D0553,Kecamatan,
D0553,Parbuluan,
D0553,Adapun,
D0553,pelaku,
D0553,yang,
D0553,telah,
D0553,ditangkap,
D0553,adalah,
D0553,Sapaat,
D0553,Nadeak,
D0553,19,
D0553,Ya,
D0553,kami,
D0553,meringkus,
D0553,seorang,
D0553,pemuda,
D0553,usai,
D0553,melakukan,
D0553,aksi,
D0553,pencurian,
D0553,buah,
D0553,jeruk,
D0553,di,
D0553,perladangan,
D0553,milik,
D0553,toke,
D0553,mereka,
D0553,kata,
D0553,Agus,
D0553,Rabu,
D0553,16102024,
D0553,SCROLL,
D0553,TO,
D0553,CONTINUE,
D0553,WITH,
D0553,CONTENT,
D0553,Agus,
D0553,menjelaskan,
D0553,bahwa,
D0553,pencurian,
D0553,itu,
D0553,dilakukan,
D0553,pelaku,
D0553,Sapaat,
D0553,bersama,
D0553,dua,
D0553,pelaku,
D0553,lainnya,
D0553,yakni,
D0553,Suramana,
D0553,Purba,
D0553,dan,
D0553,Doni,
D0553,Sitompul,
D0553,Perwira,
D0553,menengah,
D0553,Polri,
D0553,itu,
D0553,mengatakan,
D0553,pencurian,
D0553,itu,
D0553,dilakukan,
D0553,para,
D0553,pelaku,
D0553,sebanyak,
D0553,empat,
D0553,kali,
D0553,di,
D0553,2024,
D0553,Rinciannya,
D0553,adalah,
D0553,dua,
D0553,kali,
D0553,pada,
D0553,24,
D0553,September,
D0553,dan,
D0553,dua,
D0553,kali,
D0553,pada,
D0553,26,
D0553,September,
D0553,2024,
D0553,Total,
D0553,jeruk,
D0553,yang,
D0553,dicuri,
D0553,para,
D0553,pelaku,
D0553,di,
D0553,kebun,
D0553,korban,
D0553,adalah,
D0553,500,
D0553,kilogram,
D0553,Jumlah,
D0553,buah,
D0553,jeruk,
D0553,yang,
D0553,dicuri,
D0553,seluruhnya,
D0553,sebanyak,
D0553,kurang,
D0553,lebih,
D0553,500,
D0553,kilogram,
D0553,jelasnya,
D0553,Jeruk,
D0553,curian,
D0553,itu,
D0553,kata,
D0553,Agus,
D0553,dijual,
D0553,para,
D0553,pelaku,
D0553,dan,
D0553,mendapatkan,
D0553,uang,
D0553,sebesar,
D0553,Rp,
D0553,25,
D0553,juta,
D0553,Para,
D0553,pelaku,
D0553,mengaku,
D0553,nekat,
D0553,mencuri,
D0553,jeruk,
D0553,koran,
D0553,karena,
D0553,butuh,
D0553,uang,
D0553,untuk,
D0553,kehidupan,
D0553,seharihari,
D0553,Pelaku,
D0553,SN,
D0553,ini,
D0553,bekerja,
D0553,di,
D0553,ladang,
D0553,korban,
D0553,selama,
D0553,tiga,
D0553,bulan,
D0553,pelaku,
D0553,SP,
D0553,enam,
D0553,bulan,
D0553,dan,
D0553,pelaku,
D0553,DS,
D0553,baru,
D0553,dua,
D0553,bulan,
D0553,sebut,
D0553,Agus,
D0553,Aksi,
D0553,pencurian,
D0553,yang,
D0553,dilakukan,
D0553,para,
D0553,pelaku,
D0553,itu,
D0553,baru,
D0553,diketahui,
D0553,korban,
D0553,pada,
D0553,Kamis,
D0553,269,
D0553,usai,
D0553,diberitahu,
D0553,salah,
D0553,seorang,
D0553,pembeli,
D0553,jeruk,
D0553,bahwa,
D0553,jeruk,
D0553,korban,
D0553,yang,
D0553,berada,
D0553,di,
D0553,ladang,
D0553,telah,
D0553,hilang,
D0553,Usai,
D0553,mengetahui,
D0553,hal,
D0553,itu,
D0553,korban,
D0553,menanyakan,
D0553,kepada,
D0553,pekerjanya,
D0553,Pada,
D0553,akhirnya,
D0553,pelaku,
D0553,Sapaat,
D0553,Nadeak,
D0553,menghubungi,
D0553,korban,
D0553,dan,
D0553,mengakui,
D0553,perbuatannya,
D0553,Atas,
D0553,kejadian,
D0553,itu,
D0553,korban,
D0553,membuat,
D0553,laporan,
D0553,ke,
D0553,Polsek,
D0553,Parbuluan,
D0553,Petugas,
D0553,kepolisian,
D0553,pun,
D0553,menyelidiki,
D0553,laporan,
D0553,itu,
D0553,hingga,
D0553,akhirnya,
D0553,menangkap,
D0553,pelaku,
D0553,Sapaat,
D0553,di,
D0553,Desa,
D0553,Lae,
D0553,Nuaha,
D0553,Kecamatan,
D0553,Siempat,
D0553,Nempu,
D0553,Hulu,
D0553,pada,
D0553,Senin,
D0553,1410,
D0553,siang,
D0553,Saat,
D0553,ini,
D0553,dua,
D0553,tersangka,
D0553,lagi,
D0553,masih,
D0553,berstatus,
D0553,buronan,
D0553,pungkasnya,
D0554,Nasib,
D0554,memilukan,
D0554,dialami,
D0554,oleh,
D0554,Adab,
D0554,Auli,
D0554,19,
D0554,salah,
D0554,seorang,
D0554,pengurus,
D0554,Pondok,
D0554,Pesantren,
D0554,ponpes,
D0554,AN,
D0554,Nur,
D0554,Kabupaten,
D0554,Langkat,
D0554,Sumatera,
D0554,Utara,
D0554,Sumut,
D0554,Dia,
D0554,menghembuskan,
D0554,nafas,
D0554,terakhirnya,
D0554,saat,
D0554,menjalani,
D0554,perawatan,
D0554,di,
D0554,RS,
D0554,Adam,
D0554,Malik,
D0554,Medan,
D0554,seusai,
D0554,dibakar,
D0554,oleh,
D0554,santrinya,
D0554,FAZ,
D0554,17,
D0554,Kabar,
D0554,duka,
D0554,yang,
D0554,menimpa,
D0554,sang,
D0554,pengurus,
D0554,ponpes,
D0554,itu,
D0554,disampaikan,
D0554,oleh,
D0554,Kapolres,
D0554,Langkat,
D0554,AKBP,
D0554,David,
D0554,Triyo,
D0554,Prasojo,
D0554,Dia,
D0554,menyebut,
D0554,Adab,
D0554,Auli,
D0554,meninggal,
D0554,dunia,
D0554,pada,
D0554,hari,
D0554,Senin,
D0554,14102024,
D0554,Hal,
D0554,itu,
D0554,berdasarkan,
D0554,surat,
D0554,keterangan,
D0554,yang,
D0554,dikeluarkan,
D0554,oleh,
D0554,pihak,
D0554,rumah,
D0554,sakit,
D0554,Ya,
D0554,benar,
D0554,meninggal,
D0554,berdasarkan,
D0554,surat,
D0554,keterangan,
D0554,meninggal,
D0554,yang,
D0554,dikeluarkan,
D0554,oleh,
D0554,dokter,
D0554,RS,
D0554,Adam,
D0554,Malik,
D0554,Medan,
D0554,kata,
D0554,David,
D0554,Triyo,
D0554,Prasojo,
D0554,Selasa,
D0554,1510,
D0554,SCROLL,
D0554,TO,
D0554,CONTINUE,
D0554,WITH,
D0554,CONTENT,
D0554,Bahwasannya,
D0554,pasien,
D0554,RS,
D0554,Adam,
D0554,Malik,
D0554,berinisial,
D0554,AAR,
D0554,pada,
D0554,Senin,
D0554,14,
D0554,Oktober,
D0554,2024,
D0554,pukul,
D0554,1310,
D0554,WIB,
D0554,setelah,
D0554,dilaksanakan,
D0554,pemeriksaan,
D0554,orang,
D0554,meninggal,
D0554,terhadap,
D0554,yang,
D0554,bersangkutan,
D0554,telah,
D0554,dinyatakan,
D0554,meninggal,
D0554,dunia,
D0554,jelasnya,
D0554,Peristiwa,
D0554,yang,
D0554,menimpa,
D0554,Adab,
D0554,Auli,
D0554,diketahui,
D0554,terjadi,
D0554,pada,
D0554,Sabtu,
D0554,510,
D0554,sekitar,
D0554,pukul,
D0554,0300,
D0554,WIB,
D0554,di,
D0554,Ponpes,
D0554,An,
D0554,Nur,
D0554,yang,
D0554,terletak,
D0554,di,
D0554,Desa,
D0554,Batu,
D0554,Melenggang,
D0554,Kecamatan,
D0554,Hinai,
D0554,Adab,
D0554,dibakar,
D0554,oleh,
D0554,santrinya,
D0554,FAZ,
D0554,AKBP,
D0554,David,
D0554,mengatakan,
D0554,motif,
D0554,FAZ,
D0554,membakar,
D0554,korban,
D0554,karena,
D0554,dendam,
D0554,Sebab,
D0554,selama,
D0554,ini,
D0554,korban,
D0554,sering,
D0554,memfitnah,
D0554,pelaku,
D0554,dan,
D0554,mengadukannya,
D0554,ke,
D0554,pimpinan,
D0554,ponpes,
D0554,Motifnya,
D0554,itu,
D0554,dia,
D0554,sakit,
D0554,hati,
D0554,sama,
D0554,korban,
D0554,Dia,
D0554,pelaku,
D0554,tidak,
D0554,melakukan,
D0554,dia,
D0554,difitnah,
D0554,kata,
D0554,David,
D0554,Rabu,
D0554,910,
D0554,David,
D0554,menyebut,
D0554,korban,
D0554,ini,
D0554,juga,
D0554,sering,
D0554,mengejek,
D0554,pelaku,
D0554,Selain,
D0554,itu,
D0554,jika,
D0554,pelaku,
D0554,mempunyai,
D0554,kesalahan,
D0554,korban,
D0554,sering,
D0554,menyampaikannya,
D0554,kepada,
D0554,santri,
D0554,lain,
D0554,Bahkan,
D0554,korban,
D0554,sering,
D0554,mengadukan,
D0554,pelaku,
D0554,ke,
D0554,pimpinan,
D0554,pesantren,
D0554,tersebut,
D0554,David,
D0554,menjelaskan,
D0554,bahwa,
D0554,pada,
D0554,saat,
D0554,kejadian,
D0554,pelaku,
D0554,sedang,
D0554,tugas,
D0554,piket,
D0554,malam,
D0554,dan,
D0554,melihat,
D0554,korban,
D0554,tengah,
D0554,tidur,
D0554,di,
D0554,kamar,
D0554,masjid,
D0554,Ketika,
D0554,itulah,
D0554,pelaku,
D0554,memutuskan,
D0554,untuk,
D0554,melancarkan,
D0554,aksinya,
D0554,Lalu,
D0554,pelaku,
D0554,mengambil,
D0554,karpet,
D0554,dan,
D0554,langsung,
D0554,menyiramkan,
D0554,pertalite,
D0554,yang,
D0554,sudah,
D0554,dibawanya,
D0554,ke,
D0554,karpet,
D0554,itu,
D0554,Kemudian,
D0554,karpet,
D0554,itu,
D0554,dimasukkan,
D0554,ke,
D0554,dalam,
D0554,kamar,
D0554,korban,
D0554,yang,
D0554,kebetulan,
D0554,tidak,
D0554,terkunci,
D0554,dan,
D0554,langsung,
D0554,membakarnya,
D0554,Setelah,
D0554,terbakar,
D0554,pelaku,
D0554,lalu,
D0554,berakting,
D0554,dengan,
D0554,minta,
D0554,pertolongan,
D0554,ke,
D0554,para,
D0554,santri,
D0554,lainnya,
D0554,Usai,
D0554,para,
D0554,santri,
D0554,berkumpul,
D0554,pelaku,
D0554,juga,
D0554,ikut,
D0554,membantu,
D0554,memadamkan,
D0554,api,
D0554,dan,
D0554,mengevakuasi,
D0554,korban,
D0554,Kepada,
D0554,santri,
D0554,pelaku,
D0554,memang,
D0554,mengaku,
D0554,bahwa,
D0554,dia,
D0554,seolaholah,
D0554,melihat,
D0554,seseorang,
D0554,berlari,
D0554,dari,
D0554,dalam,
D0554,masjid,
D0554,ke,
D0554,arah,
D0554,kebun,
D0554,kelapa,
D0554,sawit,
D0554,di,
D0554,sekitar,
D0554,pesantren,
D0554,itu,
D0554,Hal,
D0554,itu,
D0554,kata,
D0554,David,
D0554,dilakukan,
D0554,pelaku,
D0554,untuk,
D0554,menyembunyikan,
D0554,kejahatannya,
D0554,David,
D0554,sekaligus,
D0554,menjelaskan,
D0554,bahwa,
D0554,santri,
D0554,yang,
D0554,pertama,
D0554,kali,
D0554,memberitahu,
D0554,soal,
D0554,kebakaran,
D0554,itu,
D0554,adalah,
D0554,pelaku,
D0554,Kemudian,
D0554,dia,
D0554,pelaku,
D0554,ngarang,
D0554,cerita,
D0554,itu,
D0554,Lalu,
D0554,polisi,
D0554,melihat,
D0554,ada,
D0554,yang,
D0554,janggal,
D0554,kita,
D0554,dalami,
D0554,baru,
D0554,kita,
D0554,menguak,
D0554,fakta,
D0554,itu,
D0554,bahwa,
D0554,ternyata,
D0554,di,
D0554,saksi,
D0554,inilah,
D0554,pelakunya,
D0554,Jadi,
D0554,dia,
D0554,memanipulasi,
D0554,dan,
D0554,mengarang,
D0554,cerita,
D0554,jelasnya,
D0554,Kini,
D0554,pelaku,
D0554,telah,
D0554,ditangkap,
D0554,dan,
D0554,ditetapkan,
D0554,menjadi,
D0554,tersangka,
D0554,Selain,
D0554,itu,
D0554,pelaku,
D0554,juga,
D0554,telah,
D0554,ditahan,
D0554,dan,
D0554,bakal,
D0554,dijerat,
D0554,Pasal,
D0554,187,
D0554,KUHPidana,
D0554,Jo,
D0554,Pasal,
D0554,11,
D0554,2012,
D0554,tentang,
D0554,Sistem,
D0554,Peradilan,
D0554,Pidana,
D0554,Anak,
D0555,Suami,
D0555,di,
D0555,Bangka,
D0555,Barat,
D0555,Babar,
D0555,Riki,
D0555,Arianto,
D0555,26,
D0555,tega,
D0555,menganiaya,
D0555,istrinya,
D0555,Lenny,
D0555,21,
D0555,hingga,
D0555,tewas,
D0555,Kini,
D0555,dia,
D0555,pun,
D0555,ditangkap,
D0555,setelah,
D0555,lima,
D0555,hari,
D0555,buron,
D0555,Melansir,
D0555,detikSumbagsel,
D0555,peristiwa,
D0555,penganiayaan,
D0555,itu,
D0555,terjadi,
D0555,pada,
D0555,Jumat,
D0555,11102024,
D0555,pukul,
D0555,0400,
D0555,WIB,
D0555,Peristiwa,
D0555,tersebut,
D0555,terjadi,
D0555,di,
D0555,rumah,
D0555,keduanya,
D0555,di,
D0555,Dusun,
D0555,Panganak,
D0555,Desa,
D0555,Air,
D0555,Gantung,
D0555,Usai,
D0555,kejadian,
D0555,pelaku,
D0555,kabur,
D0555,kepergok,
D0555,ibu,
D0555,mertuanya,
D0555,Kemudian,
D0555,polisi,
D0555,yang,
D0555,mendapat,
D0555,laporan,
D0555,melakukan,
D0555,pengejaran,
D0555,terhadap,
D0555,pelaku,
D0555,Setelah,
D0555,5,
D0555,hari,
D0555,polisi,
D0555,berhasil,
D0555,meringkusnya,
D0555,SCROLL,
D0555,TO,
D0555,CONTINUE,
D0555,WITH,
D0555,CONTENT,
D0555,Sudah,
D0555,ditangap,
D0555,kemarin,
D0555,Senin,
D0555,1410,
D0555,kata,
D0555,Kapolsek,
D0555,Jebus,
D0555,Kompol,
D0555,Albert,
D0555,Daniel,
D0555,Tampubolon,
D0555,Selasa,
D0555,1510,
D0555,Albert,
D0555,mengatakan,
D0555,Riki,
D0555,ditangkap,
D0555,di,
D0555,kebun,
D0555,sawit,
D0555,di,
D0555,Dusun,
D0555,Penganak,
D0555,Desa,
D0555,Air,
D0555,Gantung,
D0555,Kecamatan,
D0555,Parittiga,
D0555,Pelaku,
D0555,saat,
D0555,ini,
D0555,masih,
D0555,menjalani,
D0555,pemeriksaan,
D0555,di,
D0555,Mapolres,
D0555,Babar,
D0555,Ditangkap,
D0555,di,
D0555,kebun,
D0555,sawit,
D0555,milik,
D0555,ayahnya,
D0555,tanpa,
D0555,perlawanan,
D0555,Kondisinya,
D0555,lemas,
D0555,karena,
D0555,tidak,
D0555,makan,
D0555,empat,
D0555,hari,
D0555,tegas,
D0555,Kapolsek,
D0555,Pelaku,
D0555,berhasil,
D0555,ditemukan,
D0555,setelah,
D0555,tim,
D0555,gabungan,
D0555,PolriTNI,
D0555,dan,
D0555,warga,
D0555,setempat,
D0555,menyisir,
D0555,hutan,
D0555,dan,
D0555,kebun,
D0555,sawit,
D0555,Saat,
D0555,ini,
D0555,kasusnya,
D0555,ditangani,
D0555,oleh,
D0555,Polres,
D0555,Kasusnya,
D0555,masih,
D0555,penyidikan,
D0555,dan,
D0555,kasusnya,
D0555,dilimpahkan,
D0555,ke,
D0555,reskrim,
D0555,polres,
D0555,Statusnya,
D0555,sudah,
D0555,jadi,
D0555,tersangka,
D0555,tambahnya,
D0556,Polisi,
D0556,menangkap,
D0556,dua,
D0556,orang,
D0556,komplotan,
D0556,begal,
D0556,bersenjata,
D0556,tajam,
D0556,yang,
D0556,beraksi,
D0556,di,
D0556,Kecamatan,
D0556,Medan,
D0556,Tuntungan,
D0556,Kota,
D0556,Medan,
D0556,Salah,
D0556,satu,
D0556,pelaku,
D0556,ditangkap,
D0556,saat,
D0556,menonton,
D0556,pertandingan,
D0556,sepakbola,
D0556,antara,
D0556,Timnas,
D0556,Indonesia,
D0556,melawan,
D0556,Bahrain,
D0556,Kapolsek,
D0556,Medan,
D0556,Tuntungan,
D0556,Iptu,
D0556,Eko,
D0556,Sanjaya,
D0556,mengatakan,
D0556,kedua,
D0556,pelaku,
D0556,adalah,
D0556,Henry,
D0556,dan,
D0556,Surya,
D0556,Sakti,
D0556,Tarihoran,
D0556,28,
D0556,Keduanya,
D0556,ditangkap,
D0556,di,
D0556,dua,
D0556,lokasi,
D0556,berbeda,
D0556,pada,
D0556,Jumat,
D0556,11102024,
D0556,Untuk,
D0556,Henry,
D0556,diciduk,
D0556,di,
D0556,rumahnya,
D0556,di,
D0556,Jalan,
D0556,Mahkamah,
D0556,Belakang,
D0556,Medan,
D0556,Kota,
D0556,saat,
D0556,menonton,
D0556,bola,
D0556,Sementara,
D0556,Surya,
D0556,ditangkap,
D0556,di,
D0556,rumahnya,
D0556,di,
D0556,Jalan,
D0556,Makmur,
D0556,Kecamatan,
D0556,Medan,
D0556,Tembung,
D0556,SCROLL,
D0556,TO,
D0556,CONTINUE,
D0556,WITH,
D0556,CONTENT,
D0556,Ini,
D0556,Henry,
D0556,diamankan,
D0556,pas,
D0556,nonton,
D0556,bola,
D0556,kata,
D0556,Eko,
D0556,saat,
D0556,konferensi,
D0556,pers,
D0556,di,
D0556,Polrestabes,
D0556,Medan,
D0556,Senin,
D0556,1410,
D0556,Eko,
D0556,mengatakan,
D0556,peristiwa,
D0556,itu,
D0556,terjadi,
D0556,di,
D0556,Jalan,
D0556,Flamboyan,
D0556,Raya,
D0556,Medan,
D0556,Tuntungan,
D0556,Sabtu,
D0556,2772024,
D0556,sekitar,
D0556,pukul,
D0556,2230,
D0556,WIB,
D0556,Saat,
D0556,itu,
D0556,korban,
D0556,hendak,
D0556,pulang,
D0556,ke,
D0556,kediamannya,
D0556,mengendarai,
D0556,sepeda,
D0556,motor,
D0556,Honda,
D0556,Beat,
D0556,Tibatiba,
D0556,dia,
D0556,dipepet,
D0556,oleh,
D0556,dua,
D0556,sepeda,
D0556,motor,
D0556,yang,
D0556,dikemudikan,
D0556,tiga,
D0556,pelaku,
D0556,Mereka,
D0556,menakutnakuti,
D0556,korban,
D0556,untuk,
D0556,berhenti,
D0556,dan,
D0556,menyerahkan,
D0556,motornya,
D0556,bahkan,
D0556,salah,
D0556,satu,
D0556,pelaku,
D0556,bernama,
D0556,April,
D0556,Siregar,
D0556,mengeluarkan,
D0556,pisau,
D0556,kecil,
D0556,dan,
D0556,mengarahkan,
D0556,ke,
D0556,korban,
D0556,Korban,
D0556,yang,
D0556,ketakutan,
D0556,langsung,
D0556,berhenti,
D0556,di,
D0556,pinggir,
D0556,jalan,
D0556,Dia,
D0556,kemudian,
D0556,lari,
D0556,ke,
D0556,arah,
D0556,Pajak,
D0556,Melati,
D0556,Sehingga,
D0556,sepeda,
D0556,motor,
D0556,korban,
D0556,berhenti,
D0556,di,
D0556,pinggir,
D0556,jalan,
D0556,dengan,
D0556,kondisi,
D0556,kunci,
D0556,kontak,
D0556,lengket,
D0556,jelasnya,
D0556,Atas,
D0556,kejadian,
D0556,itu,
D0556,korban,
D0556,membuat,
D0556,laporan,
D0556,ke,
D0556,Polsek,
D0556,Medan,
D0556,Tuntungan,
D0556,Berdasarkan,
D0556,laporan,
D0556,itu,
D0556,petugas,
D0556,memburu,
D0556,para,
D0556,pelaku,
D0556,dan,
D0556,menangkap,
D0556,dua,
D0556,di,
D0556,antaranya,
D0556,Mulanya,
D0556,petugas,
D0556,menangkap,
D0556,Henry,
D0556,pada,
D0556,pukul,
D0556,0100,
D0556,WIB,
D0556,Kemudian,
D0556,petugas,
D0556,menciduk,
D0556,Surya,
D0556,pada,
D0556,pukul,
D0556,0400,
D0556,WIB,
D0556,sementara,
D0556,pelaku,
D0556,April,
D0556,Siregar,
D0556,masih,
D0556,dalam,
D0556,pencarian,
D0556,Jadi,
D0556,mereka,
D0556,ini,
D0556,pemain,
D0556,lama,
D0556,si,
D0556,ini,
D0556,Surya,
D0556,ketuanya,
D0556,Modusnya,
D0556,ratarata,
D0556,tabrak,
D0556,adik,
D0556,sama,
D0556,nyari,
D0556,alamat,
D0556,rumah,
D0556,sebut,
D0556,Eko,
D0556,Sementara,
D0556,pelaku,
D0556,Surya,
D0556,mengaku,
D0556,sudah,
D0556,10,
D0556,kali,
D0556,melakukan,
D0556,aksi,
D0556,yang,
D0556,sama,
D0556,di,
D0556,sejumlah,
D0556,daerah,
D0556,di,
D0556,Sumut,
D0556,seperti,
D0556,Binjai,
D0556,Tebing,
D0556,Tinggi,
D0556,Medan,
D0556,dan,
D0556,Asahan,
D0556,Lima,
D0556,di,
D0556,antaranya,
D0556,dilakukannya,
D0556,bersama,
D0556,pelaku,
D0556,Henry,
D0556,Surya,
D0556,mengaku,
D0556,uang,
D0556,hasil,
D0556,pencurian,
D0556,itu,
D0556,digunakannya,
D0556,untuk,
D0556,kebutuhan,
D0556,seharihari,
D0556,dan,
D0556,membeli,
D0556,narkoba,
D0556,Ada,
D0556,10,
D0556,TKP,
D0556,Uangnya,
D0556,untuk,
D0556,kehidupan,
D0556,seharihari,
D0556,dan,
D0556,nyabu,
D0556,juga,
D0556,kata,
D0556,Surya,
D0556,saat,
D0556,dihadirkan,
D0556,di,
D0556,konferensi,
D0556,pers,
D0556,Hal,
D0556,yang,
D0556,sama,
D0556,juga,
D0556,disampaikan,
D0556,oleh,
D0556,pelaku,
D0556,Henry,
D0556,Dia,
D0556,mengaku,
D0556,menggunakan,
D0556,uang,
D0556,hasil,
D0556,kejahatan,
D0556,itu,
D0556,untuk,
D0556,biaya,
D0556,hidupnya,
D0556,dan,
D0556,untuk,
D0556,membeli,
D0556,narkoba,
D0556,Untuk,
D0556,narkoba,
D0556,sama,
D0556,bayar,
D0556,kos,
D0556,untuk,
D0556,makan,
D0556,seharihari,
D0556,juga,
D0556,kata,
D0556,Henry,
D0556,Artikel,
D0556,ini,
D0556,ditulis,
D0556,oleh,
D0556,Evita,
D0556,Doryna,
D0556,Br,
D0556,Ginting,
D0556,peserta,
D0556,magang,
D0556,bersertifikat,
D0556,Kampus,
D0556,Merdeka,
D0556,di,
D0556,detikcom,
D0557,Polisi,
D0557,menangkap,
D0557,3,
D0557,bersaudara,
D0557,bandar,
D0557,narkoba,
D0557,di,
D0557,Jambi,
D0557,yakni,
D0557,Helen,
D0557,Tikui,
D0557,dan,
D0557,Ameng,
D0557,Kemudian,
D0557,ada,
D0557,6,
D0557,orang,
D0557,kaki,
D0557,tangan,
D0557,mereka,
D0557,yang,
D0557,ikut,
D0557,diamankan,
D0557,polisi,
D0557,Mereka,
D0557,menjalankan,
D0557,bisnis,
D0557,narkoba,
D0557,melalui,
D0557,basecamp,
D0557,atau,
D0557,lapak,
D0557,narkoba,
D0557,di,
D0557,Jambi,
D0557,Bisnis,
D0557,haram,
D0557,tersebut,
D0557,diungkap,
D0557,polisi,
D0557,setelah,
D0557,aksi,
D0557,emakemak,
D0557,di,
D0557,RT,
D0557,5,
D0557,Kelurahan,
D0557,Rawasari,
D0557,Kota,
D0557,Jambi,
D0557,menggerebek,
D0557,basecamp,
D0557,narkoba,
D0557,tersebut,
D0557,di,
D0557,eks,
D0557,lokalisasi,
D0557,Pucuk,
D0557,Aksi,
D0557,emakemak,
D0557,itu,
D0557,berlangsung,
D0557,pada,
D0557,22,
D0557,Juli,
D0557,2023,
D0557,Saat,
D0557,itu,
D0557,mereka,
D0557,geram,
D0557,atas,
D0557,aktivitas,
D0557,pemakai,
D0557,narkoba,
D0557,di,
D0557,sana,
D0557,yang,
D0557,kemudian,
D0557,memicu,
D0557,aksi,
D0557,kriminalitas,
D0557,seperti,
D0557,pencurian,
D0557,SCROLL,
D0557,TO,
D0557,CONTINUE,
D0557,WITH,
D0557,CONTENT,
D0557,Ada,
D0557,puluhan,
D0557,emakemak,
D0557,yang,
D0557,menyerbu,
D0557,basecamp,
D0557,narkoba,
D0557,saat,
D0557,itu,
D0557,Mereka,
D0557,tambah,
D0557,emosi,
D0557,setelah,
D0557,melihat,
D0557,banyak,
D0557,ditemukan,
D0557,buktibukti,
D0557,aktivitas,
D0557,penggunaan,
D0557,narkoba,
D0557,di,
D0557,sana,
D0557,Nah,
D0557,Ini,
D0557,buktinyo,
D0557,nah,
D0557,Di,
D0557,Pucuk,
D0557,ini,
D0557,basecamp,
D0557,buka,
D0557,dak,
D0557,ditangkap,
D0557,kata,
D0557,salah,
D0557,seorang,
D0557,emakemak,
D0557,yang,
D0557,mengamuk,
D0557,seperti,
D0557,dalam,
D0557,video,
D0557,viral,
D0557,sebelumnya,
D0557,detikSumbagsel,
D0557,sempat,
D0557,mewawancara,
D0557,salah,
D0557,satu,
D0557,emakemak,
D0557,yang,
D0557,ikut,
D0557,dalam,
D0557,aksi,
D0557,penggerebekan,
D0557,itu,
D0557,S,
D0557,38,
D0557,Ia,
D0557,menceritakan,
D0557,aksi,
D0557,itu,
D0557,dilakukan,
D0557,karena,
D0557,banyaknya,
D0557,aksi,
D0557,pencurian,
D0557,di,
D0557,sana,
D0557,Warga,
D0557,menduga,
D0557,itu,
D0557,merupakan,
D0557,dampak,
D0557,dari,
D0557,aktivitas,
D0557,penggunaan,
D0557,narkoba,
D0557,di,
D0557,basecamp,
D0557,tersebut,
D0557,Banyak,
D0557,yang,
D0557,kehilangan,
D0557,mesin,
D0557,air,
D0557,motor,
D0557,laptop,
D0557,di,
D0557,sekeliling,
D0557,sini,
D0557,Jadi,
D0557,ibuibu,
D0557,ini,
D0557,sudah,
D0557,resah,
D0557,kata,
D0557,S,
D0557,saat,
D0557,ditemui,
D0557,pada,
D0557,Minggu,
D0557,2372023,
D0557,Bahkan,
D0557,kata,
D0557,S,
D0557,dirinya,
D0557,sudah,
D0557,dua,
D0557,kali,
D0557,menjadi,
D0557,korban,
D0557,pencurian,
D0557,Sehari,
D0557,sebelum,
D0557,penggerebekan,
D0557,motor,
D0557,miliknya,
D0557,juga,
D0557,dicuri,
D0557,Semenjak,
D0557,ada,
D0557,basecamp,
D0557,inilah,
D0557,tingkat,
D0557,kriminalitas,
D0557,tinggi,
D0557,Dak,
D0557,aman,
D0557,warga,
D0557,ujarnya,
D0557,Lebih,
D0557,lanjut,
D0557,ketika,
D0557,warga,
D0557,menyerbu,
D0557,basecamp,
D0557,itu,
D0557,kata,
D0557,S,
D0557,sekitar,
D0557,20,
D0557,orang,
D0557,sedang,
D0557,asyik,
D0557,memakai,
D0557,sabu,
D0557,Mereka,
D0557,langsung,
D0557,kocarkacir,
D0557,melihat,
D0557,emakemak,
D0557,yang,
D0557,emosi,
D0557,Itu,
D0557,kebanyakan,
D0557,orang,
D0557,dari,
D0557,luar,
D0557,Apalagi,
D0557,miris,
D0557,banyak,
D0557,lihat,
D0557,anak,
D0557,SMP,
D0557,SMA,
D0557,terang,
D0557,S,
D0557,S,
D0557,juga,
D0557,menceritakan,
D0557,di,
D0557,dalam,
D0557,basecamp,
D0557,itu,
D0557,ada,
D0557,8,
D0557,bilik,
D0557,untuk,
D0557,memakai,
D0557,narkoba,
D0557,Alat,
D0557,isap,
D0557,dan,
D0557,peralatan,
D0557,untuk,
D0557,memakai,
D0557,sabu,
D0557,sudah,
D0557,lengkap,
D0557,disediakan,
D0557,di,
D0557,sana,
D0557,Semua,
D0557,kabur,
D0557,sudah,
D0557,Kami,
D0557,juga,
D0557,tidak,
D0557,bisa,
D0557,menahan,
D0557,satusatu,
D0557,mereka,
D0557,Rame,
D0557,loh,
D0557,itu,
D0557,lakilaki,
D0557,semua,
D0557,Yang,
D0557,jelas,
D0557,anak,
D0557,di,
D0557,bawah,
D0557,umur,
D0557,banyak,
D0557,saat,
D0557,itu,
D0557,ujarnya,
D0557,S,
D0557,mengatakan,
D0557,aktivitas,
D0557,menggunakan,
D0557,dan,
D0557,transaksi,
D0557,narkoba,
D0557,di,
D0557,basecamp,
D0557,tersebut,
D0557,sudah,
D0557,berlangsung,
D0557,selama,
D0557,1,
D0557,tahun,
D0557,Setiap,
D0557,hari,
D0557,banyak,
D0557,pengguna,
D0557,narkoba,
D0557,yang,
D0557,datang,
D0557,Setelah,
D0557,setahun,
D0557,lebih,
D0557,berlalu,
D0557,Polri,
D0557,tak,
D0557,tinggal,
D0557,diam,
D0557,Tim,
D0557,Bareskrim,
D0557,Polri,
D0557,dan,
D0557,Polda,
D0557,Jambi,
D0557,melacak,
D0557,dalang,
D0557,di,
D0557,balik,
D0557,basecamp,
D0557,narkoba,
D0557,itu,
D0557,Hasilnya,
D0557,pada,
D0557,Rabu,
D0557,910,
D0557,polisi,
D0557,menangkap,
D0557,Helen,
D0557,sang,
D0557,ratu,
D0557,narkoba,
D0557,di,
D0557,Kembangan,
D0557,Jakarta,
D0557,Barat,
D0557,Bersamaan,
D0557,dengan,
D0557,itu,
D0557,di,
D0557,tempat,
D0557,lain,
D0557,polisi,
D0557,menangkap,
D0557,Didin,
D0557,yang,
D0557,merupakan,
D0557,kaki,
D0557,tangan,
D0557,Helen,
D0557,di,
D0557,Jakarta,
D0557,Selatan,
D0557,Terkait,
D0557,isu,
D0557,viral,
D0557,di,
D0557,masyarakat,
D0557,peredaran,
D0557,narkoba,
D0557,di,
D0557,Jambi,
D0557,Ditresnarkoba,
D0557,Polda,
D0557,Jambi,
D0557,dan,
D0557,Dittipidnarkoba,
D0557,Bareskrim,
D0557,Polri,
D0557,telah,
D0557,melakukan,
D0557,join,
D0557,investigation,
D0557,tindakan,
D0557,penegakan,
D0557,hukum,
D0557,Kemarin,
D0557,telah,
D0557,diamankan,
D0557,inisial,
D0557,H,
D0557,yang,
D0557,ditangkap,
D0557,di,
D0557,Jakarta,
D0557,kata,
D0557,Kabid,
D0557,Humas,
D0557,Polda,
D0557,Jambi,
D0557,Kombes,
D0557,Mulia,
D0557,Kamis,
D0557,10102024,
D0557,Polisi,
D0557,terus,
D0557,mengembangkan,
D0557,kasus,
D0557,narkoba,
D0557,tersebut,
D0557,Pada,
D0557,Kamis,
D0557,1010,
D0557,pagi,
D0557,empat,
D0557,orang,
D0557,kaki,
D0557,tangan,
D0557,Helen,
D0557,juga,
D0557,ditangkap,
D0557,di,
D0557,Kota,
D0557,Jambi,
D0557,Mereka,
D0557,ialah,
D0557,CH,
D0557,C,
D0557,Y,
D0557,dan,
D0557,A,
D0557,Empat,
D0557,orang,
D0557,ini,
D0557,bagian,
D0557,kelompok,
D0557,atau,
D0557,tim,
D0557,dari,
D0557,H,
D0557,Nanti,
D0557,didalami,
D0557,di,
D0557,Jakarta,
D0557,terhadap,
D0557,4,
D0557,orang,
D0557,ini,
D0557,ujarnya,
D0557,Malam,
D0557,harinya,
D0557,polisi,
D0557,menangkap,
D0557,dua,
D0557,saudara,
D0557,Helen,
D0557,yakni,
D0557,Tikui,
D0557,dan,
D0557,Ameng,
D0557,Selain,
D0557,itu,
D0557,polisi,
D0557,juga,
D0557,mengamankan,
D0557,seorang,
D0557,pria,
D0557,berinisial,
D0557,M,
D0557,Benar,
D0557,update,
D0557,terbaru,
D0557,tim,
D0557,gabungan,
D0557,Bareskrim,
D0557,Polri,
D0557,dan,
D0557,Polda,
D0557,Jambi,
D0557,telah,
D0557,mengamankan,
D0557,kembali,
D0557,tiga,
D0557,orang,
D0557,yang,
D0557,merupakan,
D0557,bagian,
D0557,dari,
D0557,kelompok,
D0557,sebelumnya,
D0557,tadi,
D0557,malam,
D0557,Inisial,
D0557,T,
D0557,A,
D0557,dan,
D0557,M,
D0557,kata,
D0557,Kombes,
D0557,Mulia,
D0557,Jumat,
D0557,11102024,
D0557,Tikui,
D0557,merupakan,
D0557,kakak,
D0557,Helen,
D0557,sedangkan,
D0557,Ameng,
D0557,adalah,
D0557,adik,
D0557,dari,
D0557,Helen,
D0557,Mereka,
D0557,samasama,
D0557,bandar,
D0557,narkoba,
D0557,Tikui,
D0557,dan,
D0557,Ameng,
D0557,ini,
D0557,bandar,
D0557,narkoba,
D0557,juga,
D0557,mereka,
D0557,ini,
D0557,saudaranya,
D0557,Helen,
D0557,ujar,
D0557,Direktur,
D0557,Tindak,
D0557,Pidana,
D0557,Narkoba,
D0557,Bareskrim,
D0557,Polri,
D0557,Brigjen,
D0557,Mukti,
D0557,Juharsa,
D0557,dilansir,
D0557,detikNews,
D0557,Tikui,
D0557,yang,
D0557,juga,
D0557,dikenal,
D0557,Mister,
D0557,T,
D0557,sebelumnya,
D0557,sempat,
D0557,melarikan,
D0557,diri,
D0557,setelah,
D0557,polisi,
D0557,menggerebek,
D0557,rumahnya,
D0557,di,
D0557,kawasan,
D0557,Jelutung,
D0557,Kota,
D0557,Jambi,
D0557,Saat,
D0557,ini,
D0557,polisi,
D0557,masih,
D0557,menelusuri,
D0557,aset,
D0557,dari,
D0557,tiga,
D0557,bersaudara,
D0557,ini,
D0557,yakni,
D0557,Helen,
D0557,Tikui,
D0557,dan,
D0557,Ameng,
D0557,Mukti,
D0557,mengatakan,
D0557,Helen,
D0557,adalah,
D0557,bandar,
D0557,narkoba,
D0557,yang,
D0557,cukup,
D0557,besar,
D0557,di,
D0557,Jambi,
D0557,Ia,
D0557,mengendalikan,
D0557,lapak,
D0557,narkoba,
D0557,Salah,
D0557,satunya,
D0557,yang,
D0557,berada,
D0557,di,
D0557,RT,
D0557,5,
D0557,Rawasari,
D0557,Kota,
D0557,Jambi,
D0557,Diduga,
D0557,jaringan,
D0557,lapaklapak,
D0557,ini,
D0557,dikendalikan,
D0557,jaringan,
D0557,Helen,
D0557,ujar,
D0557,Mukti,
D0558,Dua,
D0558,pemuda,
D0558,berinisial,
D0558,SAS,
D0558,dan,
D0558,FG,
D0558,kini,
D0558,harus,
D0558,menghabiskan,
D0558,hariharinya,
D0558,di,
D0558,dalam,
D0558,penjara,
D0558,Anggota,
D0558,geng,
D0558,motor,
D0558,yang,
D0558,masih,
D0558,berusia,
D0558,19,
D0558,tahun,
D0558,itu,
D0558,ditangkap,
D0558,polisi,
D0558,setelah,
D0558,melakukan,
D0558,aksi,
D0558,pembegalan,
D0558,di,
D0558,Jalan,
D0558,BKR,
D0558,Kota,
D0558,Bandung,
D0558,pada,
D0558,28,
D0558,September,
D0558,2024,
D0558,silam,
D0558,Ulah,
D0558,bengal,
D0558,yang,
D0558,keduanya,
D0558,lakukan,
D0558,membuat,
D0558,seorang,
D0558,pemuda,
D0558,bernama,
D0558,M,
D0558,Fahmi,
D0558,mengalami,
D0558,luka,
D0558,serius,
D0558,di,
D0558,bagian,
D0558,muka,
D0558,badan,
D0558,kaki,
D0558,hingga,
D0558,tangan,
D0558,Korban,
D0558,dianiaya,
D0558,sampai,
D0558,harus,
D0558,dilarikan,
D0558,ke,
D0558,rumah,
D0558,sakit,
D0558,karena,
D0558,mengalami,
D0558,lukaluka,
D0558,Setelah,
D0558,polisi,
D0558,turun,
D0558,tangan,
D0558,keduanya,
D0558,diciduk,
D0558,tanpa,
D0558,perlawanan,
D0558,Selain,
D0558,menganiaya,
D0558,korban,
D0558,mereka,
D0558,juga,
D0558,membawa,
D0558,telepon,
D0558,genggam,
D0558,milik,
D0558,korban,
D0558,yang,
D0558,dirampas,
D0558,saat,
D0558,kejadian,
D0558,SCROLL,
D0558,TO,
D0558,CONTINUE,
D0558,WITH,
D0558,CONTENT,
D0558,Kerugian,
D0558,yang,
D0558,dialami,
D0558,oleh,
D0558,korban,
D0558,yaitu,
D0558,lukaluka,
D0558,di,
D0558,bagian,
D0558,muka,
D0558,badan,
D0558,kaki,
D0558,dan,
D0558,tangan,
D0558,Korban,
D0558,juga,
D0558,menderita,
D0558,kerugian,
D0558,material,
D0558,Rp,
D0558,15,
D0558,juta,
D0558,yaitu,
D0558,handphonenya,
D0558,hilang,
D0558,kata,
D0558,Kapolrestabes,
D0558,Bandung,
D0558,Kombes,
D0558,Budi,
D0558,Sartono,
D0558,Jumat,
D0558,11102024,
D0558,Sebelum,
D0558,kejadian,
D0558,berdarah,
D0558,ini,
D0558,korban,
D0558,saat,
D0558,itu,
D0558,berencana,
D0558,pulang,
D0558,ke,
D0558,rumahnya,
D0558,usai,
D0558,motoran,
D0558,dari,
D0558,Lembang,
D0558,Kabupaten,
D0558,Bandung,
D0558,Barat,
D0558,KBB,
D0558,Nahasnya,
D0558,ketika,
D0558,tiba,
D0558,di,
D0558,lokasi,
D0558,kejadian,
D0558,dia,
D0558,tak,
D0558,bisa,
D0558,menghindar,
D0558,dari,
D0558,aksi,
D0558,pembegalan,
D0558,dua,
D0558,anggota,
D0558,geng,
D0558,motor,
D0558,itu,
D0558,Singkatnya,
D0558,korban,
D0558,dan,
D0558,temannya,
D0558,berangkat,
D0558,motoran,
D0558,pada,
D0558,Jumat,
D0558,279,
D0558,malam,
D0558,sekitar,
D0558,pukul,
D0558,1900,
D0558,WIB,
D0558,Setelah,
D0558,tiba,
D0558,di,
D0558,Lembang,
D0558,korban,
D0558,lalu,
D0558,berencana,
D0558,pulang,
D0558,Sabtu,
D0558,289,
D0558,dini,
D0558,hari,
D0558,sekitar,
D0558,pukul,
D0558,0130,
D0558,WIB,
D0558,Setelah,
D0558,tiba,
D0558,di,
D0558,Jalan,
D0558,Laswi,
D0558,korban,
D0558,dan,
D0558,temantemannya,
D0558,berpapasan,
D0558,dengan,
D0558,salah,
D0558,satu,
D0558,geng,
D0558,motor,
D0558,Mereka,
D0558,pun,
D0558,jadi,
D0558,sasaran,
D0558,dan,
D0558,motor,
D0558,yang,
D0558,digunakan,
D0558,langsung,
D0558,ditendang,
D0558,para,
D0558,berandalan,
D0558,ini,
D0558,Meski,
D0558,sempat,
D0558,terjatuh,
D0558,korban,
D0558,dan,
D0558,kawannya,
D0558,kemudian,
D0558,berhasil,
D0558,melarikan,
D0558,diri,
D0558,Mereka,
D0558,pun,
D0558,memacu,
D0558,motornya,
D0558,untuk,
D0558,menjauhi,
D0558,geng,
D0558,motor,
D0558,ini,
D0558,ke,
D0558,Jalan,
D0558,Peta,
D0558,Kota,
D0558,Bandung,
D0558,Tapi,
D0558,sial,
D0558,petaka,
D0558,kembali,
D0558,datang,
D0558,Di,
D0558,sekitara,
D0558,Patung,
D0558,Ikan,
D0558,Jalan,
D0558,BKR,
D0558,korban,
D0558,berpapasan,
D0558,dengan,
D0558,gerombolan,
D0558,geng,
D0558,motor,
D0558,lain,
D0558,hingga,
D0558,membuat,
D0558,korban,
D0558,dikejar,
D0558,sampai,
D0558,akhirnya,
D0558,terjadi,
D0558,penganiayaan,
D0558,Pada,
D0558,saat,
D0558,korban,
D0558,sampai,
D0558,di,
D0558,Jalan,
D0558,BKR,
D0558,ada,
D0558,kelompok,
D0558,lain,
D0558,dari,
D0558,arah,
D0558,Patung,
D0558,Ikan,
D0558,ke,
D0558,arah,
D0558,Buahbatu,
D0558,tepatnya,
D0558,di,
D0558,Jalan,
D0558,BKR,
D0558,di,
D0558,depan,
D0558,Alfa,
D0558,minimarket,
D0558,katanya,
D0558,Komplotan,
D0558,geng,
D0558,motor,
D0558,itu,
D0558,kemudian,
D0558,melakukan,
D0558,penganiayaan,
D0558,langsung,
D0558,kepada,
D0558,korban,
D0558,dan,
D0558,rekanrekannya,
D0558,itu,
D0558,Mirisnya,
D0558,para,
D0558,pelaku,
D0558,berdalih,
D0558,penganiayaan,
D0558,ini,
D0558,dipicu,
D0558,masalah,
D0558,sepele,
D0558,setelah,
D0558,mengira,
D0558,korban,
D0558,merupakan,
D0558,kelompok,
D0558,musuh,
D0558,dari,
D0558,mereka,
D0558,Setelah,
D0558,dianiaya,
D0558,habishabisan,
D0558,korban,
D0558,dan,
D0558,temantemannya,
D0558,berusaha,
D0558,bangkit,
D0558,untuk,
D0558,meninggalkan,
D0558,lokasi,
D0558,kejadian,
D0558,Korban,
D0558,lantas,
D0558,memacu,
D0558,sepada,
D0558,motornya,
D0558,ke,
D0558,arah,
D0558,Jalan,
D0558,Peta,
D0558,dan,
D0558,akhirnya,
D0558,selamat,
D0558,dari,
D0558,kejaran,
D0558,geng,
D0558,motor,
D0558,tersebut,
D0558,Meski,
D0558,sudah,
D0558,mengamankan,
D0558,dua,
D0558,pelakunya,
D0558,polisi,
D0558,masih,
D0558,memburu,
D0558,satu,
D0558,orang,
D0558,lain,
D0558,yang,
D0558,ditetapkan,
D0558,dalam,
D0558,daftar,
D0558,pencarian,
D0558,orang,
D0558,DPO,
D0558,Budi,
D0558,Sartono,
D0558,pun,
D0558,mengultimatum,
D0558,yang,
D0558,bersangkutan,
D0558,supaya,
D0558,segera,
D0558,menyerahkan,
D0558,diri,
D0558,ke,
D0558,pihak,
D0558,kepolisian,
D0558,Nah,
D0558,yang,
D0558,DPO,
D0558,ini,
D0558,adalah,
D0558,yang,
D0558,memukul,
D0558,menggunakan,
D0558,stik,
D0558,bisbol,
D0558,Maka,
D0558,dari,
D0558,itu,
D0558,bagi,
D0558,pelaku,
D0558,yang,
D0558,masih,
D0558,DPO,
D0558,saya,
D0558,harapkan,
D0558,menyerahkan,
D0558,diri,
D0558,ke,
D0558,polsek,
D0558,terdekat,
D0558,atau,
D0558,komunitas,
D0558,terdekat,
D0558,karena,
D0558,kami,
D0558,akan,
D0558,cari,
D0558,terus,
D0558,tegas,
D0558,Budi,
D0558,Ketiga,
D0558,tersangka,
D0558,terancam,
D0558,hukuman,
D0558,penjara,
D0558,selama,
D0558,lima,
D0558,tahun,
D0558,Tersangka,
D0558,disangkakan,
D0558,dengan,
D0558,Pasal,
D0558,170,
D0558,dengan,
D0558,acaman,
D0558,kurungan,
D0558,minimal,
D0558,5,
D0558,tahun,
D0558,penjara,
D0558,pungkasnya,
D0559,Polisi,
D0559,berhasil,
D0559,meringkus,
D0559,dua,
D0559,pelaku,
D0559,penganiayaan,
D0559,yang,
D0559,dilakukan,
D0559,anggota,
D0559,geng,
D0559,motor,
D0559,di,
D0559,Bandung,
D0559,Insiden,
D0559,berdarah,
D0559,itu,
D0559,terjadi,
D0559,saat,
D0559,korban,
D0559,hendak,
D0559,pulang,
D0559,ke,
D0559,rumah,
D0559,usai,
D0559,motoran,
D0559,dari,
D0559,Lembang,
D0559,Jadi,
D0559,kejadiannya,
D0559,itu,
D0559,adalah,
D0559,di,
D0559,Jalan,
D0559,BKR,
D0559,Kecamatan,
D0559,Regol,
D0559,Kota,
D0559,Bandung,
D0559,dengan,
D0559,saksi,
D0559,pelapor,
D0559,inisial,
D0559,S,
D0559,umur,
D0559,64,
D0559,tahun,
D0559,itu,
D0559,merupakan,
D0559,bapak,
D0559,daripada,
D0559,korban,
D0559,kata,
D0559,Kapolrestabes,
D0559,Bandung,
D0559,Kombes,
D0559,Budi,
D0559,Sartono,
D0559,di,
D0559,Mapolrestabes,
D0559,Bandung,
D0559,Jumat,
D0559,11102024,
D0559,Korban,
D0559,dan,
D0559,temannya,
D0559,berangkat,
D0559,pada,
D0559,Jumat,
D0559,279,
D0559,malam,
D0559,sekitar,
D0559,pukul,
D0559,1900,
D0559,WIB,
D0559,Dari,
D0559,Lembang,
D0559,mereka,
D0559,kemudian,
D0559,hendak,
D0559,pulang,
D0559,Sabtu,
D0559,289,
D0559,dini,
D0559,hari,
D0559,sekitar,
D0559,Pukul,
D0559,0130,
D0559,WIB,
D0559,SCROLL,
D0559,TO,
D0559,CONTINUE,
D0559,WITH,
D0559,CONTENT,
D0559,Korban,
D0559,atas,
D0559,nama,
D0559,Fahmi,
D0559,Nabil,
D0559,dan,
D0559,Dika,
D0559,itu,
D0559,diajak,
D0559,temannya,
D0559,untuk,
D0559,berkendara,
D0559,night,
D0559,ride,
D0559,menuju,
D0559,Lembang,
D0559,menggunakan,
D0559,tiga,
D0559,sepeda,
D0559,motor,
D0559,Kemudian,
D0559,pada,
D0559,dini,
D0559,harinya,
D0559,atau,
D0559,hari,
D0559,berikutnya,
D0559,korban,
D0559,pulang,
D0559,dari,
D0559,Lembang,
D0559,Dan,
D0559,pada,
D0559,saat,
D0559,di,
D0559,daerah,
D0559,Jalan,
D0559,Laswi,
D0559,bertemu,
D0559,dengan,
D0559,komplotan,
D0559,motor,
D0559,Kemudian,
D0559,motor,
D0559,korban,
D0559,ditendang,
D0559,hingga,
D0559,jatuh,
D0559,tutur,
D0559,Budi,
D0559,Korban,
D0559,dan,
D0559,temantemannya,
D0559,kemudian,
D0559,bangun,
D0559,dan,
D0559,berusaha,
D0559,untuk,
D0559,meninggalkan,
D0559,lokasi,
D0559,Korban,
D0559,memacu,
D0559,sepada,
D0559,motornya,
D0559,ke,
D0559,arah,
D0559,Jalan,
D0559,Peta,
D0559,Akan,
D0559,tetapi,
D0559,petaka,
D0559,kembali,
D0559,muncul,
D0559,Di,
D0559,sekitara,
D0559,Patung,
D0559,Ikan,
D0559,Jalan,
D0559,BKR,
D0559,korban,
D0559,berpapasan,
D0559,dengan,
D0559,komplotan,
D0559,geng,
D0559,motor,
D0559,lain,
D0559,Korban,
D0559,pun,
D0559,kemudian,
D0559,dikejar,
D0559,hingga,
D0559,akhirnya,
D0559,dianiaya,
D0559,Pada,
D0559,saat,
D0559,korban,
D0559,sampai,
D0559,di,
D0559,Jalan,
D0559,BKR,
D0559,ada,
D0559,kelompok,
D0559,lain,
D0559,dari,
D0559,arah,
D0559,Patung,
D0559,Ikan,
D0559,ke,
D0559,arah,
D0559,Buahbatu,
D0559,tepatnya,
D0559,di,
D0559,Jalan,
D0559,BKR,
D0559,di,
D0559,depan,
D0559,Alfa,
D0559,minimarket,
D0559,katanya,
D0559,Komplotan,
D0559,geng,
D0559,motor,
D0559,itu,
D0559,kemudian,
D0559,melakukan,
D0559,penganiayaan,
D0559,langsung,
D0559,kepada,
D0559,korban,
D0559,dan,
D0559,rekanrekannya,
D0559,itu,
D0559,Para,
D0559,pelaku,
D0559,langsung,
D0559,menghampiri,
D0559,korban,
D0559,dan,
D0559,melakukan,
D0559,pengoroyakan,
D0559,sehingga,
D0559,korban,
D0559,lukaluka,
D0559,Jadi,
D0559,motifnya,
D0559,menurut,
D0559,keterangan,
D0559,sementara,
D0559,dari,
D0559,pihak,
D0559,tersangka,
D0559,yang,
D0559,telah,
D0559,kita,
D0559,amankan,
D0559,versi,
D0559,mereka,
D0559,bahwa,
D0559,mereka,
D0559,menyangka,
D0559,yang,
D0559,datang,
D0559,ke,
D0559,mereka,
D0559,adalah,
D0559,kelompok,
D0559,dari,
D0559,lawannya,
D0559,sehingga,
D0559,mereka,
D0559,langsung,
D0559,melakukan,
D0559,pengoroyokan,
D0559,jelasnya,
D0559,Korban,
D0559,alami,
D0559,luka,
D0559,di,
D0559,wajah,
D0559,badan,
D0559,kaki,
D0559,dan,
D0559,tangannya,
D0559,Selain,
D0559,itu,
D0559,ponsel,
D0559,milik,
D0559,korban,
D0559,seharga,
D0559,Rp,
D0559,15,
D0559,juta,
D0559,dilaporkan,
D0559,hilang,
D0559,Dalam,
D0559,kejadian,
D0559,ini,
D0559,dua,
D0559,pelaku,
D0559,berinisial,
D0559,SAS,
D0559,19,
D0559,dan,
D0559,FG,
D0559,19,
D0559,sudah,
D0559,diamankan,
D0559,Unit,
D0559,Reskrim,
D0559,Polsek,
D0559,Regol,
D0559,dan,
D0559,satu,
D0559,lainnya,
D0559,berinisial,
D0559,R,
D0559,masih,
D0559,DPO,
D0559,Tetap,
D0559,masih,
D0559,kita,
D0559,dalami,
D0559,pengejaran,
D0559,1,
D0559,DPO,
D0559,Jadi,
D0559,dari,
D0559,hasil,
D0559,olah,
D0559,TKP,
D0559,yang,
D0559,dilakukan,
D0559,oleh,
D0559,jajaran,
D0559,Polsek,
D0559,Regol,
D0559,dan,
D0559,juga,
D0559,Satresktim,
D0559,Polrestabes,
D0559,Bandung,
D0559,dengan,
D0559,kita,
D0559,memeriksa,
D0559,beberapa,
D0559,saksi,
D0559,yaitu,
D0559,ada,
D0559,8,
D0559,saksi,
D0559,yang,
D0559,kita,
D0559,periksa,
D0559,teridentifikasi,
D0559,ada,
D0559,3,
D0559,pelaku,
D0559,yang,
D0559,berhasil,
D0559,kita,
D0559,identifikasi,
D0559,tuturnya,
D0559,Ketiga,
D0559,tersangka,
D0559,terancam,
D0559,hukuman,
D0559,penjara,
D0559,selama,
D0559,lima,
D0559,tahun,
D0559,Tersangka,
D0559,disangkakan,
D0559,dengan,
D0559,Pasal,
D0559,170,
D0559,dengan,
D0559,acaman,
D0559,kurungan,
D0559,minimal,
D0559,5,
D0559,tahun,
D0559,penjara,
D0559,pungkasnya,
D0560,Polisi,
D0560,menangkap,
D0560,anggota,
D0560,DPRD,
D0560,Tapsel,
D0560,inisial,
D0560,ES,
D0560,terkait,
D0560,kasus,
D0560,pengeroyokan,
D0560,yang,
D0560,terjadi,
D0560,di,
D0560,proyek,
D0560,PLTA,
D0560,Batang,
D0560,Toru,
D0560,Setelah,
D0560,ditangkap,
D0560,ES,
D0560,kemudian,
D0560,dibawa,
D0560,ke,
D0560,Polda,
D0560,Sumut,
D0560,Kapolres,
D0560,Tapsel,
D0560,AKBP,
D0560,Yasir,
D0560,Ahmadi,
D0560,mengatakan,
D0560,ES,
D0560,ditangkap,
D0560,ketika,
D0560,berada,
D0560,di,
D0560,salah,
D0560,satu,
D0560,hotel,
D0560,di,
D0560,Padangsidimpuan,
D0560,Yasir,
D0560,menyebut,
D0560,ES,
D0560,ditangkap,
D0560,karena,
D0560,kasus,
D0560,pengeroyokan,
D0560,Iya,
D0560,ditangkap,
D0560,di,
D0560,hotel,
D0560,Kota,
D0560,Padangsidimpuan,
D0560,kasus,
D0560,pengeroyokan,
D0560,Pasal,
D0560,170,
D0560,KUHP,
D0560,kata,
D0560,Yasir,
D0560,saat,
D0560,dikonfirmasi,
D0560,detikSumut,
D0560,Kamis,
D0560,10102024,
D0560,SCROLL,
D0560,TO,
D0560,CONTINUE,
D0560,WITH,
D0560,CONTENT,
D0560,Yasir,
D0560,menyebut,
D0560,peristiwa,
D0560,pengeroyokan,
D0560,itu,
D0560,terjadi,
D0560,sekitar,
D0560,empat,
D0560,bulan,
D0560,lalu,
D0560,ES,
D0560,diduga,
D0560,terlibat,
D0560,di,
D0560,kasus,
D0560,tersebut,
D0560,Di,
D0560,proyek,
D0560,PLTA,
D0560,PT,
D0560,SAE,
D0560,sekitar,
D0560,empat,
D0560,bulan,
D0560,yang,
D0560,lalu,
D0560,ujarnya,
D0560,Perwira,
D0560,menengah,
D0560,Polri,
D0560,itu,
D0560,mengatakan,
D0560,ES,
D0560,diboyong,
D0560,ke,
D0560,Polda,
D0560,Sumut,
D0560,usai,
D0560,ditangkap,
D0560,Dibawa,
D0560,ke,
D0560,Polda,
D0560,pungkasnya,
D0561,Diki,
D0561,Jaya,
D0561,21,
D0561,pria,
D0561,sebatang,
D0561,kara,
D0561,di,
D0561,Sukabumi,
D0561,Jawa,
D0561,Barat,
D0561,Jabar,
D0561,dibunuh,
D0561,garagara,
D0561,cekcok,
D0561,saat,
D0561,berpesta,
D0561,minuman,
D0561,keras,
D0561,miras,
D0561,Polisi,
D0561,memperlihatkan,
D0561,empat,
D0561,orang,
D0561,pelaku,
D0561,dua,
D0561,di,
D0561,antaranya,
D0561,berstatus,
D0561,ibu,
D0561,dan,
D0561,anak,
D0561,Kesalahpahaman,
D0561,saat,
D0561,pesta,
D0561,miras,
D0561,membuat,
D0561,para,
D0561,pelaku,
D0561,menghabisi,
D0561,nyawa,
D0561,Diki,
D0561,Motif,
D0561,dari,
D0561,tindak,
D0561,pidana,
D0561,ini,
D0561,diawali,
D0561,adanya,
D0561,salah,
D0561,paham,
D0561,pada,
D0561,saat,
D0561,korban,
D0561,dan,
D0561,pelaku,
D0561,mengonsumsi,
D0561,minuman,
D0561,keras,
D0561,bersamasama,
D0561,Kemudian,
D0561,dari,
D0561,salah,
D0561,paham,
D0561,itu,
D0561,pelaku,
D0561,mengambil,
D0561,sebilah,
D0561,pisau,
D0561,dapur,
D0561,kemudian,
D0561,ditusukkan,
D0561,di,
D0561,bagian,
D0561,leher,
D0561,sebelah,
D0561,kiri,
D0561,korban,
D0561,kata,
D0561,Kapolres,
D0561,Sukabumi,
D0561,AKBP,
D0561,Samian,
D0561,Senin,
D0561,7102024,
D0561,dilansir,
D0561,dari,
D0561,detikJabar,
D0561,SCROLL,
D0561,TO,
D0561,CONTINUE,
D0561,WITH,
D0561,CONTENT,
D0561,Tidak,
D0561,sampai,
D0561,di,
D0561,sana,
D0561,setelah,
D0561,korban,
D0561,tidak,
D0561,berdaya,
D0561,di,
D0561,telungkupkan,
D0561,oleh,
D0561,pelaku,
D0561,dan,
D0561,kembali,
D0561,ditusuk,
D0561,sebanyak,
D0561,dua,
D0561,kali,
D0561,di,
D0561,punggung,
D0561,Motifnya,
D0561,adalah,
D0561,salah,
D0561,paham,
D0561,pada,
D0561,saat,
D0561,minumminuman,
D0561,keras,
D0561,secara,
D0561,bersamasama,
D0561,imbuh,
D0561,Samian,
D0561,Polisi,
D0561,mengamankan,
D0561,para,
D0561,pelaku,
D0561,masingmasing,
D0561,Nopal,
D0561,alias,
D0561,N,
D0561,19,
D0561,yang,
D0561,menjadi,
D0561,pelaku,
D0561,utama,
D0561,yang,
D0561,menusuk,
D0561,Diki,
D0561,kemudian,
D0561,Gilang,
D0561,Maulana,
D0561,alias,
D0561,GM,
D0561,20,
D0561,dan,
D0561,Juanda,
D0561,18,
D0561,yang,
D0561,berperan,
D0561,mengangkat,
D0561,tubuh,
D0561,korban,
D0561,serta,
D0561,Erni,
D0561,49,
D0561,yang,
D0561,menyuruh,
D0561,Noval,
D0561,untuk,
D0561,memindahkan,
D0561,mayat,
D0561,Diki,
D0561,Noval,
D0561,dan,
D0561,Erni,
D0561,sendiri,
D0561,berstatus,
D0561,ibu,
D0561,dan,
D0561,anak,
D0561,Barang,
D0561,bukti,
D0561,yang,
D0561,sudah,
D0561,kami,
D0561,amankan,
D0561,di,
D0561,antaranya,
D0561,satu,
D0561,buah,
D0561,pisau,
D0561,satu,
D0561,buah,
D0561,cangkul,
D0561,yang,
D0561,digunakan,
D0561,pada,
D0561,saat,
D0561,melakukan,
D0561,penguburan,
D0561,mayat,
D0561,korban,
D0561,kemudian,
D0561,satu,
D0561,buah,
D0561,jaket,
D0561,warna,
D0561,hitam,
D0561,dan,
D0561,satu,
D0561,buah,
D0561,kaus,
D0561,warna,
D0561,merah,
D0561,milik,
D0561,korban,
D0561,celana,
D0561,panjang,
D0561,levis,
D0561,warna,
D0561,hitam,
D0561,jelas,
D0561,Samian,
D0561,Cangkul,
D0561,sendiri,
D0561,dijadikan,
D0561,barang,
D0561,bukti,
D0561,karena,
D0561,sebelum,
D0561,dibuang,
D0561,mayat,
D0561,korban,
D0561,sempat,
D0561,dikubur,
D0561,di,
D0561,pasir,
D0561,Namun,
D0561,karena,
D0561,merasa,
D0561,tidak,
D0561,aman,
D0561,jasad,
D0561,korban,
D0561,kemudian,
D0561,dibawa,
D0561,ke,
D0561,Cisolok,
D0561,dan,
D0561,dibuang,
D0561,di,
D0561,pinggir,
D0561,Jalan,
D0561,Raya,
D0561,SukabumiBanten,
D0561,Kemudian,
D0561,oleh,
D0561,para,
D0561,pelaku,
D0561,dan,
D0561,sepeda,
D0561,motor,
D0561,dibawa,
D0561,kurang,
D0561,lebih,
D0561,15,
D0561,kilometer,
D0561,dari,
D0561,TKP,
D0561,awal,
D0561,dibuang,
D0561,di,
D0561,daerah,
D0561,Cisolok,
D0561,tepatnya,
D0561,di,
D0561,jurang,
D0561,ya,
D0561,ke,
D0561,dalam,
D0561,yang,
D0561,kurang,
D0561,lebih,
D0561,5,
D0561,meter,
D0561,jekas,
D0561,Samian,
D0561,Tersangka,
D0561,Noval,
D0561,membenarkan,
D0561,jika,
D0561,malam,
D0561,itu,
D0561,ia,
D0561,mengonsumsi,
D0561,minuman,
D0561,keras,
D0561,bersama,
D0561,korban,
D0561,Awalnya,
D0561,pesan,
D0561,sebotol,
D0561,lalu,
D0561,sebotol,
D0561,lagi,
D0561,lirihnya,
D0561,Artikel,
D0561,ini,
D0561,telah,
D0561,tayang,
D0561,di,
D0561,detikJabar,
D0561,Baca,
D0561,selengkapnya,
D0561,di,
D0561,sini,
D0562,Seorang,
D0562,pria,
D0562,di,
D0562,Kabupaten,
D0562,Simalungun,
D0562,Sumatera,
D0562,Utara,
D0562,Sumut,
D0562,Darus,
D0562,Iman,
D0562,31,
D0562,menyerang,
D0562,pamannya,
D0562,sendiri,
D0562,menggunakan,
D0562,parang,
D0562,Pada,
D0562,akhirnya,
D0562,Darus,
D0562,tewas,
D0562,ditusuk,
D0562,sepupunya,
D0562,saat,
D0562,keduanya,
D0562,berkelahi,
D0562,Kapolsek,
D0562,Bosar,
D0562,Maligas,
D0562,Iptu,
D0562,Sonni,
D0562,G,
D0562,Silalahi,
D0562,mengatakan,
D0562,peristiwa,
D0562,itu,
D0562,terjadi,
D0562,di,
D0562,Huta,
D0562,II,
D0562,Bandar,
D0562,Selamat,
D0562,Nagori,
D0562,Pagar,
D0562,Bosi,
D0562,Kecamatan,
D0562,Ujung,
D0562,Padang,
D0562,tadi,
D0562,malam,
D0562,Adapun,
D0562,pelaku,
D0562,pembunuhan,
D0562,itu,
D0562,adalah,
D0562,Erdiansyah,
D0562,24,
D0562,Warga,
D0562,membantu,
D0562,korban,
D0562,untuk,
D0562,pertolongan,
D0562,pertama,
D0562,ke,
D0562,rumah,
D0562,sakit,
D0562,Namun,
D0562,korban,
D0562,tidak,
D0562,terselamatkan,
D0562,dan,
D0562,meninggal,
D0562,dunia,
D0562,kata,
D0562,Sonni,
D0562,Kamis,
D0562,10102024,
D0562,SCROLL,
D0562,TO,
D0562,CONTINUE,
D0562,WITH,
D0562,CONTENT,
D0562,Sonni,
D0562,mengatakan,
D0562,peristiwa,
D0562,itu,
D0562,berawal,
D0562,saat,
D0562,orang,
D0562,tua,
D0562,pelaku,
D0562,Midin,
D0562,55,
D0562,menanyakan,
D0562,kepada,
D0562,korban,
D0562,apakah,
D0562,ada,
D0562,mencuri,
D0562,sawit,
D0562,di,
D0562,ladangnya,
D0562,Saat,
D0562,itu,
D0562,korban,
D0562,marah,
D0562,dan,
D0562,langsung,
D0562,menantang,
D0562,pamannya,
D0562,itu,
D0562,sambil,
D0562,berkata,
D0562,kalau,
D0562,memang,
D0562,aku,
D0562,kenapa,
D0562,rupanya,
D0562,Korban,
D0562,menjawab,
D0562,menyolot,
D0562,dengan,
D0562,menantang,
D0562,kepada,
D0562,paman,
D0562,korban,
D0562,sebutnya,
D0562,Kemudian,
D0562,keduanya,
D0562,pun,
D0562,terlibat,
D0562,cekcok,
D0562,Namun,
D0562,setelah,
D0562,itu,
D0562,saksi,
D0562,Midin,
D0562,memutuskan,
D0562,untuk,
D0562,meninggalkan,
D0562,korban,
D0562,dan,
D0562,pulang,
D0562,ke,
D0562,rumahnya,
D0562,Selang,
D0562,beberapa,
D0562,waktu,
D0562,korban,
D0562,mendatangi,
D0562,rumah,
D0562,pamannya,
D0562,itu,
D0562,sambil,
D0562,membawa,
D0562,parang,
D0562,dan,
D0562,langsung,
D0562,menyerang,
D0562,Midin,
D0562,Saksi,
D0562,Midin,
D0562,yang,
D0562,melihat,
D0562,aksi,
D0562,korban,
D0562,itu,
D0562,langsung,
D0562,pergi,
D0562,menyelamatkan,
D0562,diri,
D0562,Pada,
D0562,saat,
D0562,yang,
D0562,bersamaan,
D0562,anak,
D0562,Midin,
D0562,yakni,
D0562,pelaku,
D0562,berupaya,
D0562,menghentikan,
D0562,aksi,
D0562,korban,
D0562,Namun,
D0562,korban,
D0562,malah,
D0562,melawan,
D0562,hingga,
D0562,keduanya,
D0562,terlibat,
D0562,perkelahian,
D0562,Antara,
D0562,pelaku,
D0562,dan,
D0562,korban,
D0562,duel,
D0562,Pada,
D0562,saat,
D0562,itu,
D0562,korban,
D0562,melayangkan,
D0562,sebilah,
D0562,parang,
D0562,ke,
D0562,arah,
D0562,pelaku,
D0562,dan,
D0562,ditangkis,
D0562,lalu,
D0562,diarahkan,
D0562,kembali,
D0562,ke,
D0562,kepala,
D0562,korban,
D0562,dan,
D0562,perut,
D0562,korban,
D0562,kata,
D0562,Sonni,
D0562,Pihak,
D0562,kepolisian,
D0562,yang,
D0562,menerima,
D0562,informasi,
D0562,kejadian,
D0562,itu,
D0562,lalu,
D0562,mendatangi,
D0562,lokasi,
D0562,dan,
D0562,mengamankan,
D0562,pelaku,
D0562,Sonni,
D0562,menyampaikan,
D0562,bahwa,
D0562,pihak,
D0562,keluarga,
D0562,menolak,
D0562,jasad,
D0562,korban,
D0562,untuk,
D0562,diautopsi,
D0562,Setelah,
D0562,berkoordinasi,
D0562,kepada,
D0562,pihak,
D0562,korban,
D0562,agar,
D0562,membawa,
D0562,jasad,
D0562,korban,
D0562,untuk,
D0562,diautopsi,
D0562,orang,
D0562,tua,
D0562,korban,
D0562,tidak,
D0562,setuju,
D0562,dan,
D0562,membuat,
D0562,surat,
D0562,pernyataan,
D0562,pungkasnya,
D0563,Seorang,
D0563,santri,
D0563,di,
D0563,Kabupaten,
D0563,Langkat,
D0563,Sumatera,
D0563,Utara,
D0563,Sumut,
D0563,FAZ,
D0563,17,
D0563,nekat,
D0563,membakar,
D0563,pengurus,
D0563,pondok,
D0563,pesantrennya,
D0563,ponpes,
D0563,bernama,
D0563,Adab,
D0563,Auli,
D0563,19,
D0563,hingga,
D0563,korban,
D0563,mengalami,
D0563,luka,
D0563,bakar,
D0563,sampai,
D0563,80,
D0563,persen,
D0563,Setelah,
D0563,peristiwa,
D0563,itu,
D0563,korban,
D0563,dilarikan,
D0563,ke,
D0563,rumah,
D0563,sakit,
D0563,Berikut,
D0563,detikSumut,
D0563,rangkum,
D0563,delapan,
D0563,fakta,
D0563,terkait,
D0563,peristiwa,
D0563,tersebut,
D0563,1,
D0563,Korban,
D0563,Adalah,
D0563,Pengurus,
D0563,Ponpes,
D0563,SCROLL,
D0563,TO,
D0563,CONTINUE,
D0563,WITH,
D0563,CONTENT,
D0563,Kanit,
D0563,Reskrim,
D0563,Polsek,
D0563,Hinai,
D0563,Iptu,
D0563,Sukma,
D0563,Atmajaya,
D0563,mengatakan,
D0563,korban,
D0563,adalah,
D0563,pengurus,
D0563,pengajar,
D0563,pondok,
D0563,pesantren,
D0563,An,
D0563,Nur,
D0563,yang,
D0563,terletak,
D0563,di,
D0563,Desa,
D0563,Batu,
D0563,Melenggang,
D0563,Kecamatan,
D0563,Hinai,
D0563,sedangkan,
D0563,pelaku,
D0563,adalah,
D0563,santri,
D0563,di,
D0563,ponpes,
D0563,itu,
D0563,Korban,
D0563,adalah,
D0563,pengurus,
D0563,pengajar,
D0563,ponpes,
D0563,Korban,
D0563,mengalami,
D0563,luka,
D0563,bakar,
D0563,80,
D0563,persen,
D0563,dan,
D0563,dibawa,
D0563,ke,
D0563,RSU,
D0563,Adam,
D0563,Malik,
D0563,Medan,
D0563,kata,
D0563,Sukma,
D0563,Atmajaya,
D0563,Selasa,
D0563,8102024,
D0563,2,
D0563,Terjadi,
D0563,di,
D0563,Ponpes,
D0563,Sukma,
D0563,menjelaskan,
D0563,bahwa,
D0563,peristiwa,
D0563,itu,
D0563,terjadi,
D0563,di,
D0563,Ponpes,
D0563,An,
D0563,Nur,
D0563,Sabtu,
D0563,510,
D0563,sekira,
D0563,pukul,
D0563,0300,
D0563,WIB,
D0563,Korban,
D0563,dibakar,
D0563,saat,
D0563,tengah,
D0563,berada,
D0563,di,
D0563,salah,
D0563,satu,
D0563,kamar,
D0563,yang,
D0563,berada,
D0563,di,
D0563,dalam,
D0563,masjid,
D0563,ponpes,
D0563,itu,
D0563,Awalnya,
D0563,kata,
D0563,Sukma,
D0563,salah,
D0563,satu,
D0563,santri,
D0563,di,
D0563,pesantren,
D0563,itu,
D0563,melihat,
D0563,seseorang,
D0563,diduga,
D0563,pelaku,
D0563,berlari,
D0563,dari,
D0563,dalam,
D0563,masjid,
D0563,menuju,
D0563,perkebunan,
D0563,kelapa,
D0563,sawit,
D0563,yang,
D0563,berada,
D0563,di,
D0563,sekitar,
D0563,pesantren,
D0563,Merasa,
D0563,curiga,
D0563,santri,
D0563,itu,
D0563,lalu,
D0563,masuk,
D0563,ke,
D0563,dalam,
D0563,masjid,
D0563,dan,
D0563,melihat,
D0563,kamar,
D0563,korban,
D0563,telah,
D0563,terbakar,
D0563,Merasa,
D0563,curiga,
D0563,selanjutnya,
D0563,saksi,
D0563,masuk,
D0563,ke,
D0563,masjid,
D0563,untuk,
D0563,melihat,
D0563,apa,
D0563,yang,
D0563,terjadi,
D0563,berhubung,
D0563,ada,
D0563,orang,
D0563,yg,
D0563,tidak,
D0563,di,
D0563,kenal,
D0563,melarikan,
D0563,diri,
D0563,Kemudian,
D0563,saksi,
D0563,melihat,
D0563,kamar,
D0563,salah,
D0563,satu,
D0563,pengurus,
D0563,atau,
D0563,pengajar,
D0563,ponpes,
D0563,yg,
D0563,berada,
D0563,di,
D0563,dalam,
D0563,mesjid,
D0563,terbakar,
D0563,dan,
D0563,api,
D0563,sudah,
D0563,membesar,
D0563,sebutnya,
D0563,Sontak,
D0563,santri,
D0563,itu,
D0563,langsung,
D0563,berteriak,
D0563,meminta,
D0563,tolong,
D0563,Tak,
D0563,lama,
D0563,ada,
D0563,sejumlah,
D0563,santri,
D0563,yang,
D0563,berdatangan,
D0563,dan,
D0563,langsung,
D0563,berupaya,
D0563,memadamkan,
D0563,api,
D0563,3,
D0563,Korban,
D0563,Terjebak,
D0563,di,
D0563,Dalam,
D0563,Kamar,
D0563,Saat,
D0563,proses,
D0563,pemadaman,
D0563,itu,
D0563,para,
D0563,santri,
D0563,mendengar,
D0563,suara,
D0563,teriakan,
D0563,korban,
D0563,dari,
D0563,dalam,
D0563,kamar,
D0563,Santrisantri,
D0563,tersebut,
D0563,lalu,
D0563,mendobrak,
D0563,pintu,
D0563,kamar,
D0563,tersebut,
D0563,dan,
D0563,menolong,
D0563,korban,
D0563,Korban,
D0563,berhasil,
D0563,diselamatkan,
D0563,tetapi,
D0563,korban,
D0563,mengalami,
D0563,luka,
D0563,bakar,
D0563,serius,
D0563,di,
D0563,sekujur,
D0563,tubuhnya,
D0563,Kemudian,
D0563,korban,
D0563,langsung,
D0563,dibawa,
D0563,ke,
D0563,RS,
D0563,Tanjung,
D0563,Pura,
D0563,untuk,
D0563,pemberian,
D0563,pertolongan,
D0563,dan,
D0563,saat,
D0563,ini,
D0563,korban,
D0563,telah,
D0563,di,
D0563,rujuk,
D0563,ke,
D0563,RSU,
D0563,Adam,
D0563,Malik,
D0563,Medan,
D0563,sebut,
D0563,Sukma,
D0563,4,
D0563,Pelaku,
D0563,Teman,
D0563,Dekat,
D0563,Korban,
D0563,Berdasarkan,
D0563,hasil,
D0563,pemeriksaan,
D0563,kata,
D0563,Sukma,
D0563,pelaku,
D0563,pembakaran,
D0563,itu,
D0563,adalah,
D0563,FAZ,
D0563,teman,
D0563,dekat,
D0563,korban,
D0563,Dia,
D0563,menyebut,
D0563,saat,
D0563,ini,
D0563,pelaku,
D0563,telah,
D0563,diamankan,
D0563,Ternyata,
D0563,dari,
D0563,hasil,
D0563,penyelidikan,
D0563,anggota,
D0563,satreskrim,
D0563,polres,
D0563,dan,
D0563,polsek,
D0563,di,
D0563,lapangan,
D0563,diperoleh,
D0563,informasi,
D0563,bahwa,
D0563,pelaku,
D0563,ternyata,
D0563,adalah,
D0563,FAZ,
D0563,yang,
D0563,merupakan,
D0563,teman,
D0563,dekat,
D0563,korban,
D0563,sebutnya,
D0563,5,
D0563,Pelaku,
D0563,Ditangkap,
D0563,dan,
D0563,Jadi,
D0563,Tersangka,
D0563,Setelah,
D0563,kejadian,
D0563,itu,
D0563,pihak,
D0563,kepolisian,
D0563,melakukan,
D0563,serangkaian,
D0563,penyelidikan,
D0563,hingga,
D0563,akhirnya,
D0563,menangkap,
D0563,FAZ,
D0563,Saat,
D0563,ini,
D0563,pelaku,
D0563,telah,
D0563,ditetapkan,
D0563,menjadi,
D0563,tersangka,
D0563,Sukma,
D0563,mengatakan,
D0563,pelaku,
D0563,dijerat,
D0563,Pasal,
D0563,187,
D0563,KUHPidana,
D0563,Sudah,
D0563,tersangka,
D0563,sebutnya,
D0563,6,
D0563,Pelaku,
D0563,Bakar,
D0563,Korban,
D0563,Pakai,
D0563,Bensin,
D0563,Perwira,
D0563,pertama,
D0563,Polri,
D0563,itu,
D0563,mengatakan,
D0563,pelaku,
D0563,membakar,
D0563,kamar,
D0563,korban,
D0563,dengan,
D0563,menggunakan,
D0563,pertalite,
D0563,Bensin,
D0563,itu,
D0563,dibeli,
D0563,oleh,
D0563,adik,
D0563,santri,
D0563,pelaku,
D0563,atas,
D0563,suruhan,
D0563,korban,
D0563,Pelaku,
D0563,di,
D0563,hari,
D0563,sebelumnya,
D0563,sempat,
D0563,meminta,
D0563,tolong,
D0563,kepada,
D0563,adik,
D0563,santri,
D0563,lain,
D0563,untuk,
D0563,membeli,
D0563,BBM,
D0563,jenis,
D0563,pertalite,
D0563,jelas,
D0563,Sukma,
D0563,7,
D0563,Bensin,
D0563,Disimpan,
D0563,Beberapa,
D0563,Hari,
D0563,Sukma,
D0563,menyebut,
D0563,bensin,
D0563,itu,
D0563,sempat,
D0563,disimpan,
D0563,oleh,
D0563,pelaku,
D0563,beberapa,
D0563,hari,
D0563,setelah,
D0563,dibeli,
D0563,Lalu,
D0563,pada,
D0563,saat,
D0563,kejadian,
D0563,pelaku,
D0563,membawa,
D0563,bensin,
D0563,tersebut,
D0563,dan,
D0563,membakar,
D0563,korban,
D0563,Bensin,
D0563,sempat,
D0563,disimpan,
D0563,oleh,
D0563,pelaku,
D0563,beberapa,
D0563,hari,
D0563,sampai,
D0563,akhirnya,
D0563,digunakan,
D0563,untuk,
D0563,membakar,
D0563,korban,
D0563,jelasnya,
D0563,8,
D0563,Motif,
D0563,karena,
D0563,Dendam,
D0563,Sukma,
D0563,mengatakan,
D0563,motif,
D0563,pelaku,
D0563,membakar,
D0563,kamar,
D0563,korban,
D0563,dendam,
D0563,sering,
D0563,diejek,
D0563,oleh,
D0563,korban,
D0563,Pelaku,
D0563,selama,
D0563,ini,
D0563,kerap,
D0563,dibully,
D0563,oleh,
D0563,korban,
D0563,sehingga,
D0563,menyimpan,
D0563,dendam,
D0563,pungkasnya,
D0564,Pengurus,
D0564,pengajar,
D0564,pondok,
D0564,pesantren,
D0564,di,
D0564,Kabupaten,
D0564,Langkat,
D0564,Sumatera,
D0564,Utara,
D0564,Sumut,
D0564,Adab,
D0564,Auli,
D0564,19,
D0564,diduga,
D0564,dibakar,
D0564,oleh,
D0564,seorang,
D0564,santri,
D0564,inisial,
D0564,FAZ,
D0564,17,
D0564,Akibatnya,
D0564,korban,
D0564,mengalami,
D0564,luka,
D0564,bakar,
D0564,hingga,
D0564,80,
D0564,persen,
D0564,Korban,
D0564,adalah,
D0564,pengurus,
D0564,pengajar,
D0564,ponpes,
D0564,Korban,
D0564,mengalami,
D0564,luka,
D0564,bakar,
D0564,80,
D0564,persen,
D0564,dan,
D0564,dibawa,
D0564,ke,
D0564,RSU,
D0564,Adam,
D0564,Malik,
D0564,Medan,
D0564,kata,
D0564,Kanit,
D0564,Reskrim,
D0564,Polsek,
D0564,Hinai,
D0564,Iptu,
D0564,Sukma,
D0564,Atmajaya,
D0564,Selasa,
D0564,8102024,
D0564,Sukma,
D0564,mengatakan,
D0564,peristiwa,
D0564,itu,
D0564,terjadi,
D0564,di,
D0564,Ponpes,
D0564,An,
D0564,Nur,
D0564,Desa,
D0564,Batu,
D0564,Melenggang,
D0564,Kecamatan,
D0564,Hinai,
D0564,Sabtu,
D0564,510,
D0564,sekira,
D0564,pukul,
D0564,0300,
D0564,WIB,
D0564,Korban,
D0564,dibakar,
D0564,saat,
D0564,tengah,
D0564,berada,
D0564,di,
D0564,salah,
D0564,satu,
D0564,kamar,
D0564,yang,
D0564,berada,
D0564,di,
D0564,dalam,
D0564,masjid,
D0564,ponpes,
D0564,itu,
D0564,SCROLL,
D0564,TO,
D0564,CONTINUE,
D0564,WITH,
D0564,CONTENT,
D0564,Awalnya,
D0564,kata,
D0564,Sukma,
D0564,salah,
D0564,satu,
D0564,santri,
D0564,di,
D0564,pesantren,
D0564,itu,
D0564,melihat,
D0564,seseorang,
D0564,diduga,
D0564,pelaku,
D0564,berlari,
D0564,dari,
D0564,dalam,
D0564,masjid,
D0564,menuju,
D0564,perkebunan,
D0564,kelapa,
D0564,sawit,
D0564,yang,
D0564,berada,
D0564,di,
D0564,sekitar,
D0564,pesantren,
D0564,Merasa,
D0564,curiga,
D0564,santri,
D0564,itu,
D0564,lalu,
D0564,masuk,
D0564,ke,
D0564,dalam,
D0564,masjid,
D0564,dan,
D0564,melihat,
D0564,kamar,
D0564,korban,
D0564,telah,
D0564,terbakar,
D0564,Merasa,
D0564,curiga,
D0564,selanjutnya,
D0564,saksi,
D0564,masuk,
D0564,ke,
D0564,masjid,
D0564,untuk,
D0564,melihat,
D0564,apa,
D0564,yang,
D0564,terjadi,
D0564,berhubung,
D0564,ada,
D0564,orang,
D0564,yg,
D0564,tidak,
D0564,dikenal,
D0564,melarikan,
D0564,diri,
D0564,Kemudian,
D0564,saksi,
D0564,melihat,
D0564,kamar,
D0564,salah,
D0564,satu,
D0564,pengurus,
D0564,atau,
D0564,pengajar,
D0564,ponpes,
D0564,yang,
D0564,berada,
D0564,di,
D0564,dalam,
D0564,mesjid,
D0564,terbakar,
D0564,dan,
D0564,api,
D0564,sudah,
D0564,membesar,
D0564,sebutnya,
D0564,Sontak,
D0564,santri,
D0564,itu,
D0564,langsung,
D0564,berteriak,
D0564,meminta,
D0564,tolong,
D0564,Tak,
D0564,lama,
D0564,ada,
D0564,sejumlah,
D0564,santri,
D0564,yang,
D0564,berdatangan,
D0564,dan,
D0564,langsung,
D0564,berupaya,
D0564,memadamkan,
D0564,api,
D0564,Saat,
D0564,proses,
D0564,pemadaman,
D0564,ini,
D0564,para,
D0564,santri,
D0564,mendengar,
D0564,suara,
D0564,teriakan,
D0564,korban,
D0564,dari,
D0564,dalam,
D0564,kamar,
D0564,Santrisantri,
D0564,tersebut,
D0564,lalu,
D0564,mendobrak,
D0564,pintu,
D0564,kamar,
D0564,tersebut,
D0564,dan,
D0564,menolong,
D0564,korban,
D0564,Korban,
D0564,berhasil,
D0564,diselamatkan,
D0564,tetapi,
D0564,korban,
D0564,mengalami,
D0564,luka,
D0564,bakar,
D0564,serius,
D0564,di,
D0564,sekujur,
D0564,tubuhnya,
D0564,Kemudian,
D0564,korban,
D0564,langsung,
D0564,dibawa,
D0564,ke,
D0564,RS,
D0564,Tanjung,
D0564,Pura,
D0564,untuk,
D0564,pemberian,
D0564,pertolongan,
D0564,dan,
D0564,saat,
D0564,ini,
D0564,korban,
D0564,telah,
D0564,di,
D0564,rujuk,
D0564,ke,
D0564,RSU,
D0564,Adam,
D0564,Malik,
D0564,Medan,
D0564,sebutnya,
D0564,Berdasarkan,
D0564,hasil,
D0564,pemeriksaan,
D0564,kata,
D0564,Sukma,
D0564,pelaku,
D0564,pembakaran,
D0564,itu,
D0564,adalah,
D0564,FAZ,
D0564,teman,
D0564,dekat,
D0564,korban,
D0564,Dia,
D0564,menyebut,
D0564,saat,
D0564,ini,
D0564,pelaku,
D0564,telah,
D0564,diamankan,
D0564,Ternyata,
D0564,dari,
D0564,hasil,
D0564,penyelidikan,
D0564,anggota,
D0564,Satreskrim,
D0564,Polres,
D0564,dan,
D0564,Polsek,
D0564,di,
D0564,lapangan,
D0564,diperoleh,
D0564,informasi,
D0564,bahwa,
D0564,pelaku,
D0564,ternyata,
D0564,adalah,
D0564,FAZ,
D0564,yang,
D0564,merupakan,
D0564,teman,
D0564,dekat,
D0564,korban,
D0564,pungkasnya,
D0565,Polisi,
D0565,meringkus,
D0565,3,
D0565,remaja,
D0565,bengal,
D0565,di,
D0565,Cianjur,
D0565,Mereka,
D0565,melakukan,
D0565,serentetan,
D0565,kasus,
D0565,tindak,
D0565,pidana,
D0565,mulai,
D0565,dari,
D0565,begal,
D0565,judi,
D0565,online,
D0565,hingga,
D0565,membuang,
D0565,bayi,
D0565,Tiga,
D0565,remaja,
D0565,tersebut,
D0565,masingmasing,
D0565,berinisial,
D0565,G,
D0565,17,
D0565,CAV,
D0565,17,
D0565,dan,
D0565,seorang,
D0565,perempuan,
D0565,inisial,
D0565,NP,
D0565,17,
D0565,Usia,
D0565,ketiganya,
D0565,masih,
D0565,di,
D0565,bawah,
D0565,umur,
D0565,bahkan,
D0565,ada,
D0565,yang,
D0565,masih,
D0565,berstatus,
D0565,pelajar,
D0565,Ketiganya,
D0565,masih,
D0565,di,
D0565,bawah,
D0565,umur,
D0565,Bahkan,
D0565,untuk,
D0565,CAV,
D0565,ini,
D0565,masih,
D0565,berstatus,
D0565,pelajar,
D0565,ujar,
D0565,Kasat,
D0565,Reskrim,
D0565,Polres,
D0565,Cianjur,
D0565,AKP,
D0565,Tono,
D0565,Listianto,
D0565,di,
D0565,Mapolres,
D0565,Cianjur,
D0565,Selasa,
D0565,8102024,
D0565,SCROLL,
D0565,TO,
D0565,CONTINUE,
D0565,WITH,
D0565,CONTENT,
D0565,Kapolres,
D0565,Cianjur,
D0565,AKBP,
D0565,Rohman,
D0565,Yonky,
D0565,Dilatha,
D0565,menuturkan,
D0565,pelaku,
D0565,anak,
D0565,G,
D0565,melakukan,
D0565,aksi,
D0565,begal,
D0565,terhadap,
D0565,driver,
D0565,ojek,
D0565,online,
D0565,ojol,
D0565,Aksi,
D0565,itu,
D0565,dilakukan,
D0565,G,
D0565,pada,
D0565,Kamis,
D0565,310,
D0565,lalu,
D0565,di,
D0565,Jalan,
D0565,Cikulit,
D0565,Gunung,
D0565,Campaka,
D0565,Desa,
D0565,Campaka,
D0565,Kecamatan,
D0565,Campaka,
D0565,Kabupaten,
D0565,Cianjur,
D0565,Awalnya,
D0565,kata,
D0565,Yonky,
D0565,korban,
D0565,menerima,
D0565,orderan,
D0565,ojek,
D0565,online,
D0565,atas,
D0565,nama,
D0565,pelaku,
D0565,G,
D0565,dengan,
D0565,titik,
D0565,penjemputan,
D0565,awal,
D0565,di,
D0565,Desa,
D0565,Babakan,
D0565,Karet,
D0565,Kecamatan,
D0565,Cianjur,
D0565,Kabupaten,
D0565,Cianjur,
D0565,Pada,
D0565,saat,
D0565,di,
D0565,perjalanan,
D0565,pelaku,
D0565,berusaha,
D0565,merampas,
D0565,sepeda,
D0565,motor,
D0565,korban,
D0565,Namun,
D0565,korban,
D0565,melawan,
D0565,dan,
D0565,akhirnya,
D0565,korban,
D0565,ditusuk,
D0565,oleh,
D0565,pelaku,
D0565,anak,
D0565,sebanyak,
D0565,3,
D0565,kali,
D0565,di,
D0565,bagian,
D0565,punggung,
D0565,dan,
D0565,tangan,
D0565,menggunakan,
D0565,senjata,
D0565,tajam,
D0565,jenis,
D0565,pisau,
D0565,kata,
D0565,dia,
D0565,Beruntung,
D0565,korban,
D0565,berhasil,
D0565,melarikan,
D0565,diri,
D0565,dan,
D0565,meminta,
D0565,bantuan,
D0565,warga,
D0565,untuk,
D0565,mendapatkan,
D0565,penanganan,
D0565,medis,
D0565,Sementara,
D0565,itu,
D0565,pelaku,
D0565,yang,
D0565,sudah,
D0565,diketahui,
D0565,identitasnya,
D0565,langsung,
D0565,diburu,
D0565,Setelah,
D0565,diketahui,
D0565,identitas,
D0565,pelaku,
D0565,ternyata,
D0565,pelaku,
D0565,berstatus,
D0565,dibawah,
D0565,umur,
D0565,dan,
D0565,ditangkap,
D0565,di,
D0565,kawasan,
D0565,Raya,
D0565,Bandung,
D0565,Desa,
D0565,Bojong,
D0565,Kecamatan,
D0565,Karangtengah,
D0565,Kabupaten,
D0565,Cianjur,
D0565,dimana,
D0565,yang,
D0565,bersangkutan,
D0565,baru,
D0565,sampai,
D0565,dari,
D0565,tempat,
D0565,kejadian,
D0565,dengan,
D0565,menumpangi,
D0565,kendaraan,
D0565,umum,
D0565,kemudian,
D0565,pelaku,
D0565,anak,
D0565,diamankan,
D0565,hingga,
D0565,dibawa,
D0565,ke,
D0565,kantor,
D0565,Polres,
D0565,Cianjur,
D0565,kata,
D0565,dia,
D0565,Sementara,
D0565,untuk,
D0565,CAV,
D0565,polisi,
D0565,mengatakan,
D0565,pelajar,
D0565,tingkat,
D0565,SMA,
D0565,ini,
D0565,terafiliasi,
D0565,dengan,
D0565,praktik,
D0565,judi,
D0565,online,
D0565,Berdasarkan,
D0565,penelusuran,
D0565,Satreskrim,
D0565,Polres,
D0565,Cianjur,
D0565,CAV,
D0565,mempromosikan,
D0565,situs,
D0565,judi,
D0565,online,
D0565,Dari,
D0565,hasil,
D0565,penyelidikan,
D0565,yang,
D0565,dilakukan,
D0565,aparat,
D0565,kepolisian,
D0565,CAV,
D0565,pun,
D0565,berhasil,
D0565,diringkus,
D0565,dengan,
D0565,beberapa,
D0565,barang,
D0565,bukti,
D0565,Kami,
D0565,berhasil,
D0565,mengamankan,
D0565,pelaku,
D0565,yang,
D0565,merupakan,
D0565,pelajar,
D0565,dan,
D0565,barang,
D0565,beberapa,
D0565,bukti,
D0565,Di,
D0565,antaranya,
D0565,situs,
D0565,web,
D0565,judi,
D0565,online,
D0565,handphone,
D0565,akun,
D0565,instagram,
D0565,pelaku,
D0565,dan,
D0565,lembar,
D0565,tangkapan,
D0565,layar,
D0565,paparnya,
D0565,Yonky,
D0565,membeberkan,
D0565,situs,
D0565,web,
D0565,yang,
D0565,dibagikan,
D0565,oleh,
D0565,pelaku,
D0565,ke,
D0565,media,
D0565,sosial,
D0565,yaitu,
D0565,sebuah,
D0565,link,
D0565,yang,
D0565,menawarkan,
D0565,untuk,
D0565,bermain,
D0565,beberapa,
D0565,muatan,
D0565,judi,
D0565,online,
D0565,Jadi,
D0565,link,
D0565,itu,
D0565,nawarin,
D0565,untuk,
D0565,bermain,
D0565,judi,
D0565,online,
D0565,seperto,
D0565,slot,
D0565,gambling,
D0565,dan,
D0565,semacamnya,
D0565,ucapnya,
D0565,Menurut,
D0565,dia,
D0565,selama,
D0565,satu,
D0565,bulan,
D0565,lebih,
D0565,pelaku,
D0565,mendapatkan,
D0565,keuntungan,
D0565,sekitar,
D0565,dua,
D0565,juta,
D0565,lebih,
D0565,dari,
D0565,setiap,
D0565,link,
D0565,yang,
D0565,ditayangkan,
D0565,oleh,
D0565,pelaku,
D0565,melalui,
D0565,media,
D0565,sosial,
D0565,Untuk,
D0565,setiap,
D0565,link,
D0565,yang,
D0565,ditayangkan,
D0565,pelaku,
D0565,dibayar,
D0565,sekitar,
D0565,Rp,
D0565,2600000,
D0565,oleh,
D0565,pemilik,
D0565,situs,
D0565,tuturnya,
D0565,Menurut,
D0565,pengakuan,
D0565,tersangka,
D0565,lanjutnya,
D0565,ia,
D0565,nekat,
D0565,melakukan,
D0565,tindak,
D0565,pidana,
D0565,tersebut,
D0565,demi,
D0565,memenuhi,
D0565,kebutuhan,
D0565,hidupnya,
D0565,Pelaku,
D0565,nekat,
D0565,melakukan,
D0565,kejahatan,
D0565,tersebut,
D0565,lantaran,
D0565,untuk,
D0565,memenuhi,
D0565,kebutuhannya,
D0565,seharihari,
D0565,imbuhnya,
D0565,Sementara,
D0565,itu,
D0565,pelaku,
D0565,anak,
D0565,ketiga,
D0565,yakni,
D0565,NP,
D0565,diamankan,
D0565,terkait,
D0565,kasus,
D0565,pembuangan,
D0565,bayi,
D0565,di,
D0565,Kampung,
D0565,Buniayu,
D0565,Desa,
D0565,Kertamukti,
D0565,Kecamatan,
D0565,Haurwangi,
D0565,Yongki,
D0565,menjelaskan,
D0565,NP,
D0565,membuang,
D0565,bayi,
D0565,yang,
D0565,baru,
D0565,dilahirkannya,
D0565,di,
D0565,halaman,
D0565,rumah,
D0565,tetangga,
D0565,yang,
D0565,tak,
D0565,jauh,
D0565,dari,
D0565,rumah,
D0565,pelaku,
D0565,Jadi,
D0565,tersangka,
D0565,ini,
D0565,sebagai,
D0565,ibu,
D0565,kandung,
D0565,dari,
D0565,bayi,
D0565,itu,
D0565,sendiri,
D0565,Modusnya,
D0565,jadi,
D0565,pelaku,
D0565,setelah,
D0565,melahirkan,
D0565,bayi,
D0565,perempuan,
D0565,langsung,
D0565,membuangnya,
D0565,dengan,
D0565,menyimpan,
D0565,bayi,
D0565,di,
D0565,halaman,
D0565,rumah,
D0565,tetangga,
D0565,yang,
D0565,tak,
D0565,jauh,
D0565,dari,
D0565,rumah,
D0565,pelaku,
D0565,Harapannya,
D0565,bayinya,
D0565,ditemukan,
D0565,dan,
D0565,dirawat,
D0565,oleh,
D0565,yang,
D0565,menemukan,
D0565,jelasnya,
D0565,Dari,
D0565,hasil,
D0565,pemeriksaan,
D0565,lanjut,
D0565,dia,
D0565,pelaku,
D0565,membuang,
D0565,bayi,
D0565,karena,
D0565,malu,
D0565,dan,
D0565,takut,
D0565,diketahui,
D0565,oleh,
D0565,keluarga,
D0565,Pasalnya,
D0565,bayi,
D0565,perempuannya,
D0565,tersebut,
D0565,hasil,
D0565,dari,
D0565,hubungan,
D0565,di,
D0565,luar,
D0565,nikah,
D0565,Pelaku,
D0565,melakukan,
D0565,hal,
D0565,tersebut,
D0565,karena,
D0565,spontan,
D0565,sesaat,
D0565,setelah,
D0565,melahirkan,
D0565,Pelaku,
D0565,ini,
D0565,bingung,
D0565,panik,
D0565,sehingga,
D0565,juga,
D0565,takut,
D0565,apabila,
D0565,ada,
D0565,orang,
D0565,lain,
D0565,yang,
D0565,mengetahui,
D0565,hal,
D0565,tersebut,
D0565,Saat,
D0565,menyimpannya,
D0565,di,
D0565,halaman,
D0565,rumah,
D0565,tetangga,
D0565,pelaku,
D0565,membungkus,
D0565,bayinya,
D0565,menggunakan,
D0565,sarung,
D0565,Barang,
D0565,yang,
D0565,diamankan,
D0565,yaitu,
D0565,satu,
D0565,buah,
D0565,handphone,
D0565,baju,
D0565,celana,
D0565,serta,
D0565,satu,
D0565,buah,
D0565,gunting,
D0565,warna,
D0565,hitam,
D0565,ungkapnya,
D0565,Atas,
D0565,perbuatannya,
D0565,G,
D0565,dijerat,
D0565,Pasal,
D0565,365,
D0565,KUHP,
D0565,Jo,
D0565,Pasal,
D0565,53,
D0565,KUHP,
D0565,CAV,
D0565,dijerat,
D0565,Pasal,
D0565,45,
D0565,Ayat,
D0565,2,
D0565,Juncto,
D0565,Ayat,
D0565,nomor,
D0565,1,
D0565,2024,
D0565,tentang,
D0565,perubahan,
D0565,kedua,
D0565,atas,
D0565,UU,
D0565,Nomor,
D0565,11,
D0565,2008,
D0565,tentang,
D0565,informasi,
D0565,dan,
D0565,transaksi,
D0565,elektronik,
D0565,juncto,
D0565,Pasal,
D0565,303,
D0565,Ayat,
D0565,1,
D0565,KUH,
D0565,Pidana,
D0565,sedangkan,
D0565,NP,
D0565,dijerat,
D0565,dengan,
D0565,Pasal,
D0565,305,
D0565,juncto,
D0565,Pasal,
D0565,308,
D0565,KUHP,
D0565,Untuk,
D0565,G,
D0565,terancam,
D0565,hukuman,
D0565,9,
D0565,tahun,
D0565,penjara,
D0565,CAV,
D0565,terancam,
D0565,pidana,
D0565,penjara,
D0565,paling,
D0565,lama,
D0565,10,
D0565,tahun,
D0565,dan,
D0565,NP,
D0565,terancam,
D0565,hukuman,
D0565,kurungan,
D0565,penjara,
D0565,5,
D0565,tahun,
D0565,6,
D0565,bulan,
D0565,kata,
D0565,dia,
D0566,Polisi,
D0566,menangkap,
D0566,seorang,
D0566,pria,
D0566,PN,
D0566,yang,
D0566,memalak,
D0566,pemilik,
D0566,toko,
D0566,di,
D0566,Jalan,
D0566,WJ,
D0566,Lalamentik,
D0566,Kelurahan,
D0566,Oebufu,
D0566,Kecamatan,
D0566,Oebobo,
D0566,Kota,
D0566,Kupang,
D0566,Nusa,
D0566,Tenggara,
D0566,Timur,
D0566,NTT,
D0566,Pria,
D0566,itu,
D0566,beraksi,
D0566,dalam,
D0566,kondisi,
D0566,mabuk,
D0566,sopi,
D0566,Pelakunya,
D0566,kami,
D0566,amankan,
D0566,atas,
D0566,laporan,
D0566,masyarakat,
D0566,karena,
D0566,sangat,
D0566,meresahkan,
D0566,Selain,
D0566,memalak,
D0566,pelaku,
D0566,juga,
D0566,melakukan,
D0566,pengancaman,
D0566,ujar,
D0566,Kapolresta,
D0566,Kupang,
D0566,Kota,
D0566,Kombes,
D0566,Aldinan,
D0566,Manurung,
D0566,Selasa,
D0566,8102024,
D0566,PN,
D0566,ditangkap,
D0566,pada,
D0566,Senin,
D0566,710,
D0566,setelah,
D0566,aksinya,
D0566,terekam,
D0566,CCTV,
D0566,dan,
D0566,dilaporkan,
D0566,ke,
D0566,polisi,
D0566,Aldinan,
D0566,menjelaskan,
D0566,kejadian,
D0566,itu,
D0566,berawal,
D0566,saat,
D0566,pria,
D0566,berusia,
D0566,35,
D0566,tahun,
D0566,itu,
D0566,tengah,
D0566,mabuk,
D0566,sopi,
D0566,meminta,
D0566,pemilik,
D0566,toko,
D0566,untuk,
D0566,memberikannya,
D0566,minuman,
D0566,keras,
D0566,miras,
D0566,SCROLL,
D0566,TO,
D0566,CONTINUE,
D0566,WITH,
D0566,CONTENT,
D0566,Namun,
D0566,karena,
D0566,tidak,
D0566,tersedia,
D0566,PN,
D0566,kemudian,
D0566,mengambil,
D0566,susu,
D0566,dan,
D0566,sejumlah,
D0566,minuman,
D0566,ringan,
D0566,secara,
D0566,paksa,
D0566,tanpa,
D0566,membayarnya,
D0566,sehingga,
D0566,pemilik,
D0566,toko,
D0566,merasa,
D0566,ketakutan,
D0566,dan,
D0566,tidak,
D0566,berani,
D0566,melawan,
D0566,Aksi,
D0566,PN,
D0566,itu,
D0566,terekam,
D0566,kamera,
D0566,CCTV,
D0566,lalu,
D0566,diviralkan,
D0566,di,
D0566,media,
D0566,sosial,
D0566,Video,
D0566,tersebut,
D0566,memperlihatkan,
D0566,dengan,
D0566,jelas,
D0566,bagaimana,
D0566,pelaku,
D0566,mengancam,
D0566,dan,
D0566,mengambil,
D0566,barang,
D0566,secara,
D0566,paksa,
D0566,Kasus,
D0566,ini,
D0566,menjadi,
D0566,peringatan,
D0566,bagi,
D0566,masyarakat,
D0566,untuk,
D0566,selalu,
D0566,waspada,
D0566,terhadap,
D0566,tindakan,
D0566,kriminalitas,
D0566,terutama,
D0566,yang,
D0566,dilakukan,
D0566,oleh,
D0566,orang,
D0566,yang,
D0566,sedang,
D0566,mabuk,
D0566,sopi,
D0566,jelas,
D0566,Aldinan,
D0566,Saat,
D0566,ini,
D0566,Aldinan,
D0566,berujar,
D0566,PN,
D0566,sudah,
D0566,ditetapkan,
D0566,jadi,
D0566,tersangka,
D0566,Dia,
D0566,disangkakan,
D0566,dengan,
D0566,Pasal,
D0566,368,
D0566,ayat,
D0566,1,
D0566,KUHP,
D0566,dengan,
D0566,ancaman,
D0566,penjara,
D0566,paling,
D0566,lama,
D0566,9,
D0566,tahun,
D0566,Kami,
D0566,sudah,
D0566,mengamankannya,
D0566,di,
D0566,Mapolresta,
D0566,Kupang,
D0566,Kota,
D0566,untuk,
D0566,mempertanggungjawabkan,
D0566,perbuatannya,
D0566,beber,
D0566,Aldinan,
D0567,Sentanu,
D0567,41,
D0567,ditangkap,
D0567,usai,
D0567,menembak,
D0567,warga,
D0567,dengan,
D0567,senjata,
D0567,jenis,
D0567,Airsoft,
D0567,Gun,
D0567,di,
D0567,Kabupaten,
D0567,Simalungun,
D0567,Sumatera,
D0567,Utara,
D0567,Sumut,
D0567,Motif,
D0567,pelaku,
D0567,melakukan,
D0567,penembakan,
D0567,itu,
D0567,karena,
D0567,ingin,
D0567,menunjukkan,
D0567,kehebatannya,
D0567,Kalau,
D0567,dari,
D0567,kronologinya,
D0567,itu,
D0567,karena,
D0567,arogansi,
D0567,saja,
D0567,dia,
D0567,pelaku,
D0567,nggak,
D0567,ada,
D0567,dendam,
D0567,lain,
D0567,mungkin,
D0567,mau,
D0567,memperlihatkan,
D0567,dia,
D0567,ada,
D0567,kehebatannya,
D0567,kata,
D0567,Kaur,
D0567,Bin,
D0567,Ops,
D0567,Satreskrim,
D0567,Polres,
D0567,Simalungun,
D0567,Ipda,
D0567,Bilson,
D0567,Hutauruk,
D0567,saat,
D0567,dikonfirmasi,
D0567,detikSumut,
D0567,Jumat,
D0567,4102024,
D0567,Bilson,
D0567,menyebut,
D0567,awalnya,
D0567,sempat,
D0567,terjadi,
D0567,perdebatan,
D0567,antara,
D0567,pelaku,
D0567,dengan,
D0567,salah,
D0567,seorang,
D0567,personel,
D0567,polisi,
D0567,pada,
D0567,Rabu,
D0567,210,
D0567,sekira,
D0567,pukul,
D0567,1800,
D0567,WIB,
D0567,Setelah,
D0567,perdebatan,
D0567,itu,
D0567,pelaku,
D0567,mendatangi,
D0567,salah,
D0567,satu,
D0567,bengkel,
D0567,warga,
D0567,di,
D0567,Jalan,
D0567,Subur,
D0567,Kecamatan,
D0567,Tapian,
D0567,Dolok,
D0567,SCROLL,
D0567,TO,
D0567,CONTINUE,
D0567,WITH,
D0567,CONTENT,
D0567,Pada,
D0567,saat,
D0567,itu,
D0567,korban,
D0567,Juan,
D0567,24,
D0567,tengah,
D0567,berada,
D0567,di,
D0567,bengkel,
D0567,tersebut,
D0567,untuk,
D0567,memperbaiki,
D0567,sepeda,
D0567,motornya,
D0567,Saat,
D0567,kejadian,
D0567,korban,
D0567,turut,
D0567,menyaksikan,
D0567,saat,
D0567,pelaku,
D0567,berdebat,
D0567,dengan,
D0567,anggota,
D0567,polisi,
D0567,itu,
D0567,Setelah,
D0567,perdebatan,
D0567,selesai,
D0567,dan,
D0567,mereka,
D0567,bubar,
D0567,beberapa,
D0567,saat,
D0567,kemudian,
D0567,pelaku,
D0567,datang,
D0567,pelaku,
D0567,dengan,
D0567,menggunakan,
D0567,sepeda,
D0567,motor,
D0567,Pelaku,
D0567,parkir,
D0567,di,
D0567,depan,
D0567,bengkel,
D0567,dan,
D0567,masuk,
D0567,ke,
D0567,dalam,
D0567,bengkel,
D0567,sambil,
D0567,mengatakan,
D0567,polisi,
D0567,pun,
D0567,tidak,
D0567,berkutik,
D0567,kepada,
D0567,saya,
D0567,jelasnya,
D0567,Setelah,
D0567,itu,
D0567,pelaku,
D0567,mengeluarkan,
D0567,senjata,
D0567,airsoft,
D0567,gun,
D0567,dari,
D0567,sakunya,
D0567,dan,
D0567,menembaknya,
D0567,satu,
D0567,kali,
D0567,ke,
D0567,arah,
D0567,udara,
D0567,Korban,
D0567,pun,
D0567,lalu,
D0567,menegur,
D0567,pelaku,
D0567,Namun,
D0567,pelaku,
D0567,tidak,
D0567,menghiraukan,
D0567,teguran,
D0567,korban,
D0567,dan,
D0567,malah,
D0567,menantang,
D0567,korban,
D0567,Tak,
D0567,lama,
D0567,ada,
D0567,salah,
D0567,seorang,
D0567,warga,
D0567,yang,
D0567,menanyakan,
D0567,alasan,
D0567,pelaku,
D0567,berdebat,
D0567,dengan,
D0567,anggota,
D0567,polisi,
D0567,itu,
D0567,Pada,
D0567,saat,
D0567,itu,
D0567,pelaku,
D0567,hanya,
D0567,diam,
D0567,Lalu,
D0567,korban,
D0567,menjawab,
D0567,bahwa,
D0567,pelaku,
D0567,hendak,
D0567,digeledah,
D0567,oleh,
D0567,pihak,
D0567,kepolisian,
D0567,Mendengar,
D0567,hal,
D0567,itu,
D0567,pelaku,
D0567,membentak,
D0567,korban,
D0567,dan,
D0567,langsung,
D0567,menembakkan,
D0567,senjata,
D0567,tersebut,
D0567,ke,
D0567,arah,
D0567,kaki,
D0567,korban,
D0567,Beruntung,
D0567,saat,
D0567,itu,
D0567,korban,
D0567,bisa,
D0567,mengelak,
D0567,Pelaku,
D0567,menembakkan,
D0567,senjata,
D0567,api,
D0567,airsoft,
D0567,gun,
D0567,ke,
D0567,arah,
D0567,kaki,
D0567,korban,
D0567,sebelah,
D0567,kiri,
D0567,sebanyak,
D0567,satu,
D0567,kali,
D0567,tapi,
D0567,tidak,
D0567,kena,
D0567,dan,
D0567,membuat,
D0567,korban,
D0567,ketakutan,
D0567,jelasnya,
D0567,Bilson,
D0567,mengatakan,
D0567,pelaku,
D0567,telah,
D0567,ditetapkan,
D0567,menjadi,
D0567,tersangka,
D0567,dan,
D0567,ditahan,
D0567,di,
D0567,Polres,
D0567,Simalungun,
D0567,Saat,
D0567,ini,
D0567,tersangka,
D0567,sudah,
D0567,ditahan,
D0567,di,
D0567,Satreskrim,
D0567,Polres,
D0567,Simalungun,
D0567,dan,
D0567,ditangani,
D0567,Jatanras,
D0567,Dijerat,
D0567,Pasal,
D0567,UU,
D0567,Darurat,
D0567,Nomor,
D0567,12,
D0567,tahun,
D0567,1951,
D0567,atau,
D0567,Pasal,
D0567,335,
D0567,Ayat,
D0567,1,
D0567,KUHPidana,
D0567,pungkasnya,
D0568,Polisi,
D0568,menangkap,
D0568,seorang,
D0568,pria,
D0568,bernama,
D0568,Muhamad,
D0568,Rifai,
D0568,setelah,
D0568,menembak,
D0568,istrinya,
D0568,hingga,
D0568,terluka,
D0568,di,
D0568,Lampung,
D0568,Tengah,
D0568,Lampung,
D0568,Selain,
D0568,pelaku,
D0568,petugas,
D0568,juga,
D0568,mengamankan,
D0568,senjata,
D0568,api,
D0568,senpi,
D0568,rakitan,
D0568,yang,
D0568,diduga,
D0568,digunakan,
D0568,pelaku,
D0568,menembak,
D0568,korban,
D0568,Dilansir,
D0568,dari,
D0568,detikSumbagsel,
D0568,peristiwa,
D0568,penembakan,
D0568,tersebut,
D0568,terjadi,
D0568,di,
D0568,Dusun,
D0568,1,
D0568,Kampung,
D0568,Surabaya,
D0568,Ilir,
D0568,Bandar,
D0568,Surabaya,
D0568,Lampung,
D0568,Tengah,
D0568,Selasa,
D0568,1102024,
D0568,sekitar,
D0568,pukul,
D0568,0800,
D0568,WIB,
D0568,Korban,
D0568,mengalami,
D0568,luka,
D0568,tembak,
D0568,pada,
D0568,lengan,
D0568,kanannya,
D0568,Usai,
D0568,melakukan,
D0568,penembakan,
D0568,tersebut,
D0568,pelaku,
D0568,langsung,
D0568,melarikan,
D0568,diri,
D0568,Sementara,
D0568,korban,
D0568,dievakuasi,
D0568,oleh,
D0568,sejumlah,
D0568,warga,
D0568,ke,
D0568,rumah,
D0568,sakit,
D0568,Selanjutnya,
D0568,polisi,
D0568,melakukan,
D0568,pengejaran,
D0568,terhadap,
D0568,pelaku,
D0568,dan,
D0568,berhasil,
D0568,menangkapnya,
D0568,SCROLL,
D0568,TO,
D0568,CONTINUE,
D0568,WITH,
D0568,CONTENT,
D0568,Kabid,
D0568,Humas,
D0568,Polda,
D0568,Lampung,
D0568,Kombes,
D0568,Umi,
D0568,Fadillah,
D0568,Astutik,
D0568,mengatakan,
D0568,pelaku,
D0568,ditangkap,
D0568,tadi,
D0568,malam,
D0568,Pelaku,
D0568,ditangkap,
D0568,di,
D0568,salah,
D0568,satu,
D0568,rumah,
D0568,makan,
D0568,di,
D0568,Lampung,
D0568,Tengah,
D0568,Benar,
D0568,Polres,
D0568,Lampung,
D0568,Tengah,
D0568,menangkap,
D0568,MR,
D0568,tadi,
D0568,malam,
D0568,di,
D0568,salah,
D0568,satu,
D0568,rumah,
D0568,makan,
D0568,di,
D0568,seputaran,
D0568,Kampung,
D0568,Surabaya,
D0568,Ilir,
D0568,Kecamatan,
D0568,Bandar,
D0568,Mataram,
D0568,Lampung,
D0568,Tengah,
D0568,katanya,
D0568,Jumat,
D0568,4102024,
D0568,Umi,
D0568,menyebut,
D0568,selain,
D0568,menangkap,
D0568,pelaku,
D0568,petugas,
D0568,juga,
D0568,telah,
D0568,mengamankan,
D0568,senjata,
D0568,api,
D0568,rakitan,
D0568,yang,
D0568,digunakan,
D0568,pelaku,
D0568,untuk,
D0568,menembak,
D0568,istrinya,
D0568,bernama,
D0568,Yeni,
D0568,Jalia,
D0568,Iya,
D0568,senjata,
D0568,api,
D0568,rakitan,
D0568,milik,
D0568,pelaku,
D0568,yang,
D0568,digunakan,
D0568,MR,
D0568,untuk,
D0568,menembak,
D0568,istrinya,
D0568,ini,
D0568,juga,
D0568,telah,
D0568,diamankan,
D0568,tuturnya,
D0568,Saat,
D0568,ini,
D0568,kata,
D0568,Umi,
D0568,Muhamad,
D0568,Rifai,
D0568,masih,
D0568,dilakukan,
D0568,pemeriksaan,
D0568,di,
D0568,Mapolres,
D0568,Lampung,
D0568,Tengah,
D0568,Yang,
D0568,bersangkutan,
D0568,masih,
D0568,dilakukan,
D0568,pemeriksaan,
D0568,hingga,
D0568,saat,
D0568,ini,
D0568,informasi,
D0568,lebih,
D0568,lanjut,
D0568,akan,
D0568,kami,
D0568,sampaikan,
D0568,kembali,
D0568,tandasnya,
D0569,Geger,
D0569,pesta,
D0569,seks,
D0569,dan,
D0569,tukar,
D0569,pasangan,
D0569,di,
D0569,salah,
D0569,satu,
D0569,villa,
D0569,di,
D0569,Kota,
D0569,Batu,
D0569,Jawa,
D0569,Timur,
D0569,Sebanyak,
D0569,12,
D0569,pasangan,
D0569,diamankan,
D0569,dari,
D0569,pesta,
D0569,amoral,
D0569,tersebut,
D0569,Para,
D0569,peserta,
D0569,pesta,
D0569,seks,
D0569,itu,
D0569,dikenakan,
D0569,tarif,
D0569,tertentu,
D0569,Warga,
D0569,Malang,
D0569,ditetapkan,
D0569,sebagai,
D0569,tersangka,
D0569,dalam,
D0569,kasus,
D0569,tersebut,
D0569,yakni,
D0569,SM,
D0569,31,
D0569,Ia,
D0569,merupakan,
D0569,fasilitator,
D0569,pesta,
D0569,seks,
D0569,tersebut,
D0569,Peserta,
D0569,pesta,
D0569,seks,
D0569,tersebut,
D0569,dikenakan,
D0569,biaya,
D0569,Rp,
D0569,825,
D0569,ribu,
D0569,per,
D0569,orang,
D0569,yang,
D0569,dikutip,
D0569,SM,
D0569,Biayanya,
D0569,Rp,
D0569,825,
D0569,ribu,
D0569,per,
D0569,orang,
D0569,keuntungan,
D0569,tidak,
D0569,spesifik,
D0569,ambil,
D0569,untung,
D0569,banyak,
D0569,kata,
D0569,Wadirreskrimum,
D0569,Polda,
D0569,Jatim,
D0569,AKBP,
D0569,Suryono,
D0569,dilansir,
D0569,detikJatim,
D0569,Jumat,
D0569,4102024,
D0569,SCROLL,
D0569,TO,
D0569,CONTINUE,
D0569,WITH,
D0569,CONTENT,
D0569,Meski,
D0569,menetapkan,
D0569,tarif,
D0569,namun,
D0569,dari,
D0569,pengakuan,
D0569,tersangka,
D0569,ia,
D0569,tidak,
D0569,fokus,
D0569,mencari,
D0569,keuntungan,
D0569,materi,
D0569,melainkan,
D0569,hanya,
D0569,menikmati,
D0569,fantasi,
D0569,dari,
D0569,pesta,
D0569,seks,
D0569,tersebut,
D0569,Dia,
D0569,SM,
D0569,mengakui,
D0569,bukan,
D0569,fokus,
D0569,pada,
D0569,untungnya,
D0569,tapi,
D0569,kepuasan,
D0569,untuk,
D0569,melakukan,
D0569,itu,
D0569,Mereka,
D0569,main,
D0569,di,
D0569,satu,
D0569,ruangan,
D0569,dan,
D0569,bergantiganti,
D0569,pasangan,
D0569,ujarnya,
D0569,Kasubdit,
D0569,IV,
D0569,Renakta,
D0569,Ditreskrimum,
D0569,Polda,
D0569,Jatim,
D0569,AKBP,
D0569,Ali,
D0569,Purnomo,
D0569,menambahkan,
D0569,tersangka,
D0569,telah,
D0569,melakukan,
D0569,aksinya,
D0569,sebagai,
D0569,fasilitator,
D0569,pesta,
D0569,seks,
D0569,sejak,
D0569,tahun,
D0569,2024,
D0569,Dia,
D0569,hanya,
D0569,memfasilitasi,
D0569,saja,
D0569,dan,
D0569,mencari,
D0569,vila,
D0569,yang,
D0569,merepresentasikan,
D0569,motifnya,
D0569,murni,
D0569,fantasi,
D0569,tandas,
D0569,Ali,
D0569,Sebelumnya,
D0569,polisi,
D0569,menggerebek,
D0569,pesta,
D0569,seks,
D0569,saling,
D0569,tukar,
D0569,pasangan,
D0569,hingga,
D0569,threesome,
D0569,tersebut,
D0569,di,
D0569,salah,
D0569,satu,
D0569,villa,
D0569,di,
D0569,Kota,
D0569,Batu,
D0569,Sebanyak,
D0569,12,
D0569,orang,
D0569,diamankan,
D0569,dalam,
D0569,keadaan,
D0569,bugil,
D0569,Kami,
D0569,amankan,
D0569,di,
D0569,salah,
D0569,satu,
D0569,villa,
D0569,di,
D0569,Pesanggrahan,
D0569,Batu,
D0569,pada,
D0569,hari,
D0569,Sabtu,
D0569,219,
D0569,kata,
D0569,Wadirreskrimum,
D0569,Polda,
D0569,Jatim,
D0569,AKBP,
D0569,Suryono,
D0569,saat,
D0569,jumpa,
D0569,pers,
D0569,Selasa,
D0569,1102024,
D0570,Seorang,
D0570,pria,
D0570,di,
D0570,Kabupaten,
D0570,Simalungun,
D0570,Sumatera,
D0570,Utara,
D0570,Sumut,
D0570,Sentanu,
D0570,41,
D0570,mengeluarkan,
D0570,tembakan,
D0570,yang,
D0570,mengarah,
D0570,ke,
D0570,seorang,
D0570,pemuda,
D0570,bernama,
D0570,Juan,
D0570,24,
D0570,Akibat,
D0570,ulahnya,
D0570,Sentanu,
D0570,ditangkap,
D0570,oleh,
D0570,pihak,
D0570,kepolisian,
D0570,Kapolsek,
D0570,Serbalawan,
D0570,AKP,
D0570,Syamsul,
D0570,Bahri,
D0570,Dalimunthe,
D0570,mengatakan,
D0570,penembakan,
D0570,itu,
D0570,terjadi,
D0570,di,
D0570,salah,
D0570,satu,
D0570,bengkel,
D0570,di,
D0570,Jalan,
D0570,Subur,
D0570,Kecamatan,
D0570,Tapian,
D0570,Dolok,
D0570,Rabu,
D0570,2102024,
D0570,Lalu,
D0570,pelaku,
D0570,ditangkap,
D0570,pada,
D0570,Kamis,
D0570,310,
D0570,Pelaku,
D0570,penembakan,
D0570,Sentanu,
D0570,berhasil,
D0570,ditangkap,
D0570,pada,
D0570,Kamis,
D0570,sekira,
D0570,pukul,
D0570,1130,
D0570,WIB,
D0570,setelah,
D0570,polisi,
D0570,mendapatkan,
D0570,informasi,
D0570,dari,
D0570,Bhabinkamtibmas,
D0570,Kelurahan,
D0570,Sinaksak,
D0570,Aiptu,
D0570,Bambang,
D0570,Irawan,
D0570,kata,
D0570,Syamsul,
D0570,Jumat,
D0570,410,
D0570,SCROLL,
D0570,TO,
D0570,CONTINUE,
D0570,WITH,
D0570,CONTENT,
D0570,Syamsul,
D0570,mengatakan,
D0570,peristiwa,
D0570,itu,
D0570,terjadi,
D0570,pada,
D0570,Rabu,
D0570,210,
D0570,sore,
D0570,Saat,
D0570,itu,
D0570,pelaku,
D0570,datang,
D0570,ke,
D0570,lokasi,
D0570,kejadian,
D0570,dan,
D0570,langsung,
D0570,mengeluarkan,
D0570,senjata,
D0570,api,
D0570,jenis,
D0570,airsoft,
D0570,gun,
D0570,dari,
D0570,saku,
D0570,celananya,
D0570,Setelah,
D0570,itu,
D0570,pelaku,
D0570,mengeluarkan,
D0570,tembakan,
D0570,ke,
D0570,arah,
D0570,atas,
D0570,Korban,
D0570,kemudian,
D0570,menanyakan,
D0570,kepada,
D0570,pelaku,
D0570,kenapa,
D0570,menembaknembak,
D0570,Pelaku,
D0570,menjawab,
D0570,kepalamu,
D0570,ku,
D0570,tembak,
D0570,pun,
D0570,jebol,
D0570,ujar,
D0570,Syamsul,
D0570,menirukan,
D0570,perkataan,
D0570,korban,
D0570,Setelah,
D0570,itu,
D0570,pelaku,
D0570,menembakkan,
D0570,senjata,
D0570,itu,
D0570,ke,
D0570,arah,
D0570,kaki,
D0570,kiri,
D0570,korban,
D0570,Beruntung,
D0570,korban,
D0570,bisa,
D0570,mengelak,
D0570,dan,
D0570,peluru,
D0570,tersebut,
D0570,tidak,
D0570,sampai,
D0570,mengenai,
D0570,kaki,
D0570,korban,
D0570,Warga,
D0570,yang,
D0570,mendengar,
D0570,tembakan,
D0570,itu,
D0570,langsung,
D0570,berdatangan,
D0570,ke,
D0570,lokasi,
D0570,dan,
D0570,menanyakan,
D0570,kepada,
D0570,pelaku,
D0570,soal,
D0570,penembakan,
D0570,itu,
D0570,Namun,
D0570,saat,
D0570,itu,
D0570,pelaku,
D0570,langsung,
D0570,meminta,
D0570,maaf,
D0570,dan,
D0570,pergi,
D0570,meninggalkan,
D0570,lokasi,
D0570,Korban,
D0570,yang,
D0570,merasa,
D0570,ketakutan,
D0570,lalu,
D0570,melaporkan,
D0570,peristiwa,
D0570,itu,
D0570,ke,
D0570,Pos,
D0570,Polisi,
D0570,Purbasari,
D0570,Usai,
D0570,menerima,
D0570,informasi,
D0570,kejadian,
D0570,itu,
D0570,petugas,
D0570,langsung,
D0570,turun,
D0570,ke,
D0570,lokasi,
D0570,untuk,
D0570,mengecek,
D0570,peristiwa,
D0570,tersebut,
D0570,Setelah,
D0570,itu,
D0570,petugas,
D0570,kepolisian,
D0570,mengamankan,
D0570,pelaku,
D0570,dan,
D0570,membawanya,
D0570,ke,
D0570,Polsek,
D0570,Serbalawan,
D0570,Kami,
D0570,langsung,
D0570,melakukan,
D0570,interogasi,
D0570,terhadap,
D0570,korban,
D0570,dan,
D0570,saksisaksi,
D0570,serta,
D0570,mengamankan,
D0570,barang,
D0570,bukti,
D0570,berupa,
D0570,satu,
D0570,pucuk,
D0570,senjata,
D0570,api,
D0570,soft,
D0570,gun,
D0570,jenis,
D0570,FN,
D0570,merek,
D0570,Lock,
D0570,buatan,
D0570,Astria,
D0570,tabung,
D0570,gas,
D0570,soft,
D0570,gun,
D0570,merek,
D0570,Gamo,
D0570,sebanyak,
D0570,enam,
D0570,tabung,
D0570,dan,
D0570,peluru,
D0570,mimis,
D0570,168,
D0570,buah,
D0570,jelasnya,
D0570,Syamsul,
D0570,menyebut,
D0570,pelaku,
D0570,saat,
D0570,ini,
D0570,masih,
D0570,menjalani,
D0570,proses,
D0570,pemeriksaan,
D0570,di,
D0570,kantor,
D0570,polisi,
D0570,Pihaknya,
D0570,masih,
D0570,mendalami,
D0570,motif,
D0570,pelaku,
D0570,melakukan,
D0570,penembakan,
D0570,itu,
D0570,Lalu,
D0570,terkait,
D0570,senjata,
D0570,api,
D0570,tersebut,
D0570,pelaku,
D0570,mengaku,
D0570,mendapatkannya,
D0570,dari,
D0570,seorang,
D0570,pria,
D0570,inisial,
D0570,T,
D0570,warga,
D0570,Nagori,
D0570,Purbasari,
D0570,Kecamatan,
D0570,Tapian,
D0570,Dolok,
D0570,Senjata,
D0570,itu,
D0570,dibeli,
D0570,pelaku,
D0570,seharga,
D0570,Rp,
D0570,25,
D0570,juta,
D0570,dan,
D0570,tidak,
D0570,dilengkapi,
D0570,suratsurat,
D0570,resmi,
D0570,Polisi,
D0570,saat,
D0570,ini,
D0570,sedang,
D0570,melakukan,
D0570,penyelidikan,
D0570,lebih,
D0570,lanjut,
D0570,terkait,
D0570,kasus,
D0570,penembakan,
D0570,ini,
D0570,pungkasnya,
D0571,Ivan,
D0571,Volovod,
D0571,32,
D0571,dan,
D0571,Mykyta,
D0571,Volovod,
D0571,32,
D0571,menjalani,
D0571,sidang,
D0571,perdana,
D0571,atas,
D0571,perkara,
D0571,narkoba,
D0571,di,
D0571,Pengadilan,
D0571,Negeri,
D0571,PN,
D0571,Denpasar,
D0571,Duo,
D0571,kembar,
D0571,asal,
D0571,Ukraina,
D0571,pemilik,
D0571,laboratorium,
D0571,narkoba,
D0571,rahasia,
D0571,clandestine,
D0571,drug,
D0571,laboratory,
D0571,di,
D0571,Sunny,
D0571,Villa,
D0571,Desa,
D0571,Tibubeneng,
D0571,Kuta,
D0571,Utara,
D0571,Badung,
D0571,Bali,
D0571,itu,
D0571,terancam,
D0571,hukuman,
D0571,mati,
D0571,Di,
D0571,dakwaan,
D0571,ada,
D0571,Pasal,
D0571,114,
D0571,ayat,
D0571,2,
D0571,juncto,
D0571,Pasal,
D0571,132,
D0571,ayat,
D0571,1,
D0571,UU,
D0571,RI,
D0571,Nomor,
D0571,35,
D0571,Tahun,
D0571,2009,
D0571,tentang,
D0571,Narkotika,
D0571,Itu,
D0571,ancamannya,
D0571,hukuman,
D0571,mati,
D0571,kata,
D0571,Jaksa,
D0571,Penuntut,
D0571,Umum,
D0571,JPU,
D0571,Imam,
D0571,Ramdhoni,
D0571,di,
D0571,PN,
D0571,Denpasar,
D0571,Kamis,
D0571,3102024,
D0571,Dalam,
D0571,dakwaan,
D0571,yang,
D0571,dibacakan,
D0571,jaksa,
D0571,saat,
D0571,sidang,
D0571,perkara,
D0571,itu,
D0571,berawal,
D0571,saat,
D0571,Ivan,
D0571,dan,
D0571,Mykyta,
D0571,diajak,
D0571,ke,
D0571,Bali,
D0571,oleh,
D0571,seseorang,
D0571,berinisial,
D0571,RN,
D0571,RN,
D0571,yang,
D0571,kini,
D0571,buron,
D0571,itu,
D0571,mengajak,
D0571,Ivan,
D0571,dan,
D0571,Mykyta,
D0571,ke,
D0571,Bali,
D0571,untuk,
D0571,mendirikan,
D0571,pabrik,
D0571,dan,
D0571,memproduksi,
D0571,ganja,
D0571,dan,
D0571,mefedron,
D0571,SCROLL,
D0571,TO,
D0571,CONTINUE,
D0571,WITH,
D0571,CONTENT,
D0571,Duo,
D0571,kembar,
D0571,itu,
D0571,dijanjikan,
D0571,upah,
D0571,US,
D0571,10,
D0571,ribu,
D0571,per,
D0571,1,
D0571,kilogram,
D0571,kg,
D0571,mefedron,
D0571,dan,
D0571,US,
D0571,3000,
D0571,setiap,
D0571,1,
D0571,kg,
D0571,ganja,
D0571,yang,
D0571,diproduksi,
D0571,Ivan,
D0571,dan,
D0571,Mykyta,
D0571,menyetujui,
D0571,tawaran,
D0571,RN,
D0571,Mereka,
D0571,lalu,
D0571,terbang,
D0571,dari,
D0571,Ukraina,
D0571,ke,
D0571,Bali,
D0571,Mendarat,
D0571,di,
D0571,Bali,
D0571,RN,
D0571,lalu,
D0571,mengenalkan,
D0571,dua,
D0571,kembar,
D0571,Ukraina,
D0571,itu,
D0571,kepada,
D0571,OK,
D0571,yang,
D0571,kini,
D0571,juga,
D0571,buron,
D0571,OK,
D0571,yang,
D0571,membiayai,
D0571,produksi,
D0571,dan,
D0571,mengajari,
D0571,duo,
D0571,kembar,
D0571,Ukraina,
D0571,itu,
D0571,meracik,
D0571,mefedron,
D0571,dan,
D0571,bercocok,
D0571,tanam,
D0571,ganja,
D0571,hidroponik,
D0571,Pada,
D0571,7,
D0571,November,
D0571,2022,
D0571,OK,
D0571,mengontrak,
D0571,tanah,
D0571,di,
D0571,Sunny,
D0571,Villa,
D0571,atas,
D0571,nama,
D0571,ibunya,
D0571,Di,
D0571,sana,
D0571,Ivan,
D0571,Mykyta,
D0571,dan,
D0571,RN,
D0571,membangun,
D0571,rumah,
D0571,serta,
D0571,memasang,
D0571,semua,
D0571,instalasi,
D0571,dan,
D0571,peralatan,
D0571,yang,
D0571,dibutuhkan,
D0571,untuk,
D0571,memproduksi,
D0571,mefedron,
D0571,dan,
D0571,ganja,
D0571,kata,
D0571,Dhoni,
D0571,Pada,
D0571,Mei,
D0571,2023,
D0571,rumah,
D0571,dan,
D0571,semua,
D0571,instalasi,
D0571,serta,
D0571,peralatan,
D0571,produksi,
D0571,mefedron,
D0571,dan,
D0571,ganja,
D0571,sudah,
D0571,siap,
D0571,OK,
D0571,yang,
D0571,mengetahui,
D0571,segala,
D0571,sesuatunya,
D0571,sudah,
D0571,dibangun,
D0571,langsung,
D0571,mengupahi,
D0571,Ivan,
D0571,dan,
D0571,Mykyta,
D0571,sebesar,
D0571,US,
D0571,30,
D0571,ribu,
D0571,Setelah,
D0571,itu,
D0571,Ivan,
D0571,dan,
D0571,Mykyta,
D0571,mulai,
D0571,bekerja,
D0571,Mefedron,
D0571,dan,
D0571,ganja,
D0571,pun,
D0571,selesai,
D0571,diproduksi,
D0571,dengan,
D0571,bobot,
D0571,masingmasing,
D0571,1,
D0571,kg,
D0571,setelah,
D0571,dua,
D0571,bulan,
D0571,lebih,
D0571,Lalu,
D0571,mereka,
D0571,menggunakan,
D0571,jasa,
D0571,ojek,
D0571,online,
D0571,untuk,
D0571,mengantar,
D0571,mefedron,
D0571,dan,
D0571,ganja,
D0571,agar,
D0571,diletakkan,
D0571,di,
D0571,sebuah,
D0571,tempat,
D0571,Setelah,
D0571,dua,
D0571,jenis,
D0571,narkoba,
D0571,itu,
D0571,berada,
D0571,di,
D0571,tempat,
D0571,yang,
D0571,dimaksud,
D0571,ada,
D0571,tersangka,
D0571,asal,
D0571,Rusia,
D0571,bernama,
D0571,Konstantin,
D0571,Kruts,
D0571,yang,
D0571,mengambil,
D0571,paket,
D0571,mefedrone,
D0571,dan,
D0571,ganjanya,
D0571,Kruts,
D0571,lalu,
D0571,membagi,
D0571,mefedrone,
D0571,dan,
D0571,ganjanya,
D0571,ke,
D0571,dalam,
D0571,paket,
D0571,kecil,
D0571,yang,
D0571,sudah,
D0571,disesuaikan,
D0571,dengan,
D0571,pesanan,
D0571,pelanggan,
D0571,Pembeli,
D0571,telah,
D0571,melakukan,
D0571,pemesanan,
D0571,sesuai,
D0571,dengan,
D0571,instruksi,
D0571,dari,
D0571,pemegang,
D0571,akun,
D0571,Hydra,
D0571,Pembayarannya,
D0571,menggunakan,
D0571,transaksi,
D0571,cryptocurrency,
D0571,exchange,
D0571,ungkap,
D0571,Imam,
D0571,Pada,
D0571,Kamis,
D0571,252024,
D0571,polisi,
D0571,menggerebek,
D0571,pabrik,
D0571,narkoba,
D0571,di,
D0571,Sunny,
D0571,Village,
D0571,itu,
D0571,Penggerebekan,
D0571,itu,
D0571,berdasarkan,
D0571,penggerebekan,
D0571,pabrik,
D0571,yang,
D0571,sama,
D0571,di,
D0571,Sunter,
D0571,Jakarta,
D0571,Utara,
D0571,milik,
D0571,Fredy,
D0571,Pratama,
D0572,Satu,
D0572,video,
D0572,yang,
D0572,menunjukkan,
D0572,seorang,
D0572,pria,
D0572,yang,
D0572,disebut,
D0572,berprofesi,
D0572,sebagai,
D0572,juru,
D0572,parkir,
D0572,juru,
D0572,parkir,
D0572,tewas,
D0572,tergeletak,
D0572,di,
D0572,jalanan,
D0572,Kota,
D0572,Medan,
D0572,Sumatera,
D0572,Utara,
D0572,Sumut,
D0572,viral,
D0572,di,
D0572,media,
D0572,sosial,
D0572,Polisi,
D0572,menyebut,
D0572,pria,
D0572,tersebut,
D0572,adalah,
D0572,korban,
D0572,penganiayaan,
D0572,Berdasarkan,
D0572,video,
D0572,yang,
D0572,dilihat,
D0572,detikSumut,
D0572,Kamis,
D0572,3102024,
D0572,tampak,
D0572,pria,
D0572,itu,
D0572,tengah,
D0572,tergeletak,
D0572,di,
D0572,jalan,
D0572,dengan,
D0572,wajah,
D0572,berlumuran,
D0572,darah,
D0572,Di,
D0572,lokasi,
D0572,sudah,
D0572,ramai,
D0572,orang,
D0572,mengerumuni,
D0572,korban,
D0572,Mereka,
D0572,juga,
D0572,mendokumentasikan,
D0572,peristiwa,
D0572,itu,
D0572,Dalam,
D0572,narasinya,
D0572,pengunggah,
D0572,menyebut,
D0572,peristiwa,
D0572,itu,
D0572,terjadi,
D0572,di,
D0572,Jalan,
D0572,Setia,
D0572,Budi,
D0572,Tanjung,
D0572,Sari,
D0572,Kecamatan,
D0572,Medan,
D0572,Selayang,
D0572,SCROLL,
D0572,TO,
D0572,CONTINUE,
D0572,WITH,
D0572,CONTENT,
D0572,Korban,
D0572,warga,
D0572,Jalan,
D0572,Setia,
D0572,Budi,
D0572,Medan,
D0572,Selayang,
D0572,ini,
D0572,seharihari,
D0572,bekerja,
D0572,sebagai,
D0572,juru,
D0572,parkir,
D0572,Beredar,
D0572,bahwa,
D0572,tukang,
D0572,parkir,
D0572,ini,
D0572,diduga,
D0572,dianiaya,
D0572,pemilik,
D0572,salah,
D0572,satu,
D0572,rumah,
D0572,makan,
D0572,dan,
D0572,ada,
D0572,tiga,
D0572,orang,
D0572,yang,
D0572,diamankan,
D0572,Polsek,
D0572,Sunggal,
D0572,akibat,
D0572,insiden,
D0572,tersebut,
D0572,demikian,
D0572,narasi,
D0572,unggahan,
D0572,itu,
D0572,Berdasarkan,
D0572,informasi,
D0572,yang,
D0572,beredar,
D0572,peristiwa,
D0572,itu,
D0572,terjadi,
D0572,pada,
D0572,Selasa,
D0572,110,
D0572,malam,
D0572,Dalam,
D0572,peristiwa,
D0572,itu,
D0572,korban,
D0572,mengalami,
D0572,sejumlah,
D0572,luka,
D0572,tusuk,
D0572,di,
D0572,badannya,
D0572,Kapolsek,
D0572,Sunggal,
D0572,Kompol,
D0572,Bambang,
D0572,G,
D0572,Hutabarat,
D0572,membenarkan,
D0572,informasi,
D0572,kejadian,
D0572,itu,
D0572,Dia,
D0572,mengatakan,
D0572,bahwa,
D0572,pria,
D0572,tersebut,
D0572,merupakan,
D0572,korban,
D0572,penganiayaan,
D0572,Iya,
D0572,korban,
D0572,itu,
D0572,diduga,
D0572,korban,
D0572,penganiayaan,
D0572,kata,
D0572,Bambang,
D0572,saat,
D0572,dikonfirmasi,
D0572,detikSumut,
D0572,Kanit,
D0572,Reskrim,
D0572,Polsek,
D0572,Sunggal,
D0572,AKP,
D0572,Suyanto,
D0572,mengatakan,
D0572,pihaknya,
D0572,masih,
D0572,menyelidiki,
D0572,lebih,
D0572,lanjut,
D0572,soal,
D0572,peristiwa,
D0572,itu,
D0572,Dia,
D0572,mengatakan,
D0572,ada,
D0572,sekitar,
D0572,delapan,
D0572,saksi,
D0572,yang,
D0572,diperiksa,
D0572,terkait,
D0572,kejadian,
D0572,tersebut,
D0572,Sekira,
D0572,pukul,
D0572,2100,
D0572,WIB,
D0572,kami,
D0572,menerima,
D0572,informasi,
D0572,dari,
D0572,masyarakat,
D0572,bahwasanya,
D0572,ada,
D0572,seorang,
D0572,warga,
D0572,lakilaki,
D0572,yang,
D0572,tergeletak,
D0572,di,
D0572,pinggir,
D0572,jalan,
D0572,Kemudian,
D0572,sampai,
D0572,di,
D0572,TKP,
D0572,Simpang,
D0572,Pemda,
D0572,kami,
D0572,lakukan,
D0572,olah,
D0572,TKP,
D0572,langsung,
D0572,dibawa,
D0572,ke,
D0572,rumah,
D0572,sakit,
D0572,ternyata,
D0572,sudah,
D0572,meninggal,
D0572,dunia,
D0572,Untuk,
D0572,saksi,
D0572,ada,
D0572,delapan,
D0572,orang,
D0572,yang,
D0572,kita,
D0572,ambil,
D0572,keterangannya,
D0572,kata,
D0572,Suyanto,
D0572,Suyanto,
D0572,belum,
D0572,memerinci,
D0572,lebih,
D0572,jauh,
D0572,soal,
D0572,peristiwa,
D0572,tersebut,
D0572,Dia,
D0572,mengatakan,
D0572,pihaknya,
D0572,masih,
D0572,menunggu,
D0572,hasil,
D0572,autopsi,
D0572,untuk,
D0572,mengetahui,
D0572,penyebab,
D0572,kematian,
D0572,korban,
D0572,Kalau,
D0572,penyebab,
D0572,korban,
D0572,meninggal,
D0572,nanti,
D0572,biar,
D0572,pihak,
D0572,medis,
D0572,yang,
D0572,melakukan,
D0572,pengecekan,
D0572,atau,
D0572,autopsi,
D0572,Nanti,
D0572,akan,
D0572,kita,
D0572,berikan,
D0572,informasi,
D0572,lanjut,
D0572,jelasnya,
D0573,Seorang,
D0573,perempuan,
D0573,bernama,
D0573,Maria,
D0573,Livia,
D0573,23,
D0573,warga,
D0573,Ende,
D0573,NTT,
D0573,nekat,
D0573,membegal,
D0573,driver,
D0573,taksi,
D0573,online,
D0573,di,
D0573,Gunung,
D0573,Anyar,
D0573,Surabaya,
D0573,Motifnya,
D0573,pun,
D0573,butuh,
D0573,uang,
D0573,untuk,
D0573,liburan,
D0573,dan,
D0573,bekerja,
D0573,di,
D0573,Australia,
D0573,Menurut,
D0573,Pakar,
D0573,Kriminolog,
D0573,Universitas,
D0573,Airlangga,
D0573,Unair,
D0573,I,
D0573,Wayan,
D0573,Titib,
D0573,Sulaksana,
D0573,motif,
D0573,yang,
D0573,disampaikan,
D0573,pelaku,
D0573,hanyalah,
D0573,alasan,
D0573,Faktor,
D0573,utamanya,
D0573,dari,
D0573,rasa,
D0573,keputusasaan,
D0573,Enggak,
D0573,modus,
D0573,saja,
D0573,itu,
D0573,bohong,
D0573,Buat,
D0573,makan,
D0573,saja,
D0573,susah,
D0573,kok,
D0573,liburan,
D0573,Kalau,
D0573,liburan,
D0573,ke,
D0573,Australia,
D0573,jangan,
D0573,begal,
D0573,taksi,
D0573,Itu,
D0573,luapan,
D0573,dari,
D0573,rasa,
D0573,keputusasaan,
D0573,makan,
D0573,saja,
D0573,nggak,
D0573,mampu,
D0573,Kalau,
D0573,makan,
D0573,mampu,
D0573,ngapain,
D0573,begal,
D0573,taksi,
D0573,Terus,
D0573,mau,
D0573,kerja,
D0573,di,
D0573,Australia,
D0573,keterampilan,
D0573,nggak,
D0573,punya,
D0573,mau,
D0573,jadi,
D0573,apa,
D0573,bisa,
D0573,dideportasi,
D0573,dia,
D0573,Masuk,
D0573,kerja,
D0573,di,
D0573,sana,
D0573,berat,
D0573,Alasan,
D0573,saja,
D0573,untuk,
D0573,menutupi,
D0573,kegagalannya,
D0573,kata,
D0573,Wayan,
D0573,saat,
D0573,dihubungi,
D0573,detikJatim,
D0573,Rabu,
D0573,2102024,
D0573,SCROLL,
D0573,TO,
D0573,CONTINUE,
D0573,WITH,
D0573,CONTENT,
D0573,Wayan,
D0573,sendiri,
D0573,mengaku,
D0573,terkejut,
D0573,saat,
D0573,mengetahui,
D0573,pelaku,
D0573,adalah,
D0573,perempuan,
D0573,Karena,
D0573,kebanyakan,
D0573,pelaku,
D0573,begal,
D0573,seorang,
D0573,lakilaki,
D0573,Tapi,
D0573,Wayan,
D0573,tak,
D0573,kaget,
D0573,dengan,
D0573,adanya,
D0573,tindakan,
D0573,kejahatan,
D0573,Banyaknya,
D0573,kejahatan,
D0573,ini,
D0573,menunjukkam,
D0573,gambaran,
D0573,kondisi,
D0573,negeri,
D0573,ini,
D0573,Kalau,
D0573,terjadi,
D0573,hal,
D0573,seperti,
D0573,ini,
D0573,saya,
D0573,nggak,
D0573,kaget,
D0573,Ini,
D0573,gambaran,
D0573,kota,
D0573,belum,
D0573,beranjak,
D0573,dari,
D0573,kemiskinan,
D0573,Lapangan,
D0573,pekerjaan,
D0573,sulit,
D0573,butuh,
D0573,keterampilan,
D0573,kuliah,
D0573,uang,
D0573,nggak,
D0573,ada,
D0573,perut,
D0573,nggak,
D0573,bisa,
D0573,diajak,
D0573,kompromi,
D0573,Jalan,
D0573,satusatunya,
D0573,mendapatkan,
D0573,uang,
D0573,cepat,
D0573,caranya,
D0573,dengan,
D0573,begal,
D0573,Saya,
D0573,kaget,
D0573,pelakunya,
D0573,sekarang,
D0573,perempuan,
D0573,kalau,
D0573,lakilaki,
D0573,biasa,
D0573,ujarnya,
D0573,Menurut,
D0573,Pakar,
D0573,Hukum,
D0573,Pidana,
D0573,Unair,
D0573,ini,
D0573,tingkat,
D0573,kriminalitas,
D0573,tinggi,
D0573,karena,
D0573,kesulitan,
D0573,ekonomi,
D0573,Perut,
D0573,membutuhkan,
D0573,makan,
D0573,sementara,
D0573,tidak,
D0573,punya,
D0573,keterampilan,
D0573,dan,
D0573,tidak,
D0573,ada,
D0573,lapangan,
D0573,pekerjaan,
D0573,maka,
D0573,memilih,
D0573,jalan,
D0573,pintasnya,
D0573,menjadi,
D0573,pelaku,
D0573,kriminalitas,
D0573,Wayan,
D0573,mengatakan,
D0573,penyebab,
D0573,tindakan,
D0573,kejahatan,
D0573,pun,
D0573,kompleks,
D0573,dan,
D0573,paling,
D0573,utama,
D0573,kesejahteraan,
D0573,Bila,
D0573,rakyat,
D0573,makmur,
D0573,pun,
D0573,tetap,
D0573,ada,
D0573,kejahatan,
D0573,tapi,
D0573,dengan,
D0573,model,
D0573,lain,
D0573,bukan,
D0573,kejahatan,
D0573,jalanan,
D0573,Kejahatan,
D0573,dan,
D0573,kriminalitas,
D0573,terjadi,
D0573,lanjut,
D0573,Wayan,
D0573,karena,
D0573,tekanan,
D0573,ekonomi,
D0573,pada,
D0573,rakyat,
D0573,bawah,
D0573,Nekat,
D0573,itu,
D0573,bajak,
D0573,taksi,
D0573,pikirnya,
D0573,mobil,
D0573,bisa,
D0573,dijual,
D0573,uangnya,
D0573,dipakai,
D0573,makan,
D0573,Nggak,
D0573,sesederhana,
D0573,itu,
D0573,katanya,
D0573,Bagi,
D0573,Wayan,
D0573,kasus,
D0573,kejahatan,
D0573,juga,
D0573,menjadi,
D0573,tanggung,
D0573,jawab,
D0573,pemerintah,
D0573,Polisi,
D0573,pun,
D0573,diminta,
D0573,menangani,
D0573,kasus,
D0573,dengan,
D0573,tidak,
D0573,bertindak,
D0573,represif,
D0573,Tetap,
D0573,salah,
D0573,nggak,
D0573,ada,
D0573,yang,
D0573,membenarkan,
D0573,tindakan,
D0573,ini,
D0573,Tapi,
D0573,kenapa,
D0573,sebabnya,
D0573,kita,
D0573,cari,
D0573,kita,
D0573,perbaiki,
D0573,sebabnya,
D0573,akibatnya,
D0573,sudah,
D0573,jelas,
D0573,salah,
D0573,Ini,
D0573,ada,
D0573,kegagalan,
D0573,pemerintah,
D0573,menyejahterakan,
D0573,rakyat,
D0573,tegasnya,
D0573,Di,
D0573,balik,
D0573,ini,
D0573,semua,
D0573,pasti,
D0573,ada,
D0573,dorongan,
D0573,yang,
D0573,membuat,
D0573,dia,
D0573,seperti,
D0573,itu,
D0573,Bagi,
D0573,saya,
D0573,ini,
D0573,adalah,
D0573,butuh,
D0573,perhatian,
D0573,khusus,
D0573,dari,
D0573,pemerintah,
D0573,Kejadian,
D0573,di,
D0573,Surabaya,
D0573,wali,
D0573,kota,
D0573,sekarang,
D0573,Pjs,
D0573,kenapa,
D0573,bisa,
D0573,sampai,
D0573,terjadi,
D0573,seperti,
D0573,ini,
D0573,di,
D0573,kotamu,
D0573,Terlepas,
D0573,dia,
D0573,pendatang,
D0573,atau,
D0573,warga,
D0573,asli,
D0573,Surabaya,
D0573,Saya,
D0573,pertanyakan,
D0573,sekarang,
D0573,kok,
D0573,bisa,
D0573,seperti,
D0573,ini,
D0573,Berarti,
D0573,tingkat,
D0573,kesejahteraan,
D0573,di,
D0573,Surabaya,
D0573,belum,
D0573,merata,
D0573,kriminalitas,
D0573,tinggi,
D0573,jangan,
D0573,bilang,
D0573,kota,
D0573,ini,
D0573,aman,
D0573,pungkas,
D0573,Wayan,
D0574,Masyarakat,
D0574,digegerkan,
D0574,dengan,
D0574,pembegalan,
D0574,yang,
D0574,dilakukan,
D0574,Maria,
D0574,Livia,
D0574,23,
D0574,warga,
D0574,Ende,
D0574,NTT,
D0574,kepada,
D0574,driver,
D0574,taksi,
D0574,online,
D0574,Pujiono,
D0574,47,
D0574,pada,
D0574,Rabu,
D0574,210,
D0574,Bermodus,
D0574,pesan,
D0574,taksi,
D0574,online,
D0574,lewat,
D0574,HP,
D0574,orang,
D0574,lain,
D0574,wanita,
D0574,itu,
D0574,melancarkan,
D0574,aksi,
D0574,Perhimpunan,
D0574,Driver,
D0574,Taksi,
D0574,Online,
D0574,Indonesia,
D0574,PDOI,
D0574,Jatim,
D0574,menyoroti,
D0574,hal,
D0574,ini,
D0574,Pihaknya,
D0574,mengimbau,
D0574,agar,
D0574,para,
D0574,driver,
D0574,taksi,
D0574,online,
D0574,lebih,
D0574,berhatihati,
D0574,saat,
D0574,membawa,
D0574,penumpang,
D0574,Apalagi,
D0574,jika,
D0574,penumpang,
D0574,yang,
D0574,dibawa,
D0574,mencurigakan,
D0574,Seperti,
D0574,tidak,
D0574,menggunakan,
D0574,akun,
D0574,pribadi,
D0574,dalam,
D0574,proses,
D0574,transaksi,
D0574,juga,
D0574,berbagai,
D0574,modus,
D0574,lainnya,
D0574,SCROLL,
D0574,TO,
D0574,CONTINUE,
D0574,WITH,
D0574,CONTENT,
D0574,Dalam,
D0574,perjalanan,
D0574,rekanrekan,
D0574,sopir,
D0574,taksi,
D0574,online,
D0574,juga,
D0574,diharapkan,
D0574,sesekali,
D0574,melihat,
D0574,kaca,
D0574,spion,
D0574,tengah,
D0574,yang,
D0574,terpasang,
D0574,di,
D0574,dalam,
D0574,mobil,
D0574,sepanjang,
D0574,perjalanan,
D0574,untuk,
D0574,mengecek,
D0574,aktivitas,
D0574,penumpang,
D0574,yang,
D0574,sedang,
D0574,duduk,
D0574,di,
D0574,kursi,
D0574,belakang,
D0574,ujar,
D0574,Plt,
D0574,Ketua,
D0574,PDOI,
D0574,Jatim,
D0574,Daniel,
D0574,Lukas,
D0574,Rorong,
D0574,Rabu,
D0574,2102024,
D0574,Daniel,
D0574,juga,
D0574,mengatakan,
D0574,para,
D0574,driver,
D0574,taksi,
D0574,online,
D0574,perlu,
D0574,melihat,
D0574,tujuan,
D0574,pengantaran,
D0574,yang,
D0574,diminta,
D0574,Apabila,
D0574,lokasinya,
D0574,berada,
D0574,di,
D0574,kawasan,
D0574,yang,
D0574,sepi,
D0574,driver,
D0574,perlu,
D0574,lebih,
D0574,meningkatkan,
D0574,kewaspadaan,
D0574,Terlebih,
D0574,saat,
D0574,malam,
D0574,hari,
D0574,driver,
D0574,alangkah,
D0574,baiknya,
D0574,menelpon,
D0574,penumpang,
D0574,terlebih,
D0574,dahulu,
D0574,melalui,
D0574,layanan,
D0574,telepon,
D0574,yang,
D0574,tersedia,
D0574,di,
D0574,aplikasi,
D0574,untuk,
D0574,memastikan,
D0574,jumlah,
D0574,penumpang,
D0574,demi,
D0574,mewaspadai,
D0574,adanya,
D0574,komplotan,
D0574,begal,
D0574,Jika,
D0574,ternyata,
D0574,sampai,
D0574,lokasi,
D0574,jumlah,
D0574,penumpangnya,
D0574,tidak,
D0574,sesuai,
D0574,dan,
D0574,mencurigakan,
D0574,segera,
D0574,tinggalkan,
D0574,lokasi,
D0574,dan,
D0574,batalkan,
D0574,orderan,
D0574,disertai,
D0574,alasannya,
D0574,melalui,
D0574,pusat,
D0574,bantuan,
D0574,atau,
D0574,call,
D0574,centre,
D0574,yang,
D0574,tersedia,
D0574,di,
D0574,aplikasi,
D0574,Termasuk,
D0574,ketika,
D0574,diketahui,
D0574,bahwa,
D0574,tujuan,
D0574,pengantarannya,
D0574,adalah,
D0574,kawasan,
D0574,sepi,
D0574,dan,
D0574,rawan,
D0574,lebih,
D0574,baik,
D0574,dibatalkan,
D0574,saja,
D0574,orderannya,
D0574,jelasnya,
D0574,Sementara,
D0574,jika,
D0574,tibatiba,
D0574,di,
D0574,tengah,
D0574,perjalanan,
D0574,ternyata,
D0574,penumpang,
D0574,melancarkan,
D0574,aksi,
D0574,pembegalan,
D0574,driver,
D0574,dapat,
D0574,membunyikan,
D0574,klakson,
D0574,sebagai,
D0574,pertanda,
D0574,Lalu,
D0574,driver,
D0574,juga,
D0574,bisa,
D0574,segera,
D0574,keluar,
D0574,dari,
D0574,mobilnya,
D0574,untuk,
D0574,berteriak,
D0574,minta,
D0574,tolong,
D0574,pada,
D0574,warga,
D0574,atau,
D0574,pengendara,
D0574,yang,
D0574,melintas,
D0574,imbaunya,
D0574,PDOI,
D0574,Jatim,
D0574,sendiri,
D0574,mencatat,
D0574,ini,
D0574,bukan,
D0574,merupakan,
D0574,kejadian,
D0574,kriminalitas,
D0574,pertama,
D0574,yang,
D0574,dialami,
D0574,sopir,
D0574,taksi,
D0574,online,
D0574,di,
D0574,tahun,
D0574,2024,
D0574,Sebelumnya,
D0574,pada,
D0574,31,
D0574,Januari,
D0574,2024,
D0574,lalu,
D0574,ada,
D0574,driver,
D0574,taksi,
D0574,online,
D0574,yang,
D0574,dibegal,
D0574,di,
D0574,kawasan,
D0574,Dukuh,
D0574,Pakis,
D0574,sekitar,
D0574,pukul,
D0574,1500,
D0574,WIB,
D0574,dengan,
D0574,modus,
D0574,disetrum,
D0574,Pihaknya,
D0574,pun,
D0574,akan,
D0574,mengawal,
D0574,kasus,
D0574,ini,
D0574,agar,
D0574,driver,
D0574,taksi,
D0574,online,
D0574,bisa,
D0574,mendapatkan,
D0574,haknya,
D0574,serta,
D0574,bisa,
D0574,segera,
D0574,pulih,
D0574,Termasuk,
D0574,nantinya,
D0574,koordinasi,
D0574,dengan,
D0574,pihak,
D0574,aplikator,
D0574,untuk,
D0574,pengobatan,
D0574,korban,
D0574,hingga,
D0574,pulih,
D0574,kembali,
D0574,Juga,
D0574,komunikasi,
D0574,pada,
D0574,pihak,
D0574,kepolisian,
D0574,agar,
D0574,pelaku,
D0574,diproses,
D0574,dan,
D0574,dijerat,
D0574,dengan,
D0574,pasal,
D0574,yang,
D0574,memberatkan,
D0574,supaya,
D0574,ada,
D0574,efek,
D0574,jera,
D0574,buat,
D0574,lainnya,
D0574,pungkas,
D0574,Daniel,
D0575,Bentrokan,
D0575,geng,
D0575,motor,
D0575,berujung,
D0575,satu,
D0575,orang,
D0575,tewas,
D0575,berhasil,
D0575,diungkap,
D0575,3,
D0575,orang,
D0575,pelaku,
D0575,anggota,
D0575,geng,
D0575,motor,
D0575,ditangkap,
D0575,aparat,
D0575,kepolisian,
D0575,detikJabar,
D0575,merangkum,
D0575,kasus,
D0575,bentrokan,
D0575,maut,
D0575,geng,
D0575,motor,
D0575,hingga,
D0575,penangkapan,
D0575,3,
D0575,pelaku,
D0575,Berikut,
D0575,faktafaktanya,
D0575,Satreskrim,
D0575,Polres,
D0575,Cimahi,
D0575,berhasil,
D0575,menangkap,
D0575,sejumlah,
D0575,pemuda,
D0575,yang,
D0575,terlibat,
D0575,dalam,
D0575,bentrok,
D0575,antar,
D0575,geng,
D0575,motor,
D0575,yang,
D0575,terjadi,
D0575,di,
D0575,Kampung,
D0575,Haurngambang,
D0575,Desa,
D0575,Batujajar,
D0575,Timur,
D0575,Kecamatan,
D0575,Batujajar,
D0575,Kabupaten,
D0575,Bandung,
D0575,Barat,
D0575,KBB,
D0575,Sabtu,
D0575,289,
D0575,malam,
D0575,lalu,
D0575,SCROLL,
D0575,TO,
D0575,CONTINUE,
D0575,WITH,
D0575,CONTENT,
D0575,Tiga,
D0575,pelaku,
D0575,bentrok,
D0575,antar,
D0575,geng,
D0575,motor,
D0575,ditangkap,
D0575,polisi,
D0575,berinisial,
D0575,D,
D0575,22,
D0575,LS,
D0575,22,
D0575,dan,
D0575,FY,
D0575,25,
D0575,dalam,
D0575,kejadian,
D0575,ini,
D0575,Pelaku,
D0575,hanya,
D0575,tertunduk,
D0575,lesu,
D0575,saat,
D0575,dihadirkan,
D0575,dalam,
D0575,konferensi,
D0575,Pers,
D0575,di,
D0575,Mapolres,
D0575,Cimahi,
D0575,Tiga,
D0575,pemuda,
D0575,anggota,
D0575,geng,
D0575,motor,
D0575,itu,
D0575,kini,
D0575,sudah,
D0575,berbalut,
D0575,baju,
D0575,tahanan,
D0575,Ketiganya,
D0575,merupakan,
D0575,tersangka,
D0575,kasus,
D0575,bentrokan,
D0575,maut,
D0575,antargeng,
D0575,motor,
D0575,yang,
D0575,terjadi,
D0575,di,
D0575,Bandung,
D0575,Barat,
D0575,belum,
D0575,lama,
D0575,ini,
D0575,Kami,
D0575,sudah,
D0575,amankan,
D0575,tersangka,
D0575,yang,
D0575,terlibat,
D0575,dalam,
D0575,bentrokan,
D0575,tersebut,
D0575,yakni,
D0575,D,
D0575,LS,
D0575,dan,
D0575,FY,
D0575,Perlu,
D0575,disampaikan,
D0575,ada,
D0575,2,
D0575,lagi,
D0575,tersangka,
D0575,yang,
D0575,sudah,
D0575,diketahui,
D0575,identitasnya,
D0575,saat,
D0575,ini,
D0575,masih,
D0575,dikejar,
D0575,kata,
D0575,Kapolres,
D0575,Cimahi,
D0575,AKBP,
D0575,Tri,
D0575,Suhartanto,
D0575,saat,
D0575,konferensi,
D0575,pers,
D0575,di,
D0575,Mapolres,
D0575,Cimahi,
D0575,Selasa,
D0575,110,
D0575,Tri,
D0575,menuturkan,
D0575,bentrokan,
D0575,dua,
D0575,geng,
D0575,motor,
D0575,itu,
D0575,pecah,
D0575,berawal,
D0575,dari,
D0575,adanya,
D0575,kesalahpahaman,
D0575,Namun,
D0575,kondisi,
D0575,itu,
D0575,diperparah,
D0575,lantaran,
D0575,para,
D0575,pelaku,
D0575,bentrokan,
D0575,dalam,
D0575,pengaruh,
D0575,minuman,
D0575,beralkohol,
D0575,Memang,
D0575,awalnya,
D0575,itu,
D0575,kesalahpahaman,
D0575,karena,
D0575,geng,
D0575,motor,
D0575,itu,
D0575,salah,
D0575,satunya,
D0575,sedang,
D0575,nongkrong,
D0575,lalu,
D0575,yang,
D0575,lainnya,
D0575,lewat,
D0575,Kemudian,
D0575,terjadi,
D0575,bentrokan,
D0575,tapi,
D0575,mereka,
D0575,juga,
D0575,terpengaruh,
D0575,minuman,
D0575,keras,
D0575,tutur,
D0575,Tri,
D0575,Dalam,
D0575,kasus,
D0575,ini,
D0575,polisi,
D0575,berhasil,
D0575,mengamankan,
D0575,barang,
D0575,bukti,
D0575,yang,
D0575,diamankan,
D0575,di,
D0575,antaranya,
D0575,senjata,
D0575,tajam,
D0575,yang,
D0575,digunakan,
D0575,melukai,
D0575,korban,
D0575,kemudian,
D0575,stik,
D0575,baseball,
D0575,dan,
D0575,pakaian,
D0575,Sementara,
D0575,tersangka,
D0575,yang,
D0575,diamankan,
D0575,berasal,
D0575,dari,
D0575,dua,
D0575,geng,
D0575,motor,
D0575,yang,
D0575,terlibat,
D0575,bentrokan,
D0575,Pengakuan,
D0575,dari,
D0575,tersangka,
D0575,memang,
D0575,senjata,
D0575,tajam,
D0575,itu,
D0575,sebelumnya,
D0575,sudah,
D0575,mereka,
D0575,bawa,
D0575,jadi,
D0575,saat,
D0575,terjadi,
D0575,bentrokan,
D0575,senjata,
D0575,langsung,
D0575,digunakan,
D0575,ucap,
D0575,Tri,
D0575,Tri,
D0575,sebut,
D0575,pihaknya,
D0575,sudah,
D0575,mengamankan,
D0575,tiga,
D0575,tersangka,
D0575,namun,
D0575,menurutnya,
D0575,jika,
D0575,Polres,
D0575,Cimahi,
D0575,masih,
D0575,memburu,
D0575,dua,
D0575,lagi,
D0575,anggota,
D0575,geng,
D0575,motor,
D0575,yang,
D0575,terlibat,
D0575,bentrokan,
D0575,maut,
D0575,di,
D0575,Batujajar,
D0575,tersebut,
D0575,Perlu,
D0575,disampaikan,
D0575,ada,
D0575,2,
D0575,lagi,
D0575,pelaku,
D0575,yang,
D0575,sudah,
D0575,diketahui,
D0575,identitasnya,
D0575,masih,
D0575,kami,
D0575,kejar,
D0575,Kami,
D0575,sampaikan,
D0575,kepada,
D0575,pelaku,
D0575,untuk,
D0575,segera,
D0575,menyerahkan,
D0575,diri,
D0575,atau,
D0575,kami,
D0575,lakukan,
D0575,tindakan,
D0575,tegas,
D0575,terukur,
D0575,tutur,
D0575,Tri,
D0575,Para,
D0575,tersangka,
D0575,dijerat,
D0575,dengan,
D0575,Pasal,
D0575,170,
D0575,ayat,
D0575,2,
D0575,ke,
D0575,3,
D0575,Juncto,
D0575,Pasal,
D0575,351,
D0575,ayat,
D0575,3,
D0575,KUHPidana,
D0575,dengan,
D0575,ancaman,
D0575,penjara,
D0575,paling,
D0575,lama,
D0575,12,
D0575,tahun,
D0575,Tri,
D0575,menegaskan,
D0575,jika,
D0575,pihaknya,
D0575,bakal,
D0575,memerangi,
D0575,dan,
D0575,memberantas,
D0575,keberadaan,
D0575,geng,
D0575,motor,
D0575,yang,
D0575,meresahkan,
D0575,masyarakat,
D0575,di,
D0575,Cimahi,
D0575,dan,
D0575,Bandung,
D0575,Barat,
D0575,Kami,
D0575,sampaikan,
D0575,pada,
D0575,masyarakat,
D0575,untuk,
D0575,tidak,
D0575,khawatir,
D0575,terkait,
D0575,keberadaan,
D0575,kelompok,
D0575,motor,
D0575,yang,
D0575,meresahkan,
D0575,Dan,
D0575,saya,
D0575,nyatakan,
D0575,kepada,
D0575,geng,
D0575,motor,
D0575,yang,
D0575,merasa,
D0575,dirinya,
D0575,jagoan,
D0575,supaya,
D0575,perang,
D0575,dengan,
D0575,kami,
D0575,polisi,
D0575,tegas,
D0575,Tri,
D0575,Tri,
D0575,mengatakan,
D0575,pihaknya,
D0575,bakal,
D0575,memberikan,
D0575,tindakan,
D0575,tegas,
D0575,dan,
D0575,terukur,
D0575,pada,
D0575,anggota,
D0575,geng,
D0575,motor,
D0575,yang,
D0575,mengaktualisasikan,
D0575,dirinya,
D0575,serta,
D0575,ingin,
D0575,diakui,
D0575,melalui,
D0575,aksiaksi,
D0575,meresahkan,
D0575,Kepada,
D0575,kelompok,
D0575,motor,
D0575,jangan,
D0575,sampai,
D0575,anda,
D0575,membuat,
D0575,ulah,
D0575,di,
D0575,Cimahi,
D0575,dan,
D0575,KBB,
D0575,karena,
D0575,kami,
D0575,tidak,
D0575,segan,
D0575,melakukan,
D0575,upaya,
D0575,tegas,
D0575,terukur,
D0575,ditembak,
D0575,Apabila,
D0575,membuat,
D0575,resah,
D0575,maka,
D0575,kami,
D0575,terdepan,
D0575,membela,
D0575,masyarakat,
D0575,tuturnya,
D0576,Lini,
D0576,masa,
D0576,media,
D0576,sosial,
D0576,medsos,
D0576,di,
D0576,Kota,
D0576,Bandung,
D0576,kini,
D0576,sedang,
D0576,ramai,
D0576,dengan,
D0576,perbincangan,
D0576,aksi,
D0576,sekelompok,
D0576,geng,
D0576,motor,
D0576,di,
D0576,jalanan,
D0576,Dalam,
D0576,video,
D0576,yang,
D0576,menyebar,
D0576,geng,
D0576,motor,
D0576,ini,
D0576,tak,
D0576,segan,
D0576,melakukan,
D0576,tindakan,
D0576,sadis,
D0576,dengan,
D0576,membegal,
D0576,korban,
D0576,sasaran,
D0576,Alhasil,
D0576,seorang,
D0576,pemuda,
D0576,yang,
D0576,menjadi,
D0576,korban,
D0576,harus,
D0576,dirawat,
D0576,di,
D0576,rumah,
D0576,sakit,
D0576,Lantas,
D0576,bagaimana,
D0576,kronologi,
D0576,insiden,
D0576,ini,
D0576,bisa,
D0576,terjadi,
D0576,Berikut,
D0576,ini,
D0576,rangkuman,
D0576,faktafaktanya,
D0576,Kabar,
D0576,insiden,
D0576,berdarah,
D0576,itu,
D0576,viral,
D0576,di,
D0576,media,
D0576,sosial,
D0576,Sebagaimana,
D0576,dilihat,
D0576,detikJabar,
D0576,pada,
D0576,Senin,
D0576,3092024,
D0576,salah,
D0576,satu,
D0576,akun,
D0576,Instagram,
D0576,membagikan,
D0576,video,
D0576,kondisi,
D0576,korban,
D0576,tengah,
D0576,dirawat,
D0576,di,
D0576,rumah,
D0576,sakit,
D0576,SCROLL,
D0576,TO,
D0576,CONTINUE,
D0576,WITH,
D0576,CONTENT,
D0576,Korban,
D0576,mengalami,
D0576,luka,
D0576,di,
D0576,bagian,
D0576,wajah,
D0576,mata,
D0576,sebelah,
D0576,kiri,
D0576,dan,
D0576,mulut,
D0576,Luka,
D0576,yang,
D0576,dialami,
D0576,korban,
D0576,diduga,
D0576,karena,
D0576,dihantam,
D0576,menggunakan,
D0576,botol,
D0576,selain,
D0576,itu,
D0576,tubuh,
D0576,korban,
D0576,juga,
D0576,terseret,
D0576,di,
D0576,jalan,
D0576,raya,
D0576,Tak,
D0576,hanya,
D0576,dianiaya,
D0576,hingga,
D0576,babak,
D0576,belur,
D0576,korban,
D0576,juga,
D0576,dirampok,
D0576,di,
D0576,mana,
D0576,telepon,
D0576,genggam,
D0576,milik,
D0576,korban,
D0576,dibawa,
D0576,oleh,
D0576,para,
D0576,pelaku,
D0576,Beruntung,
D0576,motor,
D0576,milik,
D0576,korban,
D0576,tidak,
D0576,diambil,
D0576,oleh,
D0576,para,
D0576,pelaku,
D0576,Informasi,
D0576,dihimpun,
D0576,insiden,
D0576,tersebut,
D0576,terjadi,
D0576,di,
D0576,perempatan,
D0576,Laswi,
D0576,Kota,
D0576,Bandung,
D0576,pada,
D0576,Sabtu,
D0576,289,
D0576,dini,
D0576,hari,
D0576,Kapolretabes,
D0576,Bandung,
D0576,Kombes,
D0576,Pol,
D0576,Budi,
D0576,Sartono,
D0576,mengatakan,
D0576,kejadian,
D0576,ini,
D0576,sudah,
D0576,ditangani,
D0576,dan,
D0576,anggotanya,
D0576,masih,
D0576,melakukan,
D0576,penyelidikan,
D0576,di,
D0576,lapangan,
D0576,Budi,
D0576,menyebut,
D0576,jika,
D0576,pihaknya,
D0576,sudah,
D0576,membuat,
D0576,tim,
D0576,untuk,
D0576,melakukan,
D0576,pengungkapan,
D0576,kasus,
D0576,ini,
D0576,Tim,
D0576,gabungan,
D0576,ini,
D0576,terdiri,
D0576,dari,
D0576,Anggota,
D0576,Unit,
D0576,Reskrim,
D0576,Polsek,
D0576,Batununggal,
D0576,dan,
D0576,Sat,
D0576,Reskrim,
D0576,Polrestabes,
D0576,Bnadung,
D0576,Kita,
D0576,sudah,
D0576,bentuk,
D0576,tim,
D0576,untuk,
D0576,ungkap,
D0576,kasus,
D0576,tersebut,
D0576,ucapnya,
D0576,Saat,
D0576,ini,
D0576,polisi,
D0576,mengintensifkan,
D0576,pelaku,
D0576,pembegalan,
D0576,itu,
D0576,Tim,
D0576,sudah,
D0576,diturunkan,
D0576,ke,
D0576,lapangan,
D0576,untuk,
D0576,memburu,
D0576,pelaku,
D0576,yang,
D0576,sudah,
D0576,membuat,
D0576,korban,
D0576,dilarikan,
D0576,ke,
D0576,rumah,
D0576,sakit,
D0576,Tim,
D0576,masih,
D0576,di,
D0576,lapangan,
D0576,mencari,
D0576,info,
D0576,yang,
D0576,bisa,
D0576,ungkap,
D0576,kasus,
D0576,tersebut,
D0576,dipimpin,
D0576,Kanit,
D0576,Reskrim,
D0576,kata,
D0576,Kapolsek,
D0576,Regol,
D0576,Kompol,
D0576,Heri,
D0576,Suryadi,
D0576,dikonfirmasi,
D0576,Dari,
D0576,pemeriksaan,
D0576,terhadap,
D0576,saksi,
D0576,pada,
D0576,dini,
D0576,hari,
D0576,itu,
D0576,korban,
D0576,dan,
D0576,temannya,
D0576,baru,
D0576,pulang,
D0576,dari,
D0576,Lembang,
D0576,dengan,
D0576,kondisi,
D0576,motor,
D0576,mogok,
D0576,sehingga,
D0576,kendaraan,
D0576,korban,
D0576,didorong,
D0576,oleh,
D0576,temannya,
D0576,Sebelum,
D0576,dianiaya,
D0576,oleh,
D0576,para,
D0576,pelaku,
D0576,korban,
D0576,berpapasan,
D0576,dengan,
D0576,sekelompok,
D0576,geng,
D0576,motor,
D0576,itu,
D0576,di,
D0576,Jalan,
D0576,LRE,
D0576,Marthadinata,
D0576,dan,
D0576,mendapatkan,
D0576,umpatan,
D0576,serta,
D0576,katakata,
D0576,kasar,
D0576,Pada,
D0576,saat,
D0576,itu,
D0576,korban,
D0576,tidak,
D0576,terpancing,
D0576,dan,
D0576,melanjutkan,
D0576,perjalanannya,
D0576,ke,
D0576,arah,
D0576,Jalan,
D0576,Laswi,
D0576,Tidak,
D0576,mendapatkan,
D0576,tanggapan,
D0576,dari,
D0576,korban,
D0576,sekelompok,
D0576,geng,
D0576,motor,
D0576,itu,
D0576,berputar,
D0576,balik,
D0576,mengejar,
D0576,korban,
D0576,Korban,
D0576,juga,
D0576,ditinggalkan,
D0576,oleh,
D0576,temannya,
D0576,yang,
D0576,samasama,
D0576,ketakutan,
D0576,Korban,
D0576,terjatuh,
D0576,lalu,
D0576,dikeroyok,
D0576,HP,
D0576,korban,
D0576,dibawa,
D0576,pelaku,
D0576,sementara,
D0576,motor,
D0576,korban,
D0576,berhasil,
D0576,diamankan,
D0576,warga,
D0576,tambah,
D0576,Heri,
D0576,Dalam,
D0576,kejadian,
D0576,ini,
D0576,korban,
D0576,sempat,
D0576,dipukul,
D0576,menggunakan,
D0576,botol,
D0576,dan,
D0576,diseret,
D0576,oleh,
D0576,para,
D0576,pelaku,
D0576,di,
D0576,jalan,
D0576,raya,
D0577,Wanita,
D0577,muda,
D0577,asal,
D0577,Kabupaten,
D0577,Garut,
D0577,melakukan,
D0577,aksi,
D0577,sadis,
D0577,kala,
D0577,merampok,
D0577,Korban,
D0577,yang,
D0577,mendapatkan,
D0577,tindakan,
D0577,sadis,
D0577,itu,
D0577,bahkan,
D0577,seorang,
D0577,lansia,
D0577,alias,
D0577,neneknenek,
D0577,Entah,
D0577,apa,
D0577,yang,
D0577,ada,
D0577,dalam,
D0577,pikiran,
D0577,yang,
D0577,jelas,
D0577,wanita,
D0577,itu,
D0577,menghajar,
D0577,sang,
D0577,lansia,
D0577,tanpa,
D0577,ampun,
D0577,Setelah,
D0577,itu,
D0577,ia,
D0577,menggondol,
D0577,sejumlah,
D0577,barang,
D0577,berharga,
D0577,milik,
D0577,korban,
D0577,Korban,
D0577,diketahui,
D0577,bernama,
D0577,Etih,
D0577,70,
D0577,sedangkan,
D0577,pelaku,
D0577,berinisial,
D0577,CI,
D0577,31,
D0577,Kini,
D0577,CI,
D0577,harus,
D0577,bertanggung,
D0577,jawab,
D0577,atas,
D0577,perbuatannya,
D0577,usai,
D0577,ditangkap,
D0577,polisi,
D0577,SCROLL,
D0577,TO,
D0577,CONTINUE,
D0577,WITH,
D0577,CONTENT,
D0577,Diketahui,
D0577,perampokan,
D0577,yang,
D0577,dilakukan,
D0577,CI,
D0577,terhadap,
D0577,Etih,
D0577,terjadi,
D0577,pertengahan,
D0577,September,
D0577,2024,
D0577,di,
D0577,Kecamatan,
D0577,Cikajang,
D0577,Kabupaten,
D0577,Garut,
D0577,Saat,
D0577,itu,
D0577,Etih,
D0577,yang,
D0577,sedang,
D0577,berdagang,
D0577,di,
D0577,warungnya,
D0577,kedatangan,
D0577,CI,
D0577,Tak,
D0577,lama,
D0577,setelah,
D0577,datang,
D0577,CI,
D0577,meminta,
D0577,segelas,
D0577,kopi,
D0577,kepadanya,
D0577,Pelaku,
D0577,ini,
D0577,kemudian,
D0577,meminta,
D0577,izin,
D0577,ke,
D0577,kamar,
D0577,mandi,
D0577,kata,
D0577,Kasat,
D0577,Reskrim,
D0577,Polres,
D0577,Garut,
D0577,AKP,
D0577,Ari,
D0577,Rinaldo,
D0577,kepada,
D0577,wartawan,
D0577,Senin,
D0577,3092024,
D0577,Namun,
D0577,ternyata,
D0577,pergi,
D0577,ke,
D0577,belakang,
D0577,alias,
D0577,kamar,
D0577,mandi,
D0577,hanya,
D0577,siasat,
D0577,CI,
D0577,Pada,
D0577,momen,
D0577,yang,
D0577,bersamaan,
D0577,setelah,
D0577,ke,
D0577,kamar,
D0577,mandi,
D0577,CI,
D0577,menghampiri,
D0577,Etih,
D0577,dan,
D0577,menyiksanya,
D0577,Etih,
D0577,diempaskan,
D0577,lalu,
D0577,dipukul,
D0577,memakai,
D0577,batu,
D0577,bata,
D0577,CI,
D0577,kemudian,
D0577,merampas,
D0577,berbagai,
D0577,barang,
D0577,berharga,
D0577,yang,
D0577,ada,
D0577,di,
D0577,sana,
D0577,lalu,
D0577,berlalu,
D0577,bergegas,
D0577,meninggalkan,
D0577,Etih,
D0577,yang,
D0577,pingsan,
D0577,Setelah,
D0577,sadar,
D0577,Etih,
D0577,melaporkan,
D0577,kejadian,
D0577,itu,
D0577,ke,
D0577,polisi,
D0577,Polisi,
D0577,saat,
D0577,itu,
D0577,langsung,
D0577,mengantongi,
D0577,identitas,
D0577,terduga,
D0577,pelaku,
D0577,karena,
D0577,Etih,
D0577,sendiri,
D0577,diketahui,
D0577,mengenal,
D0577,CI,
D0577,CI,
D0577,kemudian,
D0577,berhasil,
D0577,ditangkap,
D0577,di,
D0577,kawasan,
D0577,perbatasan,
D0577,GarutTasikmalaya,
D0577,pada,
D0577,Minggu,
D0577,2992024,
D0577,oleh,
D0577,personel,
D0577,Sat,
D0577,Reskrim,
D0577,Polres,
D0577,Garut,
D0577,Dalam,
D0577,kejadian,
D0577,ini,
D0577,korban,
D0577,diketahui,
D0577,merugi,
D0577,hingga,
D0577,belasan,
D0577,juta,
D0577,rupiah,
D0577,usai,
D0577,barang,
D0577,berharganya,
D0577,digondol,
D0577,pelaku,
D0577,Salah,
D0577,satu,
D0577,barang,
D0577,yang,
D0577,dirampas,
D0577,pelaku,
D0577,dari,
D0577,tangan,
D0577,Etih,
D0577,adalah,
D0577,perhiasan,
D0577,emas,
D0577,Emas,
D0577,itu,
D0577,kemudian,
D0577,dijual,
D0577,dan,
D0577,uangnya,
D0577,digunakan,
D0577,untuk,
D0577,keperluan,
D0577,seharihari,
D0577,dan,
D0577,bekal,
D0577,melarikan,
D0577,diri,
D0577,pungkas,
D0577,Ari,
D0577,Tersangka,
D0577,kini,
D0577,ditahan,
D0577,di,
D0577,Mapolres,
D0577,Garut,
D0577,Untuk,
D0577,mempertanggungjawabkan,
D0577,perbuatannya,
D0577,CI,
D0577,dijerat,
D0577,Pasal,
D0577,365,
D0577,KUHP,
D0577,dengan,
D0577,ancaman,
D0577,hukuman,
D0577,penjara,
D0577,lima,
D0577,tahun,
D0578,Geng,
D0578,motor,
D0578,di,
D0578,Kota,
D0578,Sukabumi,
D0578,kembali,
D0578,berulah,
D0578,Entah,
D0578,apa,
D0578,alasannya,
D0578,sekelompok,
D0578,geng,
D0578,motor,
D0578,ini,
D0578,menganiaya,
D0578,hingga,
D0578,menusuk,
D0578,pengendara,
D0578,motor,
D0578,Kini,
D0578,empat,
D0578,anggota,
D0578,geng,
D0578,motor,
D0578,yang,
D0578,melakukan,
D0578,penusukan,
D0578,telah,
D0578,ditangkap,
D0578,polisi,
D0578,Penusukan,
D0578,itu,
D0578,terjadi,
D0578,pada,
D0578,Minggu,
D0578,2992024,
D0578,dini,
D0578,hari,
D0578,sekitar,
D0578,pukul,
D0578,0100,
D0578,WIB,
D0578,di,
D0578,Jalan,
D0578,R,
D0578,Syamsudin,
D0578,Kecamatan,
D0578,Cikole,
D0578,Kota,
D0578,Sukabumi,
D0578,yang,
D0578,diawali,
D0578,berkumpulnya,
D0578,kelompok,
D0578,geng,
D0578,motor,
D0578,Mild,
D0578,berjumlah,
D0578,kurang,
D0578,lebih,
D0578,24,
D0578,orang,
D0578,Tibatiba,
D0578,melintas,
D0578,pengendara,
D0578,lain,
D0578,dengan,
D0578,sepeda,
D0578,motor,
D0578,jenis,
D0578,KLX,
D0578,sembari,
D0578,menggeber,
D0578,knalpotnya,
D0578,Geng,
D0578,motor,
D0578,Mild,
D0578,ini,
D0578,kemudian,
D0578,mengejar,
D0578,pengendara,
D0578,tersebut,
D0578,namun,
D0578,kehilangan,
D0578,jejak,
D0578,di,
D0578,sebuah,
D0578,persimpangan,
D0578,jalan,
D0578,SCROLL,
D0578,TO,
D0578,CONTINUE,
D0578,WITH,
D0578,CONTENT,
D0578,Tidak,
D0578,lama,
D0578,kemudian,
D0578,gerombolan,
D0578,geng,
D0578,motor,
D0578,ini,
D0578,berpapasan,
D0578,dengan,
D0578,pengendara,
D0578,lainnya,
D0578,dan,
D0578,hampir,
D0578,bertabrakan,
D0578,Geng,
D0578,motor,
D0578,ini,
D0578,kemudian,
D0578,terlibat,
D0578,cekcok,
D0578,dengan,
D0578,pengendara,
D0578,itu,
D0578,Pada,
D0578,saat,
D0578,di,
D0578,jalan,
D0578,berpapasan,
D0578,dan,
D0578,hampir,
D0578,bertabrakan,
D0578,dengan,
D0578,sepeda,
D0578,motor,
D0578,yang,
D0578,dipakai,
D0578,korban,
D0578,lalu,
D0578,pelaku,
D0578,dan,
D0578,korban,
D0578,turun,
D0578,dari,
D0578,sepeda,
D0578,motor,
D0578,terjadilah,
D0578,cekcok,
D0578,antara,
D0578,korban,
D0578,dan,
D0578,pelaku,
D0578,kata,
D0578,Kapolres,
D0578,Sukabumi,
D0578,Kota,
D0578,AKBP,
D0578,Rita,
D0578,Suwadi,
D0578,kepada,
D0578,awak,
D0578,media,
D0578,Senin,
D0578,3092024,
D0578,Kedua,
D0578,pihak,
D0578,itu,
D0578,kemudian,
D0578,terlibat,
D0578,perkelahian,
D0578,hingga,
D0578,seorang,
D0578,pelaku,
D0578,yakni,
D0578,MGK,
D0578,alias,
D0578,G,
D0578,Gibran,
D0578,mengeluarkan,
D0578,senjata,
D0578,tajam,
D0578,dan,
D0578,mengayunkan,
D0578,senjatanya,
D0578,itu,
D0578,dengan,
D0578,membabi,
D0578,buta,
D0578,Akibatnya,
D0578,3,
D0578,orang,
D0578,mengalami,
D0578,luka,
D0578,yakni,
D0578,dua,
D0578,pengendara,
D0578,MRFI,
D0578,19,
D0578,I,
D0578,24,
D0578,dan,
D0578,RY,
D0578,yang,
D0578,merupakan,
D0578,rekan,
D0578,pelaku,
D0578,Pelaku,
D0578,MGK,
D0578,alias,
D0578,G,
D0578,Gibran,
D0578,mengeluarkan,
D0578,sajam,
D0578,jenis,
D0578,pisau,
D0578,lalu,
D0578,mengayunkan,
D0578,sajam,
D0578,tersebut,
D0578,secara,
D0578,membabi,
D0578,buta,
D0578,sehingga,
D0578,melukai,
D0578,para,
D0578,korban,
D0578,dan,
D0578,teman,
D0578,pelaku,
D0578,jelasnya,
D0578,Selain,
D0578,MGK,
D0578,polisi,
D0578,juga,
D0578,meringkus,
D0578,tiga,
D0578,anggota,
D0578,Mild,
D0578,lainnya,
D0578,yakni,
D0578,DFA,
D0578,alias,
D0578,B,
D0578,19,
D0578,AA,
D0578,alias,
D0578,A,
D0578,19,
D0578,dan,
D0578,RDR,
D0578,18,
D0578,Adapun,
D0578,tiga,
D0578,dari,
D0578,empat,
D0578,pelaku,
D0578,masih,
D0578,berstatus,
D0578,sebagai,
D0578,mahasiswa,
D0578,Polisi,
D0578,memastikan,
D0578,mereka,
D0578,anggota,
D0578,geng,
D0578,motor,
D0578,Mild,
D0578,Jadi,
D0578,itu,
D0578,diduga,
D0578,pelaku,
D0578,merupakan,
D0578,kelompok,
D0578,motor,
D0578,seperti,
D0578,halnya,
D0578,King,
D0578,Tiger,
D0578,ada,
D0578,komunitasnya,
D0578,itu,
D0578,nama,
D0578,geng,
D0578,motornya,
D0578,Mild,
D0578,Mild,
D0578,itu,
D0578,satu,
D0578,kelompok,
D0578,motor,
D0578,yang,
D0578,bervariasi,
D0578,baik,
D0578,motor,
D0578,matik,
D0578,atau,
D0578,apapun,
D0578,di,
D0578,situ,
D0578,kata,
D0578,Kasat,
D0578,Reskrim,
D0578,Polres,
D0578,Sukabumi,
D0578,Kota,
D0578,AKP,
D0578,Bagus,
D0578,Panuntun,
D0578,Akibat,
D0578,perbuatannya,
D0578,para,
D0578,pelaku,
D0578,dijerat,
D0578,pasal,
D0578,berlapis,
D0578,yaitu,
D0578,pasal,
D0578,2,
D0578,ayat,
D0578,1,
D0578,UU,
D0578,Darurat,
D0578,no,
D0578,12,
D0578,tahun,
D0578,1951,
D0578,dengan,
D0578,ancaman,
D0578,maksimal,
D0578,10,
D0578,tahun,
D0578,penjara,
D0578,dan,
D0578,pasal,
D0578,170,
D0578,ayat,
D0578,2,
D0578,ke2,
D0578,KUHP,
D0578,tentang,
D0578,pengeroyokan,
D0578,mengakibatkan,
D0578,luka,
D0578,berat,
D0578,pidana,
D0578,penjara,
D0578,paling,
D0578,lama,
D0578,9,
D0578,tahun,
D0578,dan,
D0578,pasal,
D0578,351,
D0578,ayat,
D0578,2,
D0578,KUHP,
D0578,tentang,
D0578,penganiayaan,
D0578,pidana,
D0578,penjara,
D0578,paling,
D0578,lama,
D0578,5,
D0578,tahun,
D0579,Kota,
D0579,Bandung,
D0579,masih,
D0579,jadi,
D0579,memiliki,
D0579,tempat,
D0579,bagi,
D0579,gerombolan,
D0579,bermotor,
D0579,Hal,
D0579,itu,
D0579,terbukti,
D0579,dari,
D0579,kasus,
D0579,yang,
D0579,tengah,
D0579,viral,
D0579,di,
D0579,media,
D0579,sosial,
D0579,belakangan,
D0579,ini,
D0579,Seorang,
D0579,pemuda,
D0579,jadi,
D0579,korban,
D0579,begal,
D0579,oleh,
D0579,gerombolan,
D0579,bermotor,
D0579,Sang,
D0579,korban,
D0579,bahkan,
D0579,terluka,
D0579,hingga,
D0579,mesti,
D0579,mendapatkan,
D0579,perawatan,
D0579,di,
D0579,rumah,
D0579,sakit,
D0579,Sebagaimana,
D0579,dilihat,
D0579,detikJabar,
D0579,pada,
D0579,Senin,
D0579,3092024,
D0579,salah,
D0579,satu,
D0579,akun,
D0579,Instagram,
D0579,membagikan,
D0579,video,
D0579,kondisi,
D0579,korban,
D0579,tengah,
D0579,dirawat,
D0579,di,
D0579,rumah,
D0579,sakit,
D0579,SCROLL,
D0579,TO,
D0579,CONTINUE,
D0579,WITH,
D0579,CONTENT,
D0579,Korban,
D0579,mengalami,
D0579,luka,
D0579,pada,
D0579,bagian,
D0579,wajah,
D0579,mata,
D0579,sebelah,
D0579,kiri,
D0579,dan,
D0579,mulut,
D0579,Luka,
D0579,yang,
D0579,dialami,
D0579,korban,
D0579,diduga,
D0579,karena,
D0579,dihantam,
D0579,menggunakan,
D0579,botol,
D0579,Selain,
D0579,itu,
D0579,tubuh,
D0579,korban,
D0579,juga,
D0579,terseret,
D0579,di,
D0579,jalan,
D0579,raya,
D0579,Tak,
D0579,hanya,
D0579,dianiaya,
D0579,hingga,
D0579,babak,
D0579,belur,
D0579,korban,
D0579,dirampok,
D0579,Telepon,
D0579,genggam,
D0579,milik,
D0579,korban,
D0579,dibawa,
D0579,para,
D0579,pelaku,
D0579,Namun,
D0579,motor,
D0579,milik,
D0579,korban,
D0579,tidak,
D0579,diambil,
D0579,para,
D0579,pelaku,
D0579,Informasi,
D0579,dihimpun,
D0579,insiden,
D0579,tersebut,
D0579,terjadi,
D0579,di,
D0579,perempatan,
D0579,Laswi,
D0579,Kota,
D0579,Bandung,
D0579,pada,
D0579,Sabtu,
D0579,289,
D0579,dini,
D0579,hari,
D0579,Kapolretabes,
D0579,Bandung,
D0579,Kombes,
D0579,Pol,
D0579,Budi,
D0579,Sartono,
D0579,mengatakan,
D0579,kejadian,
D0579,ini,
D0579,sudah,
D0579,ditangani,
D0579,dan,
D0579,anggotanya,
D0579,masih,
D0579,melakukan,
D0579,penyelidikan,
D0579,di,
D0579,lapangan,
D0579,Kapolsek,
D0579,sudah,
D0579,menjenguk,
D0579,korban,
D0579,untuk,
D0579,mengetahui,
D0579,kodisinya,
D0579,kata,
D0579,Budi,
D0579,kepada,
D0579,wartawan,
D0579,Budi,
D0579,menyebut,
D0579,jika,
D0579,pihaknya,
D0579,sudah,
D0579,membuat,
D0579,tim,
D0579,untuk,
D0579,melakukan,
D0579,pengungkapan,
D0579,kasus,
D0579,ini,
D0579,Tim,
D0579,gabungan,
D0579,ini,
D0579,terdiri,
D0579,dari,
D0579,Anggota,
D0579,Unit,
D0579,Reskrim,
D0579,Polsek,
D0579,Batununggal,
D0579,dan,
D0579,Satreskrim,
D0579,Polrestabes,
D0579,Bnadung,
D0579,Kita,
D0579,sudah,
D0579,bentuk,
D0579,tim,
D0579,untuk,
D0579,ungkap,
D0579,kasus,
D0579,tersebut,
D0579,jelasnya,
D0579,Kejadian,
D0579,sebelum,
D0579,dianiaya,
D0579,Simak,
D0579,di,
D0579,halaman,
D0579,selanjutnya,
D0579,Sementara,
D0579,dari,
D0579,pemeriksaan,
D0579,terhadap,
D0579,saksi,
D0579,pada,
D0579,dini,
D0579,hari,
D0579,itu,
D0579,korban,
D0579,dan,
D0579,temannya,
D0579,baru,
D0579,pulang,
D0579,dari,
D0579,Lembang,
D0579,dengan,
D0579,kondisi,
D0579,motor,
D0579,mogok,
D0579,dan,
D0579,distut,
D0579,didorong,
D0579,menggunakan,
D0579,kaki,
D0579,oleh,
D0579,temannya,
D0579,Sebelum,
D0579,dianiaya,
D0579,oleh,
D0579,para,
D0579,pelaku,
D0579,korban,
D0579,berpapasan,
D0579,dengan,
D0579,sekelompok,
D0579,geng,
D0579,motor,
D0579,itu,
D0579,di,
D0579,Jalan,
D0579,LRE,
D0579,Marthadinata,
D0579,Riau,
D0579,dan,
D0579,mendapatkan,
D0579,umpatan,
D0579,serta,
D0579,katakata,
D0579,kasar,
D0579,Pada,
D0579,saat,
D0579,itu,
D0579,korban,
D0579,tidak,
D0579,terpancing,
D0579,dan,
D0579,melanjutkan,
D0579,perjalananya,
D0579,ke,
D0579,arah,
D0579,Jalan,
D0579,Laswi,
D0579,Tidak,
D0579,mendapatkan,
D0579,tanggapan,
D0579,dari,
D0579,korban,
D0579,sekelompok,
D0579,geng,
D0579,motor,
D0579,itu,
D0579,berputar,
D0579,balik,
D0579,mengejar,
D0579,korban,
D0579,Korban,
D0579,juga,
D0579,ditinggalkan,
D0579,oleh,
D0579,temannya,
D0579,karena,
D0579,temannya,
D0579,samasama,
D0579,ketakutan,
D0579,Akan,
D0579,tetapi,
D0579,korban,
D0579,tidak,
D0579,bisa,
D0579,kabur,
D0579,karena,
D0579,motornya,
D0579,mogok,
D0579,Korban,
D0579,terjatuh,
D0579,lalu,
D0579,dikeroyok,
D0579,HP,
D0579,korban,
D0579,dibawa,
D0579,pelaku,
D0579,sementara,
D0579,motor,
D0579,korban,
D0579,berhasil,
D0579,diamankan,
D0579,warga,
D0579,kata,
D0579,Heri,
D0579,saat,
D0579,dikonfirmasi,
D0579,detikJabar,
D0579,Senin,
D0579,3092024,
D0580,Polisi,
D0580,menangkap,
D0580,CI,
D0580,31,
D0580,seorang,
D0580,wanita,
D0580,muda,
D0580,asal,
D0580,Garut,
D0580,Dia,
D0580,ditangkap,
D0580,setelah,
D0580,menghajar,
D0580,neneknenek,
D0580,dan,
D0580,merampoknya,
D0580,Aksi,
D0580,perampokan,
D0580,yang,
D0580,dilakukan,
D0580,CI,
D0580,terhadap,
D0580,seorang,
D0580,nenek,
D0580,bernama,
D0580,Etih,
D0580,70,
D0580,terjadi,
D0580,pertengahan,
D0580,bulan,
D0580,September,
D0580,2024,
D0580,lalu,
D0580,di,
D0580,Kecamatan,
D0580,Cikajang,
D0580,Garut,
D0580,Saat,
D0580,itu,
D0580,Etih,
D0580,yang,
D0580,sedang,
D0580,berdagang,
D0580,di,
D0580,warungnya,
D0580,kedatangan,
D0580,CI,
D0580,Tak,
D0580,lama,
D0580,setelah,
D0580,datang,
D0580,CI,
D0580,meminta,
D0580,segelas,
D0580,kopi,
D0580,kepadanya,
D0580,SCROLL,
D0580,TO,
D0580,CONTINUE,
D0580,WITH,
D0580,CONTENT,
D0580,Pelaku,
D0580,ini,
D0580,kemudian,
D0580,meminta,
D0580,izin,
D0580,ke,
D0580,kamar,
D0580,mandi,
D0580,kata,
D0580,Kasat,
D0580,Reskrim,
D0580,Polres,
D0580,Garut,
D0580,AKP,
D0580,Ari,
D0580,Rinaldo,
D0580,kepada,
D0580,wartawan,
D0580,Senin,
D0580,3092024,
D0580,sore,
D0580,Namun,
D0580,ternyata,
D0580,pergi,
D0580,ke,
D0580,belakang,
D0580,hanya,
D0580,siasat,
D0580,CI,
D0580,saja,
D0580,Di,
D0580,momen,
D0580,yang,
D0580,bersamaan,
D0580,setelah,
D0580,ke,
D0580,kamar,
D0580,mandi,
D0580,CI,
D0580,menghampiri,
D0580,Etih,
D0580,dan,
D0580,menyiksanya,
D0580,Etih,
D0580,dihempaskan,
D0580,kemudian,
D0580,dipukul,
D0580,menggunakan,
D0580,batubata,
D0580,CI,
D0580,kemudian,
D0580,merampas,
D0580,berbagai,
D0580,barang,
D0580,berharga,
D0580,yang,
D0580,ada,
D0580,di,
D0580,sana,
D0580,kemudian,
D0580,berlalu,
D0580,bergegas,
D0580,meninggalkan,
D0580,Etih,
D0580,yang,
D0580,pingsan,
D0580,Setelah,
D0580,sadar,
D0580,Etih,
D0580,kemudian,
D0580,melaporkan,
D0580,kejadian,
D0580,itu,
D0580,ke,
D0580,polisi,
D0580,Polisi,
D0580,saat,
D0580,itu,
D0580,langsung,
D0580,mengantongi,
D0580,identitas,
D0580,terduga,
D0580,pelaku,
D0580,karena,
D0580,Etih,
D0580,sendiri,
D0580,diketahui,
D0580,mengenal,
D0580,CI,
D0580,CI,
D0580,kemudian,
D0580,berhasil,
D0580,diamankan,
D0580,di,
D0580,kawasan,
D0580,perbatasan,
D0580,GarutTasikmalaya,
D0580,pada,
D0580,Minggu,
D0580,2992024,
D0580,kemarin,
D0580,oleh,
D0580,personel,
D0580,Sat,
D0580,Reskrim,
D0580,Polres,
D0580,Garut,
D0580,Dalam,
D0580,kejadian,
D0580,ini,
D0580,korban,
D0580,diketahui,
D0580,merugi,
D0580,hingga,
D0580,belasan,
D0580,juta,
D0580,rupiah,
D0580,karena,
D0580,barang,
D0580,berharganya,
D0580,digondol,
D0580,pelaku,
D0580,Salah,
D0580,satu,
D0580,barang,
D0580,yang,
D0580,dirampas,
D0580,pelaku,
D0580,dari,
D0580,tangan,
D0580,Etih,
D0580,adalah,
D0580,perhiasan,
D0580,emas,
D0580,Emas,
D0580,itu,
D0580,kemudian,
D0580,dijual,
D0580,dan,
D0580,uangnya,
D0580,digunakan,
D0580,untuk,
D0580,keperluan,
D0580,seharihari,
D0580,dan,
D0580,bekal,
D0580,melarikan,
D0580,diri,
D0580,pungkas,
D0580,Ari,
D0580,Tersangka,
D0580,kini,
D0580,ditahan,
D0580,di,
D0580,Mapolres,
D0580,Garut,
D0580,Untuk,
D0580,mempertanggungjawabkan,
D0580,perbuatannya,
D0580,CI,
D0580,dijerat,
D0580,Pasal,
D0580,365,
D0580,KUHP,
D0580,dengan,
D0580,ancaman,
D0580,hukuman,
D0580,penjara,
D0580,lima,
D0580,tahun,
D0581,Pemuda,
D0581,di,
D0581,Kota,
D0581,Bandung,
D0581,diduga,
D0581,menjadi,
D0581,korban,
D0581,begal,
D0581,sekelompok,
D0581,geng,
D0581,motor,
D0581,Akibat,
D0581,tindakan,
D0581,sadis,
D0581,itu,
D0581,korban,
D0581,harus,
D0581,dirawat,
D0581,di,
D0581,rumah,
D0581,sakit,
D0581,Kabar,
D0581,insiden,
D0581,berdarah,
D0581,itu,
D0581,viral,
D0581,di,
D0581,media,
D0581,sosial,
D0581,Sebagaimana,
D0581,dilihat,
D0581,detikJabar,
D0581,pada,
D0581,Senin,
D0581,3092024,
D0581,salah,
D0581,satu,
D0581,akun,
D0581,Instagram,
D0581,membagikan,
D0581,video,
D0581,kondisi,
D0581,korban,
D0581,tengah,
D0581,dirawat,
D0581,di,
D0581,rumah,
D0581,sakit,
D0581,Korban,
D0581,mengalami,
D0581,luka,
D0581,dibagian,
D0581,wajah,
D0581,mata,
D0581,sebelah,
D0581,kiri,
D0581,dan,
D0581,mulut,
D0581,Luka,
D0581,yang,
D0581,dialami,
D0581,korban,
D0581,diduga,
D0581,karena,
D0581,dihantam,
D0581,menggunakan,
D0581,botol,
D0581,selain,
D0581,itu,
D0581,tubuh,
D0581,korban,
D0581,juga,
D0581,terseret,
D0581,di,
D0581,jalan,
D0581,raya,
D0581,SCROLL,
D0581,TO,
D0581,CONTINUE,
D0581,WITH,
D0581,CONTENT,
D0581,Tak,
D0581,hanya,
D0581,dianiaya,
D0581,hingga,
D0581,babak,
D0581,belur,
D0581,korban,
D0581,juga,
D0581,dirampok,
D0581,di,
D0581,mana,
D0581,telepon,
D0581,genggam,
D0581,milik,
D0581,korban,
D0581,dibawa,
D0581,oleh,
D0581,para,
D0581,pelaku,
D0581,Beruntung,
D0581,motor,
D0581,milik,
D0581,korban,
D0581,tidak,
D0581,diambil,
D0581,oleh,
D0581,para,
D0581,pelaku,
D0581,Informasi,
D0581,dihimpun,
D0581,insiden,
D0581,tersebut,
D0581,terjadi,
D0581,di,
D0581,perempatan,
D0581,Laswi,
D0581,Kota,
D0581,Bandung,
D0581,pada,
D0581,Sabtu,
D0581,289,
D0581,dini,
D0581,hari,
D0581,Kapolretabes,
D0581,Bandung,
D0581,Kombes,
D0581,Pol,
D0581,Budi,
D0581,Sartono,
D0581,mengatakan,
D0581,kejadian,
D0581,ini,
D0581,sudah,
D0581,ditangani,
D0581,dan,
D0581,anggotanya,
D0581,masih,
D0581,melakukan,
D0581,penyelidikan,
D0581,di,
D0581,lapangan,
D0581,Kapolsek,
D0581,sudah,
D0581,menjenguk,
D0581,korban,
D0581,untuk,
D0581,mengetahui,
D0581,kodisinya,
D0581,kata,
D0581,Budi,
D0581,kepada,
D0581,wartawan,
D0581,Budi,
D0581,menyebut,
D0581,jika,
D0581,pihaknya,
D0581,sudah,
D0581,membuat,
D0581,tim,
D0581,untuk,
D0581,melakukan,
D0581,pengungkapan,
D0581,kasus,
D0581,ini,
D0581,Tim,
D0581,gabungan,
D0581,ini,
D0581,terdiri,
D0581,dari,
D0581,Anggota,
D0581,Unit,
D0581,Reskrim,
D0581,Polsek,
D0581,Batununggal,
D0581,dan,
D0581,Satreskrim,
D0581,Polrestabes,
D0581,Bnadung,
D0581,Kita,
D0581,sudah,
D0581,bentuk,
D0581,tim,
D0581,untuk,
D0581,ungkap,
D0581,kasus,
D0581,tersebut,
D0581,pungkasnya,
D0582,Polisi,
D0582,menangkap,
D0582,caleg,
D0582,gagal,
D0582,di,
D0582,Rokan,
D0582,Hilir,
D0582,Riau,
D0582,Kartono,
D0582,yang,
D0582,membawa,
D0582,45,
D0582,Kg,
D0582,sabu,
D0582,dan,
D0582,30,
D0582,ribu,
D0582,pil,
D0582,ekstasi,
D0582,Setelah,
D0582,digeledah,
D0582,baru,
D0582,terungkap,
D0582,barang,
D0582,bukti,
D0582,itu,
D0582,sempat,
D0582,dipasang,
D0582,GPS,
D0582,Ada,
D0582,GPS,
D0582,kita,
D0582,amankan,
D0582,dari,
D0582,rumah,
D0582,KR,
D0582,GPS,
D0582,ini,
D0582,rencana,
D0582,dimasukkan,
D0582,ke,
D0582,dalam,
D0582,karung,
D0582,berisi,
D0582,paket,
D0582,narkoba,
D0582,ujar,
D0582,Direktur,
D0582,Narkoba,
D0582,Polda,
D0582,Riau,
D0582,Kombes,
D0582,Manang,
D0582,Soebeti,
D0582,Senin,
D0582,3092024,
D0582,SCROLL,
D0582,TO,
D0582,CONTINUE,
D0582,WITH,
D0582,CONTENT,
D0582,Manang,
D0582,mengungkap,
D0582,GPS,
D0582,ditemukan,
D0582,usai,
D0582,digeledah,
D0582,oleh,
D0582,tim,
D0582,Subdit,
D0582,I,
D0582,Narkoba,
D0582,yang,
D0582,dipimpin,
D0582,Kasubdit,
D0582,AKBP,
D0582,Boby,
D0582,Sebayang,
D0582,GPS,
D0582,digunakan,
D0582,bandar,
D0582,untuk,
D0582,memantau,
D0582,pergerakan,
D0582,barang,
D0582,haram,
D0582,tersebut,
D0582,selama,
D0582,proses,
D0582,pengiriman,
D0582,GPS,
D0582,ini,
D0582,disisipkan,
D0582,untuk,
D0582,memantau,
D0582,barang,
D0582,yang,
D0582,dikirim,
D0582,Tetapi,
D0582,ini,
D0582,terungkap,
D0582,bukan,
D0582,dari,
D0582,GPS,
D0582,itu,
D0582,GPS,
D0582,kita,
D0582,temukan,
D0582,setelah,
D0582,barang,
D0582,diamankan,
D0582,anggota,
D0582,dalam,
D0582,penggeledahan,
D0582,kata,
D0582,Manang,
D0582,Sementara,
D0582,Kasubdit,
D0582,AKBP,
D0582,Boby,
D0582,Sebayang,
D0582,mengatakan,
D0582,GPS,
D0582,ditemukan,
D0582,di,
D0582,rumah,
D0582,saat,
D0582,penggeledahan,
D0582,GPS,
D0582,gagal,
D0582,dimasukkan,
D0582,ke,
D0582,dalam,
D0582,paket,
D0582,karena,
D0582,keburu,
D0582,kepergok,
D0582,polisi,
D0582,GPS,
D0582,ditemukan,
D0582,saat,
D0582,penggeledahan,
D0582,jadi,
D0582,GPS,
D0582,itu,
D0582,diarahkan,
D0582,oleh,
D0582,bos,
D0582,KR,
D0582,Lalu,
D0582,apa,
D0582,gunanya,
D0582,Supaya,
D0582,bos,
D0582,dia,
D0582,tahu,
D0582,barang,
D0582,ini,
D0582,sampai,
D0582,di,
D0582,mana,
D0582,dan,
D0582,sesuai,
D0582,target,
D0582,katanya,
D0582,Dalam,
D0582,perjalanan,
D0582,pengiriman,
D0582,GPS,
D0582,batal,
D0582,disisipkan,
D0582,dalam,
D0582,paket,
D0582,GPS,
D0582,ditinggal,
D0582,di,
D0582,rumah,
D0582,Kartono,
D0582,di,
D0582,Rokan,
D0582,Hilir,
D0582,karena,
D0582,dia,
D0582,kabur,
D0582,menyelamatkan,
D0582,diri,
D0582,Saat,
D0582,kita,
D0582,amankan,
D0582,GPS,
D0582,ditinggal,
D0582,di,
D0582,rumah,
D0582,KR,
D0582,Intinya,
D0582,agar,
D0582,barang,
D0582,ini,
D0582,tidak,
D0582,dibawa,
D0582,lari,
D0582,sama,
D0582,KR,
D0582,diarahkan,
D0582,bos,
D0582,yang,
D0582,di,
D0582,Malaysia,
D0582,untuk,
D0582,pasang,
D0582,GPS,
D0582,kata,
D0582,Boby,
D0582,Sebelumnya,
D0582,Kartono,
D0582,ditangkap,
D0582,saat,
D0582,akan,
D0582,menjemput,
D0582,paket,
D0582,sabu,
D0582,dan,
D0582,pil,
D0582,ekstasi,
D0582,Namun,
D0582,sebelum,
D0582,barang,
D0582,haram,
D0582,diangkut,
D0582,ke,
D0582,mobil,
D0582,sudah,
D0582,kepergok,
D0582,Bhabinkamtibmas,
D0582,setempat,
D0582,Saat,
D0582,kepergok,
D0582,Kartono,
D0582,mengaku,
D0582,berhenti,
D0582,di,
D0582,pinggir,
D0582,jalan,
D0582,karena,
D0582,melihat,
D0582,ada,
D0582,buaya,
D0582,besar,
D0582,Dua,
D0582,Bhabinkamtibmas,
D0582,yang,
D0582,curiga,
D0582,memeriksa,
D0582,sekitar,
D0582,lokasi,
D0582,dan,
D0582,menemukan,
D0582,karung,
D0582,berisi,
D0582,sabu,
D0582,dan,
D0582,ekstasi,
D0582,Dalam,
D0582,karung,
D0582,ada,
D0582,4,
D0582,kardus,
D0582,berisi,
D0582,45,
D0582,Kg,
D0582,sabu,
D0582,dan,
D0582,6,
D0582,paket,
D0582,pil,
D0582,ekstasi,
D0582,dengan,
D0582,total,
D0582,30,
D0582,ribu,
D0582,butir,
D0582,ekstasi,
D0582,Dalam,
D0582,satu,
D0582,paket,
D0582,ekstasi,
D0582,berisi,
D0582,5000,
D0582,butir,
D0582,pil,
D0582,esktasi,
D0582,Kartono,
D0582,mengaku,
D0582,jika,
D0582,ia,
D0582,mendapat,
D0582,upah,
D0582,Rp,
D0582,50,
D0582,juta,
D0582,untuk,
D0582,satu,
D0582,kardus,
D0582,Total,
D0582,ada,
D0582,4,
D0582,kardus,
D0582,bersisi,
D0582,narkoba,
D0582,yang,
D0582,akan,
D0582,diambil,
D0582,Kartono,
D0582,Saya,
D0582,baru,
D0582,bisnis,
D0582,narkoba,
D0582,nyari,
D0582,sendiri,
D0582,karena,
D0582,butuh,
D0582,uang,
D0582,Banyak,
D0582,utang,
D0582,tegas,
D0582,Kartono,
D0582,Pada,
D0582,pemilihan,
D0582,legislatif,
D0582,Kartono,
D0582,tercatat,
D0582,hanya,
D0582,mendapat,
D0582,sekitar,
D0582,2000,
D0582,suara,
D0582,Jumlah,
D0582,itu,
D0582,tak,
D0582,mengantarnya,
D0582,duduk,
D0582,sebagai,
D0582,anggota,
D0582,DPRD,
D0582,dan,
D0582,beralih,
D0582,profesi,
D0582,bisnis,
D0582,narkoba,
D0583,Ayah,
D0583,dan,
D0583,anak,
D0583,pemilik,
D0583,pondok,
D0583,pesantren,
D0583,di,
D0583,Karangbahagia,
D0583,Kabupaten,
D0583,Bekasi,
D0583,berinisial,
D0583,H,
D0583,alias,
D0583,Aki,
D0583,udin,
D0583,dan,
D0583,MHS,
D0583,ditangkap,
D0583,karena,
D0583,diduga,
D0583,melakukan,
D0583,pencabulan,
D0583,terhadap,
D0583,santriwati,
D0583,Begini,
D0583,kronologi,
D0583,kejadian,
D0583,tersebut,
D0583,Dilansir,
D0583,detikNews,
D0583,H,
D0583,dan,
D0583,MHS,
D0583,mencabuli,
D0583,santriwati,
D0583,yang,
D0583,belajar,
D0583,di,
D0583,pesantren,
D0583,yang,
D0583,mereka,
D0583,kelola,
D0583,tersebut,
D0583,pada,
D0583,Februari,
D0583,Maret,
D0583,dan,
D0583,Agustus,
D0583,2020,
D0583,Ketiganya,
D0583,masih,
D0583,di,
D0583,bawah,
D0583,umur,
D0583,Berawal,
D0583,pada,
D0583,saat,
D0583,para,
D0583,korban,
D0583,mengaji,
D0583,di,
D0583,yayasan,
D0583,pondok,
D0583,pesantren,
D0583,yang,
D0583,diketuai,
D0583,oleh,
D0583,pelakuterlapor,
D0583,lalu,
D0583,para,
D0583,korban,
D0583,diwajibkan,
D0583,untuk,
D0583,menginap,
D0583,di,
D0583,yayasan,
D0583,tersebut,
D0583,kata,
D0583,Kapolres,
D0583,Metro,
D0583,Bekasi,
D0583,Kombes,
D0583,Twedy,
D0583,Aditya,
D0583,Sabtu,
D0583,2892024,
D0583,SCROLL,
D0583,TO,
D0583,CONTINUE,
D0583,WITH,
D0583,CONTENT,
D0583,Saat,
D0583,malam,
D0583,harinya,
D0583,ketika,
D0583,korban,
D0583,tengah,
D0583,tertidur,
D0583,kedua,
D0583,pelaku,
D0583,melancarkan,
D0583,aksinya,
D0583,Twedu,
D0583,mengatakan,
D0583,kedua,
D0583,pelaku,
D0583,datang,
D0583,ke,
D0583,kamar,
D0583,korban,
D0583,dan,
D0583,melakukan,
D0583,pencabulan,
D0583,terhadap,
D0583,para,
D0583,santriwati,
D0583,tersebut,
D0583,Kemudian,
D0583,para,
D0583,pelaku,
D0583,juga,
D0583,mengancam,
D0583,para,
D0583,korban,
D0583,agar,
D0583,tidak,
D0583,menceritakan,
D0583,hal,
D0583,tersebut,
D0583,kepada,
D0583,orang,
D0583,tuanya,
D0583,ucapnya,
D0583,Korban,
D0583,dan,
D0583,orangtua,
D0583,korban,
D0583,yang,
D0583,tak,
D0583,terima,
D0583,atas,
D0583,kejadian,
D0583,itu,
D0583,pun,
D0583,akhirnya,
D0583,melapor,
D0583,ke,
D0583,Polres,
D0583,Metro,
D0583,Bekas,
D0583,Polisi,
D0583,pun,
D0583,akhirnya,
D0583,menangkap,
D0583,H,
D0583,dan,
D0583,MHSp,
D0583,H,
D0583,dan,
D0583,MHS,
D0583,Setelah,
D0583,dilakukan,
D0583,penerimaan,
D0583,laporan,
D0583,dilanjutkan,
D0583,dilakukan,
D0583,visum,
D0583,et,
D0583,repertum,
D0583,di,
D0583,RSUD,
D0583,Bekasi,
D0583,terhadap,
D0583,korban,
D0583,Setelah,
D0583,dilakukan,
D0583,penyelidikan,
D0583,dan,
D0583,penyidikan,
D0583,pihak,
D0583,kepolisian,
D0583,dan,
D0583,dibantu,
D0583,tokoh,
D0583,setempat,
D0583,melakukan,
D0583,penangkapan,
D0583,kepada,
D0583,kedua,
D0583,pelaku,
D0583,agar,
D0583,terhindar,
D0583,dari,
D0583,amukan,
D0583,warga,
D0583,dan,
D0583,keluarga,
D0583,korban,
D0583,imbuhnya,
D0583,Keduanya,
D0583,kini,
D0583,ditahan,
D0583,di,
D0583,Polres,
D0583,Metro,
D0583,bekasi,
D0583,dan,
D0583,dijerat,
D0583,pasal,
D0583,Pasal,
D0583,82,
D0583,UU,
D0583,Nomor,
D0583,17,
D0583,Tahun,
D0583,2016,
D0583,tentang,
D0583,Penetapan,
D0583,Perppu,
D0583,Nomor,
D0583,1,
D0583,Tahun,
D0583,2016,
D0583,tentang,
D0583,Perubahan,
D0583,Kedua,
D0583,atas,
D0583,UU,
D0583,Nomor,
D0583,23,
D0583,Tahun,
D0583,2002,
D0583,tentang,
D0583,Perlindungan,
D0583,Anak,
D0584,Aksi,
D0584,tak,
D0584,terpuji,
D0584,dilakukan,
D0584,dua,
D0584,pria,
D0584,di,
D0584,Medan,
D0584,Saat,
D0584,terjadi,
D0584,kepanikan,
D0584,karena,
D0584,ada,
D0584,rumah,
D0584,kebakaran,
D0584,di,
D0584,sekitar,
D0584,tempat,
D0584,tinggalnya,
D0584,bukannya,
D0584,membantu,
D0584,dua,
D0584,pria,
D0584,ini,
D0584,malah,
D0584,memanfaatkannya,
D0584,untuk,
D0584,mencuri,
D0584,motor,
D0584,Alhasil,
D0584,satu,
D0584,dari,
D0584,dua,
D0584,pelaku,
D0584,telah,
D0584,ditangkap,
D0584,Pelaku,
D0584,merupakan,
D0584,M,
D0584,Ilham,
D0584,28,
D0584,Ia,
D0584,ditangkap,
D0584,Selasa,
D0584,249,
D0584,Aksi,
D0584,pencurian,
D0584,itu,
D0584,sendiri,
D0584,terjadi,
D0584,Kamis,
D0584,1292024,
D0584,mengatakan,
D0584,pencurian,
D0584,itu,
D0584,terjadi,
D0584,di,
D0584,Jalan,
D0584,Langgar,
D0584,Kecamatan,
D0584,Medan,
D0584,Area,
D0584,Iya,
D0584,pelaku,
D0584,tinggal,
D0584,di,
D0584,dekat,
D0584,rumah,
D0584,korban,
D0584,kata,
D0584,Kanit,
D0584,Reskrim,
D0584,Polsek,
D0584,Medan,
D0584,Area,
D0584,Iptu,
D0584,Poltak,
D0584,Tambunan,
D0584,Jumat,
D0584,279,
D0584,SCROLL,
D0584,TO,
D0584,CONTINUE,
D0584,WITH,
D0584,CONTENT,
D0584,Poltak,
D0584,menjelaskan,
D0584,Ilham,
D0584,dan,
D0584,rekannya,
D0584,yang,
D0584,kini,
D0584,diburu,
D0584,mencuri,
D0584,motor,
D0584,saat,
D0584,terjadi,
D0584,kepanikan,
D0584,karena,
D0584,kebakaran,
D0584,di,
D0584,sekitar,
D0584,rumah,
D0584,korban,
D0584,bernama,
D0584,Hotnida,
D0584,59,
D0584,Korban,
D0584,bersama,
D0584,warga,
D0584,yang,
D0584,panik,
D0584,saat,
D0584,itu,
D0584,menuju,
D0584,lokasi,
D0584,ke,
D0584,bakaran,
D0584,Saat,
D0584,itulah,
D0584,pelaku,
D0584,menjalankan,
D0584,aksinya,
D0584,Pelaku,
D0584,mencuri,
D0584,sepeda,
D0584,motor,
D0584,korban,
D0584,yang,
D0584,terparkir,
D0584,di,
D0584,rumah,
D0584,Korban,
D0584,ini,
D0584,parkir,
D0584,kereta,
D0584,motor,
D0584,Pada,
D0584,saat,
D0584,itu,
D0584,ada,
D0584,kebakaran,
D0584,orang,
D0584,pada,
D0584,lari,
D0584,ke,
D0584,kebakaran,
D0584,Jadi,
D0584,fokus,
D0584,ke,
D0584,kebakaran,
D0584,maling,
D0584,kan,
D0584,kalau,
D0584,ada,
D0584,kesempatan,
D0584,langsung,
D0584,dilakukan,
D0584,dicuri,
D0584,Pelaku,
D0584,melakukan,
D0584,pencurian,
D0584,dengan,
D0584,cara,
D0584,mencungkil,
D0584,lubang,
D0584,kunci,
D0584,dengan,
D0584,obeng,
D0584,sebutnya,
D0584,Mendapati,
D0584,sepeda,
D0584,motornya,
D0584,raib,
D0584,korban,
D0584,pun,
D0584,melapor,
D0584,ke,
D0584,kantor,
D0584,polisi,
D0584,esoknya,
D0584,Polisi,
D0584,yang,
D0584,menerima,
D0584,laporan,
D0584,itu,
D0584,langsung,
D0584,menyelidiki,
D0584,dan,
D0584,berhasil,
D0584,menangkap,
D0584,satu,
D0584,pelaku,
D0584,Saat,
D0584,penangkapan,
D0584,kata,
D0584,Poltak,
D0584,kedua,
D0584,pelaku,
D0584,berada,
D0584,di,
D0584,lokasi,
D0584,yang,
D0584,sama,
D0584,Namun,
D0584,satu,
D0584,pelaku,
D0584,berhasil,
D0584,melarikan,
D0584,diri,
D0584,dari,
D0584,pengejaran,
D0584,pihak,
D0584,kepolisian,
D0584,Namun,
D0584,ia,
D0584,mengatakan,
D0584,identitas,
D0584,pelaku,
D0584,yang,
D0584,kabur,
D0584,itu,
D0584,telah,
D0584,dikantongi,
D0584,Pas,
D0584,penangkapan,
D0584,satu,
D0584,pelaku,
D0584,lagi,
D0584,lari,
D0584,lagi,
D0584,kita,
D0584,cari,
D0584,sudah,
D0584,kenal,
D0584,kita,
D0584,orangnya,
D0584,katanya,
D0584,Poltak,
D0584,menyebut,
D0584,para,
D0584,pelaku,
D0584,telah,
D0584,menjual,
D0584,sepeda,
D0584,motor,
D0584,curian,
D0584,itu,
D0584,Namun,
D0584,pelaku,
D0584,Ilham,
D0584,mengaku,
D0584,tidak,
D0584,tahu,
D0584,pasti,
D0584,berapa,
D0584,motor,
D0584,tersebut,
D0584,dijual,
D0584,rekannya,
D0584,Ia,
D0584,mengaku,
D0584,hanya,
D0584,mendapat,
D0584,bagian,
D0584,Rp,
D0584,500,
D0584,ribu,
D0584,dari,
D0584,hasil,
D0584,penjualan,
D0584,motor,
D0584,itu,
D0584,Sudah,
D0584,dijual,
D0584,dia,
D0584,Ilham,
D0584,dapat,
D0584,Rp,
D0584,500,
D0584,ribu,
D0584,digunakan,
D0584,untuk,
D0584,kehidupan,
D0584,seharihari,
D0584,pungkasnya,
D0585,Satreskrim,
D0585,Polres,
D0585,Pasuruan,
D0585,Kota,
D0585,mengungkap,
D0585,18,
D0585,kasus,
D0585,kriminalitas,
D0585,selama,
D0585,sebulan,
D0585,Ada,
D0585,sebanyak,
D0585,25,
D0585,tersangka,
D0585,yang,
D0585,telah,
D0585,ditangkap,
D0585,dan,
D0585,sedang,
D0585,diproses,
D0585,hukum,
D0585,Agustus,
D0585,sampai,
D0585,September,
D0585,Satreskrim,
D0585,dan,
D0585,polsek,
D0585,jajaran,
D0585,mengungkap,
D0585,18,
D0585,kasus,
D0585,ujar,
D0585,Kapolres,
D0585,Pasuruan,
D0585,Kota,
D0585,AKBP,
D0585,Davis,
D0585,Busin,
D0585,Siswara,
D0585,Jumat,
D0585,2792024,
D0585,Dia,
D0585,menjabarkan,
D0585,18,
D0585,kasus,
D0585,itu,
D0585,terdiri,
D0585,dari,
D0585,6,
D0585,kasus,
D0585,pencurian,
D0585,dengan,
D0585,pemberatan,
D0585,5,
D0585,pencurian,
D0585,kendaraan,
D0585,bermotor,
D0585,kekerasan,
D0585,terhadap,
D0585,anak,
D0585,pembunuhan,
D0585,penganiayaan,
D0585,berat,
D0585,penyalahgunaan,
D0585,BBM,
D0585,penadahan,
D0585,penipuan,
D0585,dan,
D0585,penggelapan,
D0585,SCROLL,
D0585,TO,
D0585,CONTINUE,
D0585,WITH,
D0585,CONTENT,
D0585,Salah,
D0585,satu,
D0585,kasus,
D0585,yang,
D0585,menonjol,
D0585,adalah,
D0585,pengungkapan,
D0585,jaringan,
D0585,pencurian,
D0585,kendaraan,
D0585,bermotor,
D0585,Berkat,
D0585,kerja,
D0585,keras,
D0585,dan,
D0585,strategi,
D0585,penyelidikan,
D0585,serta,
D0585,bantuan,
D0585,CCTV,
D0585,yang,
D0585,terpasang,
D0585,di,
D0585,beberapa,
D0585,lokasi,
D0585,strategis,
D0585,para,
D0585,pelaku,
D0585,curanmor,
D0585,itu,
D0585,berhasil,
D0585,ditangkap,
D0585,Ini,
D0585,merupakan,
D0585,hasil,
D0585,kerja,
D0585,keras,
D0585,dari,
D0585,penyidik,
D0585,termasuk,
D0585,dari,
D0585,tim,
D0585,khusus,
D0585,dan,
D0585,polsek,
D0585,jajaran,
D0585,Dari,
D0585,18,
D0585,laporan,
D0585,polisi,
D0585,yang,
D0585,masuk,
D0585,Alhamdulillah,
D0585,100,
D0585,bisa,
D0585,kami,
D0585,ungkap,
D0585,terangnya,
D0585,Davis,
D0585,menegaskan,
D0585,keberhasilan,
D0585,pengungkapan,
D0585,kasus,
D0585,tidak,
D0585,lepas,
D0585,dari,
D0585,semakin,
D0585,banyaknya,
D0585,CCTV,
D0585,yang,
D0585,ada,
D0585,di,
D0585,wilayahnya,
D0585,Ia,
D0585,berharap,
D0585,masyarakat,
D0585,ikut,
D0585,membantu,
D0585,dengan,
D0585,mendukung,
D0585,program,
D0585,10000,
D0585,CCTV,
D0585,Pada,
D0585,awal,
D0585,Juli,
D0585,itu,
D0585,jumlah,
D0585,keseluruhan,
D0585,713,
D0585,titik,
D0585,CCTV,
D0585,Setelah,
D0585,dilakukan,
D0585,sosialisasi,
D0585,terusmenerus,
D0585,Alhamdulillah,
D0585,sudah,
D0585,meningkat,
D0585,menjadi,
D0585,1155,
D0585,titik,
D0585,CCTV,
D0585,Angka,
D0585,1155,
D0585,dari,
D0585,10000,
D0585,CCVT,
D0585,masih,
D0585,jauh,
D0585,tapi,
D0585,kami,
D0585,yakin,
D0585,dengan,
D0585,guyub,
D0585,rukun,
D0585,masyarakat,
D0585,Pemkot,
D0585,dan,
D0585,Pemkab,
D0585,Pasuruan,
D0585,10000,
D0585,CCTV,
D0585,pasti,
D0585,bisa,
D0585,kita,
D0585,pasang,
D0585,tegasnya,
D0585,Dalam,
D0585,konfrensi,
D0585,pers,
D0585,yang,
D0585,digelar,
D0585,di,
D0585,Polres,
D0585,Pasuruan,
D0585,Kota,
D0585,itu,
D0585,turut,
D0585,diundang,
D0585,stakeholder,
D0585,dari,
D0585,Kominfo,
D0585,Dishub,
D0585,dan,
D0585,DPRD,
D0585,Para,
D0585,stakeholder,
D0585,sangat,
D0585,mendukung,
D0585,program,
D0585,10000,
D0585,CCTV,
D0585,Polres,
D0585,Pasuruan,
D0585,Kota,
D0585,Kami,
D0585,mendukung,
D0585,10000,
D0585,CCTV,
D0585,yang,
D0585,direncanakan,
D0585,oleh,
D0585,Polres,
D0585,Pasuruan,
D0585,Kota,
D0585,dan,
D0585,kami,
D0585,support,
D0585,baik,
D0585,itu,
D0585,CCTV,
D0585,maupun,
D0585,sinyal,
D0585,internet,
D0585,dan,
D0585,ada,
D0585,beberapa,
D0585,titik,
D0585,yang,
D0585,sudah,
D0585,terpasang,
D0585,dan,
D0585,beberapa,
D0585,sudah,
D0585,terkoneksi,
D0585,kata,
D0585,Makrup,
D0585,perwakilan,
D0585,Dinas,
D0585,Kominfotik,
D0585,Kota,
D0585,Pasuruan,
D0585,Yoni,
D0585,dari,
D0585,Dinas,
D0585,Kominfo,
D0585,Kabupaten,
D0585,Pasuruan,
D0585,juga,
D0585,mendukung,
D0585,program,
D0585,tersebut,
D0585,Semoga,
D0585,wilayah,
D0585,Polres,
D0585,Pasuruan,
D0585,Kota,
D0585,bisa,
D0585,tambah,
D0585,tertib,
D0585,dan,
D0585,aman,
D0585,ungkapnya,
D0586,Dua,
D0586,warga,
D0586,Joni,
D0586,Lino,
D0586,Pereira,
D0586,38,
D0586,dan,
D0586,Benetikto,
D0586,Duarte,
D0586,30,
D0586,terkena,
D0586,tembakan,
D0586,senapan,
D0586,angin,
D0586,dari,
D0586,orang,
D0586,tak,
D0586,dikenal,
D0586,OTK,
D0586,Peristiwa,
D0586,itu,
D0586,terjadi,
D0586,di,
D0586,Kampung,
D0586,Lorosae,
D0586,1,
D0586,RT,
D0586,11,
D0586,RW,
D0586,06,
D0586,Dusun,
D0586,III,
D0586,Desa,
D0586,Raknamo,
D0586,Kecamatan,
D0586,Kupang,
D0586,Timur,
D0586,Kabupaten,
D0586,Kupang,
D0586,Nusa,
D0586,Tenggara,
D0586,Timur,
D0586,NTT,
D0586,Jumat,
D0586,2792024,
D0586,sekitar,
D0586,pukul,
D0586,0600,
D0586,Wita,
D0586,Ya,
D0586,benar,
D0586,bukan,
D0586,ditembak,
D0586,dengan,
D0586,senapan,
D0586,api,
D0586,rakitan,
D0586,tetapi,
D0586,senapan,
D0586,angin,
D0586,Pelakunya,
D0586,kami,
D0586,masih,
D0586,melakukan,
D0586,penyelidikan,
D0586,di,
D0586,TKP,
D0586,tempat,
D0586,kejadian,
D0586,perkara,
D0586,ungkap,
D0586,Kasat,
D0586,Reskrim,
D0586,Polres,
D0586,Kupang,
D0586,Iptu,
D0586,Yeni,
D0586,Setiono,
D0586,Yeni,
D0586,menjelaskan,
D0586,kejadian,
D0586,itu,
D0586,bermula,
D0586,saat,
D0586,warga,
D0586,setempat,
D0586,Dominggo,
D0586,Soares,
D0586,sedang,
D0586,duduk,
D0586,di,
D0586,rumahnya,
D0586,Tak,
D0586,lama,
D0586,kemudian,
D0586,istri,
D0586,Joni,
D0586,Lino,
D0586,Pereira,
D0586,datang,
D0586,memberitahunya,
D0586,terkait,
D0586,kejadian,
D0586,tersebut,
D0586,SCROLL,
D0586,TO,
D0586,CONTINUE,
D0586,WITH,
D0586,CONTENT,
D0586,Dominggo,
D0586,kemudian,
D0586,diajak,
D0586,untuk,
D0586,membuat,
D0586,laporan,
D0586,polisi,
D0586,ke,
D0586,Polsek,
D0586,Kupang,
D0586,Timur,
D0586,Namun,
D0586,mereka,
D0586,kemudian,
D0586,diarahkan,
D0586,untuk,
D0586,membuat,
D0586,laporan,
D0586,ke,
D0586,Polres,
D0586,Kupang,
D0586,Polisi,
D0586,langsung,
D0586,menuju,
D0586,lokasi,
D0586,kejadian,
D0586,untuk,
D0586,melakukan,
D0586,olah,
D0586,TKP,
D0586,Kemudian,
D0586,membawa,
D0586,para,
D0586,korban,
D0586,ke,
D0586,Rumah,
D0586,Sakit,
D0586,Umum,
D0586,Daerah,
D0586,RSUD,
D0586,Naibonat,
D0586,Kupang,
D0586,untuk,
D0586,mendapatkan,
D0586,perawatan,
D0586,medis,
D0586,Yeni,
D0586,berujar,
D0586,Joni,
D0586,Lino,
D0586,Pereira,
D0586,terkena,
D0586,tembakan,
D0586,pada,
D0586,bagian,
D0586,tangan,
D0586,kanannya,
D0586,Sedangkan,
D0586,Benedicto,
D0586,Duarte,
D0586,terkena,
D0586,sejumlah,
D0586,tembakan,
D0586,pada,
D0586,kepala,
D0586,bagian,
D0586,atasnya,
D0586,Saat,
D0586,ini,
D0586,Yeni,
D0586,melanjutkan,
D0586,Joni,
D0586,Lino,
D0586,Pereira,
D0586,sudah,
D0586,mendapat,
D0586,penanganan,
D0586,medis,
D0586,dan,
D0586,langsung,
D0586,dipulangkan,
D0586,ke,
D0586,rumahnya,
D0586,Sedangkan,
D0586,Benedicto,
D0586,Duarte,
D0586,dirujuk,
D0586,ke,
D0586,Rumah,
D0586,Sakit,
D0586,Bhayangkara,
D0586,RSB,
D0586,Titus,
D0586,Uly,
D0586,Kupang,
D0586,untuk,
D0586,penanganan,
D0586,lanjutan,
D0586,Satu,
D0586,pasien,
D0586,saja,
D0586,Benedicto,
D0586,Duarte,
D0586,yang,
D0586,dirujuk,
D0586,ke,
D0586,RSB,
D0586,Titus,
D0586,Uly,
D0586,Kupang,
D0586,Perkembangannya,
D0586,nanti,
D0586,kami,
D0586,sampaikan,
D0586,karena,
D0586,kami,
D0586,masih,
D0586,dalami,
D0586,motifnya,
D0586,jelas,
D0586,Yeni,
D0587,Aksi,
D0587,geng,
D0587,motor,
D0587,di,
D0587,Kota,
D0587,Medan,
D0587,dan,
D0587,sekitarnya,
D0587,belakangan,
D0587,semakin,
D0587,berani,
D0587,Para,
D0587,pemuda,
D0587,tersebut,
D0587,bergerombol,
D0587,konvoi,
D0587,di,
D0587,jalan,
D0587,raya,
D0587,sembari,
D0587,membawa,
D0587,senjata,
D0587,tajam,
D0587,hingga,
D0587,meresahkan,
D0587,warga,
D0587,Aksi,
D0587,mereka,
D0587,viral,
D0587,di,
D0587,media,
D0587,sosial,
D0587,Kapolda,
D0587,Sumut,
D0587,Irjen,
D0587,Whisnu,
D0587,Hermawan,
D0587,Februanto,
D0587,pun,
D0587,buka,
D0587,suara,
D0587,terkait,
D0587,hal,
D0587,tersebut,
D0587,Irjen,
D0587,Whisnu,
D0587,menegaskan,
D0587,pihak,
D0587,kepolisian,
D0587,bakal,
D0587,menindak,
D0587,kelompok,
D0587,geng,
D0587,motor,
D0587,tersebut,
D0587,Berikut,
D0587,2,
D0587,pernyataan,
D0587,Kapolda,
D0587,Sumut,
D0587,terkait,
D0587,geng,
D0587,motor,
D0587,di,
D0587,Sumut,
D0587,Irjen,
D0587,Whisnu,
D0587,menyebut,
D0587,pihaknya,
D0587,telah,
D0587,mengumpulkan,
D0587,para,
D0587,kapolres,
D0587,dan,
D0587,kasat,
D0587,reserse,
D0587,di,
D0587,jajaran,
D0587,Polda,
D0587,Sumut,
D0587,untuk,
D0587,membahas,
D0587,penanganan,
D0587,terhadap,
D0587,geng,
D0587,motor,
D0587,di,
D0587,Sumut,
D0587,Ia,
D0587,memerintahkan,
D0587,jajarannya,
D0587,untuk,
D0587,menindak,
D0587,tegas,
D0587,para,
D0587,anggota,
D0587,geng,
D0587,motor,
D0587,yang,
D0587,telah,
D0587,bikin,
D0587,resah,
D0587,warga,
D0587,tersebut,
D0587,SCROLL,
D0587,TO,
D0587,CONTINUE,
D0587,WITH,
D0587,CONTENT,
D0587,Hari,
D0587,ini,
D0587,saya,
D0587,mengumpulkan,
D0587,para,
D0587,Kapolres,
D0587,kasat,
D0587,serse,
D0587,dan,
D0587,para,
D0587,penyidik,
D0587,seluruh,
D0587,wilayah,
D0587,Sumut,
D0587,baik,
D0587,yang,
D0587,secara,
D0587,langsung,
D0587,maupun,
D0587,daring,
D0587,Inti,
D0587,dari,
D0587,kegiatan,
D0587,arahan,
D0587,saya,
D0587,yang,
D0587,pertama,
D0587,adalah,
D0587,perkembangan,
D0587,dinamika,
D0587,kriminal,
D0587,yang,
D0587,ada,
D0587,di,
D0587,wilayah,
D0587,Sumut,
D0587,Saya,
D0587,pastikan,
D0587,dan,
D0587,saya,
D0587,arahkan,
D0587,mereka,
D0587,untuk,
D0587,memberantas,
D0587,peredaran,
D0587,narkoba,
D0587,dengan,
D0587,tegas,
D0587,secara,
D0587,kontinue,
D0587,kata,
D0587,Whisnu,
D0587,di,
D0587,Polda,
D0587,Sumut,
D0587,Kamis,
D0587,2692024,
D0587,Kedua,
D0587,terkait,
D0587,dengan,
D0587,begal,
D0587,dan,
D0587,geng,
D0587,motor,
D0587,saya,
D0587,perintahkan,
D0587,untuk,
D0587,dilakukan,
D0587,tindakan,
D0587,keras,
D0587,terukur,
D0587,sehingga,
D0587,tidak,
D0587,ada,
D0587,lagi,
D0587,yang,
D0587,namanya,
D0587,geng,
D0587,motor,
D0587,ataupun,
D0587,begal,
D0587,di,
D0587,wilayah,
D0587,Sumut,
D0587,sambungnya,
D0587,Untuk,
D0587,memberantas,
D0587,geng,
D0587,motor,
D0587,tersebut,
D0587,kata,
D0587,Whisnu,
D0587,pihaknya,
D0587,akan,
D0587,menyiagakan,
D0587,pasukan,
D0587,tambahan,
D0587,dari,
D0587,Sabhara,
D0587,dan,
D0587,Brimob,
D0587,Polda,
D0587,Sumut,
D0587,khususnya,
D0587,pada,
D0587,malam,
D0587,Minggu,
D0587,dimana,
D0587,para,
D0587,anggota,
D0587,geng,
D0587,motor,
D0587,biasanya,
D0587,beraksi,
D0587,Akan,
D0587,ada,
D0587,beberapa,
D0587,langkah,
D0587,yang,
D0587,akan,
D0587,diciptakan,
D0587,menjaga,
D0587,situasi,
D0587,aman,
D0587,terkait,
D0587,dengan,
D0587,geng,
D0587,motor,
D0587,Pertama,
D0587,malam,
D0587,Minggu,
D0587,kita,
D0587,menambah,
D0587,kekuatan,
D0587,pasukan,
D0587,kita,
D0587,Sabhara,
D0587,dan,
D0587,Brimob,
D0587,untuk,
D0587,mencegah,
D0587,terjadi,
D0587,arakarakan,
D0587,dari,
D0587,geng,
D0587,motor,
D0587,sebutnya,
D0587,Irjen,
D0587,Whisnu,
D0587,juga,
D0587,menyebut,
D0587,langkah,
D0587,yang,
D0587,telah,
D0587,dilakukan,
D0587,jajarannya,
D0587,untuk,
D0587,memberantas,
D0587,geng,
D0587,motor,
D0587,tersebut,
D0587,adalah,
D0587,dengan,
D0587,memetakan,
D0587,lokasilokasi,
D0587,persembunyian,
D0587,atau,
D0587,markas,
D0587,mereka,
D0587,untuk,
D0587,digerebek,
D0587,Menurutnya,
D0587,tindakan,
D0587,tersebut,
D0587,akan,
D0587,lebih,
D0587,efektif,
D0587,dibandingkan,
D0587,menangkap,
D0587,para,
D0587,pelaku,
D0587,saat,
D0587,konvoi,
D0587,atau,
D0587,setelah,
D0587,melakukan,
D0587,tindakan,
D0587,kejahatan,
D0587,Kita,
D0587,melibatkan,
D0587,intelijen,
D0587,dan,
D0587,reserse,
D0587,untuk,
D0587,mencari,
D0587,menemukan,
D0587,tempattempat,
D0587,persembunyian,
D0587,ataupun,
D0587,keberadaan,
D0587,geng,
D0587,motor,
D0587,tersebut,
D0587,sehingga,
D0587,kita,
D0587,bisa,
D0587,berupaya,
D0587,melakukan,
D0587,pencegahan,
D0587,dan,
D0587,tindakan,
D0587,yang,
D0587,lebih,
D0587,cepat,
D0587,di,
D0587,lapangan,
D0587,kata,
D0587,Whisnu,
D0587,lagi,
D0587,Para,
D0587,Kapolres,
D0587,sudah,
D0587,diminta,
D0587,untuk,
D0587,memetakan,
D0587,markas,
D0587,para,
D0587,geng,
D0587,motor,
D0587,tersebut,
D0587,dan,
D0587,bakal,
D0587,menggerebek,
D0587,lokasi,
D0587,tersebut,
D0587,Para,
D0587,Kasat,
D0587,Kapolres,
D0587,memetakan,
D0587,di,
D0587,mana,
D0587,lokasilokasi,
D0587,mereka,
D0587,berkumpul,
D0587,Jadi,
D0587,bukan,
D0587,mereka,
D0587,jalan,
D0587,dulu,
D0587,baru,
D0587,kita,
D0587,ditangkap,
D0587,tapi,
D0587,kita,
D0587,petakan,
D0587,di,
D0587,mana,
D0587,berkumpulnya,
D0587,makanya,
D0587,kita,
D0587,siapkan,
D0587,pasukan,
D0587,sebutnya,
D0587,Bahkan,
D0587,pihaknya,
D0587,telah,
D0587,menyiapkan,
D0587,personel,
D0587,di,
D0587,masingmasing,
D0587,Polres,
D0587,untuk,
D0587,menyisir,
D0587,markasmarkas,
D0587,gerombolan,
D0587,geng,
D0587,motor,
D0587,tersebut,
D0587,serta,
D0587,disiapkan,
D0587,pasukan,
D0587,tambahan,
D0587,Kalau,
D0587,kekurangan,
D0587,pasukan,
D0587,kita,
D0587,ada,
D0587,siapkan,
D0587,lagi,
D0587,Kadang,
D0587,kadang,
D0587,di,
D0587,suatu,
D0587,Polres,
D0587,kekurangan,
D0587,personel,
D0587,sehingga,
D0587,didukung,
D0587,dengan,
D0587,anggota,
D0587,lainnya,
D0587,kata,
D0587,Whisnu,
D0587,Whisnu,
D0587,menegaskan,
D0587,pihaknya,
D0587,akan,
D0587,berupaya,
D0587,untuk,
D0587,memberantas,
D0587,geng,
D0587,motor,
D0587,ini,
D0587,karena,
D0587,telah,
D0587,menimbulkan,
D0587,kekhawatiran,
D0587,di,
D0587,masyarakat,
D0587,bahkan,
D0587,mereka,
D0587,tak,
D0587,segansegan,
D0587,memamerkan,
D0587,senjata,
D0587,tajam,
D0587,saat,
D0587,konvoi,
D0587,di,
D0587,siang,
D0587,hari,
D0587,Kita,
D0587,berusaha,
D0587,untuk,
D0587,mengurangi,
D0587,bahkan,
D0587,bisa,
D0587,menghilangkan,
D0587,geng,
D0587,motor,
D0587,karena,
D0587,geng,
D0587,motor,
D0587,itu,
D0587,disalahartikan,
D0587,Bahkan,
D0587,mengarah,
D0587,ke,
D0587,perbuatanperbuatan,
D0587,pidana,
D0587,seperti,
D0587,membawa,
D0587,senjata,
D0587,tajam,
D0587,ke,
D0587,jalan,
D0587,raya,
D0587,itu,
D0587,sudah,
D0587,pidana,
D0587,bisa,
D0587,dikenakan,
D0587,Undangundang,
D0587,Darurat,
D0587,jelasnya,
D0587,Irjen,
D0587,Whisnu,
D0587,juga,
D0587,meminta,
D0587,pihak,
D0587,sekolah,
D0587,dan,
D0587,keluarga,
D0587,untuk,
D0587,melakukan,
D0587,pembinaan,
D0587,terharap,
D0587,pelajar,
D0587,dan,
D0587,anak,
D0587,didik,
D0587,mereka,
D0587,yang,
D0587,kerap,
D0587,kali,
D0587,terlibat,
D0587,geng,
D0587,motor,
D0587,Polisi,
D0587,juga,
D0587,telah,
D0587,berkoordinasi,
D0587,dengan,
D0587,pihak,
D0587,sekolah,
D0587,terkait,
D0587,hal,
D0587,itu,
D0587,Terkait,
D0587,adikadik,
D0587,kita,
D0587,yang,
D0587,masih,
D0587,di,
D0587,bawah,
D0587,umur,
D0587,diupayakan,
D0587,dari,
D0587,tim,
D0587,kami,
D0587,dari,
D0587,Direktorat,
D0587,Binmas,
D0587,Sabhara,
D0587,bersurat,
D0587,kepada,
D0587,para,
D0587,kepala,
D0587,sekolah,
D0587,untuk,
D0587,bisa,
D0587,membina,
D0587,mereka,
D0587,dan,
D0587,menyampaikan,
D0587,bahwa,
D0587,tindakan,
D0587,mereka,
D0587,salah,
D0587,Jadi,
D0587,kita,
D0587,berkoordinasi,
D0587,dengan,
D0587,sekolah,
D0587,membuat,
D0587,surat,
D0587,kepada,
D0587,sekolah,
D0587,bawa,
D0587,misalnya,
D0587,si,
D0587,abc,
D0587,perlu,
D0587,dilakukan,
D0587,pembinaan,
D0587,baik,
D0587,di,
D0587,rumah,
D0587,maupun,
D0587,sekolah,
D0587,supaya,
D0587,mereka,
D0587,tidak,
D0587,ikut,
D0587,kembali,
D0587,ke,
D0587,dalam,
D0587,gerombolan,
D0587,geng,
D0587,motor,
D0587,ujarnya,
D0587,Untuk,
D0587,diketahui,
D0587,kasus,
D0587,geng,
D0587,motor,
D0587,belakangan,
D0587,cukup,
D0587,marak,
D0587,di,
D0587,Sumut,
D0587,khususnya,
D0587,di,
D0587,Kota,
D0587,Medan,
D0587,Para,
D0587,geng,
D0587,motor,
D0587,ini,
D0587,biasanya,
D0587,akan,
D0587,melakukan,
D0587,tawuran,
D0587,dan,
D0587,aksi,
D0587,kejahatan,
D0587,lainnya,
D0587,termasuk,
D0587,begal,
D0587,Terbaru,
D0587,sepasang,
D0587,kekasih,
D0587,yang,
D0587,menjadi,
D0587,korban,
D0587,perampokan,
D0587,geng,
D0587,motor,
D0587,di,
D0587,Jalan,
D0587,Cemara,
D0587,Kecamatan,
D0587,Medan,
D0587,Timur,
D0587,Anggota,
D0587,geng,
D0587,motor,
D0587,itu,
D0587,merampok,
D0587,sepeda,
D0587,motor,
D0587,korban,
D0587,Terkait,
D0587,kasus,
D0587,tersebut,
D0587,dua,
D0587,pelaku,
D0587,telah,
D0587,ditangkap,
D0587,yakni,
D0587,APU,
D0587,alias,
D0587,Black,
D0587,Maratil,
D0587,30,
D0587,dan,
D0587,JK,
D0587,19,
D0587,Kedua,
D0587,pelaku,
D0587,merupakan,
D0587,kelompok,
D0587,geng,
D0587,motor,
D0587,yang,
D0587,secara,
D0587,spontan,
D0587,dengan,
D0587,menggunakan,
D0587,senjata,
D0587,tajam,
D0587,merampok,
D0587,korban,
D0587,saat,
D0587,melintas,
D0587,di,
D0587,Jalan,
D0587,Cemara,
D0587,Kedua,
D0587,pelaku,
D0587,yang,
D0587,ditangkap,
D0587,ini,
D0587,merupakan,
D0587,residivis,
D0587,kata,
D0587,Kasat,
D0587,Reskrim,
D0587,Polrestabes,
D0587,Medan,
D0587,Kompol,
D0587,Jama,
D0587,Kita,
D0587,Purba,
D0587,dalam,
D0587,keterangannya,
D0587,Selasa,
D0587,249,
D0588,Perkelahian,
D0588,berujung,
D0588,pengeroyokan,
D0588,yang,
D0588,melibatkan,
D0588,pemuda,
D0588,Desa,
D0588,Petandakan,
D0588,dan,
D0588,Kelurahan,
D0588,Banyuning,
D0588,berakhir,
D0588,damai,
D0588,Hal,
D0588,itu,
D0588,setelah,
D0588,Polres,
D0588,Buleleng,
D0588,melakukan,
D0588,mediasi,
D0588,terhadap,
D0588,kedua,
D0588,pihak,
D0588,yang,
D0588,terlibat,
D0588,Kamis,
D0588,2692024,
D0588,Mediasi,
D0588,yang,
D0588,dihadiri,
D0588,dua,
D0588,kelompok,
D0588,pemuda,
D0588,dilakukan,
D0588,di,
D0588,Posko,
D0588,Presisi,
D0588,Polres,
D0588,Buleleng,
D0588,Mediasi,
D0588,dipimpin,
D0588,oleh,
D0588,Kapolres,
D0588,Buleleng,
D0588,AKBP,
D0588,Ida,
D0588,Bagus,
D0588,Widwan,
D0588,Sutadi,
D0588,Lurah,
D0588,Banyuning,
D0588,Nyoman,
D0588,Mulyawan,
D0588,Kepala,
D0588,Desa,
D0588,Petandakan,
D0588,Wayan,
D0588,Joni,
D0588,Arianto,
D0588,serta,
D0588,ketua,
D0588,dan,
D0588,anggota,
D0588,pecalang,
D0588,dari,
D0588,kedua,
D0588,desa,
D0588,juga,
D0588,hadir,
D0588,Dalam,
D0588,arahannya,
D0588,Kapolres,
D0588,Buleleng,
D0588,mengapresiasi,
D0588,inisiatif,
D0588,kedua,
D0588,belah,
D0588,pihak,
D0588,untuk,
D0588,menyelesaikan,
D0588,permasalahan,
D0588,melalui,
D0588,mediasi,
D0588,Sebelum,
D0588,mediasi,
D0588,dilaksanakan,
D0588,kedua,
D0588,kelompok,
D0588,remaja,
D0588,tersebut,
D0588,telah,
D0588,sepakat,
D0588,untuk,
D0588,memperbaiki,
D0588,hubungan,
D0588,dan,
D0588,berjanji,
D0588,tidak,
D0588,akan,
D0588,mengulangi,
D0588,insiden,
D0588,yang,
D0588,sama,
D0588,di,
D0588,kemudian,
D0588,hari,
D0588,SCROLL,
D0588,TO,
D0588,CONTINUE,
D0588,WITH,
D0588,CONTENT,
D0588,Widwan,
D0588,juga,
D0588,menegaskan,
D0588,pentingnya,
D0588,menjaga,
D0588,keamanan,
D0588,ketertiban,
D0588,serta,
D0588,moralitas,
D0588,dalam,
D0588,kehidupan,
D0588,bermasyarakat,
D0588,terutama,
D0588,bagi,
D0588,para,
D0588,remaja,
D0588,sebagai,
D0588,generasi,
D0588,penerus,
D0588,bangsa,
D0588,Jangan,
D0588,berpikir,
D0588,untuk,
D0588,berkelahi,
D0588,karena,
D0588,kalian,
D0588,adalah,
D0588,generasi,
D0588,muda,
D0588,yang,
D0588,masih,
D0588,sangat,
D0588,dibutuhkan,
D0588,oleh,
D0588,keluarga,
D0588,masyarakat,
D0588,dan,
D0588,negara,
D0588,ujarnya,
D0588,Widwan,
D0588,juga,
D0588,mengingatkan,
D0588,para,
D0588,pemuda,
D0588,bahwa,
D0588,tidak,
D0588,ada,
D0588,untungnya,
D0588,melakukan,
D0588,pertikaian,
D0588,atau,
D0588,perkelahian,
D0588,Tidak,
D0588,ada,
D0588,keuntungan,
D0588,dari,
D0588,pertikaian,
D0588,Saya,
D0588,juga,
D0588,tidak,
D0588,akan,
D0588,menoleransi,
D0588,tindakan,
D0588,kriminalitas,
D0588,tandasnya,
D0588,Sebelumnya,
D0588,sejumlah,
D0588,pemuda,
D0588,terlibat,
D0588,perkelahian,
D0588,berujung,
D0588,pengeroyokan,
D0588,di,
D0588,tengah,
D0588,jalan,
D0588,raya,
D0588,di,
D0588,perempatan,
D0588,Kelurahan,
D0588,Banyuning,
D0588,Buleleng,
D0588,saat,
D0588,Hari,
D0588,Raya,
D0588,Galungan,
D0588,Rabu,
D0588,2592024,
D0588,malam,
D0588,Rekaman,
D0588,video,
D0588,perkelahian,
D0588,itu,
D0588,viral,
D0588,di,
D0588,media,
D0588,sosial,
D0588,medsos,
D0588,Perkelahian,
D0588,di,
D0588,tengah,
D0588,jalan,
D0588,itu,
D0588,sempat,
D0588,membuat,
D0588,arus,
D0588,lalu,
D0588,lintas,
D0588,macet,
D0588,Berdasarkan,
D0588,video,
D0588,berdurasi,
D0588,9,
D0588,detik,
D0588,yang,
D0588,dilihat,
D0588,detikBali,
D0588,salah,
D0588,seorang,
D0588,pemuda,
D0588,tampak,
D0588,tersungkur,
D0588,di,
D0588,aspal,
D0588,Dia,
D0588,lalu,
D0588,dipukuli,
D0588,oleh,
D0588,pemuda,
D0588,lainnya,
D0588,Selain,
D0588,itu,
D0588,terlihat,
D0588,pula,
D0588,salah,
D0588,seorang,
D0588,pemuda,
D0588,membawa,
D0588,benda,
D0588,yang,
D0588,terlihat,
D0588,seperti,
D0588,senapan,
D0588,Sementara,
D0588,itu,
D0588,dari,
D0588,video,
D0588,lainnya,
D0588,terlihat,
D0588,sejumlah,
D0588,pemuda,
D0588,memukuli,
D0588,satu,
D0588,orang,
D0588,pemuda,
D0588,yang,
D0588,tergeletak,
D0588,di,
D0588,tengah,
D0588,jalan,
D0589,Suci,
D0589,Hartiningsih,
D0589,alias,
D0589,Uci,
D0589,wanita,
D0589,bermasker,
D0589,yang,
D0589,menculik,
D0589,balita,
D0589,berusia,
D0589,25,
D0589,tahun,
D0589,tertunduk,
D0589,lesuh,
D0589,saat,
D0589,ditangkap,
D0589,polisi,
D0589,Uci,
D0589,mengaku,
D0589,hendak,
D0589,menjual,
D0589,balita,
D0589,itu,
D0589,Alasannya,
D0589,karena,
D0589,ekonomi,
D0589,Saat,
D0589,dihadirkan,
D0589,di,
D0589,Mapolrestabes,
D0589,Bandung,
D0589,Uci,
D0589,hanya,
D0589,tertunduk,
D0589,lesu,
D0589,saat,
D0589,digiring,
D0589,anggota,
D0589,Satreskrim,
D0589,Polrestabes,
D0589,Bandung,
D0589,ke,
D0589,tempat,
D0589,konferensi,
D0589,pers,
D0589,Kamis,
D0589,2692024,
D0589,siang,
D0589,Motif,
D0589,yang,
D0589,dilakukan,
D0589,tersangka,
D0589,untuk,
D0589,menjual,
D0589,anak,
D0589,tersebut,
D0589,kata,
D0589,Kapolrestabes,
D0589,Bandung,
D0589,Kombes,
D0589,Pol,
D0589,Budi,
D0589,Sartono,
D0589,SCROLL,
D0589,TO,
D0589,CONTINUE,
D0589,WITH,
D0589,CONTENT,
D0589,Menurut,
D0589,Budi,
D0589,pelaku,
D0589,ditangkap,
D0589,kurang,
D0589,dari,
D0589,1x24,
D0589,jam,
D0589,di,
D0589,rumah,
D0589,kontrakannya,
D0589,yang,
D0589,ada,
D0589,di,
D0589,wilayah,
D0589,Kecamatan,
D0589,Ujungberung,
D0589,Kota,
D0589,Bandung,
D0589,Saat,
D0589,ditemukan,
D0589,alhamdulilah,
D0589,anak,
D0589,itu,
D0589,ada,
D0589,di,
D0589,kontrakan,
D0589,tapi,
D0589,sudah,
D0589,ada,
D0589,pembicaraan,
D0589,dengan,
D0589,calon,
D0589,yang,
D0589,akan,
D0589,membeli,
D0589,anak,
D0589,tersebut,
D0589,ujarnya,
D0589,Budi,
D0589,belum,
D0589,dapat,
D0589,menyebutkan,
D0589,kepada,
D0589,siapa,
D0589,anak,
D0589,tersebut,
D0589,dijual,
D0589,Pihaknya,
D0589,saat,
D0589,ini,
D0589,masih,
D0589,melakukan,
D0589,penyelidikan,
D0589,lebih,
D0589,lanjut,
D0589,Rencananya,
D0589,akan,
D0589,dijual,
D0589,kepada,
D0589,seseorang,
D0589,Penyelidikan,
D0589,akan,
D0589,kami,
D0589,lakukan,
D0589,lebih,
D0589,lanjut,
D0589,ujarnya,
D0589,Budi,
D0589,mengatakan,
D0589,Uci,
D0589,berkomunikasi,
D0589,dengan,
D0589,calon,
D0589,pembeli,
D0589,melalui,
D0589,sambungan,
D0589,telepon,
D0589,Telepon,
D0589,bentuk,
D0589,transaksi,
D0589,akan,
D0589,kami,
D0589,dalami,
D0589,dengan,
D0589,siapa,
D0589,dia,
D0589,telepon,
D0589,tambahnya,
D0589,Kepada,
D0589,penyidik,
D0589,Uci,
D0589,mengatakan,
D0589,jika,
D0589,aksi,
D0589,penculikan,
D0589,yang,
D0589,dia,
D0589,lakukan,
D0589,baru,
D0589,pertama,
D0589,dilakukan,
D0589,Pengakuan,
D0589,baru,
D0589,sekali,
D0589,kali,
D0589,ini,
D0589,tapi,
D0589,modusnya,
D0589,dia,
D0589,seperti,
D0589,sudah,
D0589,melakukan,
D0589,Memang,
D0589,kalau,
D0589,dari,
D0589,wilayah,
D0589,lain,
D0589,ada,
D0589,modus,
D0589,seperti,
D0589,ini,
D0589,silakan,
D0589,laporan,
D0589,ke,
D0589,Polrestabes,
D0589,Bandung,
D0589,pungkas,
D0589,Budi,
D0589,Dalam,
D0589,kejadian,
D0589,ini,
D0589,Uci,
D0589,disangkakan,
D0589,dengan,
D0589,Pasal,
D0589,32,
D0589,KUHPidana,
D0589,dan,
D0589,Pasal,
D0589,76D,
D0589,UU,
D0589,RI,
D0589,Nomor,
D0589,35,
D0589,Tahun,
D0589,2014,
D0589,tentang,
D0589,perubahan,
D0589,atas,
D0589,UU,
D0589,Nomor,
D0589,23,
D0589,Tahun,
D0589,2002,
D0589,tentang,
D0589,Perlindungan,
D0589,Anak,
D0589,dengan,
D0589,ancaman,
D0589,hukuman,
D0589,pidana,
D0589,maksimal,
D0589,15,
D0589,tahun,
D0589,penjara,
D0589,dan,
D0589,minimal,
D0589,3,
D0589,tahun,
D0589,penjara,
D0589,Diberitakan,
D0589,sebelumnya,
D0589,balita,
D0589,berjenis,
D0589,kelamin,
D0589,perempuan,
D0589,berusia,
D0589,25,
D0589,tahun,
D0589,diambil,
D0589,pelaku,
D0589,dari,
D0589,orang,
D0589,tuanya,
D0589,Yadi,
D0589,Supriadi,
D0589,42,
D0589,dan,
D0589,Anisah,
D0589,36,
D0589,yang,
D0589,berprofesi,
D0589,sebagai,
D0589,pemulung,
D0589,Kejadian,
D0589,ini,
D0589,terjadi,
D0589,di,
D0589,salah,
D0589,satu,
D0589,pusat,
D0589,perbelanjaan,
D0589,yang,
D0589,ada,
D0589,di,
D0589,wilayah,
D0589,Cipadung,
D0589,Cibiru,
D0589,Kota,
D0589,Bandung,
D0590,Pria,
D0590,di,
D0590,Kabupaten,
D0590,Deli,
D0590,Serdang,
D0590,Sumut,
D0590,bernama,
D0590,Dandy,
D0590,Syahputra,
D0590,24,
D0590,ditangkap,
D0590,karena,
D0590,melakukan,
D0590,penganiayaan,
D0590,terhadap,
D0590,tetangganya,
D0590,Lopia,
D0590,Panjaitan,
D0590,85,
D0590,Ia,
D0590,mengikat,
D0590,hingga,
D0590,menyumpal,
D0590,mulut,
D0590,korban,
D0590,pakai,
D0590,pasir,
D0590,untuk,
D0590,mencuri,
D0590,barang,
D0590,berharga,
D0590,korban,
D0590,Kejadian,
D0590,itu,
D0590,terjadi,
D0590,Rabu,
D0590,119,
D0590,sekitar,
D0590,pukul,
D0590,1330,
D0590,WIB,
D0590,di,
D0590,rumah,
D0590,korban,
D0590,di,
D0590,Lingkungan,
D0590,XVI,
D0590,Desa,
D0590,Sampali,
D0590,Kecamatan,
D0590,Percut,
D0590,Sei,
D0590,Tuan,
D0590,Pelaku,
D0590,berpurapura,
D0590,hendak,
D0590,menawarkan,
D0590,tomat,
D0590,Korban,
D0590,sedang,
D0590,berada,
D0590,di,
D0590,rumah,
D0590,Lalu,
D0590,datang,
D0590,pelaku,
D0590,mengetuk,
D0590,pintu,
D0590,korban,
D0590,dengan,
D0590,maksud,
D0590,seolaholah,
D0590,menawarkan,
D0590,tomat,
D0590,kata,
D0590,Kapolrestabes,
D0590,Medan,
D0590,Kombes,
D0590,Teddy,
D0590,Jhon,
D0590,Sahala,
D0590,Marbun,
D0590,Rabu,
D0590,2592024,
D0590,SCROLL,
D0590,TO,
D0590,CONTINUE,
D0590,WITH,
D0590,CONTENT,
D0590,Saat,
D0590,korban,
D0590,membukakan,
D0590,pintu,
D0590,pelaku,
D0590,langsung,
D0590,mendorong,
D0590,korban,
D0590,hingga,
D0590,jatuh,
D0590,dan,
D0590,menyumpal,
D0590,mulut,
D0590,korban,
D0590,dengan,
D0590,pasir,
D0590,Pelaku,
D0590,juga,
D0590,mengikat,
D0590,tangan,
D0590,korban,
D0590,dengan,
D0590,tali,
D0590,sepatu,
D0590,dan,
D0590,sempat,
D0590,membenturkan,
D0590,kepala,
D0590,korban,
D0590,ke,
D0590,lantai,
D0590,Akibat,
D0590,kekerasan,
D0590,itu,
D0590,korban,
D0590,yang,
D0590,merupakan,
D0590,lansia,
D0590,pingsan,
D0590,Aksi,
D0590,keji,
D0590,pelaku,
D0590,dipergoki,
D0590,anak,
D0590,korban,
D0590,yang,
D0590,baru,
D0590,pulang,
D0590,ke,
D0590,rumah,
D0590,sekira,
D0590,pukul,
D0590,1530,
D0590,WIB,
D0590,Pelaku,
D0590,yang,
D0590,kepergok,
D0590,langsung,
D0590,ketakutan,
D0590,dan,
D0590,pergi,
D0590,sambil,
D0590,membawa,
D0590,tas,
D0590,berisi,
D0590,buku,
D0590,pensiun,
D0590,korban,
D0590,Anak,
D0590,korban,
D0590,datang,
D0590,dan,
D0590,melihat,
D0590,korban,
D0590,tergeletak,
D0590,di,
D0590,lantai,
D0590,Lalu,
D0590,anak,
D0590,korban,
D0590,mengecek,
D0590,tas,
D0590,korban,
D0590,berisikan,
D0590,buku,
D0590,pensiun,
D0590,telah,
D0590,hilang,
D0590,ujarnya,
D0590,Korban,
D0590,pun,
D0590,melapor,
D0590,ke,
D0590,Polsek,
D0590,Medan,
D0590,tembung,
D0590,dan,
D0590,berhasil,
D0590,langsung,
D0590,memburu,
D0590,pelaku,
D0590,Pelaku,
D0590,diamankan,
D0590,Kamis,
D0590,129,
D0590,Pelaku,
D0590,mengakui,
D0590,perbuatannya,
D0590,di,
D0590,mana,
D0590,perbuatan,
D0590,tersebut,
D0590,dilakukan,
D0590,seorang,
D0590,diri,
D0590,Lalu,
D0590,pelaku,
D0590,membongkar,
D0590,lemari,
D0590,dan,
D0590,tas,
D0590,korban,
D0590,untuk,
D0590,mencari,
D0590,barang,
D0590,berharga,
D0590,Kemudian,
D0590,terdengar,
D0590,suara,
D0590,anak,
D0590,korban,
D0590,memanggil,
D0590,korban,
D0590,dari,
D0590,arah,
D0590,luar,
D0590,rumah,
D0590,spontan,
D0590,pelaku,
D0590,lari,
D0590,melalui,
D0590,pintu,
D0590,belakang,
D0590,rumah,
D0590,korban,
D0590,Modus,
D0590,Ingin,
D0590,menguasai,
D0590,harta,
D0590,milik,
D0590,korban,
D0590,kata,
D0590,Teddy,
D0591,Seorang,
D0591,pria,
D0591,di,
D0591,Kabupaten,
D0591,Deli,
D0591,Serdang,
D0591,Sumatera,
D0591,Utara,
D0591,Sumut,
D0591,Dandy,
D0591,Syahputra,
D0591,24,
D0591,menganiaya,
D0591,tetangganya,
D0591,Lopia,
D0591,Panjaitan,
D0591,85,
D0591,dengan,
D0591,mengikatnya,
D0591,dan,
D0591,memasukkan,
D0591,pasir,
D0591,ke,
D0591,mulutnya,
D0591,Pelaku,
D0591,mendatangi,
D0591,rumah,
D0591,korban,
D0591,dengan,
D0591,modus,
D0591,menawarkan,
D0591,tomat,
D0591,Kapolrestabes,
D0591,Medan,
D0591,Kombes,
D0591,Teddy,
D0591,Jhon,
D0591,Sahala,
D0591,Marbun,
D0591,mengatakan,
D0591,peristiwa,
D0591,itu,
D0591,terjadi,
D0591,di,
D0591,rumah,
D0591,korban,
D0591,di,
D0591,Lingkungan,
D0591,XVI,
D0591,Desa,
D0591,Sampali,
D0591,Kecamatan,
D0591,Percut,
D0591,Sei,
D0591,Tuan,
D0591,Rabu,
D0591,119,
D0591,sekira,
D0591,pukul,
D0591,1330,
D0591,WIB,
D0591,Korban,
D0591,sedang,
D0591,berada,
D0591,di,
D0591,rumah,
D0591,Lalu,
D0591,datang,
D0591,pelaku,
D0591,mengetuk,
D0591,pintu,
D0591,korban,
D0591,dengan,
D0591,maksud,
D0591,seolaholah,
D0591,menawarkan,
D0591,tomat,
D0591,kata,
D0591,Teddy,
D0591,dalam,
D0591,keterangannya,
D0591,Rabu,
D0591,2592024,
D0591,SCROLL,
D0591,TO,
D0591,CONTINUE,
D0591,WITH,
D0591,CONTENT,
D0591,Setelah,
D0591,korban,
D0591,membuka,
D0591,pintu,
D0591,pelaku,
D0591,langsung,
D0591,mendorong,
D0591,korban,
D0591,hingga,
D0591,jatuh,
D0591,Lalu,
D0591,pelaku,
D0591,menggaruk,
D0591,mata,
D0591,korban,
D0591,dan,
D0591,memasukkan,
D0591,pasir,
D0591,ke,
D0591,mulutnya,
D0591,Selain,
D0591,itu,
D0591,tersangka,
D0591,juga,
D0591,membenturkan,
D0591,kepala,
D0591,korban,
D0591,ke,
D0591,lantai,
D0591,Tak,
D0591,sampai,
D0591,di,
D0591,situ,
D0591,pelaku,
D0591,mengikat,
D0591,tangan,
D0591,korban,
D0591,menggunakan,
D0591,tali,
D0591,sepatu,
D0591,dan,
D0591,melakban,
D0591,mulut,
D0591,korban,
D0591,Akibatnya,
D0591,korban,
D0591,tidak,
D0591,sadarkan,
D0591,diri,
D0591,Kemudian,
D0591,sekira,
D0591,pukul,
D0591,1530,
D0591,WIB,
D0591,anak,
D0591,korban,
D0591,pulang,
D0591,Pelaku,
D0591,sontak,
D0591,ketakutan,
D0591,dan,
D0591,langsung,
D0591,pergi,
D0591,sambil,
D0591,membawa,
D0591,tas,
D0591,yang,
D0591,berisi,
D0591,buku,
D0591,pensiun,
D0591,korban,
D0591,Anak,
D0591,korban,
D0591,datang,
D0591,dan,
D0591,melihat,
D0591,korban,
D0591,tergeletak,
D0591,di,
D0591,lantai,
D0591,Lalu,
D0591,anak,
D0591,korban,
D0591,mengecek,
D0591,tas,
D0591,korban,
D0591,berisikan,
D0591,buku,
D0591,pensiun,
D0591,telah,
D0591,hilang,
D0591,ujarnya,
D0591,Atas,
D0591,kejadian,
D0591,itu,
D0591,korban,
D0591,membuat,
D0591,laporan,
D0591,ke,
D0591,Polsek,
D0591,Medan,
D0591,Tembung,
D0591,Pihak,
D0591,kepolisian,
D0591,pun,
D0591,menyelidiki,
D0591,kasus,
D0591,tersebut,
D0591,hingga,
D0591,akhirnya,
D0591,mengamankan,
D0591,pelaku,
D0591,pada,
D0591,Kamis,
D0591,129,
D0591,Pelaku,
D0591,mengakui,
D0591,perbuatannya,
D0591,di,
D0591,mana,
D0591,perbuatan,
D0591,tersebut,
D0591,dilakukan,
D0591,seorang,
D0591,diri,
D0591,Lalu,
D0591,pelaku,
D0591,membongkar,
D0591,lemari,
D0591,dan,
D0591,tas,
D0591,korban,
D0591,untuk,
D0591,mencari,
D0591,barang,
D0591,berharga,
D0591,Kemudian,
D0591,terdengar,
D0591,suara,
D0591,anak,
D0591,korban,
D0591,memanggil,
D0591,korban,
D0591,dari,
D0591,arah,
D0591,luar,
D0591,rumah,
D0591,spontan,
D0591,pelaku,
D0591,lari,
D0591,melalui,
D0591,pintu,
D0591,belakang,
D0591,rumah,
D0591,korban,
D0591,Modus,
D0591,Ingin,
D0591,menguasai,
D0591,harta,
D0591,milik,
D0591,korban,
D0591,kata,
D0591,Teddy,
D0592,Dua,
D0592,aksi,
D0592,pembegalan,
D0592,terjadi,
D0592,di,
D0592,Kota,
D0592,Batam,
D0592,Kepulauan,
D0592,Riau,
D0592,Kepri,
D0592,dalam,
D0592,kurun,
D0592,waktu,
D0592,sehari,
D0592,Dua,
D0592,orang,
D0592,perempuan,
D0592,menjadi,
D0592,korban,
D0592,dan,
D0592,harus,
D0592,dilarikan,
D0592,ke,
D0592,rumah,
D0592,sakit,
D0592,untuk,
D0592,mendapatkan,
D0592,perawatan,
D0592,medis,
D0592,Kasus,
D0592,pembegalan,
D0592,pertama,
D0592,menimpa,
D0592,seorang,
D0592,perempuan,
D0592,di,
D0592,Jalan,
D0592,Diponegoro,
D0592,Sei,
D0592,Temiang,
D0592,Batu,
D0592,Aji,
D0592,Batam,
D0592,pagi,
D0592,tadi,
D0592,Korban,
D0592,yang,
D0592,tengah,
D0592,mengemudikan,
D0592,sepeda,
D0592,motornya,
D0592,dipepet,
D0592,dua,
D0592,pria,
D0592,dan,
D0592,merampas,
D0592,tasnya,
D0592,Akibatnya,
D0592,korban,
D0592,terjatuh,
D0592,dan,
D0592,mengalami,
D0592,luka,
D0592,di,
D0592,bagian,
D0592,tubuhnya,
D0592,Korban,
D0592,kemudian,
D0592,dilarikan,
D0592,RSUD,
D0592,Embung,
D0592,Fatimah,
D0592,oleh,
D0592,pengendara,
D0592,yang,
D0592,melintas,
D0592,SCROLL,
D0592,TO,
D0592,CONTINUE,
D0592,WITH,
D0592,CONTENT,
D0592,Kasus,
D0592,kedua,
D0592,aksi,
D0592,dugaan,
D0592,pembegalan,
D0592,menyasar,
D0592,seorang,
D0592,perempuan,
D0592,pengendara,
D0592,mobil,
D0592,Daihatsu,
D0592,Rocky,
D0592,yang,
D0592,terjadi,
D0592,di,
D0592,Jalan,
D0592,Gajah,
D0592,Mada,
D0592,Sei,
D0592,Ladi,
D0592,Batam,
D0592,Akibatnya,
D0592,perempuan,
D0592,tersebut,
D0592,mengalami,
D0592,luka,
D0592,di,
D0592,bagian,
D0592,lehernya,
D0592,Video,
D0592,aksi,
D0592,pembegalan,
D0592,terhadap,
D0592,perempuan,
D0592,itu,
D0592,sempat,
D0592,ramai,
D0592,di,
D0592,media,
D0592,sosial,
D0592,Korban,
D0592,oleh,
D0592,pengendara,
D0592,yang,
D0592,melintas,
D0592,langsung,
D0592,mengevakuasi,
D0592,ke,
D0592,rumah,
D0592,sakit,
D0592,terdekat,
D0592,untuk,
D0592,mendapatkan,
D0592,perawatan,
D0592,medis,
D0592,Begalbegal,
D0592,pelaku,
D0592,lari,
D0592,ke,
D0592,atas,
D0592,arah,
D0592,hutan,
D0592,kata,
D0592,perekam,
D0592,video,
D0592,viral,
D0592,yang,
D0592,diterima,
D0592,detikSumut,
D0592,Direktur,
D0592,Reserse,
D0592,Kriminal,
D0592,Umum,
D0592,Dirreskrimum,
D0592,Polda,
D0592,Kepri,
D0592,Kombes,
D0592,Donny,
D0592,Alexander,
D0592,dikonfirmasi,
D0592,membenarkan,
D0592,dua,
D0592,kejadian,
D0592,itu,
D0592,Ia,
D0592,menyebut,
D0592,dua,
D0592,kasus,
D0592,tersebut,
D0592,saat,
D0592,ini,
D0592,tengah,
D0592,ditangani,
D0592,Polda,
D0592,Kepri,
D0592,dan,
D0592,Polresta,
D0592,Barelang,
D0592,Benarada,
D0592,kejadian,
D0592,pembegalan,
D0592,saat,
D0592,ini,
D0592,masih,
D0592,penyelidikan,
D0592,Para,
D0592,pelaku,
D0592,saat,
D0592,masih,
D0592,dalam,
D0592,pengejaran,
D0592,oleh,
D0592,tim,
D0592,gabungan,
D0592,Polda,
D0592,dan,
D0592,Polresta,
D0592,Barelang,
D0592,kata,
D0592,Donny,
D0592,Selasa,
D0592,2492024,
D0592,Donny,
D0592,menyebut,
D0592,untuk,
D0592,para,
D0592,korban,
D0592,sendiri,
D0592,saat,
D0592,ini,
D0592,tengah,
D0592,mendapatkan,
D0592,perawatan,
D0592,medis,
D0592,di,
D0592,rumah,
D0592,sakit,
D0592,Untuk,
D0592,kasus,
D0592,korban,
D0592,masih,
D0592,dalam,
D0592,perawatan,
D0592,Untuk,
D0592,biaya,
D0592,pengobatan,
D0592,korban,
D0592,akan,
D0592,ditanggung,
D0592,oleh,
D0592,bapak,
D0592,Kapolda,
D0592,Kepri,
D0592,ujarnya,
D0592,Donny,
D0592,memohon,
D0592,doa,
D0592,dan,
D0592,restu,
D0592,masyarakat,
D0592,untuk,
D0592,pengungkapan,
D0592,dua,
D0592,kasus,
D0592,tersebut,
D0592,Ia,
D0592,berjanji,
D0592,pihaknya,
D0592,akan,
D0592,menangkap,
D0592,para,
D0592,pelaku,
D0592,Kami,
D0592,memohon,
D0592,doa,
D0592,masyarakat,
D0592,agar,
D0592,dimudahkan,
D0592,dalam,
D0592,dua,
D0592,pengungkapan,
D0592,kasus,
D0592,tersebut,
D0592,ujarnya,
D0593,Polrestabes,
D0593,Semarang,
D0593,merilis,
D0593,daftar,
D0593,pencarian,
D0593,orang,
D0593,DPO,
D0593,tersangka,
D0593,kasus,
D0593,tindak,
D0593,pidana,
D0593,perkelahian,
D0593,tanding,
D0593,dan,
D0593,atau,
D0593,menguasai,
D0593,senjata,
D0593,tajam,
D0593,sajam,
D0593,saat,
D0593,tawuran,
D0593,Tersangka,
D0593,yang,
D0593,sedang,
D0593,diburu,
D0593,ini,
D0593,bernama,
D0593,Alba,
D0593,Fajri,
D0593,Ardiansyah,
D0593,23,
D0593,Kabar,
D0593,pencarian,
D0593,orang,
D0593,ini,
D0593,dirilis,
D0593,di,
D0593,akun,
D0593,Instagram,
D0593,Humas,
D0593,Polrestabes,
D0593,Semarang,
D0593,humas_polrestabessmg,
D0593,pada,
D0593,Selasa,
D0593,2492024,
D0593,siang,
D0593,Dalam,
D0593,postingan,
D0593,itu,
D0593,juga,
D0593,disertakan,
D0593,pas,
D0593,foto,
D0593,tersangka,
D0593,lengkap,
D0593,dengan,
D0593,identitas,
D0593,serta,
D0593,ciricirinya,
D0593,Disebutkan,
D0593,tersangka,
D0593,atas,
D0593,nama,
D0593,Alba,
D0593,Fajri,
D0593,Ardiansyah,
D0593,berusia,
D0593,23,
D0593,tahun,
D0593,alamat,
D0593,Karang,
D0593,Anyar,
D0593,V,
D0593,No,
D0593,22A,
D0593,RT,
D0593,002,
D0593,RW,
D0593,004,
D0593,Semarang,
D0593,Tengah,
D0593,Kota,
D0593,Semarang,
D0593,SCROLL,
D0593,TO,
D0593,CONTINUE,
D0593,WITH,
D0593,CONTENT,
D0593,DPO,
D0593,DAFTAR,
D0593,PENCARIAN,
D0593,ORANGTERSANGKA,
D0593,KASUS,
D0593,TINDAK,
D0593,PIDANA,
D0593,PERKELAHIAN,
D0593,TANDING,
D0593,DAN,
D0593,ATAU,
D0593,MENGUASAI,
D0593,SAJAM,
D0593,SAAT,
D0593,TAWURAN,
D0593,TKP,
D0593,DR,
D0593,CIPTO,
D0593,tulis,
D0593,akun,
D0593,humas_polrestabessmg,
D0593,dikutip,
D0593,detikJateng,
D0593,pada,
D0593,Selasa,
D0593,2492024,
D0593,siang,
D0593,Pasal,
D0593,yang,
D0593,dikenakan,
D0593,terhadap,
D0593,tersangka,
D0593,yaitu,
D0593,Pasal,
D0593,184,
D0593,ayat,
D0593,2,
D0593,KUHP,
D0593,dan,
D0593,atau,
D0593,Pasal,
D0593,2,
D0593,ayat,
D0593,1,
D0593,UU,
D0593,Darurat,
D0593,RI,
D0593,No12,
D0593,Tahun,
D0593,1951,
D0593,Diharapkan,
D0593,bantuan,
D0593,informasi,
D0593,dari,
D0593,seluruh,
D0593,masyarakat,
D0593,Hubungi,
D0593,085802786613,
D0593,Atau,
D0593,melaporkan,
D0593,melalui,
D0593,aplikasi,
D0593,LIBAS,
D0593,110,
D0593,0811271845,
D0593,tulis,
D0593,keterangan,
D0593,di,
D0593,akun,
D0593,humas_polrestabessmg,
D0593,Diunggah,
D0593,sekitar,
D0593,30,
D0593,menit,
D0593,lalu,
D0593,postingan,
D0593,pencarian,
D0593,orang,
D0593,di,
D0593,akun,
D0593,Instagram,
D0593,Humas,
D0593,Polrestabes,
D0593,Semarang,
D0593,ini,
D0593,telah,
D0593,menuai,
D0593,sejumlah,
D0593,respons,
D0593,dari,
D0593,netizen,
D0593,Salah,
D0593,satunya,
D0593,komentar,
D0593,dari,
D0593,akun,
D0593,fat,
D0593,Suwun,
D0593,pak,
D0593,Insyallah,
D0593,yen,
D0593,gercep,
D0593,sampean,
D0593,entuk,
D0593,pahala,
D0593,akeh,
D0593,karena,
D0593,mengurangi,
D0593,para,
D0593,tindak,
D0593,kriminalitas,
D0593,terima,
D0593,kasih,
D0593,pak,
D0593,Insyaallah,
D0593,kalau,
D0593,gerak,
D0593,cepat,
D0593,anda,
D0593,dapat,
D0593,pahala,
D0593,banyak,
D0593,karena,
D0593,mengurangi,
D0593,para,
D0593,tindak,
D0593,kriminalitas,
D0593,tulis,
D0593,akun,
D0593,fat,
D0593,di,
D0593,kolom,
D0593,komentar,
D0594,Polisi,
D0594,mengungkap,
D0594,21,
D0594,kasus,
D0594,kriminal,
D0594,di,
D0594,Kota,
D0594,Malang,
D0594,Puluhan,
D0594,kasus,
D0594,itu,
D0594,diungkap,
D0594,Satreskrim,
D0594,Polresta,
D0594,Malang,
D0594,Kota,
D0594,sejak,
D0594,AgustusSeptember,
D0594,2024,
D0594,Kapolresta,
D0594,Malang,
D0594,Kota,
D0594,Kombes,
D0594,Budi,
D0594,Hermanto,
D0594,mengatakan,
D0594,dari,
D0594,21,
D0594,kasus,
D0594,itu,
D0594,ada,
D0594,21,
D0594,tersangka,
D0594,yang,
D0594,diamankan,
D0594,Beberapa,
D0594,di,
D0594,antaranya,
D0594,masih,
D0594,di,
D0594,bawah,
D0594,umur,
D0594,Sebanyak,
D0594,21,
D0594,tersangka,
D0594,sudah,
D0594,kami,
D0594,amankan,
D0594,dan,
D0594,kasus,
D0594,mereka,
D0594,kini,
D0594,masuk,
D0594,dalam,
D0594,tahap,
D0594,penyidikan,
D0594,ujar,
D0594,Buher,
D0594,sapaan,
D0594,akrabnya,
D0594,saat,
D0594,konferensi,
D0594,pers,
D0594,Senin,
D0594,2392024,
D0594,SCROLL,
D0594,TO,
D0594,CONTINUE,
D0594,WITH,
D0594,CONTENT,
D0594,Puluhan,
D0594,tersangka,
D0594,itu,
D0594,terbagi,
D0594,beberapa,
D0594,kasus,
D0594,berbeda,
D0594,Dengan,
D0594,rincian,
D0594,5,
D0594,tersangka,
D0594,kasus,
D0594,pencurian,
D0594,dengan,
D0594,pemberatan,
D0594,1,
D0594,tersangka,
D0594,kasus,
D0594,judi,
D0594,2,
D0594,tersangka,
D0594,kasus,
D0594,pencurian,
D0594,Kemudian,
D0594,1,
D0594,tersangka,
D0594,penipuan,
D0594,pembelian,
D0594,tanah,
D0594,3,
D0594,tersangka,
D0594,penipuan,
D0594,dan,
D0594,penggelapan,
D0594,1,
D0594,tersangka,
D0594,penipuan,
D0594,1,
D0594,tersangka,
D0594,penggelapan,
D0594,dalam,
D0594,jabatan,
D0594,3,
D0594,tersangka,
D0594,penganiayaan,
D0594,1,
D0594,tersangka,
D0594,persetubuhan,
D0594,anak,
D0594,1,
D0594,tersangka,
D0594,pemerkosaan,
D0594,dan,
D0594,2,
D0594,tersangka,
D0594,perbuatan,
D0594,cabul,
D0594,terhadap,
D0594,anak,
D0594,Buher,
D0594,pun,
D0594,mengimbau,
D0594,kepada,
D0594,masyarakat,
D0594,untuk,
D0594,waspada,
D0594,dan,
D0594,berhatihati,
D0594,di,
D0594,manapun,
D0594,berada,
D0594,Sebab,
D0594,kejahatan,
D0594,atau,
D0594,tindak,
D0594,kriminal,
D0594,bisa,
D0594,terjadi,
D0594,dimana,
D0594,saja,
D0594,dan,
D0594,kapan,
D0594,saja,
D0594,Harapannya,
D0594,melalui,
D0594,ungkap,
D0594,kasus,
D0594,ini,
D0594,bisa,
D0594,menjadi,
D0594,contoh,
D0594,dan,
D0594,pembelajaran,
D0594,supaya,
D0594,masyarakat,
D0594,lebih,
D0594,berhatihati,
D0594,dan,
D0594,waspada,
D0594,kata,
D0594,dia,
D0594,Salah,
D0594,salah,
D0594,satunya,
D0594,jangan,
D0594,memakai,
D0594,perhiasan,
D0594,berlebih,
D0594,saat,
D0594,berada,
D0594,di,
D0594,tempat,
D0594,keramaian,
D0594,yang,
D0594,dapat,
D0594,menarik,
D0594,perhatian,
D0594,pelaku,
D0594,kejahatan,
D0594,Serta,
D0594,meletakkan,
D0594,parkir,
D0594,sepeda,
D0594,sembarangan,
D0594,sambungnya,
D0594,Dalam,
D0594,kasus,
D0594,ini,
D0594,para,
D0594,tersangka,
D0594,pencurian,
D0594,dijerat,
D0594,dengan,
D0594,pasal,
D0594,362,
D0594,dan,
D0594,pasal,
D0594,363,
D0594,KUHP,
D0594,dengan,
D0594,ancaman,
D0594,hukuman,
D0594,kurang,
D0594,lebih,
D0594,12,
D0594,tahun,
D0594,penjara,
D0594,Lalu,
D0594,tersangka,
D0594,penipuan,
D0594,dijerat,
D0594,dengan,
D0594,Pasal,
D0594,378,
D0594,dan,
D0594,372,
D0594,KUHP,
D0594,dengan,
D0594,ancaman,
D0594,4,
D0594,tahun,
D0594,penjara,
D0594,Kemudian,
D0594,kasus,
D0594,judi,
D0594,dijerat,
D0594,dengan,
D0594,Pasal,
D0594,27,
D0594,juncto,
D0594,45,
D0594,UU,
D0594,ITE,
D0594,atau,
D0594,Pasal,
D0594,303,
D0594,KUHP,
D0594,dengan,
D0594,ancaman,
D0594,10,
D0594,tahun,
D0594,penjara,
D0594,Lalu,
D0594,kasus,
D0594,penganiayaan,
D0594,dijerat,
D0594,dengan,
D0594,Pasal,
D0594,351,
D0594,KUHP,
D0594,dan,
D0594,untuk,
D0594,kasus,
D0594,pemerkosaan,
D0594,dijerat,
D0594,dengan,
D0594,Pasal,
D0594,82,
D0594,UU,
D0594,Perlindungan,
D0594,Anak,
D0594,dengan,
D0594,ancaman,
D0594,15,
D0594,tahun,
D0594,penjara,
D0595,Tujuh,
D0595,orang,
D0595,ditemukan,
D0595,tewas,
D0595,di,
D0595,Kali,
D0595,Bekasi,
D0595,Kota,
D0595,Bekasi,
D0595,Polisi,
D0595,menduga,
D0595,tujuh,
D0595,mayat,
D0595,itu,
D0595,merupakan,
D0595,orang,
D0595,yang,
D0595,sengaja,
D0595,menceburkan,
D0595,diri,
D0595,ke,
D0595,kali,
D0595,karena,
D0595,takut,
D0595,ada,
D0595,patroli,
D0595,polisi,
D0595,Kapolda,
D0595,Metro,
D0595,Jaya,
D0595,Irjen,
D0595,Karyoto,
D0595,menduga,
D0595,tujuh,
D0595,mayat,
D0595,itu,
D0595,terkait,
D0595,aksi,
D0595,tawuran,
D0595,Diakui,
D0595,Karyoto,
D0595,aksi,
D0595,tawuran,
D0595,di,
D0595,wilayah,
D0595,hukum,
D0595,Polda,
D0595,Metro,
D0595,Jaya,
D0595,cukup,
D0595,serius,
D0595,sehingga,
D0595,dilakukan,
D0595,patroli,
D0595,hingga,
D0595,dini,
D0595,hari,
D0595,Menurut,
D0595,informasi,
D0595,sekilas,
D0595,adalah,
D0595,bahwa,
D0595,ini,
D0595,adalah,
D0595,salah,
D0595,satu,
D0595,yang,
D0595,menjadi,
D0595,kemarin,
D0595,malam,
D0595,itu,
D0595,yang,
D0595,sudah,
D0595,bisa,
D0595,diambil,
D0595,keterangan,
D0595,memang,
D0595,mereka,
D0595,menceburkan,
D0595,diri,
D0595,ke,
D0595,sungai,
D0595,karena,
D0595,adanya,
D0595,ketakutan,
D0595,ketakutan,
D0595,adanya,
D0595,patroli,
D0595,yang,
D0595,lewat,
D0595,atau,
D0595,yang,
D0595,menegur,
D0595,menegurnya,
D0595,sejauh,
D0595,mana,
D0595,ini,
D0595,sedang,
D0595,kami,
D0595,dalami,
D0595,oleh,
D0595,rekanrekan,
D0595,kata,
D0595,Karyoto,
D0595,dikutip,
D0595,detikNews,
D0595,Minggu,
D0595,2292024,
D0595,SCROLL,
D0595,TO,
D0595,CONTINUE,
D0595,WITH,
D0595,CONTENT,
D0595,Menurut,
D0595,Irjen,
D0595,Karyoto,
D0595,langkah,
D0595,patroli,
D0595,yang,
D0595,dilakukan,
D0595,hingga,
D0595,dini,
D0595,hari,
D0595,untuk,
D0595,menekan,
D0595,angka,
D0595,tawuran,
D0595,yang,
D0595,disebutnya,
D0595,cukup,
D0595,serius,
D0595,Karena,
D0595,yang,
D0595,rekanrekan,
D0595,pahami,
D0595,kejadian,
D0595,tawuran,
D0595,di,
D0595,seluruh,
D0595,wilayah,
D0595,hukum,
D0595,Polda,
D0595,Metro,
D0595,itu,
D0595,cukup,
D0595,serius,
D0595,banyak,
D0595,sekali,
D0595,adikadik,
D0595,kita,
D0595,generasi,
D0595,muda,
D0595,dalam,
D0595,artian,
D0595,masih,
D0595,sangat,
D0595,muda,
D0595,yang,
D0595,jadi,
D0595,korban,
D0595,Jakarta,
D0595,Bekasi,
D0595,Depok,
D0595,itu,
D0595,banyak,
D0595,imbuhnya,
D0595,Sehingga,
D0595,kami,
D0595,langkah,
D0595,patroli,
D0595,ini,
D0595,sudah,
D0595,betul,
D0595,saya,
D0595,katakan,
D0595,patroli,
D0595,ini,
D0595,tidak,
D0595,salah,
D0595,dan,
D0595,kenapa,
D0595,patroli,
D0595,lewat,
D0595,sini,
D0595,karena,
D0595,memang,
D0595,patroli,
D0595,ini,
D0595,datangnya,
D0595,0300,
D0595,WIB,
D0595,tapi,
D0595,kalau,
D0595,orang,
D0595,normal,
D0595,dalam,
D0595,keadaan,
D0595,jamjam,
D0595,segitu,
D0595,tentunya,
D0595,istirahat,
D0595,dan,
D0595,ini,
D0595,juga,
D0595,anakanak,
D0595,yang,
D0595,masih,
D0595,di,
D0595,bawah,
D0595,umur,
D0595,dan,
D0595,ada,
D0595,juga,
D0595,sudah,
D0595,di,
D0595,atas,
D0595,18,
D0595,tahun,
D0595,memang,
D0595,tadi,
D0595,identifikasi,
D0595,belum,
D0595,kami,
D0595,temukan,
D0595,semua,
D0595,kata,
D0595,Karyoto,
D0595,Dia,
D0595,juga,
D0595,mengatakan,
D0595,mereka,
D0595,yang,
D0595,tewas,
D0595,itu,
D0595,bukan,
D0595,warga,
D0595,sekitar,
D0595,Diduga,
D0595,mereka,
D0595,merupakan,
D0595,warga,
D0595,Bantargebang,
D0595,Yang,
D0595,jelas,
D0595,anakanak,
D0595,ini,
D0595,bukan,
D0595,warga,
D0595,sekitar,
D0595,sini,
D0595,Bantargebang,
D0595,saya,
D0595,nggak,
D0595,tahu,
D0595,jaraknya,
D0595,sekitar,
D0595,2,
D0595,km,
D0595,yang,
D0595,dipertanyakan,
D0595,kenapa,
D0595,pukul,
D0595,0300,
D0595,adikadik,
D0595,ini,
D0595,masih,
D0595,di,
D0595,sini,
D0595,Secara,
D0595,pribadi,
D0595,saya,
D0595,prihatin,
D0595,ucapnya,
D0596,Polresta,
D0596,Kupang,
D0596,Kota,
D0596,Nusa,
D0596,Tenggara,
D0596,Timur,
D0596,NTT,
D0596,menetapkan,
D0596,Jems,
D0596,Muskanan,
D0596,Fola,
D0596,22,
D0596,dan,
D0596,Rifaldy,
D0596,Gasperz,
D0596,18,
D0596,sebagai,
D0596,tersangka,
D0596,kasus,
D0596,pencurian,
D0596,enam,
D0596,motor,
D0596,dua,
D0596,mesin,
D0596,kompresor,
D0596,dan,
D0596,satu,
D0596,mesin,
D0596,cuci,
D0596,motor,
D0596,di,
D0596,beberapa,
D0596,lokasi,
D0596,Awalnya,
D0596,kami,
D0596,tangkap,
D0596,tiga,
D0596,orang,
D0596,tetapi,
D0596,setelah,
D0596,penyelidikan,
D0596,lanjutan,
D0596,satu,
D0596,orang,
D0596,FMF,
D0596,tidak,
D0596,terbukti,
D0596,terkait,
D0596,dengan,
D0596,kasus,
D0596,ini,
D0596,Jadi,
D0596,dua,
D0596,orang,
D0596,lainnya,
D0596,yang,
D0596,kami,
D0596,tetapkan,
D0596,sebagai,
D0596,tersangka,
D0596,ujar,
D0596,Kasat,
D0596,Reskrim,
D0596,Polresta,
D0596,Kupang,
D0596,Kota,
D0596,AKP,
D0596,Marselus,
D0596,Yugo,
D0596,dalam,
D0596,konferensi,
D0596,pers,
D0596,di,
D0596,Mapolresta,
D0596,Kupang,
D0596,Kota,
D0596,Jumat,
D0596,2092024,
D0596,sore,
D0596,Marselus,
D0596,menjelaskan,
D0596,Jems,
D0596,dan,
D0596,Rifaldy,
D0596,disangkakan,
D0596,melanggar,
D0596,Pasal,
D0596,363,
D0596,Ayat,
D0596,1,
D0596,ke4e,
D0596,subsider,
D0596,Pasal,
D0596,362,
D0596,KUHP,
D0596,tentang,
D0596,pencurian,
D0596,dengan,
D0596,pemberatan,
D0596,Jems,
D0596,dan,
D0596,Rifaldy,
D0596,kini,
D0596,terancam,
D0596,hukuman,
D0596,hingga,
D0596,tujuh,
D0596,tahun,
D0596,penjara,
D0596,SCROLL,
D0596,TO,
D0596,CONTINUE,
D0596,WITH,
D0596,CONTENT,
D0596,Pada,
D0596,awal,
D0596,interogasi,
D0596,Jems,
D0596,sempat,
D0596,tidak,
D0596,mengakui,
D0596,perbuatannya,
D0596,Namun,
D0596,setelah,
D0596,penyelidikan,
D0596,lebih,
D0596,lanjut,
D0596,polisi,
D0596,menemukan,
D0596,barang,
D0596,bukti,
D0596,berupa,
D0596,enam,
D0596,motor,
D0596,tiga,
D0596,mesin,
D0596,kompresor,
D0596,dan,
D0596,satu,
D0596,gerinda,
D0596,Modus,
D0596,operandi,
D0596,mereka,
D0596,adalah,
D0596,berkeliling,
D0596,di,
D0596,sejumlah,
D0596,wilayah,
D0596,di,
D0596,Kota,
D0596,Kupang,
D0596,pada,
D0596,siang,
D0596,dan,
D0596,malam,
D0596,hari,
D0596,mencari,
D0596,sepeda,
D0596,motor,
D0596,yang,
D0596,terparkir,
D0596,tanpa,
D0596,pengawasan,
D0596,dan,
D0596,kuncinya,
D0596,tertinggal,
D0596,Kesempatan,
D0596,itulah,
D0596,yang,
D0596,dimanfaatkan,
D0596,oleh,
D0596,para,
D0596,tersangka,
D0596,untuk,
D0596,membawa,
D0596,kabur,
D0596,barang,
D0596,curiannya,
D0596,jelas,
D0596,Marselus,
D0596,Untuk,
D0596,menghilangkan,
D0596,identitas,
D0596,barang,
D0596,curian,
D0596,para,
D0596,tersangka,
D0596,menggunakan,
D0596,gerinda,
D0596,untuk,
D0596,merusak,
D0596,nomor,
D0596,rangka,
D0596,dan,
D0596,nomor,
D0596,mesin,
D0596,kendaraan,
D0596,tersebut,
D0596,Marselus,
D0596,menambahkan,
D0596,Jems,
D0596,dan,
D0596,Rifaldy,
D0596,mencuri,
D0596,untuk,
D0596,memenuhi,
D0596,kebutuhan,
D0596,seharihari,
D0596,seperti,
D0596,pakaian,
D0596,dan,
D0596,makanan,
D0596,Polisi,
D0596,masih,
D0596,menyelidiki,
D0596,apakah,
D0596,mereka,
D0596,terlibat,
D0596,dalam,
D0596,sindikat,
D0596,pencurian,
D0596,yang,
D0596,lebih,
D0596,besar,
D0596,Jika,
D0596,ditemukan,
D0596,bukti,
D0596,keterlibatan,
D0596,mereka,
D0596,dalam,
D0596,sindikat,
D0596,kami,
D0596,pasti,
D0596,akan,
D0596,mengungkapnya,
D0596,Jems,
D0596,juga,
D0596,mengaku,
D0596,pernah,
D0596,mencuri,
D0596,ayam,
D0596,dan,
D0596,kambing,
D0596,di,
D0596,luar,
D0596,Kota,
D0596,Kupang,
D0596,ungkap,
D0596,Marselus,
D0596,Sementara,
D0596,itu,
D0596,Jems,
D0596,mengakui,
D0596,tindakannya,
D0596,didorong,
D0596,oleh,
D0596,kebutuhan,
D0596,ekonomi,
D0596,Sebelumnya,
D0596,ia,
D0596,bekerja,
D0596,sebagai,
D0596,sopir,
D0596,angkot,
D0596,rute,
D0596,SikumanaOeba,
D0596,Barang,
D0596,hasil,
D0596,curiannya,
D0596,ia,
D0596,jual,
D0596,kepada,
D0596,kenalannya,
D0596,Saya,
D0596,mencuri,
D0596,untuk,
D0596,kebutuhan,
D0596,seharihari,
D0596,Saya,
D0596,menawarkan,
D0596,langsung,
D0596,barang,
D0596,curian,
D0596,kepada,
D0596,orang,
D0596,yang,
D0596,saya,
D0596,kenal,
D0596,Saya,
D0596,salah,
D0596,dan,
D0596,saya,
D0596,minta,
D0596,maaf,
D0596,ujar,
D0596,Jems,
D0596,Sebelumnya,
D0596,polisi,
D0596,menangkap,
D0596,tiga,
D0596,pemuda,
D0596,spesialis,
D0596,pencurian,
D0596,motor,
D0596,di,
D0596,Kupang,
D0596,Mereka,
D0596,ditangkap,
D0596,di,
D0596,Desa,
D0596,Tuppan,
D0596,Kecamatan,
D0596,Batu,
D0596,Putih,
D0596,Timor,
D0596,Tengah,
D0596,Selatan,
D0596,TTS,
D0596,Kami,
D0596,menangkap,
D0596,mereka,
D0596,karena,
D0596,mencuri,
D0596,enam,
D0596,sepeda,
D0596,motor,
D0596,satu,
D0596,mesin,
D0596,cuci,
D0596,motor,
D0596,dan,
D0596,dua,
D0596,mesin,
D0596,kompresor,
D0596,kata,
D0596,Kapolresta,
D0596,Kupang,
D0596,Kota,
D0596,Kombes,
D0596,Aldinan,
D0596,Manurung,
D0596,Rabu,
D0596,1892024,
D0596,Ketiga,
D0596,pelaku,
D0596,yang,
D0596,ditangkap,
D0596,adalah,
D0596,JMF,
D0596,22,
D0596,RG,
D0596,18,
D0596,dan,
D0596,FMF,
D0596,16,
D0596,Mereka,
D0596,diamankan,
D0596,pada,
D0596,Jumat,
D0596,1392024,
D0596,setelah,
D0596,polisi,
D0596,menerima,
D0596,dua,
D0596,laporan,
D0596,pada,
D0596,30,
D0596,Agustus,
D0596,dan,
D0596,12,
D0596,September,
D0596,2024,
D0596,Kejadian,
D0596,pertama,
D0596,terjadi,
D0596,pada,
D0596,10,
D0596,April,
D0596,2024,
D0596,ketika,
D0596,JMF,
D0596,mencuri,
D0596,mesin,
D0596,kompresor,
D0596,di,
D0596,sebuah,
D0596,tambal,
D0596,ban,
D0596,kosong,
D0596,di,
D0596,Kelurahan,
D0596,Manutapen,
D0596,Kecamatan,
D0596,Alak,
D0596,Kota,
D0596,Kupang,
D0596,Di,
D0596,hari,
D0596,yang,
D0596,sama,
D0596,ia,
D0596,juga,
D0596,mencuri,
D0596,mesin,
D0596,cuci,
D0596,motor,
D0596,di,
D0596,Kelurahan,
D0596,Oesao,
D0596,Kecamatan,
D0596,Kupang,
D0596,Timur,
D0596,Barangbarang,
D0596,ini,
D0596,dijual,
D0596,ke,
D0596,seorang,
D0596,penadah,
D0596,di,
D0596,Haukoto,
D0596,Kelurahan,
D0596,Fatukoa,
D0596,seharga,
D0596,Rp,
D0596,1,
D0596,juta,
D0596,untuk,
D0596,mesin,
D0596,kompresor,
D0596,dan,
D0596,Rp,
D0596,2,
D0596,juta,
D0596,untuk,
D0596,mesin,
D0596,cuci,
D0596,motor,
D0596,Pada,
D0596,25,
D0596,April,
D0596,2024,
D0596,JMF,
D0596,bersama,
D0596,FMF,
D0596,mencuri,
D0596,mesin,
D0596,kompresor,
D0596,di,
D0596,sebuah,
D0596,usaha,
D0596,meubel,
D0596,di,
D0596,Kelurahan,
D0596,Oesao,
D0596,dan,
D0596,menjualnya,
D0596,seharga,
D0596,Rp,
D0596,1,
D0596,juta,
D0596,Aksi,
D0596,pencurian,
D0596,mereka,
D0596,berlanjut,
D0596,hingga,
D0596,10,
D0596,Juni,
D0596,2024,
D0596,di,
D0596,mana,
D0596,mereka,
D0596,berhasil,
D0596,mencuri,
D0596,dua,
D0596,motor,
D0596,Honda,
D0596,Supra,
D0596,Fit,
D0596,di,
D0596,Kelurahan,
D0596,Batu,
D0596,Plat,
D0596,dan,
D0596,Oebufu,
D0596,Mereka,
D0596,kembali,
D0596,beraksi,
D0596,pada,
D0596,29,
D0596,Agustus,
D0596,malam,
D0596,mencuri,
D0596,motor,
D0596,di,
D0596,Kelurahan,
D0596,Maulafa,
D0596,yang,
D0596,kuncinya,
D0596,tertinggal,
D0596,di,
D0596,motor,
D0596,Motormotor,
D0596,curian,
D0596,tersebut,
D0596,dijual,
D0596,kepada,
D0596,tiga,
D0596,penadah,
D0596,di,
D0596,Kelurahan,
D0596,Naibona,
D0596,dengan,
D0596,harga,
D0596,bervariasi,
D0596,antara,
D0596,Rp,
D0596,15,
D0596,juta,
D0596,hingga,
D0596,Rp,
D0596,2,
D0596,juta,
D0596,Pada,
D0596,11,
D0596,September,
D0596,2024,
D0596,JMF,
D0596,mengajak,
D0596,RG,
D0596,untuk,
D0596,mencuri,
D0596,motor,
D0596,Yamaha,
D0596,Mio,
D0596,di,
D0596,Kelurahan,
D0596,Oebufu,
D0596,Namun,
D0596,motor,
D0596,tersebut,
D0596,belum,
D0596,sempat,
D0596,dijual,
D0596,Keesokan,
D0596,harinya,
D0596,mereka,
D0596,mencuri,
D0596,motor,
D0596,Mio,
D0596,Sporty,
D0596,di,
D0596,Jalur,
D0596,40,
D0596,Kelurahan,
D0596,Sikumana,
D0596,Motor,
D0596,ini,
D0596,juga,
D0596,belum,
D0596,sempat,
D0596,dijual,
D0596,Untuk,
D0596,menghilangkan,
D0596,jejak,
D0596,pelaku,
D0596,menggerinda,
D0596,nomor,
D0596,mesin,
D0596,dan,
D0596,rangka,
D0596,motor,
D0596,curian,
D0596,Aldinan,
D0596,mengungkapkan,
D0596,bahwa,
D0596,pihaknya,
D0596,masih,
D0596,memeriksa,
D0596,para,
D0596,tersangka,
D0596,untuk,
D0596,menentukan,
D0596,status,
D0596,hukum,
D0596,mereka,
D0596,lebih,
D0596,lanjut,
D0597,Polisi,
D0597,mengungkap,
D0597,kronologi,
D0597,pemerkosaan,
D0597,dan,
D0597,pembunuhan,
D0597,terhadap,
D0597,gadis,
D0597,penjual,
D0597,gorengan,
D0597,bernama,
D0597,Nia,
D0597,Kurnia,
D0597,Sari,
D0597,18,
D0597,di,
D0597,Padang,
D0597,Pariaman,
D0597,Sumatera,
D0597,Barat,
D0597,Sumbar,
D0597,Pelaku,
D0597,Indra,
D0597,Septiawan,
D0597,26,
D0597,sempat,
D0597,membeli,
D0597,gorengan,
D0597,korban,
D0597,sebelum,
D0597,melakukan,
D0597,aksi,
D0597,bejatnya,
D0597,Hal,
D0597,itu,
D0597,disampaikan,
D0597,Kapolda,
D0597,Sumatera,
D0597,Barat,
D0597,Sumbar,
D0597,Irjen,
D0597,Suharyono,
D0597,saat,
D0597,konferensi,
D0597,pers,
D0597,kasus,
D0597,pembunuhan,
D0597,tersebut,
D0597,di,
D0597,Mapolres,
D0597,Padang,
D0597,Pariaman,
D0597,Tersangka,
D0597,Indra,
D0597,bersama,
D0597,tiga,
D0597,rekannya,
D0597,sempat,
D0597,membeli,
D0597,gorengan,
D0597,korban,
D0597,dan,
D0597,saat,
D0597,itulah,
D0597,muncul,
D0597,niat,
D0597,jahat,
D0597,pelaku,
D0597,memperkosa,
D0597,korban,
D0597,Pada,
D0597,saat,
D0597,hari,
D0597,kejadian,
D0597,korban,
D0597,menjualkan,
D0597,gorengan,
D0597,ke,
D0597,rumahrumah,
D0597,Saat,
D0597,itu,
D0597,tersangka,
D0597,bersama,
D0597,tiga,
D0597,orang,
D0597,rekannya,
D0597,membeli,
D0597,gorengan,
D0597,korban,
D0597,Di,
D0597,saat,
D0597,itu,
D0597,muncul,
D0597,niat,
D0597,tersangka,
D0597,untuk,
D0597,memperkosa,
D0597,kata,
D0597,Suharyono,
D0597,Jumat,
D0597,2092024,
D0597,SCROLL,
D0597,TO,
D0597,CONTINUE,
D0597,WITH,
D0597,CONTENT,
D0597,Kemudian,
D0597,tersangka,
D0597,berpisah,
D0597,dengan,
D0597,tiga,
D0597,rekannya,
D0597,dan,
D0597,mengikuti,
D0597,korban,
D0597,lalu,
D0597,menghadang,
D0597,korban,
D0597,yang,
D0597,hendak,
D0597,pulang,
D0597,ke,
D0597,rumah,
D0597,Di,
D0597,situ,
D0597,pelaku,
D0597,sudah,
D0597,mempersiapkan,
D0597,tali,
D0597,rapia,
D0597,untuk,
D0597,menyekap,
D0597,korban,
D0597,Pelaku,
D0597,ini,
D0597,mengikuti,
D0597,dan,
D0597,menghadang,
D0597,korban,
D0597,disalah,
D0597,satu,
D0597,tempat,
D0597,Dan,
D0597,juga,
D0597,niat,
D0597,pidana,
D0597,perkosa,
D0597,itu,
D0597,terjadi,
D0597,Saat,
D0597,itu,
D0597,korban,
D0597,disekap,
D0597,dan,
D0597,mulut,
D0597,ditutup,
D0597,oleh,
D0597,tersangka,
D0597,dan,
D0597,dibawa,
D0597,di,
D0597,atas,
D0597,Bukit,
D0597,ungkapnya,
D0597,Di,
D0597,atas,
D0597,bukit,
D0597,itulah,
D0597,pelaku,
D0597,melakukan,
D0597,aksi,
D0597,bejatnya,
D0597,Pelaku,
D0597,memperkosa,
D0597,korban,
D0597,dan,
D0597,menutup,
D0597,mulut,
D0597,korban,
D0597,hingga,
D0597,kehabisan,
D0597,napas,
D0597,Saat,
D0597,korban,
D0597,disekap,
D0597,dan,
D0597,diperkosa,
D0597,mulut,
D0597,korban,
D0597,ditutup,
D0597,oleh,
D0597,tersangka,
D0597,Diduga,
D0597,korban,
D0597,kehabisan,
D0597,napas,
D0597,saat,
D0597,mulut,
D0597,ditutup,
D0597,itu,
D0597,jelasnya,
D0597,Usai,
D0597,memperkosa,
D0597,korban,
D0597,dan,
D0597,mendapati,
D0597,korban,
D0597,tewas,
D0597,tersangka,
D0597,membawa,
D0597,korban,
D0597,berjarak,
D0597,300,
D0597,meter,
D0597,dari,
D0597,lokasi,
D0597,pemerkosaan,
D0597,dan,
D0597,menguburkannya,
D0597,dengan,
D0597,kedalaman,
D0597,1,
D0597,meter,
D0597,Setelah,
D0597,korban,
D0597,ini,
D0597,dilihatnya,
D0597,sudah,
D0597,tidak,
D0597,sadarkan,
D0597,diri,
D0597,Dia,
D0597,membawa,
D0597,korban,
D0597,berjarak,
D0597,300,
D0597,meter,
D0597,dari,
D0597,atas,
D0597,bukit,
D0597,untuk,
D0597,di,
D0597,kuburkan,
D0597,Kedalaman,
D0597,tanah,
D0597,untuk,
D0597,di,
D0597,kuburkan,
D0597,itu,
D0597,sedalam,
D0597,1,
D0597,meter,
D0597,Sementara,
D0597,keterangan,
D0597,awal,
D0597,pelaku,
D0597,dia,
D0597,hanya,
D0597,berniat,
D0597,memperkosa,
D0597,bukan,
D0597,untuk,
D0597,membunuh,
D0597,korban,
D0597,ungkapnya,
D0598,Dua,
D0598,pria,
D0598,mencuri,
D0598,tas,
D0598,sekeluarga,
D0598,yang,
D0598,yang,
D0598,tengah,
D0598,istirahat,
D0598,di,
D0598,musala,
D0598,SPBU,
D0598,di,
D0598,Kota,
D0598,Pematangsiantar,
D0598,Sumatera,
D0598,Utara,
D0598,Sumut,
D0598,Keduanya,
D0598,pun,
D0598,kini,
D0598,telah,
D0598,ditangkap,
D0598,Kanit,
D0598,Reskrim,
D0598,Polsek,
D0598,Siantar,
D0598,Utara,
D0598,Ipda,
D0598,Marlon,
D0598,Hutahaean,
D0598,mengatakan,
D0598,kedua,
D0598,pelaku,
D0598,yakni,
D0598,adalah,
D0598,RES,
D0598,23,
D0598,dan,
D0598,JNN,
D0598,23,
D0598,Keduanya,
D0598,ditangkap,
D0598,pada,
D0598,Rabu,
D0598,1892024,
D0598,dini,
D0598,hari,
D0598,Saat,
D0598,ini,
D0598,kedua,
D0598,pelaku,
D0598,yakni,
D0598,RES,
D0598,dan,
D0598,JNN,
D0598,sudah,
D0598,diamankan,
D0598,guna,
D0598,diproses,
D0598,dengan,
D0598,memersangkakan,
D0598,melakukan,
D0598,tindak,
D0598,pidana,
D0598,pencurian,
D0598,kata,
D0598,Marlon,
D0598,Kamis,
D0598,199,
D0598,SCROLL,
D0598,TO,
D0598,CONTINUE,
D0598,WITH,
D0598,CONTENT,
D0598,Marlon,
D0598,menyebut,
D0598,pencurian,
D0598,itu,
D0598,terjadi,
D0598,di,
D0598,musala,
D0598,SPBU,
D0598,di,
D0598,Jalan,
D0598,Sisingamangaraja,
D0598,Kecamatan,
D0598,Siantar,
D0598,Utara,
D0598,Selasa,
D0598,179,
D0598,sekira,
D0598,pukul,
D0598,0430,
D0598,WIB,
D0598,Saat,
D0598,itu,
D0598,korban,
D0598,Alri,
D0598,Pohan,
D0598,30,
D0598,tengah,
D0598,mengendarai,
D0598,sepeda,
D0598,motor,
D0598,bersama,
D0598,istri,
D0598,dan,
D0598,anaknya,
D0598,memutuskan,
D0598,untuk,
D0598,berisitirahat,
D0598,di,
D0598,musala,
D0598,SPBU,
D0598,itu,
D0598,setelah,
D0598,melakukan,
D0598,perjalanan,
D0598,dari,
D0598,Kisaran,
D0598,Lalu,
D0598,sekira,
D0598,pukul,
D0598,0600,
D0598,WIB,
D0598,korban,
D0598,terbangun,
D0598,dan,
D0598,melihat,
D0598,tas,
D0598,berisi,
D0598,uang,
D0598,sekitar,
D0598,Rp,
D0598,300,
D0598,ribu,
D0598,dan,
D0598,handphone,
D0598,miliknya,
D0598,telah,
D0598,hilang,
D0598,Setelah,
D0598,dicek,
D0598,tas,
D0598,milik,
D0598,istri,
D0598,korban,
D0598,yang,
D0598,hanya,
D0598,berisi,
D0598,kartu,
D0598,ATM,
D0598,juga,
D0598,ikut,
D0598,hilang,
D0598,Korban,
D0598,pun,
D0598,membangunkan,
D0598,istrinya,
D0598,untuk,
D0598,mempertanyakan,
D0598,keberadaan,
D0598,hp,
D0598,dan,
D0598,tasnya,
D0598,tetapi,
D0598,istrinya,
D0598,tidak,
D0598,mengetahuinya,
D0598,Bahkan,
D0598,istrinya,
D0598,juga,
D0598,terkejut,
D0598,melihat,
D0598,tasnya,
D0598,pun,
D0598,sudah,
D0598,turut,
D0598,hilang,
D0598,ujarnya,
D0598,Korban,
D0598,lalu,
D0598,berlari,
D0598,keluar,
D0598,untuk,
D0598,menanyakan,
D0598,soal,
D0598,tasnya,
D0598,itu,
D0598,Lalu,
D0598,salah,
D0598,seorang,
D0598,warga,
D0598,di,
D0598,lokasi,
D0598,mengatakan,
D0598,bahwa,
D0598,dirinya,
D0598,menemukan,
D0598,tas,
D0598,di,
D0598,dalam,
D0598,kamar,
D0598,mandi,
D0598,Saat,
D0598,dicek,
D0598,tas,
D0598,tersebut,
D0598,merupakan,
D0598,tas,
D0598,korban,
D0598,Namun,
D0598,isi,
D0598,tas,
D0598,tersebut,
D0598,hanya,
D0598,tersisa,
D0598,STNK,
D0598,dan,
D0598,kunci,
D0598,sepeda,
D0598,motornya,
D0598,Atas,
D0598,kejadian,
D0598,itu,
D0598,korban,
D0598,membuat,
D0598,laporan,
D0598,ke,
D0598,Polsek,
D0598,Siantar,
D0598,Utara,
D0598,Pihak,
D0598,kepolisian,
D0598,yang,
D0598,menerima,
D0598,laporan,
D0598,itu,
D0598,langsung,
D0598,menyelidikinya,
D0598,hingga,
D0598,akhirnya,
D0598,mengamankan,
D0598,kedua,
D0598,pelaku,
D0598,di,
D0598,Jalan,
D0598,Rakutta,
D0598,Sembiring,
D0598,Kecamatan,
D0598,Siantar,
D0598,Martoba,
D0598,Dari,
D0598,pelaku,
D0598,petugas,
D0598,menyita,
D0598,hp,
D0598,korban,
D0598,dan,
D0598,uang,
D0598,sebesar,
D0598,Rp,
D0598,100,
D0598,ribu,
D0598,sisa,
D0598,uang,
D0598,korban,
D0598,Usai,
D0598,ditangkap,
D0598,pelaku,
D0598,diboyong,
D0598,ke,
D0598,kantor,
D0598,polisi,
D0598,untuk,
D0598,proses,
D0598,pemeriksaan,
D0598,lebih,
D0598,lanjut,
D0598,Saat,
D0598,diinterogasi,
D0598,kedua,
D0598,pelaku,
D0598,mengakui,
D0598,perbuatannya,
D0598,pungkasnya,
D0599,Agen,
D0599,perbankan,
D0599,di,
D0599,Jalan,
D0599,Raya,
D0599,Arjasari,
D0599,Kampung,
D0599,Cijaringao,
D0599,Desa,
D0599,Lebakwangi,
D0599,Kecamatan,
D0599,Arjasari,
D0599,Kabupaten,
D0599,Bandung,
D0599,menjadi,
D0599,sasaran,
D0599,perampokan,
D0599,Uang,
D0599,Rp,
D0599,110,
D0599,juta,
D0599,raib,
D0599,dicuri,
D0599,Dalam,
D0599,kejadian,
D0599,ini,
D0599,pelaku,
D0599,berhasil,
D0599,ditangkap,
D0599,polisi,
D0599,Dari,
D0599,hasil,
D0599,penyelidikan,
D0599,aksi,
D0599,pencurian,
D0599,yang,
D0599,dilakukan,
D0599,pelaku,
D0599,karena,
D0599,terjerat,
D0599,utang,
D0599,puluhan,
D0599,juta,
D0599,Berikut,
D0599,5,
D0599,Fakta,
D0599,kejadian,
D0599,ini,
D0599,SCROLL,
D0599,TO,
D0599,CONTINUE,
D0599,WITH,
D0599,CONTENT,
D0599,Kejadian,
D0599,perampokan,
D0599,agen,
D0599,perbankan,
D0599,ini,
D0599,terjadi,
D0599,pada,
D0599,Rabu,
D0599,tanggal,
D0599,11,
D0599,September,
D0599,2024,
D0599,pagi,
D0599,dan,
D0599,pada,
D0599,saat,
D0599,itu,
D0599,wilayah,
D0599,Arjasari,
D0599,sedang,
D0599,diguyur,
D0599,hujan,
D0599,Seorang,
D0599,wanita,
D0599,muda,
D0599,berinisial,
D0599,SA,
D0599,24,
D0599,membuka,
D0599,toko,
D0599,sekaligus,
D0599,dijadikan,
D0599,sebagai,
D0599,tempat,
D0599,agen,
D0599,perbankan,
D0599,Saat,
D0599,sibuk,
D0599,beresberes,
D0599,di,
D0599,tokonya,
D0599,tidak,
D0599,lama,
D0599,seorang,
D0599,pria,
D0599,datang,
D0599,SA,
D0599,mengira,
D0599,jika,
D0599,pria,
D0599,itu,
D0599,akan,
D0599,melakukan,
D0599,transaksi,
D0599,namun,
D0599,tak,
D0599,disangka,
D0599,jika,
D0599,pria,
D0599,yang,
D0599,mengenakan,
D0599,helm,
D0599,berjaket,
D0599,dan,
D0599,bercelana,
D0599,panjang,
D0599,itu,
D0599,datang,
D0599,untuk,
D0599,melakukan,
D0599,aksi,
D0599,kejahatan,
D0599,Dalam,
D0599,kejadian,
D0599,ini,
D0599,pelaku,
D0599,berhasil,
D0599,mencuri,
D0599,uang,
D0599,Rp,
D0599,110,
D0599,juta,
D0599,selain,
D0599,itu,
D0599,pelaku,
D0599,sempat,
D0599,mencekik,
D0599,dan,
D0599,menodongkan,
D0599,senjata,
D0599,tajam,
D0599,kepada,
D0599,AS,
D0599,Rekaman,
D0599,CCTV,
D0599,aksi,
D0599,pencurian,
D0599,ini,
D0599,beredar,
D0599,dan,
D0599,viral,
D0599,di,
D0599,media,
D0599,sosial,
D0599,medsos,
D0599,polisi,
D0599,pun,
D0599,bergerak,
D0599,cepat,
D0599,untuk,
D0599,mengungkap,
D0599,kasus,
D0599,ini,
D0599,kurang,
D0599,dari,
D0599,24,
D0599,jam,
D0599,pelaku,
D0599,inisial,
D0599,AR,
D0599,42,
D0599,berhasil,
D0599,ditangkap,
D0599,Satreskrim,
D0599,Polresta,
D0599,Bandung,
D0599,Kapolresta,
D0599,Bandung,
D0599,Kombes,
D0599,Kusworo,
D0599,Wibowo,
D0599,mengatakan,
D0599,AR,
D0599,sudah,
D0599,ditetapkan,
D0599,sebagai,
D0599,tersangka,
D0599,Polresta,
D0599,Bandung,
D0599,berhasil,
D0599,mengungkap,
D0599,kasus,
D0599,perampokan,
D0599,pencurian,
D0599,dengan,
D0599,kekerasan,
D0599,dalam,
D0599,kurun,
D0599,waktu,
D0599,18,
D0599,jam,
D0599,sejak,
D0599,kejadian,
D0599,ya,
D0599,terjadi,
D0599,di,
D0599,Kecamatan,
D0599,Arjasari,
D0599,di,
D0599,wilayah,
D0599,Kabupaten,
D0599,Bandung,
D0599,pada,
D0599,tanggal,
D0599,11,
D0599,September,
D0599,tepatnya,
D0599,pukul,
D0599,0600,
D0599,WIB,
D0599,ujar,
D0599,Kusworo,
D0599,di,
D0599,Mapolresta,
D0599,Bandung,
D0599,Soreang,
D0599,Kusworo,
D0599,mengungkapkan,
D0599,aksi,
D0599,AR,
D0599,yang,
D0599,viral,
D0599,di,
D0599,jagat,
D0599,maya,
D0599,itu,
D0599,Awalnya,
D0599,perempuan,
D0599,yang,
D0599,menjadi,
D0599,korban,
D0599,SA,
D0599,24,
D0599,membuka,
D0599,gerai,
D0599,agen,
D0599,perbankan,
D0599,Tibatiba,
D0599,AR,
D0599,datang,
D0599,dan,
D0599,langsung,
D0599,menghampiri,
D0599,SA,
D0599,Kemudian,
D0599,dengan,
D0599,menggunakan,
D0599,senjata,
D0599,tajam,
D0599,itu,
D0599,menghampiri,
D0599,korban,
D0599,kemudian,
D0599,melakukan,
D0599,pencekikan,
D0599,dan,
D0599,menodong,
D0599,senjata,
D0599,tajamnya,
D0599,tersebut,
D0599,kepada,
D0599,korban,
D0599,katanya,
D0599,Kusworo,
D0599,menuturkan,
D0599,setelah,
D0599,itu,
D0599,tersangka,
D0599,mengambil,
D0599,uang,
D0599,senilai,
D0599,Rp,
D0599,110,
D0599,juta,
D0599,Setelah,
D0599,itu,
D0599,tersangka,
D0599,langsung,
D0599,melarikan,
D0599,diri,
D0599,dengan,
D0599,menggunakan,
D0599,sepeda,
D0599,motprnya,
D0599,Kemudian,
D0599,korban,
D0599,melaporkan,
D0599,ke,
D0599,polsek,
D0599,ke,
D0599,polres,
D0599,dan,
D0599,langsung,
D0599,dilakukan,
D0599,pencarian,
D0599,penyelidikan,
D0599,oleh,
D0599,Sat,
D0599,Reskrim,
D0599,Polresta,
D0599,Bandung,
D0599,jelasnya,
D0599,Pihaknya,
D0599,mengaku,
D0599,langsung,
D0599,melakukan,
D0599,penyelidikan,
D0599,dan,
D0599,mendapatkan,
D0599,identitas,
D0599,pelaku,
D0599,Sehingga,
D0599,pelaku,
D0599,bisa,
D0599,diamankan,
D0599,di,
D0599,kediamannya,
D0599,masih,
D0599,di,
D0599,Kecamatan,
D0599,Arjasari,
D0599,Dalam,
D0599,kejadian,
D0599,ini,
D0599,Kusworo,
D0599,menyebutkan,
D0599,untuk,
D0599,motif,
D0599,AR,
D0599,nekat,
D0599,menggasak,
D0599,ratusan,
D0599,juta,
D0599,hingga,
D0599,mencekik,
D0599,korbannya,
D0599,Motifnya,
D0599,ekonomi,
D0599,motifnya,
D0599,uang,
D0599,Dimana,
D0599,yang,
D0599,bersangkutan,
D0599,tersangka,
D0599,ini,
D0599,terjerat,
D0599,hutang,
D0599,ujar,
D0599,Kusworo,
D0599,Tersangka,
D0599,memiliki,
D0599,utang,
D0599,mencapai,
D0599,Rp,
D0599,40,
D0599,juta,
D0599,Dengan,
D0599,alasan,
D0599,itu,
D0599,tersangka,
D0599,nekat,
D0599,melakukan,
D0599,aksi,
D0599,pencurian,
D0599,tersebut,
D0599,Totaltotal,
D0599,utangnya,
D0599,bisa,
D0599,mencapai,
D0599,Rp40,
D0599,juta,
D0599,dan,
D0599,berdasarkan,
D0599,uang,
D0599,yang,
D0599,dia,
D0599,rampok,
D0599,itu,
D0599,bisa,
D0599,melunasi,
D0599,hutanghutangnya,
D0599,dan,
D0599,untuk,
D0599,biaya,
D0599,kebutuhan,
D0599,pribadi,
D0599,lainnya,
D0599,katanya,
D0599,Pihaknya,
D0599,menjelaskan,
D0599,tersangka,
D0599,berhasil,
D0599,menggasak,
D0599,uang,
D0599,dari,
D0599,agen,
D0599,bank,
D0599,tersebut,
D0599,senilai,
D0599,Rp,
D0599,110,
D0599,juta,
D0599,Setelah,
D0599,itu,
D0599,tersangka,
D0599,telah,
D0599,menggunakan,
D0599,uang,
D0599,hasil,
D0599,pencurian,
D0599,tersebut,
D0599,sebagian,
D0599,Untuk,
D0599,uangnya,
D0599,sendiri,
D0599,Rp110,
D0599,juta,
D0599,yang,
D0599,diambil,
D0599,dari,
D0599,korban,
D0599,dan,
D0599,beberapa,
D0599,masih,
D0599,ada,
D0599,padanya,
D0599,kita,
D0599,bisa,
D0599,kuasai,
D0599,dan,
D0599,yang,
D0599,sudah,
D0599,dibayarkan,
D0599,tentunya,
D0599,akan,
D0599,kami,
D0599,telusuri,
D0599,Sehingga,
D0599,insya,
D0599,Allah,
D0599,bisa,
D0599,segera,
D0599,kita,
D0599,informasikan,
D0599,kepada,
D0599,korban,
D0599,tentang,
D0599,berapa,
D0599,uang,
D0599,yang,
D0599,bisa,
D0599,diselamatkan,
D0599,dari,
D0599,tersangka,
D0599,jelasnya,
D0599,Kusworo,
D0599,menerangkan,
D0599,tersangka,
D0599,juga,
D0599,berupaya,
D0599,untuk,
D0599,menghilangkan,
D0599,barang,
D0599,bukti,
D0599,saat,
D0599,dilakukan,
D0599,penangkapan,
D0599,Barang,
D0599,bukti,
D0599,tersebut,
D0599,yang,
D0599,digunakan,
D0599,tersangka,
D0599,saat,
D0599,melakukan,
D0599,aksi,
D0599,pencurian,
D0599,Tersangka,
D0599,membakar,
D0599,peralatanperalatan,
D0599,yang,
D0599,dia,
D0599,gunakan,
D0599,pada,
D0599,saat,
D0599,melakukan,
D0599,perampokan,
D0599,Di,
D0599,antaranya,
D0599,adalah,
D0599,jas,
D0599,hujannya,
D0599,kemudian,
D0599,celana,
D0599,dan,
D0599,juga,
D0599,masker,
D0599,dan,
D0599,lain,
D0599,sebagainya,
D0599,Itu,
D0599,dilakukan,
D0599,untuk,
D0599,mengaburkan,
D0599,identitas,
D0599,yang,
D0599,bersangkutan,
D0599,sebagai,
D0599,pelaku,
D0599,kejahatan,
D0599,pada,
D0599,tanggal,
D0599,11,
D0599,September,
D0599,tersebut,
D0599,terangnya,
D0599,Atas,
D0599,perbuatannya,
D0599,tersangka,
D0599,dijerat,
D0599,dengan,
D0599,pasal,
D0599,365,
D0599,KUHP,
D0599,pencurian,
D0599,dengan,
D0599,kekerasan,
D0599,dengan,
D0599,ancaman,
D0599,hukuman,
D0599,sembilan,
D0599,tahun,
D0599,pidana,
D0599,penjara,
D0600,Pelaku,
D0600,pembunuhan,
D0600,ibu,
D0600,muda,
D0600,Siti,
D0600,Oktaviani,
D0600,21,
D0600,yang,
D0600,dilakukan,
D0600,suaminya,
D0600,berinisial,
D0600,D,
D0600,30,
D0600,masih,
D0600,berkeliaran,
D0600,Pelaku,
D0600,saat,
D0600,ini,
D0600,masih,
D0600,dalam,
D0600,pengejaran,
D0600,pihak,
D0600,kepolisian,
D0600,Dari,
D0600,dua,
D0600,foto,
D0600,yang,
D0600,diterima,
D0600,detikJabar,
D0600,pelaku,
D0600,mengenakan,
D0600,jaket,
D0600,kulit,
D0600,dan,
D0600,topi,
D0600,berwarna,
D0600,hitam,
D0600,Ada,
D0600,juga,
D0600,foto,
D0600,pelaku,
D0600,yang,
D0600,memperlihatkan,
D0600,badan,
D0600,pelaku,
D0600,dipenuhi,
D0600,tato,
D0600,dari,
D0600,bagian,
D0600,dada,
D0600,hingga,
D0600,kedua,
D0600,lengannya,
D0600,detikJabar,
D0600,mengkonfirmasi,
D0600,kebenaran,
D0600,kedua,
D0600,foto,
D0600,yang,
D0600,beredar,
D0600,ke,
D0600,warga,
D0600,sekitar,
D0600,Deny,
D0600,ketua,
D0600,RT,
D0600,tempat,
D0600,tinggal,
D0600,korban,
D0600,membenarkan,
D0600,jika,
D0600,sosok,
D0600,yang,
D0600,ada,
D0600,di,
D0600,foto,
D0600,itu,
D0600,merupakan,
D0600,pelaku,
D0600,pembunuhan,
D0600,korban,
D0600,SCROLL,
D0600,TO,
D0600,CONTINUE,
D0600,WITH,
D0600,CONTENT,
D0600,Iya,
D0600,betul,
D0600,kata,
D0600,Deny,
D0600,kepada,
D0600,detikJabar,
D0600,Jumat,
D0600,1392024,
D0600,Seperti,
D0600,diketahui,
D0600,korban,
D0600,dan,
D0600,pelaku,
D0600,menikah,
D0600,pada,
D0600,Bulan,
D0600,Agustus,
D0600,2023,
D0600,lalu,
D0600,dan,
D0600,mengontrak,
D0600,rumah,
D0600,di,
D0600,Ciwastra,
D0600,Kelurahan,
D0600,Margasari,
D0600,Kecamatan,
D0600,Buahbatu,
D0600,Deny,
D0600,menyebut,
D0600,jika,
D0600,pelaku,
D0600,berprofesi,
D0600,sopir,
D0600,angkot,
D0600,dan,
D0600,buruh,
D0600,serabutan,
D0600,Dia,
D0600,warga,
D0600,Ciganitri,
D0600,nikah,
D0600,dengan,
D0600,korban,
D0600,tahun,
D0600,lalu,
D0600,tinggal,
D0600,di,
D0600,sini,
D0600,ngontrak,
D0600,rumah,
D0600,ngontraknya,
D0600,dekat,
D0600,rumah,
D0600,ibu,
D0600,korban,
D0600,sebutnya,
D0600,Disinggung,
D0600,terkait,
D0600,sosok,
D0600,pelaku,
D0600,Deny,
D0600,menyebut,
D0600,jika,
D0600,pelaku,
D0600,tidak,
D0600,berbaur,
D0600,dengan,
D0600,warga,
D0600,sekitar,
D0600,Tidak,
D0600,tidak,
D0600,dekat,
D0600,dengan,
D0600,warga,
D0600,sini,
D0600,ujarnya,
D0600,Sebelumnya,
D0600,diberitakan,
D0600,seorang,
D0600,ibu,
D0600,muda,
D0600,ditemukan,
D0600,tewas,
D0600,bersimbah,
D0600,darah,
D0600,di,
D0600,rumah,
D0600,kontrakannya,
D0600,Ibu,
D0600,muda,
D0600,bernama,
D0600,Siti,
D0600,Oktaviani,
D0600,tersebut,
D0600,diduga,
D0600,dihabisi,
D0600,oleh,
D0600,suaminya,
D0600,Pelaku,
D0600,saat,
D0600,ini,
D0600,masih,
D0600,buron,
D0600,dan,
D0600,dalam,
D0600,pengejaran,
D0600,polisi,
D0601,Seorang,
D0601,remaja,
D0601,berusia,
D0601,16,
D0601,tahun,
D0601,di,
D0601,Denpasar,
D0601,Bali,
D0601,berulah,
D0601,meresahkan,
D0601,Remaja,
D0601,pria,
D0601,berinisial,
D0601,HA,
D0601,itu,
D0601,berkomplot,
D0601,mencuri,
D0601,lima,
D0601,motor,
D0601,di,
D0601,lima,
D0601,lokasi,
D0601,berbeda,
D0601,HA,
D0601,ditangkap,
D0601,polisi,
D0601,pada,
D0601,Jumat,
D0601,pekan,
D0601,lalu,
D0601,Dia,
D0601,ditangkap,
D0601,petugas,
D0601,lantaran,
D0601,mencuri,
D0601,sepeda,
D0601,motor,
D0601,rusak,
D0601,yang,
D0601,terparkir,
D0601,di,
D0601,Jalan,
D0601,Gumitir,
D0601,Kesiman,
D0601,Denpasar,
D0601,Timur,
D0601,Total,
D0601,ada,
D0601,lima,
D0601,motor,
D0601,yang,
D0601,dicuri,
D0601,HA,
D0601,bersama,
D0601,rekannya,
D0601,yang,
D0601,kini,
D0601,buron,
D0601,Kami,
D0601,telah,
D0601,mengamakan,
D0601,seorang,
D0601,lakilaki,
D0601,diduga,
D0601,pelaku,
D0601,pencurian,
D0601,kata,
D0601,Kepala,
D0601,Seksi,
D0601,Kasi,
D0601,Humas,
D0601,Polresta,
D0601,Denpasar,
D0601,I,
D0601,Ketut,
D0601,Sukadi,
D0601,dalam,
D0601,keterangannya,
D0601,Rabu,
D0601,1192024,
D0601,SCROLL,
D0601,TO,
D0601,CONTINUE,
D0601,WITH,
D0601,CONTENT,
D0601,Sukadi,
D0601,mengatakan,
D0601,HA,
D0601,terciduk,
D0601,setelah,
D0601,mencuri,
D0601,motor,
D0601,di,
D0601,lokasi,
D0601,tersebut,
D0601,Korban,
D0601,sengaja,
D0601,meninggalkan,
D0601,motornya,
D0601,di,
D0601,lokasi,
D0601,kejadian,
D0601,karena,
D0601,mogok,
D0601,Dia,
D0601,terpaksa,
D0601,meminta,
D0601,bantuan,
D0601,kawannya,
D0601,untuk,
D0601,mengantarnya,
D0601,pulang,
D0601,Keesokan,
D0601,harinya,
D0601,kawan,
D0601,korban,
D0601,melihat,
D0601,ada,
D0601,seseorang,
D0601,menjual,
D0601,sepeda,
D0601,motor,
D0601,di,
D0601,internet,
D0601,Dia,
D0601,melihat,
D0601,motor,
D0601,yang,
D0601,dijual,
D0601,mirip,
D0601,dengan,
D0601,milik,
D0601,korban,
D0601,Kebetulan,
D0601,korban,
D0601,bercerita,
D0601,jika,
D0601,motornya,
D0601,hilang,
D0601,saat,
D0601,terparkir,
D0601,di,
D0601,lokasi,
D0601,kejadian,
D0601,Saksi,
D0601,mengatakan,
D0601,ada,
D0601,yang,
D0601,mengunggah,
D0601,motor,
D0601,korban,
D0601,dengan,
D0601,jenis,
D0601,dan,
D0601,pelat,
D0601,nomor,
D0601,yang,
D0601,sama,
D0601,kata,
D0601,Sukadi,
D0601,HA,
D0601,diduga,
D0601,menyasar,
D0601,sepeda,
D0601,motor,
D0601,yang,
D0601,tidak,
D0601,dikunci,
D0601,stang,
D0601,Remaja,
D0601,bertubuh,
D0601,kurus,
D0601,itu,
D0601,akan,
D0601,mencuri,
D0601,motor,
D0601,yang,
D0601,tidak,
D0601,dikunci,
D0601,stang,
D0601,lalu,
D0601,didorong,
D0601,hingga,
D0601,ke,
D0601,rumahnya,
D0601,Dengan,
D0601,modus,
D0601,itu,
D0601,HA,
D0601,mengaku,
D0601,sudah,
D0601,lima,
D0601,kali,
D0601,mencuri,
D0601,motor,
D0601,di,
D0601,lima,
D0601,lokasi,
D0601,yang,
D0601,berbeda,
D0601,Selain,
D0601,di,
D0601,Jalan,
D0601,Gumitir,
D0601,HA,
D0601,juga,
D0601,pernah,
D0601,menggasak,
D0601,motor,
D0601,di,
D0601,sekitaran,
D0601,Pantai,
D0601,Mertasari,
D0601,Jalan,
D0601,Raya,
D0601,Sesetan,
D0601,Jalan,
D0601,Pantai,
D0601,Kuta,
D0601,dan,
D0601,Jalan,
D0601,Legian,
D0601,Saat,
D0601,mencuri,
D0601,dia,
D0601,bersama,
D0601,temannya,
D0601,berinisial,
D0601,DWR,
D0601,yang,
D0601,saat,
D0601,ini,
D0601,masih,
D0601,buron,
D0601,tandas,
D0601,Sukadi,
D0602,Tiga,
D0602,komplotan,
D0602,maling,
D0602,membobol,
D0602,rumah,
D0602,warga,
D0602,di,
D0602,Kabupaten,
D0602,Labuhanbatu,
D0602,Sumatera,
D0602,Utara,
D0602,Sumut,
D0602,Para,
D0602,pelaku,
D0602,mencuri,
D0602,barang,
D0602,elektronik,
D0602,dan,
D0602,peralatan,
D0602,rumah,
D0602,tangga,
D0602,hingga,
D0602,membuat,
D0602,korban,
D0602,rugi,
D0602,hingga,
D0602,Rp,
D0602,60,
D0602,juta,
D0602,Kasi,
D0602,Humas,
D0602,Polres,
D0602,Labuhanbatu,
D0602,AKP,
D0602,Syafrudin,
D0602,mengatakan,
D0602,peristiwa,
D0602,itu,
D0602,terjadi,
D0602,di,
D0602,Jalan,
D0602,Siringoringo,
D0602,Kecamatan,
D0602,Rantau,
D0602,Utara,
D0602,Sabtu,
D0602,2482024,
D0602,Lalu,
D0602,salah,
D0602,satu,
D0602,pelaku,
D0602,inisial,
D0602,SZ,
D0602,41,
D0602,ditangkap,
D0602,Senin,
D0602,99,
D0602,Penangkapan,
D0602,dilakukan,
D0602,di,
D0602,Jalan,
D0602,Lintas,
D0602,Sirandorung,
D0602,Kecamatan,
D0602,Rantau,
D0602,Utara,
D0602,9,
D0602,September,
D0602,lalu,
D0602,kata,
D0602,Syafrudin,
D0602,dalam,
D0602,keterangannya,
D0602,Rabu,
D0602,119,
D0602,SCROLL,
D0602,TO,
D0602,CONTINUE,
D0602,WITH,
D0602,CONTENT,
D0602,Syafrudin,
D0602,mengatakan,
D0602,pencurian,
D0602,itu,
D0602,diketahui,
D0602,korban,
D0602,usai,
D0602,mendapat,
D0602,laporan,
D0602,dari,
D0602,tetangganya,
D0602,soal,
D0602,rumahnya,
D0602,yang,
D0602,dibobol,
D0602,maling,
D0602,Mendapatkan,
D0602,informasi,
D0602,itu,
D0602,korban,
D0602,lalu,
D0602,pulang,
D0602,dan,
D0602,melihat,
D0602,pagar,
D0602,dan,
D0602,pintu,
D0602,rumahnya,
D0602,telah,
D0602,rusak,
D0602,Saat,
D0602,dicek,
D0602,ke,
D0602,dalam,
D0602,rumah,
D0602,barangbarang,
D0602,korban,
D0602,seperti,
D0602,mesin,
D0602,genset,
D0602,AC,
D0602,pompa,
D0602,air,
D0602,kompor,
D0602,listrik,
D0602,tabung,
D0602,gas,
D0602,dan,
D0602,komputer,
D0602,telah,
D0602,raib,
D0602,Total,
D0602,kerugian,
D0602,korban,
D0602,mencapai,
D0602,Rp,
D0602,60,
D0602,juta,
D0602,Merasa,
D0602,dirugikan,
D0602,korban,
D0602,segera,
D0602,melaporkan,
D0602,kejadian,
D0602,tersebut,
D0602,kepada,
D0602,Polres,
D0602,Labuhanbatu,
D0602,ujarnya,
D0602,Pihak,
D0602,kepolisian,
D0602,yang,
D0602,menerima,
D0602,laporan,
D0602,itu,
D0602,lalu,
D0602,memburu,
D0602,pelaku,
D0602,dan,
D0602,menangkapnya,
D0602,Berdasarkan,
D0602,pengakuan,
D0602,pelaku,
D0602,aksi,
D0602,pencurian,
D0602,itu,
D0602,dilakukannya,
D0602,bersama,
D0602,dua,
D0602,rekannya,
D0602,inisial,
D0602,FS,
D0602,alias,
D0602,Ucok,
D0602,Tato,
D0602,dan,
D0602,Madan,
D0602,Syafrudin,
D0602,mengatakan,
D0602,pelaku,
D0602,FS,
D0602,sudah,
D0602,lebih,
D0602,dulu,
D0602,ditangkap,
D0602,karena,
D0602,kasus,
D0602,pencurian,
D0602,kabel,
D0602,tower,
D0602,pada,
D0602,Minggu,
D0602,89,
D0602,sedangkan,
D0602,pelaku,
D0602,Madan,
D0602,telah,
D0602,ditahan,
D0602,karena,
D0602,kasus,
D0602,narkoba,
D0602,Dalam,
D0602,interogasi,
D0602,awal,
D0602,pelaku,
D0602,mengakui,
D0602,keterlibatannya,
D0602,dalam,
D0602,aksi,
D0602,pencurian,
D0602,tersebut,
D0602,Saat,
D0602,ini,
D0602,pelaku,
D0602,beserta,
D0602,barang,
D0602,bukti,
D0602,diamankan,
D0602,di,
D0602,Polres,
D0602,Labuhanbatu,
D0602,untuk,
D0602,proses,
D0602,penyidikan,
D0602,lebih,
D0602,lanjut,
D0602,pungkasnya,
D0603,Seorang,
D0603,remaja,
D0603,bernama,
D0603,M,
D0603,Alfath,
D0603,13,
D0603,tewas,
D0603,usai,
D0603,ditembak,
D0603,di,
D0603,Kabupaten,
D0603,Serdang,
D0603,Bedagai,
D0603,Sergai,
D0603,Sumatera,
D0603,Utara,
D0603,Sumut,
D0603,Saat,
D0603,ini,
D0603,polisi,
D0603,telah,
D0603,menangkap,
D0603,empat,
D0603,orang,
D0603,yang,
D0603,diduga,
D0603,terlibat,
D0603,dalam,
D0603,penembakan,
D0603,itu,
D0603,Iya,
D0603,sudah,
D0603,ada,
D0603,empat,
D0603,orang,
D0603,yang,
D0603,ditangkap,
D0603,diduga,
D0603,terlibat,
D0603,kasus,
D0603,penembakan,
D0603,itu,
D0603,kata,
D0603,Plt,
D0603,Kasi,
D0603,Humas,
D0603,Polres,
D0603,Sergai,
D0603,Ipda,
D0603,Nauli,
D0603,Siregar,
D0603,saat,
D0603,dikonfirmasi,
D0603,detikSumut,
D0603,Rabu,
D0603,1192024l,
D0603,Nauli,
D0603,memerinci,
D0603,keempat,
D0603,pelaku,
D0603,adalah,
D0603,MAA,
D0603,22,
D0603,AP,
D0603,25,
D0603,EJN,
D0603,31,
D0603,dan,
D0603,PMS,
D0603,47,
D0603,Namun,
D0603,perwira,
D0603,pertama,
D0603,polri,
D0603,itu,
D0603,belum,
D0603,menjelaskan,
D0603,peran,
D0603,dari,
D0603,keempat,
D0603,pelaku,
D0603,dalam,
D0603,penembakan,
D0603,itu,
D0603,SCROLL,
D0603,TO,
D0603,CONTINUE,
D0603,WITH,
D0603,CONTENT,
D0603,Kalau,
D0603,saat,
D0603,ini,
D0603,masih,
D0603,kita,
D0603,dalami,
D0603,mengembangkan,
D0603,lah,
D0603,proses,
D0603,penyidikan,
D0603,ini,
D0603,tapi,
D0603,yang,
D0603,pastinya,
D0603,untuk,
D0603,yang,
D0603,empat,
D0603,orang,
D0603,ini,
D0603,sudah,
D0603,kita,
D0603,amankan,
D0603,sudah,
D0603,kita,
D0603,tahan,
D0603,terkait,
D0603,dugaan,
D0603,keterlibatan,
D0603,dalam,
D0603,kasus,
D0603,penembakan,
D0603,sebutnya,
D0603,Sebelumnya,
D0603,diberitakan,
D0603,M,
D0603,Alfath,
D0603,tewas,
D0603,usai,
D0603,dua,
D0603,kali,
D0603,terkena,
D0603,tembakan,
D0603,Peristiwa,
D0603,itu,
D0603,terjadi,
D0603,di,
D0603,Jalinsum,
D0603,tepatnya,
D0603,di,
D0603,depan,
D0603,Pabrik,
D0603,PTPN,
D0603,IV,
D0603,Adolina,
D0603,Kecamatan,
D0603,Perbaungan,
D0603,Minggu,
D0603,19,
D0603,sekira,
D0603,pukul,
D0603,0430,
D0603,WIB,
D0603,Berdasarkan,
D0603,keterangan,
D0603,teman,
D0603,korban,
D0603,kejadian,
D0603,itu,
D0603,berawal,
D0603,saat,
D0603,korban,
D0603,dan,
D0603,sejumlah,
D0603,temannya,
D0603,mendatangi,
D0603,salah,
D0603,satu,
D0603,hotel,
D0603,di,
D0603,Kabupaten,
D0603,Deli,
D0603,Sedang,
D0603,dengan,
D0603,membawa,
D0603,senjata,
D0603,tajam,
D0603,Setelah,
D0603,itu,
D0603,mereka,
D0603,kembali,
D0603,ke,
D0603,arah,
D0603,Perbaungan,
D0603,Lalu,
D0603,mereka,
D0603,mendengar,
D0603,suara,
D0603,tembakan,
D0603,sebanyak,
D0603,satu,
D0603,kali,
D0603,Sesampainya,
D0603,di,
D0603,depan,
D0603,mesjid,
D0603,Muttaqin,
D0603,Lingkungan,
D0603,Pasiran,
D0603,terdengar,
D0603,suara,
D0603,tembakan,
D0603,sebanyak,
D0603,dua,
D0603,kali,
D0603,dari,
D0603,mobil,
D0603,Avanza,
D0603,warna,
D0603,hitam,
D0603,yang,
D0603,tidak,
D0603,diketahui,
D0603,identitasnya,
D0603,Kemudian,
D0603,sampai,
D0603,eks,
D0603,TK,
D0603,Adolina,
D0603,terdengar,
D0603,suara,
D0603,tembakan,
D0603,sebanyak,
D0603,empat,
D0603,kali,
D0603,dan,
D0603,ditembakkan,
D0603,ke,
D0603,arah,
D0603,kebun,
D0603,sawit,
D0603,kata,
D0603,Nauli,
D0603,Minggu,
D0603,Setibanya,
D0603,di,
D0603,depan,
D0603,Pabrik,
D0603,Adolina,
D0603,korban,
D0603,ditembak,
D0603,sebanyak,
D0603,dua,
D0603,kali,
D0603,Setelah,
D0603,itu,
D0603,korban,
D0603,terjatuh,
D0603,dan,
D0603,masuk,
D0603,ke,
D0603,dalam,
D0603,parit,
D0603,Kemudian,
D0603,korban,
D0603,dibawa,
D0603,ke,
D0603,RSU,
D0603,Sawit,
D0603,Indah,
D0603,Perbaungan,
D0603,menggunakan,
D0603,mobil,
D0603,yang,
D0603,saat,
D0603,itu,
D0603,tengah,
D0603,melintas,
D0603,Selang,
D0603,beberapa,
D0603,waktu,
D0603,korban,
D0603,dinyatakan,
D0603,meninggal,
D0603,dunia,
D0603,Petugas,
D0603,telah,
D0603,melakukan,
D0603,olah,
D0603,TKP,
D0603,dan,
D0603,menemukan,
D0603,dua,
D0603,selongsong,
D0603,peluru,
D0603,dengan,
D0603,tulisan,
D0603,PIN,
D0603,serta,
D0603,sepeda,
D0603,motor,
D0603,di,
D0603,dalam,
D0603,parit,
D0603,Pabrik,
D0603,Adolina,
D0603,sebutnya,
D0604,Beberapa,
D0604,hari,
D0604,terakhir,
D0604,warga,
D0604,Surabaya,
D0604,sedang,
D0604,dihantui,
D0604,oleh,
D0604,maraknya,
D0604,kriminalitas,
D0604,yang,
D0604,terjadi,
D0604,di,
D0604,berbagai,
D0604,sudut,
D0604,Kota,
D0604,Pahlawan,
D0604,Di,
D0604,antaranya,
D0604,aksi,
D0604,begal,
D0604,pencurian,
D0604,kendaraan,
D0604,bermotor,
D0604,curanmor,
D0604,narkoba,
D0604,kejahatan,
D0604,jalanan,
D0604,gangster,
D0604,dan,
D0604,lainlainnya,
D0604,Merespons,
D0604,hal,
D0604,ini,
D0604,Pakar,
D0604,Sosiologi,
D0604,Universitas,
D0604,Wijaya,
D0604,Kusuma,
D0604,Surabaya,
D0604,UWKS,
D0604,Dr,
D0604,Umar,
D0604,Solahuddin,
D0604,mengatakan,
D0604,tindakan,
D0604,kriminalitas,
D0604,di,
D0604,kota,
D0604,besar,
D0604,salah,
D0604,satunya,
D0604,di,
D0604,Surabaya,
D0604,sedikit,
D0604,banyak,
D0604,disebabkan,
D0604,oleh,
D0604,persoalan,
D0604,ekonomi,
D0604,masyarakat,
D0604,Apalagi,
D0604,kondisi,
D0604,ekonomi,
D0604,masyarakat,
D0604,tengah,
D0604,mengalami,
D0604,kondisi,
D0604,yang,
D0604,tidak,
D0604,baikbaik,
D0604,saja,
D0604,SCROLL,
D0604,TO,
D0604,CONTINUE,
D0604,WITH,
D0604,CONTENT,
D0604,Contoh,
D0604,seperti,
D0604,maraknya,
D0604,PHK,
D0604,dan,
D0604,sulitnya,
D0604,mendapatkan,
D0604,pekerjaan,
D0604,Dan,
D0604,banyak,
D0604,pengangguran,
D0604,di,
D0604,samping,
D0604,itu,
D0604,tekanan,
D0604,ekonomi,
D0604,masyarakat,
D0604,semakin,
D0604,tinggi,
D0604,Sehingga,
D0604,tidak,
D0604,sedikit,
D0604,atau,
D0604,banyak,
D0604,orang,
D0604,kemudian,
D0604,memilih,
D0604,jalan,
D0604,pintas,
D0604,dengan,
D0604,caracara,
D0604,apapun,
D0604,meskipun,
D0604,melanggar,
D0604,hukum,
D0604,untuk,
D0604,mendapatkan,
D0604,tujuan,
D0604,yang,
D0604,dikehendaki,
D0604,kata,
D0604,Umar,
D0604,Solahudin,
D0604,kepada,
D0604,detikJatim,
D0604,Selasa,
D0604,1092024,
D0604,Kemudian,
D0604,Umar,
D0604,menyoroti,
D0604,hal,
D0604,ini,
D0604,dengan,
D0604,menggunakan,
D0604,pendekatan,
D0604,kriminologi,
D0604,Menurutnya,
D0604,kejahatan,
D0604,terjadi,
D0604,karena,
D0604,dua,
D0604,hal,
D0604,yaitu,
D0604,niat,
D0604,dan,
D0604,kesempatan,
D0604,Ia,
D0604,pun,
D0604,menganalogikan,
D0604,dalam,
D0604,kondisi,
D0604,masyarakat,
D0604,dengan,
D0604,tekanan,
D0604,ekonomi,
D0604,kurang,
D0604,kuat,
D0604,tetapi,
D0604,niat,
D0604,melakukan,
D0604,tindak,
D0604,kejahatan,
D0604,ada,
D0604,dan,
D0604,kesempatan,
D0604,tidak,
D0604,ada,
D0604,maka,
D0604,kejahatan,
D0604,tidak,
D0604,akan,
D0604,terjadi,
D0604,Namun,
D0604,ketika,
D0604,ada,
D0604,niat,
D0604,tapi,
D0604,kesempatan,
D0604,nggak,
D0604,ada,
D0604,misalnya,
D0604,barangnya,
D0604,nggak,
D0604,ada,
D0604,penanganan,
D0604,pihak,
D0604,keamanan,
D0604,juga,
D0604,cukup,
D0604,kuat,
D0604,kejahatan,
D0604,tidak,
D0604,akan,
D0604,terjadi,
D0604,Artinya,
D0604,kejahatan,
D0604,akan,
D0604,terjadi,
D0604,jika,
D0604,ada,
D0604,pertemuan,
D0604,antara,
D0604,niat,
D0604,seseorang,
D0604,yang,
D0604,berasal,
D0604,dari,
D0604,faktor,
D0604,internal,
D0604,kemudian,
D0604,bertemu,
D0604,dengan,
D0604,faktor,
D0604,eksternal,
D0604,terangnya,
D0604,Misalnya,
D0604,saya,
D0604,pengen,
D0604,mendapatkan,
D0604,uang,
D0604,yang,
D0604,banyak,
D0604,untuk,
D0604,beli,
D0604,ini,
D0604,dan,
D0604,ini,
D0604,Tapi,
D0604,kemudian,
D0604,ditawari,
D0604,oleh,
D0604,teman,
D0604,ini,
D0604,narkoba,
D0604,nah,
D0604,penggunaan,
D0604,narkoba,
D0604,itu,
D0604,ada,
D0604,niat,
D0604,dan,
D0604,kesempatan,
D0604,terjadilah,
D0604,penggunaan,
D0604,narkoba,
D0604,Inilah,
D0604,yang,
D0604,menjadikan,
D0604,marak,
D0604,terjadinya,
D0604,kriminalitas,
D0604,di,
D0604,Surabaya,
D0604,tambah,
D0604,dia,
D0604,Lebih,
D0604,lanjut,
D0604,ia,
D0604,menyoroti,
D0604,kurang,
D0604,optimalnya,
D0604,penegakan,
D0604,hukum,
D0604,Sehingga,
D0604,dirinya,
D0604,mendorong,
D0604,aparat,
D0604,kepolisian,
D0604,untuk,
D0604,lebih,
D0604,tegas,
D0604,menindak,
D0604,beberapa,
D0604,kejahatan,
D0604,dan,
D0604,pelanggaran,
D0604,hukum,
D0604,serta,
D0604,memberikan,
D0604,efek,
D0604,jera,
D0604,bagi,
D0604,siapapun,
D0604,yang,
D0604,melanggar,
D0604,Perlu,
D0604,ada,
D0604,tindakan,
D0604,represif,
D0604,dari,
D0604,aparat,
D0604,penegak,
D0604,hukum,
D0604,di,
D0604,samping,
D0604,itu,
D0604,juga,
D0604,tindakan,
D0604,preventif,
D0604,pencegahan,
D0604,dan,
D0604,tidak,
D0604,bisa,
D0604,hanya,
D0604,dijalankan,
D0604,oleh,
D0604,polisi,
D0604,tetapi,
D0604,juga,
D0604,partisipasi,
D0604,masyarakat,
D0604,Ketika,
D0604,saling,
D0604,mengontrol,
D0604,setidaknya,
D0604,bisa,
D0604,menekan,
D0604,angka,
D0604,kejahatan,
D0604,di,
D0604,suatu,
D0604,tempat,
D0604,atau,
D0604,di,
D0604,suatu,
D0604,daerah,
D0604,Kalau,
D0604,ini,
D0604,bisa,
D0604,dilakukan,
D0604,maka,
D0604,tindak,
D0604,kejahatan,
D0604,dimanapaun,
D0604,setidaknya,
D0604,bisa,
D0604,direduksi,
D0604,ke,
D0604,angka,
D0604,yang,
D0604,lebih,
D0604,minimal,
D0604,urainya,
D0604,Lantas,
D0604,bagaimana,
D0604,jika,
D0604,tindak,
D0604,kejahatan,
D0604,itu,
D0604,justru,
D0604,banyak,
D0604,dilakukan,
D0604,oleh,
D0604,anakanak,
D0604,dengan,
D0604,kategori,
D0604,di,
D0604,bawah,
D0604,umur,
D0604,Memang,
D0604,kalau,
D0604,anak,
D0604,yang,
D0604,terlibat,
D0604,dalam,
D0604,tindak,
D0604,pidana,
D0604,kejahatan,
D0604,bukan,
D0604,masuk,
D0604,dalam,
D0604,definisi,
D0604,kejahatan,
D0604,kalau,
D0604,dalam,
D0604,pendekatan,
D0604,anak,
D0604,itu,
D0604,masuk,
D0604,dalam,
D0604,anakanak,
D0604,berkonflik,
D0604,dengan,
D0604,hukum,
D0604,Sehingga,
D0604,kalau,
D0604,ada,
D0604,suatu,
D0604,tindak,
D0604,kejahatan,
D0604,yang,
D0604,melibatkan,
D0604,anak,
D0604,itu,
D0604,belum,
D0604,ada,
D0604,kapasitas,
D0604,anak,
D0604,menjadi,
D0604,tersangka,
D0604,tunggal,
D0604,karena,
D0604,itu,
D0604,bukan,
D0604,karena,
D0604,kemandirian,
D0604,seorang,
D0604,anak,
D0604,tegasnya,
D0604,Tentu,
D0604,ini,
D0604,berbeda,
D0604,ketika,
D0604,orang,
D0604,dewasa,
D0604,yang,
D0604,lebih,
D0604,mengerti,
D0604,Sementara,
D0604,anak,
D0604,lebih,
D0604,didorong,
D0604,melalui,
D0604,sikap,
D0604,impulsif,
D0604,dan,
D0604,sikap,
D0604,imitasi,
D0604,meniruniru,
D0604,sehingga,
D0604,dalam,
D0604,pendekatan,
D0604,hukum,
D0604,tidak,
D0604,masuk,
D0604,dalam,
D0604,kejahatan,
D0604,anak,
D0604,tetapi,
D0604,anak,
D0604,yang,
D0604,berkonflik,
D0604,dengan,
D0604,hukum,
D0604,Jelas,
D0604,penanganannya,
D0604,berbeda,
D0604,anak,
D0604,berkonflik,
D0604,dengan,
D0604,hukum,
D0604,dengan,
D0604,orang,
D0604,dewasa,
D0604,yang,
D0604,melakukan,
D0604,tindakan,
D0604,kejahatan,
D0604,semacam,
D0604,itu,
D0604,Persoalan,
D0604,ini,
D0604,memang,
D0604,menjadi,
D0604,krusial,
D0604,di,
D0604,tengah,
D0604,masyarakat,
D0604,dan,
D0604,butuh,
D0604,penanganan,
D0604,secara,
D0604,komprehensif,
D0604,baik,
D0604,dari,
D0604,penegak,
D0604,hukum,
D0604,yang,
D0604,mana,
D0604,model,
D0604,penanganan,
D0604,harus,
D0604,lebih,
D0604,bersahabat,
D0604,dengan,
D0604,anak,
D0604,namanya,
D0604,anak,
D0604,harus,
D0604,ada,
D0604,ramburambu,
D0604,tertentu,
D0604,yang,
D0604,diatur,
D0604,dalam,
D0604,UU,
D0604,Perlindungan,
D0604,Anak,
D0604,jelasnya,
D0604,Begitu,
D0604,juga,
D0604,peran,
D0604,orang,
D0604,tua,
D0604,tambah,
D0604,Umar,
D0604,ini,
D0604,menjadi,
D0604,penting,
D0604,lantaran,
D0604,anakanak,
D0604,semacam,
D0604,itu,
D0604,seringkali,
D0604,bermasalah,
D0604,dengan,
D0604,keluarga,
D0604,dan,
D0604,lingkungan,
D0604,sosial,
D0604,Sehingga,
D0604,penanganan,
D0604,terhadap,
D0604,anak,
D0604,yang,
D0604,berkonflik,
D0604,dengan,
D0604,hukum,
D0604,ini,
D0604,membutuhkan,
D0604,penanganan,
D0604,bersifat,
D0604,Pentahelix,
D0604,artinya,
D0604,harus,
D0604,ada,
D0604,sinergi,
D0604,antara,
D0604,pihak,
D0604,kepolisian,
D0604,masyarakat,
D0604,tokoh,
D0604,agama,
D0604,terutama,
D0604,orang,
D0604,tua,
D0604,di,
D0604,rumah,
D0604,dan,
D0604,sekolah,
D0604,jika,
D0604,anak,
D0604,yang,
D0604,bersangkutan,
D0604,masih,
D0604,duduk,
D0604,di,
D0604,bangku,
D0604,sekolah,
D0604,pungkas,
D0604,dia,
D0605,Polisi,
D0605,telah,
D0605,menangkap,
D0605,delapan,
D0605,pelaku,
D0605,begal,
D0605,suami,
D0605,yang,
D0605,jemput,
D0605,istrinya,
D0605,di,
D0605,Jalan,
D0605,Ngagel,
D0605,Jaya,
D0605,Surabaya,
D0605,Mirisnya,
D0605,enam,
D0605,pelaku,
D0605,di,
D0605,antaranya,
D0605,masih,
D0605,berusia,
D0605,anak,
D0605,Penangkapan,
D0605,ini,
D0605,mendapat,
D0605,apresiasi,
D0605,dari,
D0605,Ahli,
D0605,Pidana,
D0605,Universitas,
D0605,Bhayangkara,
D0605,Ubara,
D0605,Surabaya,
D0605,Prof,
D0605,Dr,
D0605,Solahudin,
D0605,Ia,
D0605,mengatakan,
D0605,penanganan,
D0605,polisi,
D0605,dalam,
D0605,mengungkap,
D0605,dan,
D0605,menangkap,
D0605,kasus,
D0605,kriminal,
D0605,di,
D0605,Surabaya,
D0605,kian,
D0605,maksimal,
D0605,Meski,
D0605,begitu,
D0605,Solahudin,
D0605,mendorong,
D0605,agar,
D0605,criminal,
D0605,justice,
D0605,system,
D0605,benarbenar,
D0605,dimaksimalkan,
D0605,Menurutnya,
D0605,konsep,
D0605,tersebut,
D0605,adalah,
D0605,salah,
D0605,satu,
D0605,upaya,
D0605,penanggulangan,
D0605,kejahatan,
D0605,bukan,
D0605,dari,
D0605,aparat,
D0605,penegak,
D0605,hukum,
D0605,APH,
D0605,saja,
D0605,tapi,
D0605,juga,
D0605,dari,
D0605,sejumlah,
D0605,dinas,
D0605,terkait,
D0605,pemerintah,
D0605,dan,
D0605,masyarakat,
D0605,SCROLL,
D0605,TO,
D0605,CONTINUE,
D0605,WITH,
D0605,CONTENT,
D0605,Semua,
D0605,pihak,
D0605,harus,
D0605,berperan,
D0605,aktif,
D0605,terhadap,
D0605,pencegahan,
D0605,dan,
D0605,kebijakan,
D0605,penindakan,
D0605,kriminal,
D0605,itu,
D0605,Ya,
D0605,semacam,
D0605,criminal,
D0605,policy,
D0605,mengingat,
D0605,criminal,
D0605,policy,
D0605,itu,
D0605,adalah,
D0605,upayaupaya,
D0605,rasional,
D0605,dari,
D0605,masyarakat,
D0605,untuk,
D0605,menanggulangi,
D0605,kejahatan,
D0605,artinya,
D0605,kejahatan,
D0605,tidak,
D0605,mungkin,
D0605,terberantas,
D0605,tas,
D0605,tas,
D0605,tapi,
D0605,bagaimana,
D0605,kebijakan,
D0605,penanggulangan,
D0605,kejahatan,
D0605,ini,
D0605,bisa,
D0605,ditekan,
D0605,dalam,
D0605,tataran,
D0605,yang,
D0605,masih,
D0605,bisa,
D0605,ditolerir,
D0605,kata,
D0605,Solahudin,
D0605,saat,
D0605,dikonfirmasi,
D0605,detikJatim,
D0605,Selasa,
D0605,1092024,
D0605,Makanya,
D0605,penanggulangan,
D0605,kejahatan,
D0605,tidak,
D0605,hanya,
D0605,APH,
D0605,tapi,
D0605,juga,
D0605,Pemda,
D0605,Tokmas,
D0605,Toga,
D0605,hingga,
D0605,masyarakat,
D0605,harus,
D0605,saling,
D0605,bahu,
D0605,membahu,
D0605,imbuh,
D0605,dia,
D0605,Solahudin,
D0605,menyatakan,
D0605,memang,
D0605,ada,
D0605,dilema,
D0605,APH,
D0605,dalam,
D0605,menindak,
D0605,kriminalitas,
D0605,dengan,
D0605,pelaku,
D0605,yang,
D0605,masih,
D0605,anakanak,
D0605,Ia,
D0605,menegaskan,
D0605,upaya,
D0605,polisi,
D0605,dalam,
D0605,menangani,
D0605,tidak,
D0605,secara,
D0605,represif,
D0605,sudah,
D0605,tepat,
D0605,Jangan,
D0605,represif,
D0605,saat,
D0605,penindakan,
D0605,sudah,
D0605,benar,
D0605,apalagi,
D0605,menggunakan,
D0605,alatalat,
D0605,kekuasaan,
D0605,Alangkah,
D0605,lebih,
D0605,baik,
D0605,lagi,
D0605,kalau,
D0605,harus,
D0605,diimbangi,
D0605,dengan,
D0605,tindakantindakan,
D0605,preventif,
D0605,dan,
D0605,preemtif,
D0605,Intinya,
D0605,semua,
D0605,pihak,
D0605,harus,
D0605,menyadari,
D0605,konsep,
D0605,yang,
D0605,digunakan,
D0605,dalam,
D0605,menanggulangi,
D0605,kejahatan,
D0605,adalah,
D0605,Criminal,
D0605,Justice,
D0605,System,
D0605,ujarnya,
D0605,Solahudin,
D0605,menyebut,
D0605,harus,
D0605,ada,
D0605,programprogram,
D0605,penyeimbang,
D0605,dan,
D0605,penunjang,
D0605,untuk,
D0605,pencegahan,
D0605,hingga,
D0605,pascapenindakan,
D0605,kepada,
D0605,anak,
D0605,berhadapan,
D0605,dengan,
D0605,hukum,
D0605,Harus,
D0605,ada,
D0605,programprogram,
D0605,dari,
D0605,Pemda,
D0605,yang,
D0605,harus,
D0605,dilaksanakan,
D0605,kan,
D0605,ada,
D0605,UU,
D0605,tentang,
D0605,perlindungan,
D0605,anak,
D0605,juga,
D0605,itu,
D0605,yang,
D0605,juga,
D0605,harus,
D0605,dilaksanakan,
D0605,terutama,
D0605,yang,
D0605,sifatnya,
D0605,preventif,
D0605,dan,
D0605,preemtif,
D0605,pada,
D0605,para,
D0605,remaja,
D0605,tidak,
D0605,menonjolkan,
D0605,tindakantindakan,
D0605,represif,
D0605,seperti,
D0605,kasus,
D0605,itu,
D0605,anak,
D0605,pelaku,
D0605,begal,
D0605,di,
D0605,Ngagel,
D0605,Jaya,
D0605,sudah,
D0605,benar,
D0605,jelasnya,
D0605,Solahudin,
D0605,menilai,
D0605,penindakan,
D0605,represif,
D0605,pada,
D0605,anak,
D0605,tidak,
D0605,akan,
D0605,pernah,
D0605,selesai,
D0605,Namun,
D0605,pascapenindakan,
D0605,sambung,
D0605,dia,
D0605,juga,
D0605,harus,
D0605,ada,
D0605,pendampingan,
D0605,dan,
D0605,membekali,
D0605,anakanak,
D0605,tersebut,
D0605,dengan,
D0605,keterampilan,
D0605,Seperti,
D0605,ada,
D0605,pelatihanpelatihan,
D0605,kerja,
D0605,edukasi,
D0605,sosialisasi,
D0605,dan,
D0605,lain,
D0605,sebagainya,
D0605,Jadi,
D0605,disediakan,
D0605,lowongan,
D0605,kerja,
D0605,juga,
D0605,karena,
D0605,populasi,
D0605,penduduk,
D0605,kan,
D0605,sangat,
D0605,banyak,
D0605,ya,
D0605,yang,
D0605,usia,
D0605,produktif,
D0605,seperti,
D0605,remaja,
D0605,kalau,
D0605,tidak,
D0605,diperhatikan,
D0605,ya,
D0605,akan,
D0605,menjadi,
D0605,lingkaran,
D0605,setan,
D0605,seolah,
D0605,hanya,
D0605,memadamkan,
D0605,api,
D0605,saja,
D0605,dan,
D0605,seharusnya,
D0605,tidak,
D0605,begitu,
D0605,tapi,
D0605,juga,
D0605,mencegah,
D0605,tuturnya,
D0605,Kaitannya,
D0605,dengan,
D0605,ekonomi,
D0605,Solahudin,
D0605,menyatakan,
D0605,kriminalitas,
D0605,itu,
D0605,berkaitan,
D0605,erat,
D0605,dengan,
D0605,perekonomian,
D0605,dan,
D0605,strata,
D0605,atau,
D0605,kelas,
D0605,ekonomi,
D0605,Tak,
D0605,ayal,
D0605,masyarakat,
D0605,kelas,
D0605,bawah,
D0605,sering,
D0605,menjadi,
D0605,pelaku,
D0605,kriminalitas,
D0605,Soal,
D0605,keterpurukan,
D0605,ekonomi,
D0605,sangat,
D0605,terpuruk,
D0605,ya,
D0605,sejak,
D0605,pandemi,
D0605,COVID19,
D0605,banyak,
D0605,mal,
D0605,yang,
D0605,tutup,
D0605,harus,
D0605,kita,
D0605,sadari,
D0605,dan,
D0605,akui,
D0605,juga,
D0605,Lowongan,
D0605,kerja,
D0605,bagi,
D0605,tingkat,
D0605,menengah,
D0605,ke,
D0605,bawah,
D0605,kan,
D0605,juga,
D0605,sulit,
D0605,makanya,
D0605,mereka,
D0605,yang,
D0605,menengah,
D0605,ke,
D0605,bawah,
D0605,melakukan,
D0605,jalan,
D0605,pintas,
D0605,dengan,
D0605,kejahatan,
D0605,jalanan,
D0605,salah,
D0605,satunya,
D0605,dengan,
D0605,kekerasan,
D0605,tutupnya,
D0606,Polisi,
D0606,menangkap,
D0606,dua,
D0606,pria,
D0606,yang,
D0606,memeras,
D0606,remaja,
D0606,sedang,
D0606,pacaran,
D0606,di,
D0606,Labuan,
D0606,Bajo,
D0606,Manggarai,
D0606,Barat,
D0606,Nusa,
D0606,Tenggara,
D0606,Timur,
D0606,NTT,
D0606,Dua,
D0606,pria,
D0606,itu,
D0606,berpurapura,
D0606,sebagai,
D0606,polisi,
D0606,untuk,
D0606,menakuti,
D0606,korban,
D0606,mereka,
D0606,Dua,
D0606,polisi,
D0606,gadungan,
D0606,itu,
D0606,yakni,
D0606,RRR,
D0606,alias,
D0606,Aldo,
D0606,25,
D0606,warga,
D0606,Kelurahan,
D0606,Labuan,
D0606,Bajo,
D0606,Kecamatan,
D0606,Komodo,
D0606,dan,
D0606,MRW,
D0606,alias,
D0606,Roni,
D0606,27,
D0606,warga,
D0606,Desa,
D0606,Gorontalo,
D0606,Kecamatan,
D0606,Komodo,
D0606,Keduanya,
D0606,kerap,
D0606,beraksi,
D0606,di,
D0606,atas,
D0606,pukul,
D0606,2200,
D0606,Wita,
D0606,dengan,
D0606,sasaran,
D0606,pasangan,
D0606,mudamudi,
D0606,yang,
D0606,sedang,
D0606,berpacaran,
D0606,di,
D0606,pantai,
D0606,atau,
D0606,tempat,
D0606,sepi,
D0606,Modusnya,
D0606,berpurapura,
D0606,menjadi,
D0606,anggota,
D0606,Polri,
D0606,untuk,
D0606,menakutinakuti,
D0606,dan,
D0606,memeras,
D0606,korbannya,
D0606,Dalam,
D0606,kejadian,
D0606,tersebut,
D0606,mereka,
D0606,mengambil,
D0606,dua,
D0606,unit,
D0606,handphone,
D0606,milik,
D0606,para,
D0606,korban,
D0606,kata,
D0606,Kapolres,
D0606,Manggarai,
D0606,AKBP,
D0606,Christian,
D0606,Kadang,
D0606,Senin,
D0606,992024,
D0606,SCROLL,
D0606,TO,
D0606,CONTINUE,
D0606,WITH,
D0606,CONTENT,
D0606,Keduanya,
D0606,ditangkap,
D0606,pada,
D0606,Minggu,
D0606,892024,
D0606,malam,
D0606,Sebelumnya,
D0606,mereka,
D0606,dilaporkan,
D0606,memeras,
D0606,korban,
D0606,sepasang,
D0606,remaja,
D0606,di,
D0606,Pantai,
D0606,Pede,
D0606,Labuan,
D0606,Bajo,
D0606,pada,
D0606,3,
D0606,Agustus,
D0606,2024,
D0606,Para,
D0606,terduga,
D0606,pelaku,
D0606,diamankan,
D0606,di,
D0606,tempat,
D0606,berbeda,
D0606,RRR,
D0606,ditangkap,
D0606,di,
D0606,Perempatan,
D0606,Langka,
D0606,Kabe,
D0606,Labuan,
D0606,Bajo,
D0606,Sedangkan,
D0606,MRW,
D0606,di,
D0606,koskosan,
D0606,sekitar,
D0606,wilayah,
D0606,Desa,
D0606,Batu,
D0606,Cermin,
D0606,Kecamatan,
D0606,Komodo,
D0606,ungkap,
D0606,Christian,
D0606,Berdasarkan,
D0606,hasil,
D0606,pemeriksaan,
D0606,sementara,
D0606,Aldo,
D0606,dan,
D0606,Roni,
D0606,sering,
D0606,beraksi,
D0606,di,
D0606,tiga,
D0606,tempat,
D0606,berbeda,
D0606,di,
D0606,Labuan,
D0606,Bajo,
D0606,Keduanya,
D0606,merampas,
D0606,12,
D0606,HP,
D0606,dari,
D0606,para,
D0606,korbannya,
D0606,yang,
D0606,sedang,
D0606,pacaran,
D0606,tersebut,
D0606,Dari,
D0606,hasil,
D0606,pengembangan,
D0606,diketahui,
D0606,para,
D0606,terduga,
D0606,pelaku,
D0606,merampas,
D0606,12,
D0606,unit,
D0606,handphone,
D0606,di,
D0606,tiga,
D0606,tempat,
D0606,kejadian,
D0606,perkara,
D0606,yakni,
D0606,di,
D0606,Pantai,
D0606,Pedde,
D0606,Pantai,
D0606,Atlantis,
D0606,Gorontalo,
D0606,dan,
D0606,Bukit,
D0606,Sylvia,
D0606,ungkap,
D0606,Christian,
D0606,Dari,
D0606,tangan,
D0606,terduga,
D0606,pelaku,
D0606,kami,
D0606,juga,
D0606,mengamankan,
D0606,sejumlah,
D0606,barang,
D0606,bukti,
D0606,berupa,
D0606,enam,
D0606,handphone,
D0606,berbagai,
D0606,merek,
D0606,hasil,
D0606,curian,
D0606,dan,
D0606,enam,
D0606,unit,
D0606,lainnya,
D0606,masih,
D0606,didalami,
D0606,imbuhnya,
D0606,Mantan,
D0606,Danyon,
D0606,A,
D0606,Resimen,
D0606,III,
D0606,Pasukan,
D0606,Pelopor,
D0606,Korbrimob,
D0606,Polri,
D0606,ini,
D0606,mengatakan,
D0606,dari,
D0606,tiga,
D0606,TKP,
D0606,baru,
D0606,ada,
D0606,satu,
D0606,laporan,
D0606,polisi,
D0606,yang,
D0606,mengarah,
D0606,kepada,
D0606,Aldo,
D0606,dan,
D0606,Roni,
D0606,Tak,
D0606,tertutup,
D0606,kemungkinan,
D0606,mereka,
D0606,melancarkan,
D0606,aksinya,
D0606,di,
D0606,tempat,
D0606,lain,
D0606,Kemungkinan,
D0606,masih,
D0606,ada,
D0606,TKP,
D0606,lain,
D0606,Ini,
D0606,masih,
D0606,didalami,
D0606,oleh,
D0606,penyidik,
D0606,sementara,
D0606,kami,
D0606,baru,
D0606,mendapatkan,
D0606,satu,
D0606,laporan,
D0606,polisi,
D0606,tandas,
D0606,Christian,
D0607,Seorang,
D0607,pelajar,
D0607,di,
D0607,Kabupaten,
D0607,Labuhanbatu,
D0607,Sumatera,
D0607,Utara,
D0607,Sumut,
D0607,inisial,
D0607,RCV,
D0607,17,
D0607,diduga,
D0607,diperkosa,
D0607,12,
D0607,orang,
D0607,di,
D0607,kebun,
D0607,sawit,
D0607,dan,
D0607,kamar,
D0607,kos,
D0607,Begini,
D0607,kronologinya,
D0607,Kasat,
D0607,Reskrim,
D0607,Polres,
D0607,Labuhanbatu,
D0607,AKP,
D0607,Teuku,
D0607,Rivanda,
D0607,Ikhsan,
D0607,mengatakan,
D0607,awalnya,
D0607,korban,
D0607,dijemput,
D0607,oleh,
D0607,salah,
D0607,satu,
D0607,pelaku,
D0607,pada,
D0607,Jumat,
D0607,692024,
D0607,malam,
D0607,Lalu,
D0607,pelaku,
D0607,membawa,
D0607,korban,
D0607,ke,
D0607,kebun,
D0607,sawit,
D0607,di,
D0607,daerah,
D0607,tersebut,
D0607,dan,
D0607,langsung,
D0607,memperkosanya,
D0607,Jumat,
D0607,sekitar,
D0607,jam,
D0607,9,
D0607,malam,
D0607,antara,
D0607,korban,
D0607,dan,
D0607,salah,
D0607,satu,
D0607,pelaku,
D0607,ini,
D0607,bertemu,
D0607,Kemudian,
D0607,pertama,
D0607,dibawa,
D0607,ke,
D0607,arah,
D0607,kebun,
D0607,sawit,
D0607,di,
D0607,sana,
D0607,korban,
D0607,digilir,
D0607,disetubuhi,
D0607,oleh,
D0607,para,
D0607,pelaku,
D0607,kata,
D0607,Rivanda,
D0607,Senin,
D0607,99,
D0607,SCROLL,
D0607,TO,
D0607,CONTINUE,
D0607,WITH,
D0607,CONTENT,
D0607,Rivanda,
D0607,mengatakan,
D0607,ada,
D0607,dua,
D0607,orang,
D0607,yang,
D0607,memperkosa,
D0607,korban,
D0607,saat,
D0607,di,
D0607,kebun,
D0607,sawit,
D0607,itu,
D0607,Namun,
D0607,karena,
D0607,salah,
D0607,satu,
D0607,pelaku,
D0607,ketakutan,
D0607,aksi,
D0607,mereka,
D0607,diketahui,
D0607,warga,
D0607,mereka,
D0607,pun,
D0607,memutuskan,
D0607,untuk,
D0607,membawa,
D0607,korban,
D0607,ke,
D0607,kamar,
D0607,kos,
D0607,mereka,
D0607,Di,
D0607,sana,
D0607,korban,
D0607,kembali,
D0607,digilir,
D0607,bersama,
D0607,dengan,
D0607,10,
D0607,pelaku,
D0607,lainnya,
D0607,Jadi,
D0607,di,
D0607,kebun,
D0607,sawit,
D0607,dua,
D0607,orang,
D0607,awalnya,
D0607,Kemudian,
D0607,di,
D0607,rumah,
D0607,kontrakan,
D0607,10,
D0607,orang,
D0607,pelakunya,
D0607,secara,
D0607,bergantian,
D0607,Hasil,
D0607,keterangan,
D0607,sementara,
D0607,jumlah,
D0607,pelaku,
D0607,ini,
D0607,ada,
D0607,12,
D0607,orang,
D0607,ujarnya,
D0607,Mantan,
D0607,Kasat,
D0607,Reskrim,
D0607,Polres,
D0607,Tanjungbalai,
D0607,itu,
D0607,menyebut,
D0607,korban,
D0607,dalam,
D0607,keadaan,
D0607,sadar,
D0607,saat,
D0607,diperkosa,
D0607,itu,
D0607,Setelah,
D0607,digilir,
D0607,para,
D0607,pelaku,
D0607,korban,
D0607,lalu,
D0607,mengirim,
D0607,lokasinya,
D0607,melalui,
D0607,WhatsApp,
D0607,ke,
D0607,handphone,
D0607,temannya,
D0607,Sadar,
D0607,Bahkan,
D0607,ketika,
D0607,dia,
D0607,pindah,
D0607,ke,
D0607,rumah,
D0607,korban,
D0607,juga,
D0607,sadar,
D0607,Jadi,
D0607,korban,
D0607,mengirim,
D0607,share,
D0607,lokasi,
D0607,korban,
D0607,ke,
D0607,temannya,
D0607,yang,
D0607,perempuan,
D0607,juga,
D0607,sesudah,
D0607,terjadi,
D0607,peristiwa,
D0607,itu,
D0607,Bahkan,
D0607,sampai,
D0607,12,
D0607,orang,
D0607,baru,
D0607,korban,
D0607,share,
D0607,lokasi,
D0607,ujarnya,
D0607,Terkait,
D0607,kabar,
D0607,korban,
D0607,sempat,
D0607,disekap,
D0607,oleh,
D0607,para,
D0607,pelaku,
D0607,Rivanda,
D0607,mengaku,
D0607,pihaknya,
D0607,belum,
D0607,dapat,
D0607,memfaktakan,
D0607,hal,
D0607,tersebut,
D0607,Dia,
D0607,mengatakan,
D0607,penyidik,
D0607,masih,
D0607,melakukan,
D0607,penyidikan,
D0607,terkait,
D0607,kejadian,
D0607,itu,
D0607,Masih,
D0607,terus,
D0607,didalami,
D0607,oleh,
D0607,penyidik,
D0607,karena,
D0607,korban,
D0607,pun,
D0607,sampai,
D0607,saat,
D0607,ini,
D0607,keterangannya,
D0607,masih,
D0607,susah,
D0607,karena,
D0607,masih,
D0607,trauma,
D0607,atau,
D0607,bagaimana,
D0607,Sampai,
D0607,saat,
D0607,ini,
D0607,masih,
D0607,kita,
D0607,lakukan,
D0607,pengejaran,
D0607,sementara,
D0607,baru,
D0607,dua,
D0607,orang,
D0607,yang,
D0607,kita,
D0607,amankan,
D0607,Hari,
D0607,ini,
D0607,kita,
D0607,maksimalkan,
D0607,untuk,
D0607,kita,
D0607,amankan,
D0607,pelaku,
D0607,lainnya,
D0607,supaya,
D0607,terjawab,
D0607,apa,
D0607,motif,
D0607,dari,
D0607,para,
D0607,pelaku,
D0607,jelasnya,
D0607,Perwira,
D0607,pertama,
D0607,Polri,
D0607,itu,
D0607,menyebut,
D0607,bahwa,
D0607,berdasarkan,
D0607,pengakuan,
D0607,korban,
D0607,ada,
D0607,12,
D0607,orang,
D0607,yang,
D0607,memperkosanya,
D0607,Sejauh,
D0607,ini,
D0607,ada,
D0607,10,
D0607,terduga,
D0607,pelaku,
D0607,lagi,
D0607,yang,
D0607,masih,
D0607,dalam,
D0607,pengejaran,
D0607,Berdasarkan,
D0607,keterangan,
D0607,korban,
D0607,terdapat,
D0607,12,
D0607,orang,
D0607,yang,
D0607,diduga,
D0607,sebagai,
D0607,pelaku,
D0607,pemerkosaan,
D0607,dua,
D0607,di,
D0607,antaranya,
D0607,sudah,
D0607,berhasil,
D0607,diamankan,
D0607,Saat,
D0607,ini,
D0607,kami,
D0607,masih,
D0607,melakukan,
D0607,pengejaran,
D0607,terhadap,
D0607,10,
D0607,orang,
D0607,yang,
D0607,diduga,
D0607,sebagai,
D0607,pelaku,
D0607,lainnya,
D0607,kata,
D0607,Rivanda,
D0607,Sebelumnya,
D0607,diberitakan,
D0607,satu,
D0607,video,
D0607,yang,
D0607,menarasikan,
D0607,seorang,
D0607,siswi,
D0607,SMA,
D0607,diperkosa,
D0607,belasan,
D0607,orang,
D0607,viral,
D0607,di,
D0607,media,
D0607,sosial,
D0607,Dalam,
D0607,unggahan,
D0607,itu,
D0607,disebutkan,
D0607,ada,
D0607,dua,
D0607,pelaku,
D0607,yang,
D0607,telah,
D0607,ditangkap,
D0607,dan,
D0607,digebuki,
D0607,oleh,
D0607,warga,
D0607,Berdasarkan,
D0607,video,
D0607,yang,
D0607,dilihat,
D0607,detikSumut,
D0607,video,
D0607,itu,
D0607,viral,
D0607,di,
D0607,media,
D0607,X,
D0607,Video,
D0607,itu,
D0607,direkam,
D0607,oleh,
D0607,salah,
D0607,seorang,
D0607,pria,
D0607,yang,
D0607,berada,
D0607,di,
D0607,lokasi,
D0607,Dalam,
D0607,video,
D0607,itu,
D0607,tampak,
D0607,ada,
D0607,pria,
D0607,yang,
D0607,duduk,
D0607,di,
D0607,tanah,
D0607,sambil,
D0607,dikerumuni,
D0607,oleh,
D0607,warga,
D0607,Para,
D0607,warga,
D0607,terlihat,
D0607,menganiaya,
D0607,pria,
D0607,tersebut,
D0607,berkalikali,
D0607,Terduga,
D0607,pemerkosa,
D0607,siswi,
D0607,SMA,
D0607,di,
D0607,Rantauprapat,
D0607,digebuki,
D0607,massa,
D0607,beramairamai,
D0607,2,
D0607,orang,
D0607,dari,
D0607,10,
D0607,pelaku,
D0607,ditangkap,
D0607,masyarakat,
D0607,dan,
D0607,mendapatkan,
D0607,ratusan,
D0607,bogem,
D0607,mentah,
D0607,Kabarnya,
D0607,siswi,
D0607,tersebut,
D0607,disekap,
D0607,di,
D0607,salah,
D0607,satu,
D0607,rumah,
D0607,sewa,
D0607,di,
D0607,Rantauprapat,
D0607,demikian,
D0607,narasi,
D0607,unggahan,
D0607,itu,
D0607,Kasi,
D0607,Humas,
D0607,Polres,
D0607,Labuhanbatu,
D0607,AKP,
D0607,Syafrudin,
D0607,membenarkan,
D0607,informasi,
D0607,kejadian,
D0607,itu,
D0607,Dia,
D0607,mengatakan,
D0607,dua,
D0607,pelaku,
D0607,yang,
D0607,diamankan,
D0607,warga,
D0607,itu,
D0607,telah,
D0607,dibawa,
D0607,ke,
D0607,Polres,
D0607,Labuhanbatu,
D0607,Adapun,
D0607,kedua,
D0607,pelaku,
D0607,yakni,
D0607,PIJ,
D0607,21,
D0607,dan,
D0607,SZ,
D0607,23,
D0607,sedangkan,
D0607,korban,
D0607,adalah,
D0607,RCV,
D0607,17,
D0607,Kedua,
D0607,pelaku,
D0607,saat,
D0607,ini,
D0607,telah,
D0607,diamankan,
D0607,di,
D0607,Mapolres,
D0607,Labuhanbatu,
D0607,untuk,
D0607,menjalani,
D0607,proses,
D0607,hukum,
D0607,lebih,
D0607,lanjut,
D0607,di,
D0607,Unit,
D0607,PPA,
D0607,Mereka,
D0607,mengakui,
D0607,perbuatan,
D0607,mereka,
D0607,dan,
D0607,menyebut,
D0607,masih,
D0607,ada,
D0607,beberapa,
D0607,pelaku,
D0607,lain,
D0607,yang,
D0607,turut,
D0607,serta,
D0607,dalam,
D0607,tindakan,
D0607,keji,
D0607,tersebut,
D0607,kata,
D0607,Syafrudin,
D0607,Syafrudin,
D0607,menyebut,
D0607,kejadian,
D0607,itu,
D0607,berawal,
D0607,saat,
D0607,korban,
D0607,dilaporkan,
D0607,hilang,
D0607,oleh,
D0607,ayahnya,
D0607,pada,
D0607,Jumat,
D0607,69,
D0607,Saat,
D0607,itu,
D0607,korban,
D0607,pergi,
D0607,dari,
D0607,rumah,
D0607,tanpa,
D0607,sepengetahuan,
D0607,keluarganya,
D0607,Keluarga,
D0607,korban,
D0607,pun,
D0607,mencari,
D0607,keberadaannya,
D0607,Pencarian,
D0607,korban,
D0607,membuahkan,
D0607,hasil,
D0607,usai,
D0607,teman,
D0607,korban,
D0607,mendapatkan,
D0607,lokasi,
D0607,terkini,
D0607,dari,
D0607,ponsel,
D0607,korban,
D0607,Setelah,
D0607,diinterogasi,
D0607,ayahnya,
D0607,korban,
D0607,mengaku,
D0607,bahwa,
D0607,dirinya,
D0607,telah,
D0607,diperkosa,
D0607,oleh,
D0607,belasan,
D0607,pria,
D0607,Berdasarkan,
D0607,pengakuan,
D0607,korban,
D0607,kata,
D0607,Syafruddin,
D0607,pemerkosaan,
D0607,itu,
D0607,terjadi,
D0607,di,
D0607,kebun,
D0607,sawit,
D0607,dan,
D0607,di,
D0607,salah,
D0607,satu,
D0607,rumah,
D0607,kos,
D0607,Korban,
D0607,mengakui,
D0607,bahwa,
D0607,dirinya,
D0607,telah,
D0607,menjadi,
D0607,korban,
D0607,persetubuhan,
D0607,oleh,
D0607,belasan,
D0607,pria,
D0607,di,
D0607,dua,
D0607,lokasi,
D0607,berbeda,
D0607,yakni,
D0607,di,
D0607,perkebunan,
D0607,kelapa,
D0607,sawit,
D0607,dan,
D0607,di,
D0607,rumah,
D0607,sewa,
D0607,tersebut,
D0607,ujarnya,
D0607,Orang,
D0607,tua,
D0607,korban,
D0607,bersama,
D0607,warga,
D0607,sekitar,
D0607,pun,
D0607,memantau,
D0607,lokasi,
D0607,rumah,
D0607,sewa,
D0607,tempat,
D0607,korban,
D0607,diperkosa,
D0607,Lalu,
D0607,pada,
D0607,Sabtu,
D0607,79,
D0607,malam,
D0607,kedua,
D0607,pelaku,
D0607,tiba,
D0607,di,
D0607,rumah,
D0607,sewa,
D0607,tersebut,
D0607,Warga,
D0607,yang,
D0607,geram,
D0607,dengan,
D0607,aksi,
D0607,kedua,
D0607,pelaku,
D0607,langsung,
D0607,mengamankannya,
D0607,Sabtu,
D0607,sekitar,
D0607,pukul,
D0607,2025,
D0607,WIB,
D0607,dua,
D0607,pelaku,
D0607,tiba,
D0607,di,
D0607,lokasi,
D0607,dengan,
D0607,sepeda,
D0607,motor,
D0607,dan,
D0607,segera,
D0607,diamankan,
D0607,oleh,
D0607,warga,
D0607,ujar,
D0607,Syafrudin,
D0608,Seorang,
D0608,kakek,
D0608,di,
D0608,Kabupaten,
D0608,Nias,
D0608,Barat,
D0608,Sumatera,
D0608,Utara,
D0608,Sumut,
D0608,Faatulo,
D0608,Daeli,
D0608,alias,
D0608,Ama,
D0608,Yare,
D0608,60,
D0608,tewas,
D0608,dibacok,
D0608,tetangganya,
D0608,Pelaku,
D0608,adalah,
D0608,Rahmat,
D0608,Gulo,
D0608,38,
D0608,Kapolres,
D0608,Nias,
D0608,AKBP,
D0608,Revi,
D0608,Nurvelani,
D0608,mengatakan,
D0608,peristiwa,
D0608,itu,
D0608,terjadi,
D0608,di,
D0608,Dusun,
D0608,I,
D0608,Desa,
D0608,Sisobandrao,
D0608,Kecamatan,
D0608,Sirombu,
D0608,kemarin,
D0608,sore,
D0608,Awalnya,
D0608,pelaku,
D0608,melempar,
D0608,batu,
D0608,ke,
D0608,korban,
D0608,yang,
D0608,saat,
D0608,itu,
D0608,tengah,
D0608,mengendarai,
D0608,sepeda,
D0608,motor,
D0608,Kemudian,
D0608,korban,
D0608,berhenti,
D0608,di,
D0608,pinggir,
D0608,jalan,
D0608,di,
D0608,depan,
D0608,rumah,
D0608,terduga,
D0608,pelaku,
D0608,kata,
D0608,Revi,
D0608,Senin,
D0608,992024,
D0608,SCROLL,
D0608,TO,
D0608,CONTINUE,
D0608,WITH,
D0608,CONTENT,
D0608,Lalu,
D0608,pelaku,
D0608,menghampiri,
D0608,korban,
D0608,sambil,
D0608,membawa,
D0608,obor,
D0608,kayu,
D0608,dan,
D0608,parang,
D0608,Saat,
D0608,itu,
D0608,pelaku,
D0608,memukul,
D0608,korban,
D0608,menggunakan,
D0608,obor,
D0608,dan,
D0608,kayu,
D0608,Selain,
D0608,itu,
D0608,pelaku,
D0608,juga,
D0608,membacok,
D0608,korban,
D0608,berkalikali,
D0608,di,
D0608,bagian,
D0608,wajah,
D0608,hingga,
D0608,korban,
D0608,terjatuh,
D0608,ke,
D0608,tanah,
D0608,Setelah,
D0608,terjatuh,
D0608,pelaku,
D0608,mencekik,
D0608,leher,
D0608,korban,
D0608,Warga,
D0608,yang,
D0608,melihat,
D0608,peristiwa,
D0608,itu,
D0608,langsung,
D0608,berlari,
D0608,dan,
D0608,berteriak,
D0608,hingga,
D0608,mengundang,
D0608,perhatian,
D0608,warga,
D0608,lainnya,
D0608,Pelaku,
D0608,yang,
D0608,melihat,
D0608,warga,
D0608,datang,
D0608,beramairamai,
D0608,langsung,
D0608,lari,
D0608,ke,
D0608,dalam,
D0608,rumahnya,
D0608,Saat,
D0608,itu,
D0608,para,
D0608,saksi,
D0608,masih,
D0608,sempat,
D0608,melihat,
D0608,terduga,
D0608,pelaku,
D0608,melakukan,
D0608,pembacokan,
D0608,kepada,
D0608,korban,
D0608,serta,
D0608,melihat,
D0608,darah,
D0608,bercucuran,
D0608,di,
D0608,kepala,
D0608,korban,
D0608,ujarnya,
D0608,Kemudian,
D0608,warga,
D0608,membawa,
D0608,korban,
D0608,ke,
D0608,Puskesmas,
D0608,Sirombu,
D0608,untuk,
D0608,mendapatkan,
D0608,pertolongan,
D0608,Namun,
D0608,nahas,
D0608,selang,
D0608,30,
D0608,menit,
D0608,tiba,
D0608,di,
D0608,Puskesmas,
D0608,korban,
D0608,menghembuskan,
D0608,napas,
D0608,terakhir,
D0608,Lalu,
D0608,keluarga,
D0608,korban,
D0608,melaporkan,
D0608,peristiwa,
D0608,itu,
D0608,ke,
D0608,Polsek,
D0608,Sirombu,
D0608,Pihak,
D0608,kepolisian,
D0608,yang,
D0608,menerima,
D0608,laporan,
D0608,itu,
D0608,lalu,
D0608,mencari,
D0608,pelaku,
D0608,dan,
D0608,mengamankannya,
D0608,Revi,
D0608,menyebut,
D0608,pihaknya,
D0608,juga,
D0608,mengamankan,
D0608,parang,
D0608,kayu,
D0608,dan,
D0608,juga,
D0608,obor,
D0608,yang,
D0608,digunakan,
D0608,pelaku,
D0608,untuk,
D0608,membunuh,
D0608,korban,
D0608,Saat,
D0608,ini,
D0608,pihak,
D0608,kepolisian,
D0608,masih,
D0608,mendalami,
D0608,motif,
D0608,pembunuhan,
D0608,itu,
D0608,Motif,
D0608,masih,
D0608,dalam,
D0608,pendalaman,
D0608,Terduga,
D0608,pelaku,
D0608,masih,
D0608,susah,
D0608,dimintai,
D0608,keterangan,
D0608,dikarenakan,
D0608,keterangan,
D0608,yang,
D0608,diberikan,
D0608,selalu,
D0608,berubahubah,
D0608,pungkasnya,
D0608,Teks,
D0608,foto,
D0608,Pelaku,
D0608,saat,
D0608,diamankan,
D0608,pihak,
D0608,kepolisian,
D0608,Foto,
D0608,Dok,
D0608,Polres,
D0608,Nias,
D0609,Seorang,
D0609,pria,
D0609,berinisial,
D0609,ANP,
D0609,32,
D0609,melakukan,
D0609,pencurian,
D0609,kartu,
D0609,ATM,
D0609,di,
D0609,salah,
D0609,satu,
D0609,koperasi,
D0609,swasta,
D0609,di,
D0609,Majalaya,
D0609,Kabupaten,
D0609,Bandung,
D0609,Aksi,
D0609,nekat,
D0609,pria,
D0609,yang,
D0609,menggunakan,
D0609,pakaian,
D0609,bak,
D0609,ninja,
D0609,ini,
D0609,dilakukan,
D0609,lantaran,
D0609,terlilit,
D0609,utang,
D0609,pinjaman,
D0609,online,
D0609,Kapolsek,
D0609,Majalaya,
D0609,Kompol,
D0609,Aep,
D0609,Suhendi,
D0609,mengatakan,
D0609,pelaku,
D0609,ANP,
D0609,merupakan,
D0609,mantan,
D0609,karyawan,
D0609,koperasi,
D0609,tersebut,
D0609,Saat,
D0609,beraksi,
D0609,dia,
D0609,tertangkap,
D0609,kamera,
D0609,CCTV,
D0609,Iya,
D0609,motifnya,
D0609,masalah,
D0609,ekonomi,
D0609,Jadi,
D0609,pelaku,
D0609,terlilit,
D0609,hutang,
D0609,pinjol,
D0609,ujar,
D0609,Aep,
D0609,kepada,
D0609,detikJabar,
D0609,Senin,
D0609,992024,
D0609,SCROLL,
D0609,TO,
D0609,CONTINUE,
D0609,WITH,
D0609,CONTENT,
D0609,Aep,
D0609,menjelaskan,
D0609,ratusan,
D0609,kartu,
D0609,ATM,
D0609,tersebut,
D0609,merupakan,
D0609,milik,
D0609,nasabah,
D0609,koperasi,
D0609,Dengan,
D0609,total,
D0609,jumlah,
D0609,saldo,
D0609,di,
D0609,dalamnya,
D0609,mencapai,
D0609,ratusan,
D0609,juta,
D0609,rupiah,
D0609,ATM,
D0609,yang,
D0609,dicuri,
D0609,jumlahnya,
D0609,401,
D0609,kartu,
D0609,Dengan,
D0609,total,
D0609,jumlah,
D0609,uangnya,
D0609,sekitar,
D0609,Rp,
D0609,500,
D0609,juta,
D0609,mah,
D0609,ada,
D0609,Terus,
D0609,kan,
D0609,yang,
D0609,sudah,
D0609,digunakan,
D0609,pelaku,
D0609,8,
D0609,ATM,
D0609,Sebanyak,
D0609,7,
D0609,kartu,
D0609,cair,
D0609,dengan,
D0609,jumlah,
D0609,Rp,
D0609,28,
D0609,juta,
D0609,dan,
D0609,satu,
D0609,ATM,
D0609,gagal,
D0609,dicairkan,
D0609,katanya,
D0609,Aep,
D0609,mengungkapkan,
D0609,kartu,
D0609,ATM,
D0609,yang,
D0609,digasak,
D0609,oleh,
D0609,pelaku,
D0609,merupakan,
D0609,milik,
D0609,nasabah,
D0609,yang,
D0609,dijaminkan,
D0609,di,
D0609,koperasi,
D0609,tersebut,
D0609,Sehingga,
D0609,koperasi,
D0609,tersebut,
D0609,melakukan,
D0609,penarikan,
D0609,tagihan,
D0609,melalui,
D0609,ATM,
D0609,tersebut,
D0609,Iya,
D0609,jadi,
D0609,kartu,
D0609,ATM,
D0609,itu,
D0609,jaminan,
D0609,dari,
D0609,nasabah,
D0609,untuk,
D0609,koperasi,
D0609,kata,
D0609,Aep,
D0609,Pihaknya,
D0609,menambahkan,
D0609,kartu,
D0609,ATM,
D0609,tersebut,
D0609,yang,
D0609,digasak,
D0609,pelaku,
D0609,berjumlah,
D0609,401,
D0609,kartu,
D0609,Kartu,
D0609,yang,
D0609,dibawa,
D0609,pelaku,
D0609,adalah,
D0609,dari,
D0609,berbagai,
D0609,jenis,
D0609,bank,
D0609,Kartu,
D0609,ATM,
D0609,itu,
D0609,hampir,
D0609,dari,
D0609,berbagai,
D0609,bank,
D0609,ada,
D0609,bebernya,
D0609,Sebagaimana,
D0609,diketahui,
D0609,aksi,
D0609,ninja,
D0609,hitam,
D0609,membobol,
D0609,koperasi,
D0609,swasta,
D0609,di,
D0609,Bandung,
D0609,terungkap,
D0609,Peristiwa,
D0609,pencurian,
D0609,tersebut,
D0609,terjadi,
D0609,di,
D0609,Kampung,
D0609,Toblong,
D0609,Desa,
D0609,Sukamukti,
D0609,Kecamatan,
D0609,Majalaya,
D0609,Kamis,
D0609,5,
D0609,September,
D0609,2024,
D0609,Kemudian,
D0609,polisi,
D0609,bergerak,
D0609,cepat,
D0609,dan,
D0609,berhasil,
D0609,mengamankan,
D0609,pelaku,
D0609,Peristiwa,
D0609,tersebut,
D0609,bermula,
D0609,saat,
D0609,salah,
D0609,satu,
D0609,pegawai,
D0609,koperasi,
D0609,akan,
D0609,membuka,
D0609,ruko,
D0609,atau,
D0609,kantor,
D0609,koperasi,
D0609,tersebut,
D0609,Kemudian,
D0609,pelaku,
D0609,yang,
D0609,berkostum,
D0609,seperti,
D0609,ninja,
D0609,bertopeng,
D0609,hitam,
D0609,membuka,
D0609,pintu,
D0609,lantai,
D0609,satu,
D0609,bagian,
D0609,depan,
D0609,Dalam,
D0609,ratusan,
D0609,kartu,
D0609,ATM,
D0609,tersebut,
D0609,tertempel,
D0609,pula,
D0609,nomer,
D0609,PIN,
D0609,di,
D0609,setiap,
D0609,kartunya,
D0609,Sehingga,
D0609,pelaku,
D0609,bisa,
D0609,menggunakan,
D0609,kartu,
D0609,ATM,
D0609,tersebut,
D0609,dengan,
D0609,mudah,
D0610,Seorang,
D0610,pria,
D0610,di,
D0610,Kabupaten,
D0610,Dairi,
D0610,Sumatera,
D0610,Utara,
D0610,Sumut,
D0610,Saut,
D0610,Sinaga,
D0610,38,
D0610,menganiaya,
D0610,warga,
D0610,bernama,
D0610,Afri,
D0610,Nicson,
D0610,47,
D0610,hingga,
D0610,membuat,
D0610,tangan,
D0610,korban,
D0610,robek,
D0610,Peristiwa,
D0610,itu,
D0610,dipicu,
D0610,karena,
D0610,pelaku,
D0610,sakit,
D0610,hati,
D0610,kepada,
D0610,korban,
D0610,Motif,
D0610,sakit,
D0610,hati,
D0610,Dilihatnya,
D0610,korban,
D0610,menuangkan,
D0610,cairan,
D0610,pembasmi,
D0610,rumput,
D0610,ke,
D0610,dalam,
D0610,bak,
D0610,penampung,
D0610,air,
D0610,untuk,
D0610,menyiram,
D0610,tanaman,
D0610,yang,
D0610,bersangkutan,
D0610,kata,
D0610,Kapolres,
D0610,Dairi,
D0610,AKBP,
D0610,Agus,
D0610,Bahari,
D0610,Parama,
D0610,Artha,
D0610,Minggu,
D0610,892024,
D0610,Agus,
D0610,mengatakan,
D0610,peristiwa,
D0610,itu,
D0610,terjadi,
D0610,di,
D0610,Desa,
D0610,Sitinjo,
D0610,II,
D0610,Kecamatan,
D0610,Sitinjo,
D0610,pada,
D0610,Rabu,
D0610,218,
D0610,Saat,
D0610,itu,
D0610,korban,
D0610,baru,
D0610,saja,
D0610,mengantar,
D0610,anaknya,
D0610,sekolah,
D0610,SCROLL,
D0610,TO,
D0610,CONTINUE,
D0610,WITH,
D0610,CONTENT,
D0610,Kemudian,
D0610,pelaku,
D0610,menghampiri,
D0610,korban,
D0610,dengan,
D0610,mengendarai,
D0610,sepeda,
D0610,motor,
D0610,sambil,
D0610,membawa,
D0610,besi,
D0610,Lalu,
D0610,tersangka,
D0610,langsung,
D0610,berupaya,
D0610,menusukkan,
D0610,besi,
D0610,itu,
D0610,ke,
D0610,arah,
D0610,perut,
D0610,korban,
D0610,Beruntung,
D0610,korban,
D0610,bisa,
D0610,menghindar,
D0610,Pelaku,
D0610,membawa,
D0610,sebilah,
D0610,besi,
D0610,yang,
D0610,ujungnya,
D0610,tajam,
D0610,Setelah,
D0610,dekat,
D0610,dengan,
D0610,pelapor,
D0610,sekitar,
D0610,satu,
D0610,meter,
D0610,pelaku,
D0610,menusukkan,
D0610,besi,
D0610,yang,
D0610,dipegangnya,
D0610,ke,
D0610,arah,
D0610,perut,
D0610,pelapor,
D0610,sebanyak,
D0610,dua,
D0610,kali,
D0610,akan,
D0610,tetapi,
D0610,tidak,
D0610,mengenai,
D0610,pelapor,
D0610,ujarnya,
D0610,Setelah,
D0610,itu,
D0610,pelaku,
D0610,kembali,
D0610,mencoba,
D0610,menusukkan,
D0610,besi,
D0610,tersebut,
D0610,ke,
D0610,arah,
D0610,mata,
D0610,korban,
D0610,Untungnya,
D0610,korban,
D0610,dengan,
D0610,cepat,
D0610,menangkisnya,
D0610,menggunakan,
D0610,tangannya,
D0610,Lalu,
D0610,korban,
D0610,menendang,
D0610,kaki,
D0610,pelaku,
D0610,Kemudian,
D0610,pelaku,
D0610,mengejar,
D0610,korban,
D0610,yang,
D0610,saat,
D0610,itu,
D0610,pergi,
D0610,melarikan,
D0610,diri,
D0610,sambil,
D0610,berteriak,
D0610,meminta,
D0610,pertolongan,
D0610,warga,
D0610,Akibat,
D0610,dari,
D0610,peristiwa,
D0610,tersebut,
D0610,tangan,
D0610,pelapor,
D0610,sebelah,
D0610,kanan,
D0610,mengalami,
D0610,luka,
D0610,robek,
D0610,sehingga,
D0610,harus,
D0610,mendapatkan,
D0610,perawatan,
D0610,medis,
D0610,di,
D0610,RSUD,
D0610,Sidikalang,
D0610,dan,
D0610,melaporkan,
D0610,peristiwanya,
D0610,ke,
D0610,Polres,
D0610,Dairi,
D0610,sebutnya,
D0610,Pihak,
D0610,kepolisian,
D0610,yang,
D0610,menerima,
D0610,laporan,
D0610,itu,
D0610,lalu,
D0610,memburu,
D0610,pelaku,
D0610,dan,
D0610,mengamankannya,
D0610,di,
D0610,Desa,
D0610,Sitinjo,
D0610,II,
D0610,Kamis,
D0610,59,
D0610,Usai,
D0610,ditangkap,
D0610,pelaku,
D0610,diboyong,
D0610,ke,
D0610,Polres,
D0610,Dairi,
D0610,Pasal,
D0610,yang,
D0610,dipersangkakan,
D0610,Pasal,
D0610,351,
D0610,Ayat,
D0610,1,
D0610,KUHP,
D0610,dengan,
D0610,ancaman,
D0610,hukuman,
D0610,empat,
D0610,tahun,
D0610,penjara,
D0610,pungkasnya,
D0611,Dua,
D0611,pria,
D0611,di,
D0611,Simalungun,
D0611,ditangkap,
D0611,personel,
D0611,kepolisian,
D0611,karena,
D0611,mencuri,
D0611,mobil,
D0611,ambulans,
D0611,Puskesmas,
D0611,Marubun,
D0611,Jaya,
D0611,Mobil,
D0611,ambulans,
D0611,tersebut,
D0611,merupakan,
D0611,kendaraan,
D0611,dinas,
D0611,milik,
D0611,Pemkab,
D0611,Simalungun,
D0611,Penangkapan,
D0611,pencurian,
D0611,mobil,
D0611,ambulans,
D0611,itu,
D0611,berdasarkan,
D0611,laporan,
D0611,polisi,
D0611,bernomorLPB166VII2024SuSimalSekTJawa,
D0611,per,
D0611,tanggal,
D0611,20,
D0611,Juli,
D0611,2024,
D0611,Atas,
D0611,laporan,
D0611,tersebut,
D0611,personel,
D0611,kepolisian,
D0611,kemudian,
D0611,melakukan,
D0611,penyelidikan,
D0611,Pada,
D0611,Jumat,
D0611,69,
D0611,sekitar,
D0611,pukul,
D0611,1530,
D0611,WIB,
D0611,pihak,
D0611,kepolisian,
D0611,menangkap,
D0611,terduga,
D0611,pelaku,
D0611,yang,
D0611,ikut,
D0611,serta,
D0611,melakukan,
D0611,pencurian,
D0611,mobil,
D0611,ambulans,
D0611,bernama,
D0611,Dani,
D0611,Fauzi,
D0611,Azhari,
D0611,44,
D0611,di,
D0611,rumahnya,
D0611,di,
D0611,Kecamatan,
D0611,Padang,
D0611,Hulu,
D0611,Kota,
D0611,Tebing,
D0611,Tinggi,
D0611,Saat,
D0611,diinterogasi,
D0611,Dani,
D0611,mengaku,
D0611,mendapat,
D0611,mobil,
D0611,ambulans,
D0611,itu,
D0611,dari,
D0611,pelaku,
D0611,lain,
D0611,bernama,
D0611,Husni,
D0611,SCROLL,
D0611,TO,
D0611,CONTINUE,
D0611,WITH,
D0611,CONTENT,
D0611,Ambulans,
D0611,tersebut,
D0611,diperolehnya,
D0611,dari,
D0611,Husni,
D0611,alamat,
D0611,Marubun,
D0611,Jaya,
D0611,Kecamatan,
D0611,Tanah,
D0611,Jawa,
D0611,Kabupaten,
D0611,Simalungun,
D0611,yang,
D0611,diduga,
D0611,sebagai,
D0611,pelaku,
D0611,yang,
D0611,mencuri,
D0611,mobil,
D0611,ambulans,
D0611,dari,
D0611,halamangarasi,
D0611,Puskesmas,
D0611,Marubun,
D0611,Jaya,
D0611,kata,
D0611,Kapolsek,
D0611,Tanah,
D0611,Jawa,
D0611,Kompol,
D0611,Asmon,
D0611,Bufitra,
D0611,Sabtu,
D0611,792024,
D0611,Mobil,
D0611,ambulans,
D0611,tersebut,
D0611,juga,
D0611,telah,
D0611,dijual,
D0611,Dani,
D0611,kepada,
D0611,Ridho,
D0611,Chaniago,
D0611,Ridho,
D0611,sendiri,
D0611,telah,
D0611,ditangkap,
D0611,terlebih,
D0611,dahulu,
D0611,oleh,
D0611,pihak,
D0611,kepolisian,
D0611,Berdasarkan,
D0611,informasi,
D0611,dari,
D0611,Dani,
D0611,polisi,
D0611,kemudian,
D0611,menangkap,
D0611,pelaku,
D0611,pencurian,
D0611,mobil,
D0611,ambulans,
D0611,Husni,
D0611,di,
D0611,rumahnya,
D0611,di,
D0611,Marubun,
D0611,Jaya,
D0611,Kecamatan,
D0611,Tanah,
D0611,Jawa,
D0611,Simalungun,
D0611,sekitar,
D0611,pukul,
D0611,1700,
D0611,WIB,
D0611,Keduanya,
D0611,kemudian,
D0611,dibawa,
D0611,polisi,
D0611,ke,
D0611,Polsek,
D0611,Tanah,
D0611,Jawa,
D0611,untuk,
D0611,pemeriksaan,
D0611,lebih,
D0611,lanjut,
D0611,Selanjutnya,
D0611,pada,
D0611,pukul,
D0611,1730,
D0611,WIB,
D0611,kedua,
D0611,pelaku,
D0611,masingmasing,
D0611,Dani,
D0611,Fauzi,
D0611,Azhari,
D0611,dan,
D0611,Husni,
D0611,dibawa,
D0611,ke,
D0611,Mako,
D0611,Polsek,
D0611,Tanah,
D0611,Jawa,
D0611,Polres,
D0611,Simalungun,
D0611,untuk,
D0611,dilakukan,
D0611,pemeriksaan,
D0611,lanjut,
D0611,tutupnya,
D0611,Dari,
D0611,foto,
D0611,yang,
D0611,diterima,
D0611,mobil,
D0611,ambulans,
D0611,sendiri,
D0611,ditemukan,
D0611,di,
D0611,Kecamatan,
D0611,Medan,
D0611,Labuhan,
D0611,Kota,
D0611,Medan,
D0611,Mobil,
D0611,ambulans,
D0611,terlihat,
D0611,sudah,
D0611,diganti,
D0611,cat,
D0611,menjadi,
D0611,warna,
D0611,hitam,
D0612,Empat,
D0612,pelaku,
D0612,pembunuhan,
D0612,dan,
D0612,pemerkosaan,
D0612,siswi,
D0612,SMP,
D0612,di,
D0612,Palembang,
D0612,berinisial,
D0612,AA,
D0612,13,
D0612,telah,
D0612,ditetapkan,
D0612,polisi,
D0612,sebagai,
D0612,tersangka,
D0612,Ternyata,
D0612,dari,
D0612,hasil,
D0612,pemeriksaan,
D0612,sementara,
D0612,dokter,
D0612,psikolog,
D0612,kejiwaan,
D0612,pelaku,
D0612,utama,
D0612,yakni,
D0612,IS,
D0612,16,
D0612,tidak,
D0612,sehat,
D0612,Diketahui,
D0612,AA,
D0612,ditemukan,
D0612,tewas,
D0612,di,
D0612,kuburan,
D0612,cina,
D0612,TPU,
D0612,Talang,
D0612,Kerikil,
D0612,Kecamatan,
D0612,Sukarami,
D0612,Palembang,
D0612,pada,
D0612,Minggu,
D0612,192024,
D0612,Kapolrestabes,
D0612,Palembang,
D0612,Kombes,
D0612,Harryo,
D0612,Sugihhartono,
D0612,mengatakan,
D0612,berdasarkan,
D0612,hasil,
D0612,observasi,
D0612,psikologis,
D0612,ditemui,
D0612,pertumbuhan,
D0612,jiwa,
D0612,sang,
D0612,pelaku,
D0612,utama,
D0612,IS,
D0612,tak,
D0612,selayaknya,
D0612,anak,
D0612,usianya,
D0612,SCROLL,
D0612,TO,
D0612,CONTINUE,
D0612,WITH,
D0612,CONTENT,
D0612,Hasil,
D0612,sementara,
D0612,pemeriksaan,
D0612,dari,
D0612,psikolog,
D0612,ditemukan,
D0612,bahwa,
D0612,IS,
D0612,pertumbuhan,
D0612,jiwanya,
D0612,tak,
D0612,seperti,
D0612,anak,
D0612,seusia,
D0612,dia,
D0612,Dia,
D0612,tidak,
D0612,dapat,
D0612,bergaul,
D0612,dengan,
D0612,anak,
D0612,sepantarannya,
D0612,ungkapnya,
D0612,Sabtu,
D0612,792024,
D0612,Harryo,
D0612,menjelaskan,
D0612,hal,
D0612,itu,
D0612,membuat,
D0612,IS,
D0612,yang,
D0612,kini,
D0612,berusia,
D0612,hampir,
D0612,17,
D0612,tahun,
D0612,itu,
D0612,memilih,
D0612,berteman,
D0612,dengan,
D0612,anak,
D0612,yang,
D0612,usianya,
D0612,di,
D0612,bawah,
D0612,dia,
D0612,Alasannya,
D0612,kata,
D0612,Harryo,
D0612,agar,
D0612,anakanak,
D0612,tersebut,
D0612,dapat,
D0612,dikendalikan,
D0612,Jadi,
D0612,IS,
D0612,ini,
D0612,lebih,
D0612,memilih,
D0612,berteman,
D0612,dengan,
D0612,anak,
D0612,yang,
D0612,usianya,
D0612,di,
D0612,bawah,
D0612,dia,
D0612,agar,
D0612,dapat,
D0612,dikendalikan,
D0612,Itulah,
D0612,mengapa,
D0612,dia,
D0612,dapat,
D0612,mengajak,
D0612,pelaku,
D0612,lainnya,
D0612,MZ,
D0612,NS,
D0612,dan,
D0612,AS,
D0612,melakukan,
D0612,aksi,
D0612,keji,
D0612,tersebut,
D0612,ujarnya,
D0612,Dia,
D0612,menegaskan,
D0612,siswa,
D0612,SMA,
D0612,itu,
D0612,merencanakan,
D0612,dan,
D0612,melakukan,
D0612,aksinya,
D0612,dengan,
D0612,sadar,
D0612,Namun,
D0612,lanjutnya,
D0612,dia,
D0612,tidak,
D0612,merasa,
D0612,bersalah,
D0612,saat,
D0612,beraksi,
D0612,Semua,
D0612,yang,
D0612,dilakukan,
D0612,tersangka,
D0612,dalam,
D0612,keadaan,
D0612,sadar,
D0612,Namun,
D0612,secara,
D0612,kejiwaan,
D0612,karena,
D0612,pertumbuhan,
D0612,jiwanya,
D0612,tidak,
D0612,sehat,
D0612,dia,
D0612,tidak,
D0612,merasa,
D0612,bersalah,
D0612,katanya,
D0612,Sebelumnya,
D0612,diberitakan,
D0612,Psikolog,
D0612,Anak,
D0612,dari,
D0612,Rumah,
D0612,Sakit,
D0612,RK,
D0612,Charitas,
D0612,Palembang,
D0612,Devi,
D0612,Delia,
D0612,mengatakan,
D0612,karakteristik,
D0612,remaja,
D0612,masih,
D0612,dalam,
D0612,kondisi,
D0612,tak,
D0612,stabil,
D0612,karena,
D0612,faktor,
D0612,hormonal,
D0612,seperti,
D0612,emosi,
D0612,masih,
D0612,fluktuatif,
D0612,atau,
D0612,labil,
D0612,Mereka,
D0612,remaja,
D0612,kalau,
D0612,melakukan,
D0612,sesuatu,
D0612,lebih,
D0612,impulsif,
D0612,atau,
D0612,kurang,
D0612,memperhitungkan,
D0612,akibat,
D0612,jangka,
D0612,panjang,
D0612,perbuatannya,
D0612,Bahkan,
D0612,mereka,
D0612,melakukan,
D0612,sesuatu,
D0612,dengan,
D0612,dorongan,
D0612,emosi,
D0612,katanya,
D0612,Rabu,
D0612,592024,
D0612,Ia,
D0612,menyebut,
D0612,faktor,
D0612,lingkungan,
D0612,juga,
D0612,berpengaruh,
D0612,pada,
D0612,tingkah,
D0612,laku,
D0612,seseorang,
D0612,sebab,
D0612,ratarata,
D0612,seorang,
D0612,remaja,
D0612,melakukan,
D0612,sesuatu,
D0612,dengan,
D0612,harapan,
D0612,ingin,
D0612,mendapatkan,
D0612,pengakuan,
D0612,Salah,
D0612,satunya,
D0612,ikutikutan,
D0612,melakukan,
D0612,hal,
D0612,yang,
D0612,salah,
D0612,Padahal,
D0612,sambungnya,
D0612,mereka,
D0612,sudah,
D0612,mendapat,
D0612,ajaran,
D0612,moral,
D0612,dari,
D0612,rumah,
D0612,namun,
D0612,ia,
D0612,masih,
D0612,butuh,
D0612,pengakuan,
D0612,dari,
D0612,teman,
D0612,atau,
D0612,kelompoknya,
D0612,Maka,
D0612,ia,
D0612,ingin,
D0612,melakukan,
D0612,hal,
D0612,itu,
D0612,seperti,
D0612,kejadian,
D0612,pemerkosaan,
D0612,dan,
D0612,pembunuhan,
D0612,ini,
D0612,salah,
D0612,satu,
D0612,pelaku,
D0612,yang,
D0612,saya,
D0612,baca,
D0612,pamer,
D0612,dengan,
D0612,temannya,
D0612,padahal,
D0612,itu,
D0612,perbuatan,
D0612,yang,
D0612,salah,
D0612,katanya,
D0612,Selain,
D0612,itu,
D0612,Devi,
D0612,menyebut,
D0612,pengaruh,
D0612,paparan,
D0612,media,
D0612,sosial,
D0612,juga,
D0612,cukup,
D0612,besar,
D0612,Tidak,
D0612,hanya,
D0612,anakanak,
D0612,tapi,
D0612,juga,
D0612,orang,
D0612,dewasa,
D0612,bisa,
D0612,terpengaruh,
D0612,Maka,
D0612,dari,
D0612,itu,
D0612,butuh,
D0612,adanya,
D0612,pendampingan,
D0612,orang,
D0612,tua,
D0612,jika,
D0612,menonton,
D0612,konten,
D0612,apapun,
D0612,di,
D0612,media,
D0612,sosial,
D0612,Pengaruh,
D0612,media,
D0612,sosial,
D0612,cukup,
D0612,besar,
D0612,ya,
D0612,Seperti,
D0612,tontonan,
D0612,seksual,
D0612,sehingga,
D0612,remaja,
D0612,ini,
D0612,yang,
D0612,secara,
D0612,hormon,
D0612,libidonya,
D0612,lagi,
D0612,bertumbuh,
D0612,secara,
D0612,usia,
D0612,lagi,
D0612,tinggi,
D0612,di,
D0612,usia,
D0612,remaja,
D0612,ini,
D0612,Ia,
D0612,punya,
D0612,dorongan,
D0612,hasrat,
D0612,seksual,
D0612,ditambah,
D0612,tontonan,
D0612,seksual,
D0612,yang,
D0612,didapat,
D0612,dan,
D0612,tontonan,
D0612,kriminalitas,
D0612,Jika,
D0612,tidak,
D0612,ada,
D0612,pengawasan,
D0612,orang,
D0612,tua,
D0612,maka,
D0612,akan,
D0612,terjadi,
D0612,seperti,
D0612,kejadian,
D0612,itu,
D0612,kata,
D0612,Devi,
D0613,Seorang,
D0613,pria,
D0613,berinisial,
D0613,KP,
D0613,19,
D0613,warga,
D0613,Tiban,
D0613,Baru,
D0613,Kecamatan,
D0613,Sekupang,
D0613,Batam,
D0613,Kepulauan,
D0613,Riau,
D0613,Kepri,
D0613,diamankan,
D0613,polisi,
D0613,usai,
D0613,tertangkap,
D0613,basah,
D0613,melecehkan,
D0613,tetangga,
D0613,dan,
D0613,mencuri,
D0613,uang,
D0613,Rp,
D0613,2000,
D0613,Kanit,
D0613,Reskrim,
D0613,Polsek,
D0613,Sekupang,
D0613,Iptu,
D0613,M,
D0613,Ridho,
D0613,Lubis,
D0613,mengatakan,
D0613,pelaku,
D0613,KP,
D0613,diamankan,
D0613,pada,
D0613,Rabu,
D0613,49,
D0613,Pelaku,
D0613,inisial,
D0613,KP,
D0613,diamankan,
D0613,oleh,
D0613,warga,
D0613,dan,
D0613,petugas,
D0613,keamanan,
D0613,lalu,
D0613,diserahkan,
D0613,ke,
D0613,polisi,
D0613,Unit,
D0613,Reskrim,
D0613,mengamankan,
D0613,seorang,
D0613,pria,
D0613,berinisial,
D0613,KP,
D0613,karena,
D0613,melakukan,
D0613,pencurian,
D0613,dan,
D0613,kekerasan,
D0613,seksual,
D0613,pada,
D0613,Rabu,
D0613,49,
D0613,kata,
D0613,Ridho,
D0613,Sabtu,
D0613,792024,
D0613,SCROLL,
D0613,TO,
D0613,CONTINUE,
D0613,WITH,
D0613,CONTENT,
D0613,Kronologi,
D0613,kasus,
D0613,pelecehan,
D0613,dan,
D0613,pencurian,
D0613,itu,
D0613,bermula,
D0613,korban,
D0613,seorang,
D0613,perempuan,
D0613,berinisial,
D0613,JR,
D0613,28,
D0613,sedang,
D0613,tertidur,
D0613,di,
D0613,kamarnya,
D0613,Saat,
D0613,tengah,
D0613,tertidur,
D0613,korban,
D0613,merasa,
D0613,ada,
D0613,yang,
D0613,memegang,
D0613,tubuhnya,
D0613,Korban,
D0613,terbangun,
D0613,dan,
D0613,melihat,
D0613,seorang,
D0613,lakilaki,
D0613,berada,
D0613,di,
D0613,dalam,
D0613,kamarnya,
D0613,Lakilaki,
D0613,itu,
D0613,merupakan,
D0613,KP,
D0613,yang,
D0613,tak,
D0613,lain,
D0613,adalah,
D0613,tetangganya,
D0613,ujarnya,
D0613,Korban,
D0613,kemudian,
D0613,berlari,
D0613,ke,
D0613,arah,
D0613,jendela,
D0613,dan,
D0613,berteriak,
D0613,meminta,
D0613,tolong,
D0613,Warga,
D0613,sekitar,
D0613,yang,
D0613,mendengar,
D0613,teriakan,
D0613,korban,
D0613,langsung,
D0613,mengejar,
D0613,pelaku,
D0613,Pelaku,
D0613,melihat,
D0613,korban,
D0613,berteriak,
D0613,langsung,
D0613,melarikan,
D0613,diri,
D0613,hingga,
D0613,dikejar,
D0613,dan,
D0613,diamankan,
D0613,pihak,
D0613,security,
D0613,setelah,
D0613,diamankan,
D0613,ditemukan,
D0613,barang,
D0613,bukti,
D0613,berupa,
D0613,uang,
D0613,tunai,
D0613,senilai,
D0613,Rp,
D0613,2000,
D0613,yang,
D0613,diambil,
D0613,pelaku,
D0613,dari,
D0613,laci,
D0613,korban,
D0613,ujar,
D0613,Unit,
D0613,Reskrim,
D0613,Polsek,
D0613,Sekupang,
D0613,yang,
D0613,mendapatkan,
D0613,laporan,
D0613,tersebut,
D0613,kemudian,
D0613,ke,
D0613,lokasi,
D0613,kejadian,
D0613,dan,
D0613,mengamankan,
D0613,pelaku,
D0613,Korban,
D0613,kemudian,
D0613,membuat,
D0613,laporan,
D0613,polisi,
D0613,atas,
D0613,kejadian,
D0613,tersebut,
D0613,tambahan,
D0613,Dari,
D0613,pemeriksaan,
D0613,yang,
D0613,dilakukan,
D0613,polisi,
D0613,pelaku,
D0613,KP,
D0613,mengaku,
D0613,masuk,
D0613,ke,
D0613,rumah,
D0613,korban,
D0613,karena,
D0613,hendak,
D0613,mencuri,
D0613,Namun,
D0613,saat,
D0613,di,
D0613,dalam,
D0613,kamar,
D0613,korban,
D0613,pelaku,
D0613,malah,
D0613,tergoda,
D0613,melihat,
D0613,korban,
D0613,yang,
D0613,tengah,
D0613,tertidur,
D0613,Pengakuan,
D0613,pelaku,
D0613,niat,
D0613,awalnya,
D0613,hendak,
D0613,mencuri,
D0613,Pelaku,
D0613,memasuki,
D0613,rumah,
D0613,korban,
D0613,lewat,
D0613,jendela,
D0613,Namun,
D0613,pada,
D0613,saat,
D0613,pelaku,
D0613,masuk,
D0613,ke,
D0613,dalam,
D0613,kamar,
D0613,tidur,
D0613,korban,
D0613,tak,
D0613,tahan,
D0613,melihat,
D0613,korban,
D0613,dan,
D0613,melecehkannya,
D0613,ujarnya,
D0613,Atas,
D0613,perbuatannya,
D0613,pelaku,
D0613,inisial,
D0613,KP,
D0613,itu,
D0613,dijerat,
D0613,dengan,
D0613,pasal,
D0613,pencurian,
D0613,dan,
D0613,tindak,
D0613,pidana,
D0613,kekerasan,
D0613,seksual,
D0613,Pelaku,
D0613,terancam,
D0613,pidana,
D0613,penjara,
D0613,maksimal,
D0613,4,
D0613,tahun,
D0613,penjara,
D0614,Sebanyak,
D0614,401,
D0614,lembar,
D0614,kartu,
D0614,ATM,
D0614,milik,
D0614,nasabah,
D0614,salah,
D0614,satu,
D0614,koperasi,
D0614,swasta,
D0614,Kecamatan,
D0614,Majalaya,
D0614,Kabupaten,
D0614,Bandung,
D0614,raib,
D0614,digondol,
D0614,maling,
D0614,Aksi,
D0614,maling,
D0614,tersebut,
D0614,terekam,
D0614,kamera,
D0614,CCTV,
D0614,Peristiwa,
D0614,pencurian,
D0614,tersebut,
D0614,terjadi,
D0614,di,
D0614,Kampung,
D0614,Toblong,
D0614,Desa,
D0614,Sukamukti,
D0614,Kecamatan,
D0614,Majalaya,
D0614,Kamis,
D0614,5,
D0614,September,
D0614,2024,
D0614,Kemudian,
D0614,polisi,
D0614,bergerak,
D0614,cepat,
D0614,dan,
D0614,berhasil,
D0614,mengamankan,
D0614,pelaku,
D0614,Iya,
D0614,kejadiannya,
D0614,kemarin,
D0614,sekitar,
D0614,jam,
D0614,0915,
D0614,WIB,
D0614,Tak,
D0614,berselang,
D0614,lama,
D0614,kami,
D0614,bisa,
D0614,amankan,
D0614,pelaku,
D0614,inisial,
D0614,ANP,
D0614,32,
D0614,ujar,
D0614,Kapolsek,
D0614,Majalaya,
D0614,Kompol,
D0614,Aep,
D0614,Suhendi,
D0614,kepada,
D0614,detikJabar,
D0614,Jumat,
D0614,692024,
D0614,SCROLL,
D0614,TO,
D0614,CONTINUE,
D0614,WITH,
D0614,CONTENT,
D0614,Aep,
D0614,menjelaskan,
D0614,peristiwa,
D0614,tersebut,
D0614,bermula,
D0614,saat,
D0614,salah,
D0614,satu,
D0614,pegawai,
D0614,koperasi,
D0614,akan,
D0614,membuka,
D0614,ruko,
D0614,atau,
D0614,kantor,
D0614,koperasi,
D0614,tersebut,
D0614,Kemudian,
D0614,ANP,
D0614,yang,
D0614,bertopeng,
D0614,seperti,
D0614,ninja,
D0614,bertopeng,
D0614,hitam,
D0614,membuka,
D0614,pintu,
D0614,lantai,
D0614,satu,
D0614,bagian,
D0614,depan,
D0614,Setelah,
D0614,itu,
D0614,melihat,
D0614,laci,
D0614,admin,
D0614,terbuka,
D0614,yang,
D0614,mana,
D0614,kartu,
D0614,ATM,
D0614,milik,
D0614,nasabah,
D0614,sebanyak,
D0614,401,
D0614,buah,
D0614,telah,
D0614,hilang,
D0614,Kemudian,
D0614,setelah,
D0614,dilihat,
D0614,di,
D0614,lantai,
D0614,2,
D0614,kaca,
D0614,jendela,
D0614,telah,
D0614,pecah,
D0614,katanya,
D0614,Dalam,
D0614,ratusan,
D0614,kartu,
D0614,ATM,
D0614,tersebut,
D0614,tertempel,
D0614,pula,
D0614,nomer,
D0614,PIN,
D0614,di,
D0614,setiap,
D0614,kartunya,
D0614,Sehingga,
D0614,pelaku,
D0614,bisa,
D0614,menggunakan,
D0614,kartu,
D0614,ATM,
D0614,tersebut,
D0614,dengan,
D0614,mudah,
D0614,Iya,
D0614,itu,
D0614,kartu,
D0614,ATM,
D0614,milik,
D0614,nasabah,
D0614,koperasi,
D0614,Linar,
D0614,Sumbang,
D0614,Priyangan,
D0614,jelasnya,
D0614,Polisi,
D0614,langsung,
D0614,bergerak,
D0614,cepat,
D0614,untuk,
D0614,mengamankan,
D0614,pelaku,
D0614,Pasalnya,
D0614,di,
D0614,wilayah,
D0614,tersebut,
D0614,terdapat,
D0614,program,
D0614,Majalaya,
D0614,Awas,
D0614,yang,
D0614,sudah,
D0614,terkoneksi,
D0614,dengan,
D0614,CCTV,
D0614,di,
D0614,berbagai,
D0614,lokasi,
D0614,Kemudian,
D0614,anggota,
D0614,langsung,
D0614,ke,
D0614,TKP,
D0614,Berdasarkan,
D0614,hasil,
D0614,cek,
D0614,TKP,
D0614,faktafakta,
D0614,dan,
D0614,keterangan,
D0614,para,
D0614,saksi,
D0614,di,
D0614,lapangan,
D0614,diketahui,
D0614,bahwasannya,
D0614,terduga,
D0614,pelaku,
D0614,masih,
D0614,merupakan,
D0614,mantan,
D0614,karyawan,
D0614,koperasi,
D0614,tersebut,
D0614,ucapnya,
D0614,Setelah,
D0614,itu,
D0614,identitas,
D0614,pelaku,
D0614,langsung,
D0614,berhasil,
D0614,didapatkan,
D0614,Kemudian,
D0614,tidak,
D0614,berselang,
D0614,lama,
D0614,pelaku,
D0614,langsung,
D0614,diamankan,
D0614,di,
D0614,kediamannya,
D0614,Kecamatan,
D0614,Ciparay,
D0614,Kabupaten,
D0614,Bandung,
D0614,Akhirnya,
D0614,setelah,
D0614,dilakukan,
D0614,pengejaran,
D0614,terduga,
D0614,pelaku,
D0614,diamankan,
D0614,di,
D0614,rumahnya,
D0614,di,
D0614,Ciparay,
D0614,Kemudian,
D0614,barang,
D0614,bukti,
D0614,401,
D0614,buah,
D0614,Kartu,
D0614,ATM,
D0614,milik,
D0614,nasabah,
D0614,turut,
D0614,diamankan,
D0614,Pelaku,
D0614,langsung,
D0614,dibawa,
D0614,ke,
D0614,Mapolsek,
D0614,Majalaya,
D0614,untuk,
D0614,pemeriksaan,
D0614,lebih,
D0614,lanjut,
D0614,tegasnya,
D0614,Aep,
D0614,menambahkan,
D0614,pelaku,
D0614,tersebut,
D0614,sempat,
D0614,melakukan,
D0614,pencairan,
D0614,dari,
D0614,beberapa,
D0614,ATM,
D0614,tersebut,
D0614,Namun,
D0614,saat,
D0614,ini,
D0614,pelaku,
D0614,telah,
D0614,diamankan,
D0614,dan,
D0614,harus,
D0614,mempertanggungjawabkan,
D0614,perbuatannya,
D0614,Jumlah,
D0614,kartu,
D0614,ATM,
D0614,yang,
D0614,diambil,
D0614,401,
D0614,kartu,
D0614,Terus,
D0614,yang,
D0614,sudah,
D0614,digunakan,
D0614,pelaku,
D0614,8,
D0614,ATM,
D0614,Sebanyak,
D0614,7,
D0614,kartu,
D0614,cair,
D0614,dengan,
D0614,jumlah,
D0614,Rp,
D0614,28,
D0614,juta,
D0614,dan,
D0614,satu,
D0614,ATM,
D0614,gagal,
D0614,dicairkan,
D0614,pungkasnya,
D0615,Warga,
D0615,Palembang,
D0615,dibuat,
D0615,heboh,
D0615,dengan,
D0615,penetapan,
D0615,tersangka,
D0615,pembunuhan,
D0615,remaja,
D0615,putri,
D0615,AA,
D0615,14,
D0615,di,
D0615,kuburan,
D0615,Cina,
D0615,Sebab,
D0615,4,
D0615,tersangka,
D0615,pembunuhan,
D0615,itu,
D0615,ternyata,
D0615,masih,
D0615,anakanak,
D0615,di,
D0615,bawah,
D0615,umur,
D0615,Bahkan,
D0615,keempatnya,
D0615,masih,
D0615,berstatus,
D0615,pelajar,
D0615,Psikolog,
D0615,Anak,
D0615,dari,
D0615,Rumah,
D0615,Sakit,
D0615,RK,
D0615,Charitas,
D0615,Palembang,
D0615,Devi,
D0615,Delia,
D0615,mengatakan,
D0615,karakteristik,
D0615,remaja,
D0615,masih,
D0615,dalam,
D0615,kondisi,
D0615,tak,
D0615,stabil,
D0615,karena,
D0615,faktor,
D0615,hormonal,
D0615,seperti,
D0615,emosi,
D0615,masih,
D0615,fluktuatif,
D0615,atau,
D0615,labil,
D0615,Mereka,
D0615,remaja,
D0615,kalau,
D0615,melakukan,
D0615,sesuatu,
D0615,lebih,
D0615,impulsif,
D0615,atau,
D0615,kurang,
D0615,memperhitungkan,
D0615,akibat,
D0615,jangka,
D0615,panjang,
D0615,perbuatannya,
D0615,Bahkan,
D0615,mereka,
D0615,melakukan,
D0615,sesuatu,
D0615,dengan,
D0615,dorongan,
D0615,emosi,
D0615,kata,
D0615,dia,
D0615,Rabu,
D0615,592024,
D0615,SCROLL,
D0615,TO,
D0615,CONTINUE,
D0615,WITH,
D0615,CONTENT,
D0615,Ia,
D0615,menyebut,
D0615,faktor,
D0615,lingkungan,
D0615,juga,
D0615,berpengaruh,
D0615,pada,
D0615,tingkah,
D0615,laku,
D0615,seseorang,
D0615,sebab,
D0615,ratarata,
D0615,seorang,
D0615,remaja,
D0615,melakukan,
D0615,sesuatu,
D0615,dengan,
D0615,harapan,
D0615,ingin,
D0615,mendapatkan,
D0615,pengakuan,
D0615,Salah,
D0615,satunya,
D0615,ikutikutan,
D0615,melakukan,
D0615,hal,
D0615,yang,
D0615,salah,
D0615,Padahal,
D0615,mereka,
D0615,sudah,
D0615,mendapat,
D0615,ajaran,
D0615,moral,
D0615,dari,
D0615,rumah,
D0615,namun,
D0615,ia,
D0615,masih,
D0615,butuh,
D0615,pengakuan,
D0615,dari,
D0615,teman,
D0615,atau,
D0615,kelompoknya,
D0615,Maka,
D0615,ia,
D0615,ingin,
D0615,melakukan,
D0615,hal,
D0615,itu,
D0615,seperti,
D0615,kejadian,
D0615,pemerkosaan,
D0615,dan,
D0615,pembunuhan,
D0615,ini,
D0615,salah,
D0615,satu,
D0615,pelaku,
D0615,yang,
D0615,saya,
D0615,baca,
D0615,pamer,
D0615,dengan,
D0615,temannya,
D0615,padahal,
D0615,itu,
D0615,perbuatan,
D0615,yang,
D0615,salah,
D0615,katanya,
D0615,Selain,
D0615,itu,
D0615,Devi,
D0615,menyebut,
D0615,pengaruh,
D0615,paparan,
D0615,media,
D0615,sosial,
D0615,juga,
D0615,cukup,
D0615,besar,
D0615,Tidak,
D0615,hanya,
D0615,anakanak,
D0615,tapi,
D0615,juga,
D0615,orang,
D0615,dewasa,
D0615,bisa,
D0615,terpengaruh,
D0615,Maka,
D0615,dari,
D0615,itu,
D0615,butuh,
D0615,adanya,
D0615,pendampingan,
D0615,orang,
D0615,tua,
D0615,jika,
D0615,menonton,
D0615,konten,
D0615,apapun,
D0615,di,
D0615,media,
D0615,sosial,
D0615,Pengaruh,
D0615,media,
D0615,sosial,
D0615,cukup,
D0615,besar,
D0615,ya,
D0615,Seperti,
D0615,tontonan,
D0615,seksual,
D0615,sehingga,
D0615,remaja,
D0615,ini,
D0615,yang,
D0615,secara,
D0615,hormon,
D0615,libidonya,
D0615,lagi,
D0615,bertumbuh,
D0615,secara,
D0615,usia,
D0615,lagi,
D0615,tinggi,
D0615,di,
D0615,usia,
D0615,remaja,
D0615,ini,
D0615,Ia,
D0615,punya,
D0615,dorongan,
D0615,hasrat,
D0615,seksual,
D0615,ditambah,
D0615,tontonan,
D0615,seksual,
D0615,yang,
D0615,didapat,
D0615,dan,
D0615,tontonan,
D0615,kriminalitas,
D0615,Jika,
D0615,tidak,
D0615,ada,
D0615,pengawasan,
D0615,orang,
D0615,tua,
D0615,maka,
D0615,akan,
D0615,terjadi,
D0615,seperti,
D0615,kejadian,
D0615,itu,
D0615,kata,
D0615,Devi,
D0615,Karena,
D0615,itu,
D0615,pengawasan,
D0615,orang,
D0615,tua,
D0615,sangat,
D0615,penting,
D0615,agar,
D0615,anakanak,
D0615,dijauhi,
D0615,dari,
D0615,tindakan,
D0615,kriminalitas,
D0615,Jadi,
D0615,diharapkan,
D0615,apa,
D0615,pun,
D0615,yang,
D0615,dilakukan,
D0615,anak,
D0615,harus,
D0615,diawasi,
D0615,dan,
D0615,mendapat,
D0615,bimbingan,
D0615,orang,
D0615,tua,
D0615,pungkasnya,
